-0.03753
-0.00092
0.03561
0.07168
0.10690
0.14091
0.17330
0.20367
0.23159
0.25664
0.27837
0.29636
0.31019
0.31946
0.32381
0.32293
0.31654
0.30451
0.28669
0.26312
0.23390
0.19923
0.15950
0.11514
0.06674
0.01503
-0.03921
-0.09506
-0.15154
-0.20760
-0.26216
-0.31413
-0.36242
-0.40599
-0.44387
-0.47519
-0.49919
-0.51530
-0.52303
-0.52219
-0.51270
-0.49470
-0.46859
-0.43486
-0.39426
-0.34770
-0.29618
-0.24088
-0.18299
-0.12379
-0.06456
-0.00655
0.04906
0.10113
0.14871
0.19095
0.22715
0.25685
0.27966
0.29551
0.30441
0.30658
0.30245
0.29250
0.27745
0.25806
0.23518
0.20974
0.18270
0.15501
0.12762
0.10140
0.07718
0.05572
0.03758
0.02330
0.01320
0.00749
0.00625
0.00934
0.01655
0.02751
0.04169
0.05853
0.07731
0.09728
0.11766
0.13763
0.15637
0.17314
0.18718
0.19788
0.20468
0.20711
0.20491
0.19783
0.18584
0.16903
0.14758
0.12185
0.09229
0.05944
0.02398
-0.01341
-0.05191
-0.09074
-0.12907
-0.16605
-0.20090
-0.23284
-0.26117
-0.28525
-0.30453
-0.31854
-0.32696
-0.32952
-0.32613
-0.31677
-0.30154
-0.28073
-0.25463
-0.22375
-0.18863
-0.14990
-0.10833
-0.06467
-0.01979
0.02545
0.07016
0.11346
0.15450
0.19246
0.22657
0.25617
0.28069
0.29961
0.31261
0.31943
0.31996
0.31426
0.30245
0.28485
0.26185
0.23398
0.20186
0.16617
0.12770
0.08726
0.04569
0.00383
-0.03746
-0.07738
-0.11515
-0.15007
-0.18151
-0.20889
-0.23180
-0.24984
-0.26280
-0.27054
-0.27299
-0.27028
-0.26255
-0.25009
-0.23325
-0.21245
-0.18821
-0.16107
-0.13162
-0.10049
-0.06831
-0.03573
-0.00339
0.02811
0.05817
0.08625
0.11186
0.13453
0.15391
0.16967
0.18158
0.18947
0.19324
0.19288
0.18845
0.18007
0.16794
0.15230
0.13348
0.11182
0.08772
0.06163
0.03400
0.00531
-0.02394
-0.05327
-0.08218
-0.11018
-0.13681
-0.16163
-0.18420
-0.20414
-0.22108
-0.23471
-0.24473
-0.25089
-0.25301
-0.25091
-0.24453
-0.23378
-0.21871
-0.19937
-0.17590
-0.14852
-0.11747
-0.08312
-0.04587
-0.00619
0.03536
0.07819
0.12163
0.16496
0.20746
0.24835
0.28684
0.32216
0.35356
0.38032
0.40181
0.41741
0.42668
0.42922
0.42478
0.41326
0.39467
0.36920
0.33716
0.29901
0.25537
0.20695
0.15459
0.09924
0.04187
-0.01646
-0.07468
-0.13173
-0.18658
-0.23823
-0.28579
-0.32842
-0.36546
-0.39630
-0.42050
-0.43778
-0.44794
-0.45099
-0.44702
-0.43626
-0.41908
-0.39590
-0.36726
-0.33378
-0.29610
-0.25494
-0.21100
-0.16502
-0.11774
-0.06987
-0.02209
0.02492
0.07056
0.11423
0.15541
0.19362
0.22841
0.25942
0.28632
0.30883
0.32675
0.33989
0.34817
0.35152
0.34996
0.34356
0.33243
0.31678
0.29683
0.27291
0.24539
0.21465
0.18118
0.14547
0.10807
0.06954
0.03046
-0.00861
-0.04706
-0.08436
-0.11997
-0.15338
-0.18417
-0.21191
-0.23627
-0.25698
-0.27380
-0.28660
-0.29527
-0.29977
-0.30014
-0.29644
-0.28881
-0.27739
-0.26241
-0.24408
-0.22267
-0.19847
-0.17179
-0.14294
-0.11227
-0.08013
-0.04690
-0.01294
0.02134
0.05555
0.08927
0.12210
0.15361
0.18338
0.21099
0.23604
0.25812
0.27687
0.29194
0.30301
0.30983
0.31221
0.30996
0.30304
0.29144
0.27523
0.25459
0.22975
0.20106
0.16892
0.13380
0.09628
0.05693
0.01641
-0.02460
-0.06542
-0.10535
-0.14371
-0.17983
-0.21310
-0.24294
-0.26885
-0.29037
-0.30715
-0.31889
-0.32539
-0.32656
-0.32237
-0.31290
-0.29830
-0.27884
-0.25485
-0.22672
-0.19497
-0.16011
-0.12277
-0.08359
-0.04326
-0.00249
0.03800
0.07750
0.11529
0.15071
0.18313
0.21195
0.23668
0.25689
0.27221
0.28244
0.28737
0.28700
0.28139
0.27067
0.25516
0.23516
0.21116
0.18366
0.15324
0.12053
0.08620
0.05092
0.01537
-0.01976
-0.05383
-0.08623
-0.11641
-0.14384
-0.16811
-0.18884
-0.20572
-0.21857
-0.22722
-0.23161
-0.23177
-0.22776
-0.21973
-0.20788
-0.19247
-0.17381
-0.15225
-0.12817
-0.10199
-0.07417
-0.04515
-0.01543
0.01452
0.04419
0.07312
0.10083
0.12685
0.15076
0.17216
0.19068
0.20600
0.21785
0.22602
0.23033
0.23071
0.22712
0.21958
0.20823
0.19320
0.17475
0.15316
0.12877
0.10200
0.07327
0.04307
0.01189
-0.01974
-0.05128
-0.08220
-0.11198
-0.14010
-0.16607
-0.18945
-0.20980
-0.22676
-0.24002
-0.24931
-0.25445
-0.25531
-0.25184
-0.24407
-0.23209
-0.21609
-0.19630
-0.17306
-0.14675
-0.11783
-0.08681
-0.05423
-0.02069
0.01322
0.04685
0.07960
0.11083
0.13998
0.16647
0.18983
0.20961
0.22542
0.23701
0.24415
0.24673
0.24474
0.23823
0.22740
0.21246
0.19376
0.17172
0.14678
0.11949
0.09039
0.06007
0.02916
-0.00176
-0.03207
-0.06121
-0.08864
-0.11385
-0.13641
-0.15595
-0.17213
-0.18473
-0.19356
-0.19852
-0.19961
-0.19685
-0.19037
-0.18035
-0.16703
-0.15071
-0.13173
-0.11049
-0.08739
-0.06288
-0.03743
-0.01150
0.01443
0.03990
0.06447
0.08770
0.10918
0.12857
0.14552
0.15975
0.17103
0.17917
0.18404
0.18556
0.18371
0.17853
0.17011
0.15858
0.14415
0.12706
0.10758
0.08605
0.06282
0.03827
0.01282
-0.01311
-0.03909
-0.06467
-0.08942
-0.11289
-0.13469
-0.15440
-0.17168
-0.18616
-0.19756
-0.20563
-0.21016
-0.21102
-0.20812
-0.20144
-0.19104
-0.17703
-0.15963
-0.13909
-0.11574
-0.09001
-0.06233
-0.03325
-0.00329
0.02694
0.05683
0.08579
0.11320
0.13849
0.16111
0.18057
0.19643
0.20835
0.21602
0.21928
0.21803
0.21224
0.20206
0.18763
0.16928
0.14736
0.12231
0.09467
0.06499
0.03389
0.00201
-0.02998
-0.06142
-0.09167
-0.12010
-0.14611
-0.16917
-0.18881
-0.20458
-0.21617
-0.22331
-0.22582
-0.22364
-0.21675
-0.20527
-0.18937
-0.16933
-0.14550
-0.11830
-0.08824
-0.05587
-0.02180
0.01332
0.04882
0.08401
0.11817
0.15064
0.18073
0.20782
0.23134
0.25075
0.26561
0.27557
0.28034
0.27976
0.27376
0.26237
0.24577
0.22416
0.19796
0.16760
0.13362
0.09666
0.05742
0.01664
-0.02487
-0.06631
-0.10684
-0.14564
-0.18193
-0.21492
-0.24394
-0.26835
-0.28758
-0.30122
-0.30888
-0.31037
-0.30559
-0.29454
-0.27744
-0.25452
-0.22626
-0.19319
-0.15596
-0.11537
-0.07224
-0.02751
0.01785
0.06285
0.10648
0.14775
0.18574
0.21956
0.24844
0.27170
0.28878
0.29930
0.30298
0.29974
0.28967
0.27296
0.25003
0.22140
0.18772
0.14979
0.10844
0.06462
0.01932
-0.02648
-0.07178
-0.11561
-0.15707
-0.19529
-0.22952
-0.25911
-0.28348
-0.30223
-0.31503
-0.32170
-0.32219
-0.31652
-0.30490
-0.28757
-0.26490
-0.23734
-0.20541
-0.16971
-0.13085
-0.08951
-0.04641
-0.00224
0.04225
0.08633
0.12930
0.17045
0.20912
0.24467
0.27652
0.30414
0.32706
0.34488
0.35730
0.36404
0.36498
0.36006
0.34930
0.33288
0.31099
0.28399
0.25231
0.21642
0.17695
0.13452
0.08985
0.04369
-0.00319
-0.04999
-0.09593
-0.14024
-0.18216
-0.22101
-0.25615
-0.28697
-0.31300
-0.33380
-0.34904
-0.35852
-0.36205
-0.35963
-0.35130
-0.33723
-0.31767
-0.29295
-0.26351
-0.22985
-0.19255
-0.15223
-0.10958
-0.06534
-0.02026
0.02489
0.06933
0.11227
0.15298
0.19073
0.22485
0.25472
0.27980
0.29965
0.31387
0.32222
0.32453
0.32075
0.31098
0.29535
0.27421
0.24794
0.21705
0.18215
0.14391
0.10306
0.06042
0.01679
-0.02698
-0.07006
-0.11165
-0.15095
-0.18726
-0.21993
-0.24838
-0.27213
-0.29082
-0.30415
-0.31197
-0.31420
-0.31090
-0.30222
-0.28839
-0.26975
-0.24670
-0.21973
-0.18937
-0.15618
-0.12079
-0.08381
-0.04588
-0.00764
0.03030
0.06737
0.10298
0.13664
0.16787
0.19627
0.22147
0.24317
0.26114
0.27522
0.28528
0.29129
0.29324
0.29122
0.28535
0.27578
0.26276
0.24653
0.22740
0.20568
0.18175
0.15596
0.12870
0.10037
0.07136
0.04205
0.01282
-0.01597
-0.04399
-0.07089
-0.09641
-0.12026
-0.14220
-0.16202
-0.17952
-0.19456
-0.20700
-0.21674
-0.22370
-0.22782
-0.22908
-0.22749
-0.22307
-0.21587
-0.20597
-0.19348
-0.17854
-0.16131
-0.14198
-0.12079
-0.09798
-0.07385
-0.04870
-0.02289
0.00324
0.02927
0.05482
0.07946
0.10278
0.12436
0.14380
0.16072
0.17476
0.18563
0.19304
0.19680
0.19677
0.19286
0.18511
0.17358
0.15845
0.13995
0.11840
0.09420
0.06778
0.03966
0.01036
-0.01954
-0.04945
-0.07879
-0.10698
-0.13346
-0.15773
-0.17929
-0.19773
-0.21272
-0.22394
-0.23121
-0.23439
-0.23343
-0.22836
-0.21928
-0.20638
-0.18990
-0.17014
-0.14747
-0.12228
-0.09503
-0.06619
-0.03624
-0.00569
0.02497
0.05526
0.08469
0.11281
0.13923
0.16355
0.18546
0.20466
0.22092
0.23407
0.24398
0.25057
0.25383
0.25377
0.25050
0.24410
0.23476
0.22267
0.20805
0.19116
0.17227
0.15167
0.12966
0.10655
0.08265
0.05827
0.03370
0.00923
-0.01484
-0.03827
-0.06081
-0.08221
-0.10227
-0.12080
-0.13761
-0.15256
-0.16550
-0.17633
-0.18494
-0.19127
-0.19526
-0.19688
-0.19613
-0.19301
-0.18758
-0.17990
-0.17006
-0.15817
-0.14439
-0.12888
-0.11183
-0.09347
-0.07403
-0.05378
-0.03300
-0.01198
0.00899
0.02958
0.04950
0.06844
0.08610
0.10222
0.11653
0.12881
0.13887
0.14653
0.15170
0.15429
0.15428
0.15170
0.14659
0.13909
0.12932
0.11748
0.10378
0.08846
0.07177
0.05400
0.03541
0.01628
-0.00311
-0.02250
-0.04163
-0.06026
-0.07816
-0.09513
-0.11096
-0.12547
-0.13849
-0.14986
-0.15942
-0.16704
-0.17256
-0.17587
-0.17684
-0.17537
-0.17136
-0.16474
-0.15547
-0.14353
-0.12894
-0.11177
-0.09212
-0.07018
-0.04616
-0.02035
0.00691
0.03522
0.06413
0.09313
0.12170
0.14927
0.17526
0.19912
0.22028
0.23822
0.25247
0.26261
0.26833
0.26936
0.26554
0.25685
0.24331
0.22511
0.20248
0.17580
0.14553
0.11218
0.07637
0.03873
-0.00002
-0.03917
-0.07797
-0.11570
-0.15164
-0.18510
-0.21544
-0.24207
-0.26449
-0.28222
-0.29492
-0.30231
-0.30419
-0.30051
-0.29124
-0.27652
-0.25657
-0.23167
-0.20226
-0.16881
-0.13191
-0.09219
-0.05036
-0.00720
0.03650
0.07993
0.12223
0.16260
0.20022
0.23433
0.26422
0.28925
0.30887
0.32265
0.33021
0.33138
0.32604
0.31425
0.29619
0.27215
0.24260
0.20808
0.16925
0.12690
0.08184
0.03498
-0.01273
-0.06032
-0.10683
-0.15128
-0.19279
-0.23047
-0.26356
-0.29137
-0.31329
-0.32891
-0.33784
-0.33993
-0.33512
-0.32349
-0.30531
-0.28093
-0.25087
-0.21577
-0.17636
-0.13348
-0.08805
-0.04102
0.00659
0.05377
0.09951
0.14283
0.18282
0.21862
0.24946
0.27474
0.29388
0.30654
0.31248
0.31158
0.30395
0.28975
0.26937
0.24330
0.21213
0.17662
0.13755
0.09581
0.05234
0.00808
-0.03600
-0.07893
-0.11984
-0.15784
-0.19217
-0.22214
-0.24714
-0.26672
-0.28050
-0.28825
-0.28988
-0.28539
-0.27494
-0.25878
-0.23728
-0.21094
-0.18027
-0.14597
-0.10871
-0.06926
-0.02843
0.01297
0.05412
0.09420
0.13241
0.16802
0.20030
0.22865
0.25250
0.27139
0.28499
0.29300
0.29534
0.29193
0.28290
0.26845
0.24887
0.22461
0.19616
0.16410
0.12911
0.09186
0.05312
0.01364
-0.02582
-0.06452
-0.10172
-0.13676
-0.16901
-0.19793
-0.22303
-0.24391
-0.26027
-0.27186
-0.27858
-0.28036
-0.27722
-0.26933
-0.25684
-0.24004
-0.21926
-0.19489
-0.16739
-0.13724
-0.10498
-0.07117
-0.03641
-0.00129
0.03356
0.06755
0.10006
0.13052
0.15838
0.18312
0.20429
0.22146
0.23432
0.24261
0.24613
0.24482
0.23868
0.22782
0.21244
0.19282
0.16936
0.14252
0.11282
0.08088
0.04732
0.01283
-0.02190
-0.05618
-0.08930
-0.12061
-0.14949
-0.17535
-0.19770
-0.21608
-0.23013
-0.23960
-0.24426
-0.24403
-0.23891
-0.22895
-0.21436
-0.19537
-0.17230
-0.14556
-0.11561
-0.08299
-0.04825
-0.01201
0.02508
0.06237
0.09919
0.13486
0.16873
0.20016
0.22856
0.25340
0.27416
0.29046
0.30193
0.30833
0.30952
0.30540
0.29606
0.28162
0.26232
0.23852
0.21062
0.17914
0.14464
0.10774
0.06910
0.02939
-0.01070
-0.05048
-0.08932
-0.12660
-0.16172
-0.19422
-0.22361
-0.24952
-0.27166
-0.28977
-0.30371
-0.31338
-0.31875
-0.31987
-0.31680
-0.30971
-0.29876
-0.28418
-0.26621
-0.24512
-0.22122
-0.19480
-0.16621
-0.13578
-0.10387
-0.07084
-0.03708
-0.00297
0.03109
0.06471
0.09747
0.12897
0.15880
0.18657
0.21188
0.23439
0.25374
0.26965
0.28186
0.29013
0.29434
0.29436
0.29018
0.28184
0.26943
0.25315
0.23321
0.20994
0.18369
0.15486
0.12392
0.09135
0.05766
0.02339
-0.01096
-0.04483
-0.07772
-0.10914
-0.13862
-0.16572
-0.19007
-0.21131
-0.22916
-0.24337
-0.25375
-0.26018
-0.26257
-0.26091
-0.25525
-0.24566
-0.23230
-0.21536
-0.19511
-0.17183
-0.14588
-0.11763
-0.08752
-0.05601
-0.02357
0.00926
0.04198
0.07403
0.10490
0.13405
0.16098
0.18520
0.20626
0.22379
0.23742
0.24688
0.25197
0.25253
0.24855
0.24003
0.22711
0.21000
0.18896
0.16440
0.13673
0.10646
0.07416
0.04039
0.00581
-0.02894
-0.06324
-0.09642
-0.12787
-0.15703
-0.18333
-0.20631
-0.22553
-0.24064
-0.25138
-0.25752
-0.25897
-0.25567
-0.24766
-0.23508
-0.21811
-0.19704
-0.17221
-0.14401
-0.11292
-0.07944
-0.04413
-0.00760
0.02956
0.06669
0.10317
0.13835
0.17162
0.20238
0.23008
0.25418
0.27426
0.28990
0.30080
0.30671
0.30748
0.30306
0.29347
0.27883
0.25938
0.23539
0.20728
0.17549
0.14054
0.10303
0.06357
0.02282
-0.01855
-0.05987
-0.10045
-0.13964
-0.17681
-0.21138
-0.24279
-0.27057
-0.29427
-0.31356
-0.32811
-0.33772
-0.34226
-0.34162
-0.33584
-0.32499
-0.30922
-0.28876
-0.26389
-0.23499
-0.20247
-0.16680
-0.12852
-0.08819
-0.04644
-0.00390
0.03876
0.08086
0.12172
0.16068
0.19708
0.23030
0.25977
0.28496
0.30545
0.32082
0.33083
0.33527
0.33405
0.32720
0.31481
0.29714
0.27450
0.24730
0.21608
0.18137
0.14384
0.10417
0.06305
0.02121
-0.02063
-0.06177
-0.10153
-0.13929
-0.17450
-0.20661
-0.23522
-0.25994
-0.28048
-0.29663
-0.30823
-0.31522
-0.31756
-0.31530
-0.30855
-0.29742
-0.28212
-0.26286
-0.23989
-0.21351
-0.18402
-0.15177
-0.11713
-0.08049
-0.04228
-0.00294
0.03707
0.07724
0.11708
0.15606
0.19364
0.22928
0.26246
0.29264
0.31933
0.34205
0.36039
0.37396
0.38245
0.38562
0.38330
0.37545
0.36204
0.34322
0.31918
0.29021
0.25672
0.21914
0.17803
0.13399
0.08766
0.03974
-0.00905
-0.05797
-0.10628
-0.15324
-0.19813
-0.24026
-0.27899
-0.31372
-0.34389
-0.36904
-0.38875
-0.40272
-0.41069
-0.41250
-0.40812
-0.39756
-0.38098
-0.35860
-0.33075
-0.29788
-0.26047
-0.21916
-0.17460
-0.12755
-0.07882
-0.02923
0.02033
0.06898
0.11585
0.16007
0.20082
0.23737
0.26900
0.29515
0.31533
0.32916
0.33645
0.33705
0.33103
0.31858
0.29999
0.27575
0.24640
0.21263
0.17522
0.13499
0.09285
0.04973
0.00658
-0.03569
-0.07615
-0.11397
-0.14834
-0.17859
-0.20412
-0.22441
-0.23914
-0.24803
-0.25101
-0.24809
-0.23940
-0.22526
-0.20604
-0.18225
-0.15450
-0.12344
-0.08985
-0.05451
-0.01823
0.01814
0.05378
0.08791
0.11974
0.14862
0.17392
0.19512
0.21184
0.22372
0.23062
0.23245
0.22926
0.22124
0.20863
0.19182
0.17126
0.14747
0.12104
0.09258
0.06272
0.03212
0.00140
-0.02886
-0.05807
-0.08574
-0.11143
-0.13473
-0.15535
-0.17302
-0.18758
-0.19888
-0.20686
-0.21152
-0.21286
-0.21098
-0.20595
-0.19790
-0.18699
-0.17338
-0.15725
-0.13881
-0.11826
-0.09585
-0.07182
-0.04644
-0.02000
0.00718
0.03478
0.06245
0.08979
0.11643
0.14195
0.16594
0.18799
0.20769
0.22464
0.23847
0.24885
0.25548
0.25813
0.25661
0.25083
0.24075
0.22641
0.20796
0.18559
0.15961
0.13039
0.09836
0.06402
0.02793
-0.00933
-0.04713
-0.08485
-0.12184
-0.15748
-0.19117
-0.22232
-0.25040
-0.27493
-0.29547
-0.31167
-0.32321
-0.32987
-0.33149
-0.32798
-0.31934
-0.30565
-0.28703
-0.26375
-0.23606
-0.20437
-0.16910
-0.13078
-0.08998
-0.04732
-0.00347
0.04084
0.08489
0.12792
0.16918
0.20795
0.24351
0.27521
0.30245
0.32468
0.34152
0.35257
0.35765
0.35663
0.34949
0.33641
0.31760
0.29343
0.26439
0.23101
0.19397
0.15399
0.11183
0.06832
0.02428
-0.01946
-0.06209
-0.10282
-0.14094
-0.17574
-0.20667
-0.23316
-0.25483
-0.27133
-0.28243
-0.28801
-0.28803
-0.28260
-0.27186
-0.25609
-0.23567
-0.21101
-0.18264
-0.15115
-0.11715
-0.08133
-0.04440
-0.00707
0.02992
0.06584
0.10000
0.13172
0.16041
0.18547
0.20644
0.22291
0.23455
0.24116
0.24260
0.23885
0.23003
0.21630
0.19797
0.17541
0.14909
0.11956
0.08740
0.05328
0.01788
-0.01809
-0.05391
-0.08887
-0.12231
-0.15356
-0.18202
-0.20718
-0.22854
-0.24573
-0.25843
-0.26643
-0.26959
-0.26787
-0.26132
-0.25006
-0.23432
-0.21439
-0.19060
-0.16341
-0.13327
-0.10071
-0.06629
-0.03058
0.00581
0.04228
0.07822
0.11304
0.14616
0.17705
0.20518
0.23011
0.25142
0.26876
0.28186
0.29048
0.29452
0.29390
0.28864
0.27885
0.26467
0.24636
0.22423
0.19862
0.16997
0.13872
0.10536
0.07040
0.03438
-0.00217
-0.03871
-0.07471
-0.10963
-0.14299
-0.17431
-0.20312
-0.22902
-0.25162
-0.27056
-0.28556
-0.29634
-0.30271
-0.30450
-0.30161
-0.29402
-0.28174
-0.26488
-0.24359
-0.21813
-0.18882
-0.15603
-0.12027
-0.08205
-0.04197
-0.00072
0.04102
0.08251
0.12298
0.16169
0.19789
0.23087
0.26000
0.28465
0.30437
0.31873
0.32743
0.33033
0.32734
0.31856
0.30420
0.28454
0.26004
0.23120
0.19862
0.16299
0.12499
0.08538
0.04491
0.00431
-0.03568
-0.07440
-0.11123
-0.14559
-0.17701
-0.20506
-0.22942
-0.24984
-0.26611
-0.27815
-0.28591
-0.28940
-0.28871
-0.28392
-0.27519
-0.26272
-0.24670
-0.22737
-0.20499
-0.17985
-0.15224
-0.12249
-0.09096
-0.05803
-0.02411
0.01036
0.04492
0.07907
0.11230
0.14408
0.17388
0.20116
0.22542
0.24615
0.26293
0.27533
0.28306
0.28587
0.28358
0.27618
0.26369
0.24627
0.22422
0.19786
0.16770
0.13427
0.09820
0.06019
0.02095
-0.01873
-0.05810
-0.09640
-0.13288
-0.16686
-0.19770
-0.22481
-0.24772
-0.26603
-0.27941
-0.28767
-0.29067
-0.28842
-0.28098
-0.26850
-0.25127
-0.22959
-0.20386
-0.17455
-0.14215
-0.10723
-0.07037
-0.03219
0.00670
0.04564
0.08400
0.12116
0.15651
0.18946
0.21945
0.24598
0.26857
0.28683
0.30041
0.30902
0.31250
0.31069
0.30360
0.29127
0.27388
0.25168
0.22500
0.19430
0.16007
0.12290
0.08345
0.04240
0.00050
-0.04151
-0.08287
-0.12283
-0.16066
-0.19571
-0.22734
-0.25499
-0.27821
-0.29657
-0.30982
-0.31772
-0.32018
-0.31722
-0.30889
-0.29540
-0.27700
-0.25405
-0.22697
-0.19623
-0.16238
-0.12599
-0.08770
-0.04814
-0.00798
0.03209
0.07142
0.10935
0.14523
0.17846
0.20849
0.23477
0.25687
0.27440
0.28703
0.29454
0.29675
0.29364
0.28524
0.27166
0.25315
0.23001
0.20267
0.17160
0.13736
0.10059
0.06195
0.02218
-0.01798
-0.05776
-0.09642
-0.13318
-0.16735
-0.19824
-0.22524
-0.24780
-0.26545
-0.27784
-0.28469
-0.28584
-0.28128
-0.27103
-0.25535
-0.23451
-0.20895
-0.17922
-0.14591
-0.10975
-0.07151
-0.03200
0.00790
0.04733
0.08544
0.12137
0.15436
0.18368
0.20868
0.22887
0.24377
0.25313
0.25677
0.25464
0.24686
0.23363
0.21533
0.19241
0.16544
0.13508
0.10204
0.06710
0.03108
-0.00520
-0.04094
-0.07532
-0.10762
-0.13714
-0.16324
-0.18542
-0.20320
-0.21628
-0.22440
-0.22742
-0.22535
-0.21823
-0.20628
-0.18975
-0.16900
-0.14448
-0.11670
-0.08622
-0.05366
-0.01968
0.01502
0.04976
0.08382
0.11651
0.14717
0.17515
0.19986
0.22079
0.23747
0.24954
0.25672
0.25883
0.25581
0.24769
0.23462
0.21687
0.19477
0.16879
0.13947
0.10741
0.07329
0.03781
0.00171
-0.03426
-0.06936
-0.10288
-0.13411
-0.16245
-0.18732
-0.20824
-0.22480
-0.23668
-0.24369
-0.24569
-0.24270
-0.23480
-0.22218
-0.20517
-0.18411
-0.15949
-0.13186
-0.10181
-0.07002
-0.03718
-0.00400
0.02877
0.06041
0.09022
0.11752
0.14171
0.16224
0.17863
0.19055
0.19768
0.19991
0.19717
0.18952
0.17718
0.16041
0.13961
0.11527
0.08794
0.05825
0.02685
-0.00555
-0.03824
-0.07054
-0.10177
-0.13128
-0.15850
-0.18291
-0.20405
-0.22157
-0.23515
-0.24463
-0.24987
-0.25082
-0.24754
-0.24012
-0.22874
-0.21363
-0.19506
-0.17336
-0.14886
-0.12195
-0.09302
-0.06249
-0.03077
0.00171
0.03452
0.06725
0.09947
0.13075
0.16071
0.18893
0.21503
0.23864
0.25942
0.27702
0.29118
0.30161
0.30809
0.31047
0.30859
0.30242
0.29193
0.27720
0.25836
0.23560
0.20922
0.17953
0.14696
0.11198
0.07511
0.03692
-0.00199
-0.04097
-0.07939
-0.11659
-0.15195
-0.18483
-0.21468
-0.24094
-0.26313
-0.28086
-0.29375
-0.30156
-0.30411
-0.30131
-0.29316
-0.27975
-0.26128
-0.23802
-0.21033
-0.17868
-0.14356
-0.10559
-0.06539
-0.02367
0.01883
0.06139
0.10323
0.14358
0.18173
0.21697
0.24862
0.27610
0.29887
0.31649
0.32861
0.33495
0.33541
0.32990
0.31850
0.30139
0.27882
0.25119
0.21892
0.18257
0.14272
0.10002
0.05516
0.00886
-0.03817
-0.08518
-0.13147
-0.17634
-0.21912
-0.25920
-0.29599
-0.32896
-0.35765
-0.38163
-0.40055
-0.41413
-0.42213
-0.42441
-0.42086
-0.41147
-0.39631
-0.37548
-0.34921
-0.31776
-0.28152
-0.24091
-0.19645
-0.14874
-0.09842
-0.04623
0.00705
0.06061
0.11359
0.16513
0.21435
0.26039
0.30245
0.33977
0.37162
0.39745
0.41672
0.42907
0.43428
0.43219
0.42288
0.40651
0.38340
0.35403
0.31895
0.27888
0.23460
0.18699
0.13697
0.08551
0.03359
-0.01781
-0.06774
-0.11530
-0.15963
-0.20001
-0.23573
-0.26626
-0.29114
-0.31003
-0.32275
-0.32919
-0.32938
-0.32349
-0.31174
-0.29451
-0.27222
-0.24538
-0.21459
-0.18044
-0.14361
-0.10478
-0.06464
-0.02387
0.01685
0.05687
0.09558
0.13239
0.16678
0.19826
0.22642
0.25087
0.27131
0.28750
0.29924
0.30644
0.30901
0.30698
0.30042
0.28944
0.27427
0.25512
0.23230
0.20618
0.17712
0.14556
0.11197
0.07681
0.04061
0.00385
-0.03294
-0.06926
-0.10463
-0.13856
-0.17062
-0.20040
-0.22750
-0.25159
-0.27238
-0.28960
-0.30305
-0.31255
-0.31799
-0.31929
-0.31644
-0.30944
-0.29837
-0.28335
-0.26453
-0.24215
-0.21647
-0.18778
-0.15647
-0.12293
-0.08763
-0.05105
-0.01371
0.02380
0.06092
0.09704
0.13156
0.16387
0.19340
0.21958
0.24191
0.25993
0.27325
0.28158
0.28469
0.28248
0.27495
0.26218
0.24442
0.22197
0.19529
0.16490
0.13141
0.09554
0.05803
0.01968
-0.01869
-0.05627
-0.09224
-0.12582
-0.15631
-0.18304
-0.20545
-0.22307
-0.23552
-0.24259
-0.24412
-0.24010
-0.23068
-0.21607
-0.19663
-0.17280
-0.14513
-0.11426
-0.08085
-0.04566
-0.00946
0.02698
0.06287
0.09745
0.13000
0.15984
0.18636
0.20904
0.22742
0.24119
0.25006
0.25391
0.25272
0.24650
0.23547
0.21986
0.20001
0.17635
0.14936
0.11958
0.08760
0.05403
0.01951
-0.01531
-0.04979
-0.08330
-0.11524
-0.14501
-0.17207
-0.19595
-0.21618
-0.23240
-0.24429
-0.25160
-0.25419
-0.25193
-0.24484
-0.23302
-0.21660
-0.19588
-0.17117
-0.14292
-0.11163
-0.07787
-0.04231
-0.00562
0.03146
0.06817
0.10373
0.13739
0.16841
0.19611
0.21985
0.23908
0.25336
0.26231
0.26572
0.26347
0.25557
0.24218
0.22355
0.20010
0.17232
0.14080
0.10626
0.06943
0.03114
-0.00778
-0.04648
-0.08413
-0.11988
-0.15301
-0.18277
-0.20857
-0.22987
-0.24620
-0.25729
-0.26290
-0.26295
-0.25748
-0.24661
-0.23064
-0.20991
-0.18490
-0.15617
-0.12434
-0.09012
-0.05426
-0.01752
0.01929
0.05537
0.08995
0.12227
0.15164
0.17744
0.19909
0.21617
0.22827
0.23518
0.23676
0.23298
0.22399
0.20997
0.19128
0.16835
0.14171
0.11196
0.07978
0.04587
0.01099
-0.02411
-0.05869
-0.09199
-0.12335
-0.15210
-0.17766
-0.19954
-0.21727
-0.23056
-0.23913
-0.24282
-0.24161
-0.23551
-0.22465
-0.20927
-0.18964
-0.16617
-0.13928
-0.10950
-0.07737
-0.04349
-0.00850
0.02695
0.06221
0.09662
0.12952
0.16031
0.18839
0.21324
0.23437
0.25138
0.26394
0.27178
0.27477
0.27280
0.26592
0.25426
0.23799
0.21746
0.19301
0.16512
0.13430
0.10113
0.06623
0.03026
-0.00613
-0.04225
-0.07743
-0.11103
-0.14243
-0.17105
-0.19636
-0.21789
-0.23525
-0.24809
-0.25619
-0.25937
-0.25755
-0.25076
-0.23909
-0.22274
-0.20201
-0.17724
-0.14892
-0.11755
-0.08374
-0.04813
-0.01143
0.02562
0.06226
0.09775
0.13132
0.16225
0.18986
0.21351
0.23266
0.24685
0.25571
0.25901
0.25659
0.24847
0.23475
0.21568
0.19164
0.16309
0.13063
0.09493
0.05674
0.01687
-0.02383
-0.06449
-0.10422
-0.14218
-0.17756
-0.20957
-0.23756
-0.26089
-0.27909
-0.29177
-0.29863
-0.29956
-0.29451
-0.28361
-0.26708
-0.24525
-0.21860
-0.18767
-0.15309
-0.11560
-0.07595
-0.03496
0.00653
0.04767
0.08762
0.12558
0.16079
0.19252
0.22017
0.24320
0.26113
0.27367
0.28056
0.28172
0.27719
0.26707
0.25167
0.23131
0.20650
0.17781
0.14586
0.11139
0.07514
0.03791
0.00053
-0.03622
-0.07153
-0.10465
-0.13489
-0.16158
-0.18418
-0.20221
-0.21527
-0.22312
-0.22558
-0.22258
-0.21424
-0.20067
-0.18222
-0.15926
-0.13227
-0.10186
-0.06867
-0.03344
0.00306
0.04003
0.07663
0.11203
0.14543
0.17603
0.20312
0.22603
0.24418
0.25711
0.26443
0.26591
0.26143
0.25098
0.23473
0.21294
0.18600
0.15446
0.11891
0.08009
0.03880
-0.00411
-0.04774
-0.09116
-0.13346
-0.17373
-0.21110
-0.24477
-0.27400
-0.29816
-0.31668
-0.32917
-0.33532
-0.33494
-0.32803
-0.31463
-0.29502
-0.26954
-0.23865
-0.20297
-0.16317
-0.12003
-0.07443
-0.02724
0.02056
0.06803
0.11420
0.15813
0.19891
0.23572
0.26777
0.29443
0.31513
0.32944
0.33711
0.33793
0.33195
0.31931
0.30030
0.27537
0.24506
0.21007
0.17117
0.12921
0.08510
0.03980
-0.00576
-0.05062
-0.09388
-0.13472
-0.17232
-0.20604
-0.23528
-0.25957
-0.27860
-0.29208
-0.29996
-0.30222
-0.29898
-0.29048
-0.27699
-0.25893
-0.23673
-0.21088
-0.18193
-0.15043
-0.11695
-0.08207
-0.04635
-0.01035
0.02538
0.06035
0.09405
0.12603
0.15586
0.18316
0.20756
0.22873
0.24641
0.26035
0.27035
0.27629
0.27805
0.27560
0.26897
0.25821
0.24349
0.22499
0.20297
0.17776
0.14972
0.11927
0.08688
0.05304
0.01828
-0.01687
-0.05184
-0.08609
-0.11908
-0.15030
-0.17924
-0.20547
-0.22856
-0.24815
-0.26393
-0.27564
-0.28310
-0.28614
-0.28473
-0.27883
-0.26851
-0.25387
-0.23509
-0.21240
-0.18609
-0.15650
-0.12404
-0.08914
-0.05231
-0.01407
0.02499
0.06428
0.10316
0.14100
0.17714
0.21094
0.24179
0.26909
0.29230
0.31093
0.32455
0.33285
0.33555
0.33255
0.32380
0.30939
0.28954
0.26451
0.23478
0.20084
0.16331
0.12288
0.08031
0.03638
-0.00808
-0.05225
-0.09532
-0.13650
-0.17506
-0.21033
-0.24172
-0.26873
-0.29093
-0.30804
-0.31984
-0.32625
-0.32728
-0.32303
-0.31372
-0.29962
-0.28111
-0.25863
-0.23265
-0.20372
-0.17239
-0.13925
-0.10489
-0.06989
-0.03483
-0.00029
0.03323
0.06521
0.09520
0.12279
0.14759
0.16933
0.18771
0.20253
0.21366
0.22098
0.22447
0.22412
0.22002
0.21229
0.20109
0.18664
0.16921
0.14911
0.12668
0.10231
0.07642
0.04943
0.02182
-0.00596
-0.03341
-0.06005
-0.08541
-0.10902
-0.13045
-0.14927
-0.16510
-0.17760
-0.18648
-0.19151
-0.19249
-0.18935
-0.18200
-0.17052
-0.15501
-0.13565
-0.11273
-0.08659
-0.05766
-0.02643
0.00654
0.04063
0.07520
0.10954
0.14295
0.17472
0.20414
0.23053
0.25328
0.27181
0.28561
0.29431
0.29757
0.29522
0.28719
0.27351
0.25438
0.23004
0.20095
0.16759
0.13055
0.09054
0.04828
0.00456
-0.03978
-0.08395
-0.12711
-0.16848
-0.20732
-0.24294
-0.27473
-0.30216
-0.32476
-0.34220
-0.35422
-0.36066
-0.36148
-0.35669
-0.34643
-0.33091
-0.31041
-0.28531
-0.25600
-0.22298
-0.18675
-0.14788
-0.10695
-0.06457
-0.02135
0.02207
0.06507
0.10703
0.14734
0.18541
0.22068
0.25262
0.28074
0.30458
0.32377
0.33797
0.34692
0.35044
0.34841
0.34083
0.32774
0.30932
0.28582
0.25755
0.22498
0.18859
0.14897
0.10677
0.06268
0.01747
-0.02810
-0.07324
-0.11714
-0.15904
-0.19820
-0.23389
-0.26548
-0.29240
-0.31414
-0.33031
-0.34059
-0.34480
-0.34283
-0.33470
-0.32058
-0.30067
-0.27536
-0.24508
-0.21039
-0.17194
-0.13041
-0.08658
-0.04128
0.00465
0.05035
0.09495
0.13761
0.17752
0.21393
0.24615
0.27356
0.29568
0.31207
0.32247
0.32672
0.32476
0.31671
0.30277
0.28328
0.25870
0.22955
0.19649
0.16021
0.12147
0.08106
0.03980
-0.00150
-0.04205
-0.08109
-0.11789
-0.15180
-0.18226
-0.20873
-0.23081
-0.24818
-0.26059
-0.26792
-0.27010
-0.26720
-0.25933
-0.24670
-0.22962
-0.20841
-0.18351
-0.15539
-0.12454
-0.09154
-0.05695
-0.02140
0.01451
0.05015
0.08490
0.11814
0.14930
0.17779
0.20311
0.22477
0.24233
0.25545
0.26383
0.26725
0.26561
0.25881
0.24696
0.23019
0.20872
0.18292
0.15317
0.12002
0.08402
0.04582
0.00612
-0.03435
-0.07484
-0.11457
-0.15277
-0.18871
-0.22166
-0.25098
-0.27603
-0.29630
-0.31134
-0.32077
-0.32437
-0.32196
-0.31351
-0.29910
-0.27887
-0.25317
-0.22236
-0.18695
-0.14755
-0.10482
-0.05952
-0.01247
0.03546
0.08337
0.13034
0.17546
0.21782
0.25656
0.29088
0.32002
0.34337
0.36035
0.37057
0.37374
0.36968
0.35843
0.34007
0.31492
0.28340
0.24603
0.20353
0.15664
0.10625
0.05330
-0.00124
-0.05631
-0.11091
-0.16400
-0.21458
-0.26173
-0.30456
-0.34227
-0.37419
-0.39970
-0.41834
-0.42979
-0.43380
-0.43030
-0.41935
-0.40111
-0.37591
-0.34415
-0.30640
-0.26329
-0.21554
-0.16400
-0.10953
-0.05305
0.00447
0.06205
0.11871
0.17349
0.22547
0.27377
0.31759
0.35622
0.38898
0.41542
0.43509
0.44773
0.45321
0.45149
0.44273
0.42715
0.40514
0.37720
0.34391
0.30596
0.26410
0.21914
0.17193
0.12333
0.07420
0.02540
-0.02229
-0.06811
-0.11136
-0.15146
-0.18785
-0.22012
-0.24792
-0.27099
-0.28920
-0.30244
-0.31073
-0.31416
-0.31286
-0.30704
-0.29693
-0.28283
-0.26507
-0.24399
-0.21996
-0.19337
-0.16462
-0.13413
-0.10232
-0.06962
-0.03647
-0.00332
0.02938
0.06118
0.09163
0.12028
0.14671
0.17049
0.19125
0.20863
0.22230
0.23203
0.23760
0.23886
0.23578
0.22835
0.21667
0.20092
0.18135
0.15831
0.13219
0.10349
0.07271
0.04043
0.00727
-0.02617
-0.05926
-0.09138
-0.12194
-0.15038
-0.17619
-0.19892
-0.21817
-0.23361
-0.24502
-0.25218
-0.25505
-0.25356
-0.24780
-0.23789
-0.22402
-0.20647
-0.18556
-0.16166
-0.13519
-0.10663
-0.07646
-0.04521
-0.01343
0.01834
0.04953
0.07960
0.10800
0.13423
0.15779
0.17823
0.19517
0.20825
0.21721
0.22186
0.22205
0.21776
0.20901
0.19596
0.17881
0.15785
0.13347
0.10609
0.07625
0.04448
0.01139
-0.02240
-0.05624
-0.08950
-0.12153
-0.15173
-0.17953
-0.20439
-0.22584
-0.24347
-0.25693
-0.26598
-0.27040
-0.27011
-0.26508
-0.25537
-0.24113
-0.22258
-0.20001
-0.17380
-0.14436
-0.11218
-0.07779
-0.04176
-0.00468
0.03285
0.07020
0.10676
0.14194
0.17516
0.20590
0.23367
0.25801
0.27857
0.29502
0.30712
0.31473
0.31773
0.31613
0.30997
0.29941
0.28465
0.26596
0.24368
0.21820
0.18995
0.15942
0.12711
0.09357
0.05935
0.02503
-0.00881
-0.04161
-0.07281
-0.10184
-0.12821
-0.15142
-0.17103
-0.18664
-0.19790
-0.20456
-0.20638
-0.20323
-0.19509
-0.18194
-0.16394
-0.14129
-0.11430
-0.08336
-0.04895
-0.01165
0.02791
0.06900
0.11085
0.15265
0.19354
0.23267
0.26918
0.30223
0.33101
0.35482
0.37298
0.38494
0.39028
0.38865
0.37993
0.36405
0.34114
0.31152
0.27556
0.23388
0.18713
0.13613
0.08178
0.02504
-0.03307
-0.09152
-0.14927
-0.20532
-0.25868
-0.30849
-0.35392
-0.39429
-0.42901
-0.45760
-0.47979
-0.49534
-0.50422
-0.50651
-0.50238
-0.49219
-0.47633
-0.45531
-0.42971
-0.40017
-0.36739
-0.33206
-0.29491
-0.25667
-0.21805
-0.17972
-0.14233
-0.10646
-0.07266
-0.04141
-0.01310
0.01190
0.03335
0.05103
0.06482
0.07466
0.08055
0.08257
0.08085
0.07556
0.06695
0.05528
0.04090
0.02413
0.00538
-0.01495
-0.03644
-0.05867
-0.08119
-0.10358
-0.12541
-0.14628
-0.16582
-0.18365
-0.19945
-0.21293
-0.22384
-0.23196
-0.23712
-0.23919
-0.23810
-0.23378
-0.22626
-0.21556
-0.20174
-0.18493
-0.16523
-0.14281
-0.11783
-0.09048
-0.06093
-0.02940
0.00392
0.03883
0.07512
0.11258
0.15099
0.19015
0.22984
0.26981
0.30982
0.34962
0.38891
0.42742
0.46480
0.50074
0.53486
0.56680
0.59618
0.62263
0.64576
0.66522
0.68069
0.69185
0.69847
0.70035
0.69737
0.68947
0.67667
0.65908
0.63688
0.61034
0.57982
0.54571
0.50852
0.46877
0.42704
0.38395
0.34011
0.29616
0.25274
0.21043
0.16981
0.13142
0.09572
0.06316
0.03409
0.00878
-0.01253
-0.02971
-0.04269
-0.05150
-0.05623
-0.05702
-0.05416
-0.04792
-0.03871
-0.02697
-0.01318
0.00210
0.01827
0.03473
0.05081
0.06587
0.07923
0.09024
0.09827
0.10273
0.10304
0.09874
0.08937
0.07461
0.05420
0.02796
-0.00412
-0.04202
-0.08557
-0.13449
-0.18841
-0.24684
-0.30923
-0.37491
-0.44315
-0.51318
-0.58416
-0.65524
-0.72555
-0.79422
-0.86039
-0.92326
-0.98205
-1.03606
-1.08464
-1.12723
-1.16339
-1.19270
-1.21492
-1.22986
-1.23745
-1.23775
-1.23085
-1.21703
-1.19659
-1.16993
-1.13757
-1.10004
-1.05797
-1.01202
-0.96288
-0.91130
-0.85801
-0.80373
-0.74921
-0.69513
-0.64216
-0.59092
-0.54193
-0.49568
-0.45255
-0.41281
-0.37670
-0.34424
-0.31544
-0.29015
-0.26810
-0.24897
-0.23228
-0.21751
-0.20407
-0.19128
-0.17847
-0.16492
-0.14991
-0.13276
-0.11281
-0.08945
-0.06216
-0.03044
0.00607
0.04766
0.09453
0.14677
0.20441
0.26735
0.33543
0.40842
0.48598
0.56777
0.65335
0.74225
0.83396
0.92795
1.02364
1.12046
1.21781
1.31509
1.41167
1.50695
1.60030
1.69110
1.77875
1.86264
1.94217
2.01675
2.08584
2.14889
2.20541
2.25491
2.29699
2.33128
2.35745
2.37528
2.38457
2.38524
2.37727
2.36069
2.33567
2.30241
2.26120
2.21242
2.15647
2.09387
2.02514
1.95086
1.87164
1.78811
1.70093
1.61074
1.51816
1.42383
1.32833
1.23221
1.13598
1.04007
0.94490
0.85075
0.75787
0.66643
0.57646
0.48797
0.40083
0.31482
0.22967
0.14496
0.06027
-0.02495
-0.11130
-0.19939
-0.28989
-0.38349
-0.48084
-0.58258
-0.68932
-0.80155
-0.91975
-1.04420
-1.17512
-1.31257
-1.45642
-1.60647
-1.76225
-1.92321
-2.08862
-2.25757
-2.42912
-2.60213
-2.77543
-2.94780
-3.11796
-3.28466
-3.44668
-3.60284
-3.75204
-3.89331
-4.02571
-4.14853
-4.26110
-4.36292
-4.45365
-4.53297
-4.60079
-4.65703
-4.70170
-4.73492
-4.75678
-4.76745
-4.76708
-4.75583
-4.73382
-4.70118
-4.65795
-4.60421
-4.53994
-4.46512
-4.37972
-4.28368
-4.17694
-4.05944
-3.93117
-3.79210
-3.64230
-3.48183
-3.31084
-3.12953
-2.93813
-2.73696
-2.52636
-2.30672
-2.07846
-1.84202
-1.59783
-1.34632
-1.08789
-0.82289
-0.55164
-0.27436
0.00877
0.29769
0.59242
0.89304
1.19977
1.51286
1.83266
2.15955
2.49393
2.83622
3.18680
3.54594
3.91387
4.29064
4.67606
5.06986
5.47128
5.87944
6.29308
6.71055
7.12998
7.54877
7.96409
8.37312
8.77303
