1.173929246417648784e+02
1.180664271064630526e+02
1.181231082111685424e+02
1.179206446891320894e+02
1.176947488660066767e+02
1.177860319989378013e+02
1.180311532700948476e+02
1.178931837961214342e+02
1.175540424548545815e+02
1.169416552040348307e+02
1.168973000969024554e+02
1.168735324338437209e+02
1.163760139894107795e+02
1.161556534508076197e+02
1.159380235034308697e+02
1.153114440852852738e+02
1.152130339185824823e+02
1.151688400266324663e+02
1.156638228622151985e+02
1.159925562399130428e+02
1.169495311957402492e+02
1.173631483888391926e+02
1.176251891138422820e+02
1.174651717557251942e+02
1.170541264918077076e+02
1.174550786814365466e+02
1.178765407118889783e+02
1.181804975393617525e+02
1.182337576149474216e+02
1.175927988367097328e+02
1.178659376469797735e+02
1.180336640916355861e+02
1.180651215984392337e+02
1.179327592249536849e+02
1.183857598674352687e+02
1.183833160676347092e+02
1.187816505509332075e+02
1.187487218683651662e+02
1.188059836808703551e+02
1.184490694911898458e+02
1.183649692521657641e+02
1.185657053416811095e+02
1.180734609759340401e+02
1.181646440801941651e+02
1.178314718953378133e+02
1.176333999108631474e+02
1.183661491098915661e+02
1.184270972705378568e+02
1.181612844310880206e+02
1.180687173862465471e+02
1.182291408252708322e+02
1.188082915368336927e+02
1.189498006254239897e+02
1.191863824965422936e+02
1.191126639574453918e+02
1.194407940332002340e+02
1.196148898271539736e+02
1.195071073442557292e+02
1.190357650480944045e+02
1.186979100907066993e+02
1.185526956118715987e+02
1.185192444702178705e+02
1.182376634612185313e+02
1.182201556368027298e+02
1.177476696293084899e+02
1.179168987150669352e+02
1.180508599714741109e+02
1.180125535618639532e+02
1.180772415642757665e+02
1.179448363691204236e+02
1.179698275145123887e+02
1.183349395171409810e+02
1.182580898051774767e+02
1.182443609022556359e+02
1.180646509382128215e+02
1.180813646971910345e+02
1.180453750126181944e+02
1.178276637144390833e+02
1.173940014434131598e+02
1.171522835788159398e+02
1.171308569876409109e+02
1.171110699553834422e+02
1.170666767666565704e+02
1.169718397055132613e+02
1.168792713378358030e+02
1.169148651137866892e+02
1.172619376812571659e+02
1.172240335116584333e+02
1.172179725586771895e+02
1.171453249475891027e+02
1.172293897714392017e+02
1.177394399289903788e+02
1.176818037022617034e+02
1.176260376629986553e+02
1.176691409653249849e+02
1.174146059665459632e+02
1.173611120580915781e+02
1.168260420021357078e+02
1.165039110325125762e+02
1.155620260021668457e+02
1.151170590997517991e+02
1.152793595204822026e+02
1.153033789737680479e+02
1.150894743926239983e+02
1.151513122294372238e+02
1.151905703923508071e+02
1.155958722878814626e+02
1.155737326786307193e+02
1.159063202641933685e+02
1.157307141995207758e+02
1.158197053655899538e+02
1.162675544999575976e+02
1.160369589775582000e+02
1.162054731614395706e+02
1.160934984729089052e+02
1.162991526134742770e+02
1.164412026988373299e+02
1.160496708657733791e+02
1.157250591135483262e+02
1.151541060771622966e+02
1.149109287967250452e+02
1.148496414449433587e+02
1.146623746772625054e+02
1.146616355148006221e+02
1.145075859324478955e+02
1.147658124500133283e+02
1.149812003993434502e+02
1.147344013350020759e+02
1.149145574910562004e+02
1.150398113144424741e+02
1.152465642547594626e+02
1.154936125444616977e+02
1.155541953071429901e+02
1.154042957993291054e+02
1.155835733422638896e+02
1.157272184540886570e+02
1.161849824208940305e+02
1.159645470645236713e+02
1.157668915533883478e+02
1.154045650071692961e+02
1.150014817774669922e+02
1.150527288468582441e+02
1.147297787993870344e+02
1.145846363018354879e+02
1.147498243148278334e+02
1.149154060207437311e+02
1.150689903042460713e+02
1.149672790087366678e+02
1.150304880077176364e+02
1.151479007475427352e+02
1.155582200905941903e+02
1.157723740244245931e+02
1.160497134187457817e+02
1.162596448870781103e+02
1.164078287730196024e+02
1.165437218609304750e+02
1.167693380845127251e+02
1.166102527972086733e+02
1.162801653030277720e+02
1.160629328515507268e+02
1.160511881781268642e+02
1.161072603128495331e+02
1.160389632107023345e+02
1.161448234390138055e+02
1.161723421370156899e+02
1.163275619085967350e+02
1.166728996972687469e+02
1.165484248741070274e+02
1.166324810621895836e+02
1.167780245667171499e+02
1.170263888888889028e+02
1.174301603423300406e+02
1.175829017729120665e+02
1.175227695556710188e+02
1.177639760988454469e+02
1.176909106168694876e+02
1.179609168479170052e+02
1.174568871608372973e+02
1.173795052533581611e+02
1.172898284416083499e+02
1.172805692903915542e+02
1.175498564014712457e+02
1.173226181450593941e+02
1.173458537653977629e+02
1.173033518042978756e+02
1.174289556480259762e+02
1.177006146187839875e+02
1.178032800729655776e+02
1.180068318685582227e+02
1.181712708118087392e+02
1.183717529181566732e+02
1.189132818467283386e+02
1.188102799761722537e+02
1.187970893758819386e+02
1.188292126090779988e+02
1.188983648605322117e+02
1.187432005909609813e+02
1.186786401648697904e+02
1.182684365280350676e+02
1.182617413976465883e+02
1.183320623739014366e+02
1.186734249674367589e+02
1.183850335730597436e+02
1.183173601782100945e+02
1.183849250840892751e+02
1.185668940054356142e+02
1.189007844004696182e+02
1.190099412715975973e+02
1.188645778104636719e+02
1.190036722238504865e+02
1.191218922947757903e+02
1.194339282649734031e+02
1.192650137268359600e+02
1.192698115797782918e+02
1.190046833603965410e+02
1.188593389439391785e+02
1.190093540898538862e+02
1.187263804100617364e+02
1.186688618738930785e+02
1.185649388668847877e+02
1.187450101763327552e+02
1.188743038844963991e+02
1.185854881759915571e+02
1.183892103126268722e+02
1.183612566326960263e+02
1.188535657255461473e+02
1.191868751821938730e+02
1.192076055031689492e+02
1.191153786641450978e+02
1.191519490577403104e+02
1.193771617936414913e+02
1.193657906443554850e+02
1.190784885216109217e+02
1.187193985272156169e+02
1.186404084233000873e+02
1.184163826617115802e+02
1.184904200758160613e+02
1.182498701208741778e+02
1.180933425438217768e+02
1.180183437252402712e+02
1.182164971479623432e+02
1.183606995636351229e+02
1.180579946730818790e+02
1.181205001633958886e+02
1.182368474993167382e+02
1.183498997789998413e+02
1.186783611511540926e+02
1.182655867394989571e+02
1.183641958187428571e+02
1.181526038176726416e+02
1.182919161936502945e+02
1.177271619150809130e+02
1.171035778635778541e+02
1.170342697404748833e+02
1.170542984105281050e+02
1.168142531705824325e+02
1.168523407100125127e+02
1.164046458517963174e+02
1.162944428379458799e+02
1.162043554773427303e+02
1.165833827792564392e+02
1.165745771312584651e+02
1.166073600973236069e+02
1.166520561854797791e+02
1.169007312059844281e+02
1.171009800460604851e+02
1.172164580505705516e+02
1.167682303058855240e+02
1.163325474875387329e+02
1.158891741333601857e+02
1.156197375063099599e+02
1.156107281888808416e+02
1.152812941918116394e+02
1.152018236046016142e+02
1.152667363487701664e+02
1.155606587250700414e+02
1.155599316516943134e+02
1.156264227642276410e+02
1.155367316341828996e+02
1.157638709026387858e+02
1.158976292017865006e+02
1.161195112125688098e+02
1.160542635658914747e+02
1.160673973335115363e+02
1.162989642577180405e+02
1.164757785467127889e+02
1.163893650339288399e+02
1.159396188937144530e+02
1.153309089068142583e+02
1.152125787859381916e+02
1.149913442468654523e+02
1.150156092139826285e+02
1.148183997451930338e+02
1.145785547078933746e+02
1.147927127985303031e+02
1.149358334737906517e+02
1.150859462391105410e+02
1.149989094317116809e+02
1.152615215297840052e+02
1.155656469364762984e+02
1.156491653390593655e+02
1.160008679500755164e+02
1.159419794030371662e+02
1.160235578427622727e+02
1.162960753368828222e+02
1.163505265345711592e+02
1.161792922311307734e+02
1.156919571418632273e+02
1.153281905254983144e+02
1.153137459012127124e+02
1.153280229464007931e+02
1.151666319805757723e+02
1.152562182170408676e+02
1.149671916236869009e+02
1.152581020326685035e+02
1.157011313088858486e+02
1.157628874896208089e+02
1.155941353227644726e+02
1.160843222332584048e+02
1.162299404299404415e+02
1.164632351677067703e+02
1.163995821585080108e+02
1.162782834850455203e+02
1.164398610947219481e+02
1.166156434973786702e+02
1.167261710024097283e+02
1.163588387747647488e+02
1.158261955993614265e+02
1.156175252037011489e+02
1.157851960851413367e+02
1.156687627435189967e+02
1.154815740584360668e+02
1.152198168332579939e+02
1.151293665188768074e+02
1.152473177857250874e+02
1.151141058397207786e+02
1.155058803763440807e+02
1.151568444080760116e+02
1.151466943866943922e+02
1.155770793101151952e+02
1.154435683824258660e+02
1.156644237746553188e+02
1.153865778705498286e+02
1.156012532706698011e+02
1.160289855072463894e+02
1.157321689710183534e+02
1.158802460082002739e+02
1.156310297467506416e+02
1.149970838193634535e+02
1.150110462624064382e+02
1.151825134249945819e+02
1.148049295657524738e+02
1.145851250912469368e+02
1.147050033244680805e+02
1.149000248488362388e+02
1.147895165987186914e+02
1.150434768162410961e+02
1.148729345862543454e+02
1.148413164708225480e+02
1.154366504894848475e+02
1.153240339773484351e+02
1.156372072693038433e+02
1.154529740973701166e+02
1.152370873269435663e+02
1.152927535749363130e+02
1.157734689168699163e+02
1.152071003019668751e+02
1.150430633797033835e+02
1.147629733752273751e+02
1.147641325857519803e+02
1.144977061170212806e+02
1.145942885771543018e+02
1.141826376346243848e+02
1.140905855922336514e+02
1.140560504702609563e+02
1.140758447518957013e+02
1.140018135835745881e+02
1.139745279989182478e+02
1.138428545172016157e+02
1.142081295584925442e+02
1.142894421267755547e+02
1.143259289034919135e+02
1.141450649622799745e+02
1.142507450345385820e+02
1.146587942715032966e+02
1.148780816474612578e+02
1.147689053136926560e+02
1.145726071189179009e+02
1.144675654351480318e+02
1.145629021906925971e+02
1.142632215902214625e+02
1.142441096882055973e+02
1.140543034574189818e+02
1.141016473948175047e+02
1.143714121798995080e+02
1.144170406707720247e+02
1.142542326174196177e+02
1.144689428076256519e+02
1.143714260974976185e+02
1.147386603466768236e+02
1.145275003467887416e+02
1.146465598979433480e+02
1.145985112936345018e+02
1.150678298913137070e+02
1.154269929102541852e+02
1.157771448299671988e+02
1.157258594713052986e+02
1.157509142975434742e+02
1.154469748529745345e+02
1.153205928641842917e+02
1.151462806914332191e+02
1.149065187671967720e+02
1.148631540622074283e+02
1.146294288345583823e+02
1.149095067930326195e+02
1.148470404172099109e+02
1.149602200006918338e+02
1.146215021837076335e+02
1.150469346311403740e+02
1.151172488445215691e+02
1.153753525295080209e+02
1.154044616709732907e+02
1.156386671778606541e+02
1.157110084600612367e+02
1.161325498158791305e+02
1.162821332872331226e+02
1.160776631586259668e+02
1.156995405288253238e+02
1.154662980928041236e+02
1.153821949613612077e+02
1.152463775589129966e+02
1.148683118320478656e+02
1.147935061138149848e+02
1.147390076782701556e+02
1.148304314650388420e+02
1.147678562268087035e+02
1.148024463778103268e+02
1.147731702260004027e+02
1.151674298056155550e+02
1.155505764928583687e+02
1.156390377577744175e+02
1.156731870967741997e+02
1.155942181931420976e+02
1.157541432185450958e+02
1.160548654782322586e+02
1.154703024224923524e+02
1.150478028761715876e+02
1.149171641920941340e+02
1.148189067052850021e+02
1.146333794295592128e+02
1.146644639221505173e+02
1.146890636665104068e+02
1.147634881682734544e+02
1.147897708460399144e+02
1.150274411238121530e+02
1.150842043330795264e+02
1.150037392884965044e+02
1.152562953995157500e+02
1.156415743217424534e+02
1.156588913709803137e+02
1.156817212071160554e+02
1.159211613951960231e+02
1.156387549396793446e+02
1.155865131578947427e+02
1.153141822215289807e+02
1.148636199390883945e+02
1.147583334770387609e+02
1.147817922550939613e+02
1.148284964521865135e+02
1.150530099296648814e+02
1.150119905726917864e+02
1.151317487444196388e+02
1.151667010309278254e+02
1.153808579947948090e+02
1.155933678471302528e+02
1.155517039284298448e+02
1.158626141286525524e+02
1.158170263130810724e+02
1.163648613941064696e+02
1.167179252452673808e+02
1.165211679334181554e+02
1.165013437830527181e+02
1.160859674329501985e+02
1.160889645031119670e+02
1.160307264464491652e+02
1.159317447218210475e+02
1.159340482390023226e+02
1.159919535476756778e+02
1.162136739011739053e+02
1.165276189495012034e+02
1.165286520138960640e+02
1.167324076778994169e+02
1.167749541928523769e+02
1.170227543052179584e+02
1.173362263048447147e+02
1.173521021930659600e+02
1.175647959445805100e+02
1.177222961874297482e+02
1.181851239105592697e+02
1.181789599294398414e+02
1.175639032373548929e+02
1.173927298400289203e+02
1.170325254992345947e+02
1.170114380766196831e+02
1.172287088738081025e+02
1.170027376504416310e+02
1.169314947696031766e+02
1.170319523793233145e+02
1.173314899154196382e+02
1.177041440450828276e+02
1.175052130747694008e+02
1.175688734467531589e+02
1.179942347645429521e+02
1.180805871982641690e+02
1.185034858576247672e+02
1.184046479255788711e+02
1.188305805849086028e+02
1.190125447099683669e+02
1.193506979321810775e+02
1.194427872609721817e+02
1.194523155552464999e+02
1.188325228687047286e+02
1.186680199235807862e+02
1.190368474034990385e+02
1.187652044124963595e+02
1.182762739669845047e+02
1.185496327315164393e+02
1.182603440021884893e+02
1.185968780118408290e+02
1.185165098374679218e+02
1.186513084321180997e+02
1.184019186638369945e+02
1.186414164051994504e+02
1.188879516835477546e+02
1.190292634224433215e+02
1.192803407646593996e+02
1.189793910521955240e+02
1.193927550211871562e+02
1.194249460881566307e+02
1.197891127377206146e+02
1.194301422462693125e+02
1.191092724288840259e+02
1.191514243400993109e+02
1.188706356387973671e+02
1.187218181185396588e+02
1.181638038167548928e+02
1.183303671706263458e+02
1.183140584365916936e+02
1.185218710144427945e+02
1.185894266901092919e+02
1.180707680210594646e+02
1.183933157099697837e+02
1.185721919566952494e+02
1.187323487587163982e+02
1.187855654965168668e+02
1.186821754433926799e+02
1.186716707186453306e+02
1.189865581768248006e+02
1.189956751970850064e+02
1.190776979886328775e+02
1.183302480688739990e+02
1.179722752368618188e+02
1.179500701310252708e+02
1.175339592420937862e+02
1.174433479032918939e+02
1.171771112485398163e+02
1.168874202838922116e+02
1.171481449599724414e+02
1.170033837750562498e+02
1.171966896743571453e+02
1.168046103560983937e+02
1.171724114183395784e+02
1.173387019804342515e+02
1.174419977220170495e+02
1.173764647772176062e+02
1.176716915047043557e+02
1.175665617193114656e+02
1.180492065677601516e+02
1.179873092093980347e+02
1.179875393135512240e+02
1.175314333756562775e+02
1.171124445203140851e+02
1.168874251292639883e+02
1.165885760312591088e+02
1.163658991059370464e+02
1.160962904633924921e+02
1.161168895492818223e+02
1.163533950090465368e+02
1.163747244673034515e+02
1.163347037360604332e+02
1.162495299717136135e+02
1.162411045567239398e+02
1.165057078590877637e+02
1.167006162828413807e+02
1.167526371129125096e+02
1.168146281875095553e+02
1.168038138386894929e+02
1.171604917480633077e+02
1.174443787382151072e+02
1.176409159070613697e+02
1.170102264673124211e+02
1.164605929627878851e+02
1.163726035292322791e+02
1.160550428147802648e+02
1.157825984358144495e+02
1.155219931388200223e+02
1.152856338412709363e+02
1.154492530153508767e+02
1.153712854531916179e+02
1.149642388171694591e+02
1.150914139693355907e+02
1.151594514379285670e+02
1.155485887478689193e+02
1.156229292843128889e+02
1.156358743483853431e+02
1.159715257481754946e+02
1.161462181737994683e+02
1.167505535949069184e+02
1.168285831383732756e+02
1.168202928763050465e+02
1.163646610169491566e+02
1.162064828171404400e+02
1.163439103980420839e+02
1.160814441361575433e+02
1.157138204831209833e+02
1.157524492032712118e+02
1.158351304523357044e+02
1.160228612946285267e+02
1.160741434915488952e+02
1.158495429769392047e+02
1.158114423988087225e+02
1.164571731364203515e+02
1.166020587539298816e+02
1.166919485986861105e+02
1.168741766938407380e+02
1.168930183798041895e+02
1.172245019176594383e+02
1.172985504318399990e+02
1.169368511672659139e+02
1.165734882864176001e+02
1.162068020203362835e+02
1.164117587956528297e+02
1.165812302050341742e+02
1.167348167583295435e+02
1.168868249456612602e+02
1.167626346382565430e+02
1.167999503023275025e+02
1.171791211726601887e+02
1.169752272085333971e+02
1.171784341898619886e+02
1.173331555703691294e+02
1.175065470822059694e+02
1.179009986112029651e+02
1.178432703317126737e+02
1.180494436349185321e+02
1.182547927954797728e+02
1.183417446773258206e+02
1.184704131186801419e+02
1.182730737587938137e+02
1.180328588555122167e+02
1.175451655449964505e+02
1.173270397166201491e+02
1.176029458799764313e+02
1.174859605787165577e+02
1.175342530282637910e+02
1.176285967760834126e+02
1.179745668875525979e+02
1.180230754999411289e+02
1.178769729401238919e+02
1.179897049423005910e+02
1.183738597708541249e+02
1.184879656496871974e+02
1.191441204988464904e+02
1.192187814702920434e+02
1.192583855265562534e+02
1.194868933518474705e+02
1.196188122141511911e+02
1.196230711233978354e+02
1.190889689253706223e+02
1.186555096646291076e+02
1.183523054391192346e+02
1.185246670702179159e+02
1.186452023586169986e+02
1.183721609618534671e+02
1.183339221723111052e+02
1.182700583485195551e+02
1.183724219504881177e+02
1.185689396215079654e+02
1.184488582103305703e+02
1.186281329580485249e+02
1.186553920825117672e+02
1.190657286499983059e+02
1.192735383575532211e+02
1.190584249360036040e+02
1.191398736428462541e+02
1.190614370068805385e+02
1.187207059341105548e+02
1.190016831333209808e+02
1.183879366051083082e+02
1.182140898154223976e+02
1.179556663613852976e+02
1.182472600183230895e+02
1.182183430643266746e+02
1.180729088168801866e+02
1.180756190280489051e+02
1.182469711250107025e+02
1.185429338565601256e+02
1.188458727871552014e+02
1.183863961525864994e+02
1.185978751248407264e+02
1.185917973794314548e+02
1.191579092634121224e+02
1.192613729648378751e+02
1.192437972324786841e+02
1.186615397879127443e+02
1.182583889737560270e+02
1.182887309364433150e+02
1.181142027291788565e+02
1.179001583422257511e+02
1.176113197241756012e+02
1.174773910327595843e+02
1.174259075512368753e+02
1.177880193136029021e+02
1.174293977309784935e+02
1.174531031834683006e+02
1.172291885560742060e+02
1.173664240544087818e+02
1.174506088149545349e+02
1.176705699870457522e+02
1.178993109315184995e+02
1.181146763154750801e+02
1.183982423444526120e+02
1.185154941515511240e+02
1.182619079975538483e+02
1.178412879109676368e+02
1.175700552956188858e+02
1.173226338708579846e+02
1.171731748152407278e+02
1.167569908607284077e+02
1.163697770298695957e+02
1.163973743575826347e+02
1.165830878827316894e+02
1.169464276629301054e+02
1.164902094795475449e+02
1.165821786544103986e+02
1.166098277178986677e+02
1.165006676018726637e+02
1.167021934616354457e+02
1.165866289220755050e+02
1.166226974737516286e+02
1.168435151018176725e+02
1.173060802333073411e+02
1.175358351276530158e+02
1.174719282873896304e+02
1.172789458451795355e+02
1.165611795182344252e+02
1.166716208209902561e+02
1.165222925635181923e+02
1.160646322907861503e+02
1.158284307133732227e+02
1.157471458269434095e+02
1.159266611478096252e+02
1.163458409910829658e+02
1.158992708842002344e+02
1.160791519792211233e+02
1.162130530861490172e+02
1.166136967632027108e+02
1.166502683363148520e+02
1.166594564332247614e+02
1.166027591563803298e+02
1.166347626598292777e+02
1.169697335952057244e+02
1.171456139751128234e+02
1.171831152185644953e+02
1.168286618975020588e+02
1.166213006850118035e+02
1.163645473851871657e+02
1.162148451198129777e+02
1.156646820790076049e+02
1.155324064745785648e+02
1.157772476567522659e+02
1.159341141772323596e+02
1.162863730027361981e+02
1.158212279123453072e+02
1.162509518629317284e+02
1.162825199464706287e+02
1.167301881972238817e+02
1.166205325383651115e+02
1.167169731522051848e+02
1.168284946967636557e+02
1.172589867886525781e+02
1.173352585258525806e+02
1.173400040668316109e+02
1.167825576847868518e+02
1.166708843560522411e+02
1.166138485653922032e+02
1.165213418259023257e+02
1.165378993420606406e+02
1.163395741619417976e+02
1.159606163800442715e+02
1.163078060218854120e+02
1.163116001957839103e+02
1.163765350205803344e+02
1.161282384512818879e+02
1.167399715889873590e+02
1.167963584819695910e+02
1.172478998712824279e+02
1.174041726497170401e+02
1.172553952525200742e+02
1.171135299824683926e+02
1.171793328103148326e+02
1.170476109620674379e+02
1.170462615314044967e+02
1.165968694825478735e+02
1.162669041549188762e+02
1.163569847412088762e+02
1.164104087331810149e+02
1.164562019165879434e+02
1.173433763299124450e+02
1.163363695160073235e+02
1.167469943235905987e+02
1.168356974604975846e+02
1.168161241315740000e+02
1.168965930491354186e+02
1.171150072548884111e+02
1.173991296719929807e+02
1.175675237314757879e+02
1.176107101839313032e+02
1.171399226927550217e+02
1.165242304175556285e+02
1.168329764453961559e+02
1.163869550350487430e+02
1.165615252478868058e+02
1.165253905243078805e+02
1.162237260330154669e+02
1.166145954848006596e+02
1.165689428926873461e+02
1.165952157678470940e+02
1.164696043743969227e+02
1.166801436634171409e+02
1.167952502553626175e+02
1.170313866468483610e+02
1.174409101904005013e+02
1.173204631191001965e+02
1.172836628188290575e+02
1.173968387885466313e+02
1.169705078357131924e+02
1.168877394437835022e+02
1.164307931305268227e+02
1.164719824633511536e+02
1.164507637032370155e+02
1.168425929103325132e+02
1.169020558902617495e+02
1.166279434583184269e+02
1.167545517322688795e+02
1.172590099279205731e+02
1.173663588211326925e+02
1.174127287164844802e+02
1.173008719940050355e+02
1.172889330007974138e+02
1.178911235108859330e+02
1.177723023184137503e+02
1.179025100851635983e+02
1.176748855291576632e+02
1.176677503588289255e+02
1.178763238633409003e+02
1.174669474770050641e+02
1.170826544907383351e+02
1.165543986254295419e+02
1.163181114551083510e+02
1.165378940775280086e+02
1.162867166790831419e+02
1.163359982003495503e+02
1.159085666226120424e+02
1.161172624461567580e+02
1.163017459382686098e+02
1.163024025220418878e+02
1.163894568084262886e+02
1.164217904617033383e+02
1.163700436741290929e+02
1.168031429942418384e+02
1.169025850762752867e+02
1.167816066156794221e+02
1.165793686544925265e+02
1.164245527388271029e+02
1.160546289371619366e+02
1.156201215721489177e+02
1.154324789023983726e+02
1.148577973690604210e+02
1.147638318328817348e+02
1.151371932032725027e+02
1.148781344555350756e+02
1.146959817780328024e+02
1.148176734565087855e+02
1.148826819524057612e+02
1.148602695343466848e+02
1.151662594652665774e+02
1.152453462848056489e+02
1.154103862986319484e+02
1.157135590581151945e+02
1.163390963217552780e+02
1.165102016363698567e+02
1.166528593134884915e+02
1.164222456966716237e+02
1.164070441296036762e+02
1.160018138882234240e+02
1.158441443284905432e+02
1.154155130815694292e+02
1.151735001714089890e+02
1.151183351003796247e+02
1.150815499295798787e+02
1.151780065883651503e+02
1.146779999323387074e+02
1.148168891971562289e+02
1.150483848984598581e+02
1.153998225437668452e+02
1.157666267123287582e+02
1.155753525214244206e+02
1.156724713617917502e+02
1.155044684129429839e+02
1.158930180561672074e+02
1.161718511138975174e+02
1.159716711456496796e+02
1.158770546480800476e+02
1.158818862709637756e+02
1.158113713055126937e+02
1.155955426089354745e+02
1.151581844137527781e+02
1.146244683040614802e+02
1.145807486813580596e+02
1.149677507890764332e+02
1.147013909036607231e+02
1.146816061685685213e+02
1.145596855389283348e+02
1.147392797061146013e+02
1.148618132102879628e+02
1.152138568129330309e+02
1.150718300742658471e+02
1.151587708942839186e+02
1.154164512539587264e+02
1.157459823033082955e+02
1.157769100344242901e+02
1.161753091515745666e+02
1.161676318457546557e+02
1.162112625415197016e+02
1.160299633724479378e+02
1.158756915511235519e+02
1.155058263525156548e+02
1.154056046945304672e+02
1.152394086307025560e+02
1.154676681796626241e+02
1.156157827092794150e+02
1.153029379723565171e+02
1.154011719477704077e+02
1.156420907470317161e+02
1.160647441765842842e+02
1.160302414535022706e+02
1.163685204256779855e+02
1.163021355712482574e+02
1.164597927637166492e+02
1.168034294701930236e+02
1.165355410036304420e+02
1.165269029096267985e+02
1.160322448771015331e+02
1.159908441306147324e+02
1.161784465954157355e+02
1.161845965770171034e+02
1.159588581167447643e+02
1.159546256185469986e+02
1.160775714968261525e+02
1.163088074585069194e+02
1.160685235816814611e+02
1.160874194212042170e+02
1.161063855114361019e+02
1.164225238271646674e+02
1.170801845829005430e+02
1.170710016856515239e+02
1.173439268537244402e+02
1.172070786478449520e+02
1.174260805585024485e+02
1.171444431261546839e+02
1.172263036000136083e+02
1.167524057082852664e+02
1.164207021166752725e+02
1.166482963167333367e+02
1.166785985109609669e+02
1.166546855383768815e+02
1.167507304820327079e+02
1.168290354874344104e+02
1.167905689390056381e+02
1.171117884433759713e+02
1.172493800371977528e+02
1.172596865138896050e+02
1.173136231284781417e+02
1.178209964719043228e+02
1.181682514572622296e+02
1.180430796478616315e+02
1.177928289598373510e+02
1.174802914414958934e+02
1.174752394785074472e+02
1.174301940777000226e+02
1.171481968669388465e+02
1.173995425544721343e+02
1.171772890871204993e+02
1.172560056080838535e+02
1.175628498114247265e+02
1.176809546076444946e+02
1.176631659613006491e+02
1.175132236441194493e+02
1.178570540386508441e+02
1.181365078817564012e+02
1.182379964332258879e+02
1.183642158725771338e+02
1.182758471795226001e+02
1.185848998247362402e+02
1.183989387278472236e+02
1.179757942773854325e+02
1.178359154326799541e+02
1.173946674934118732e+02
1.174568646677332282e+02
1.175425813025681663e+02
1.174356581362329734e+02
1.172699024761377729e+02
1.172767850994973458e+02
1.172151471545550976e+02
1.174372327821562862e+02
1.174239351264998419e+02
1.172400360435294999e+02
1.175841722643366438e+02
1.177650258080160768e+02
1.179746633623901744e+02
1.180476033858990093e+02
1.179293497119855658e+02
1.174730818798865926e+02
1.175602722643666169e+02
1.173940079140757433e+02
1.169750342412316542e+02
1.166044033118927103e+02
1.166165851146021168e+02
1.165967494263185955e+02
1.167453091462992489e+02
1.165752919589113930e+02
1.166819383411150852e+02
1.167433599394481547e+02
1.168501265909402065e+02
1.173121796310039571e+02
1.171695194885543430e+02
1.172122594415946679e+02
1.172641050250222889e+02
1.175221802575107262e+02
1.176964184293409943e+02
1.170898206669749726e+02
1.168651227563441211e+02
1.165603889722236488e+02
1.166364746555668290e+02
1.165676104654139635e+02
1.164665716395610531e+02
1.162334777713330425e+02
1.162930783585283478e+02
1.162123185804400123e+02
1.166184819049256305e+02
1.163980853064364425e+02
1.165130736346936260e+02
1.164962569053642341e+02
1.167629065720213362e+02
1.169951306269749551e+02
1.168507064873823253e+02
1.168220567753916015e+02
1.165129986821612675e+02
1.163669129015632961e+02
1.161448100921023610e+02
1.157700157793633480e+02
1.156218643490116023e+02
1.155153570208404403e+02
1.157506676710265054e+02
1.157736988927110673e+02
1.157430724439116290e+02
1.157610041265474479e+02
1.159306951100118397e+02
1.163911250837499409e+02
1.164863605209047250e+02
1.163678294839284462e+02
1.166085343228200344e+02
1.168809106529209458e+02
1.171368985778761811e+02
1.172508607547234476e+02
1.167966320796994069e+02
1.162358653173370726e+02
1.160203145140499998e+02
1.157280618311533829e+02
1.160521490755468932e+02
1.157428806838663178e+02
1.155257023720008220e+02
1.157287123971747747e+02
1.159376690032896562e+02
1.167480037313432888e+02
1.162531423093310678e+02
1.162509920983318636e+02
1.163705908745772177e+02
1.166260619371094975e+02
1.166226548489446770e+02
1.167484079704190520e+02
1.169281363566566085e+02
1.171132046384954037e+02
1.170509196680639832e+02
1.171473611251986284e+02
1.167533784928027103e+02
1.163098670660924938e+02
1.162063695773316141e+02
1.160141051320462537e+02
1.161081364651729473e+02
1.157808936565588454e+02
1.158068732584649041e+02
1.159591525916799384e+02
1.161293389908491491e+02
1.164874800487411335e+02
1.162498334671289655e+02
1.161581717545587367e+02
1.165723950826621405e+02
1.165638251329339568e+02
1.170918434620911199e+02
1.167694684901568962e+02
1.171269395671702682e+02
1.173734138249478463e+02
1.174272408987389156e+02
1.173295914015183854e+02
1.167018323533433630e+02
1.163446084073456746e+02
1.162156872808143078e+02
1.160687463696313273e+02
1.160896070320578986e+02
1.159890419970224826e+02
1.158270935286266763e+02
1.159488022065959427e+02
1.162946249464209245e+02
1.165500790541005074e+02
1.164269471583872360e+02
1.165006190885640649e+02
1.168594013999517216e+02
1.171783664765339381e+02
1.173767588549248018e+02
1.171670626312708663e+02
1.172369626467080508e+02
1.176072907321785976e+02
1.176916304851470017e+02
1.176264833945188997e+02
1.172433398587113942e+02
1.172919620739728259e+02
1.172216384045856188e+02
1.173902867573054039e+02
1.172752643646692547e+02
1.171033178614406012e+02
1.172764438004553824e+02
1.175909020258017676e+02
1.175787419177328275e+02
1.176013865712467208e+02
1.176779415567623488e+02
1.177125522077654125e+02
1.181154654085884488e+02
1.183661415965807180e+02
1.184730337659651411e+02
1.184655592622681723e+02
1.183408301808571395e+02
1.183446926888637734e+02
1.179523046437494571e+02
1.173971090039266727e+02
1.173861190386136144e+02
1.171346554066837484e+02
1.171208223582937080e+02
1.171131296021018358e+02
1.172128006033492795e+02
1.170808035637501945e+02
1.170832850965303606e+02
1.176538049673563791e+02
1.177671666296112676e+02
1.177599043128076204e+02
1.179524682893383698e+02
1.178392850999415202e+02
1.182360248447205038e+02
1.184617171751682605e+02
1.183515573395660851e+02
1.185681667601039635e+02
1.183576216548124620e+02
1.183055314219519261e+02
1.179480349715643968e+02
1.176793573830945974e+02
1.173792388136464950e+02
1.169303329537535774e+02
1.169483336181849182e+02
1.170651091665958887e+02
1.171142759969390426e+02
1.165771436327236898e+02
1.169296102783725928e+02
1.171765538409071610e+02
1.171989517213212224e+02
1.173883750747927053e+02
1.173821353156277212e+02
1.176069521012588694e+02
1.177933153657322407e+02
1.179716881726002384e+02
1.182173068585797324e+02
1.177735474058967782e+02
1.173318731890233551e+02
1.170646229057391707e+02
1.168946432803981992e+02
1.168676879036243008e+02
1.166096032330428045e+02
1.164961950852471944e+02
1.165782903849113268e+02
1.164206564596241549e+02
1.167285641113197840e+02
1.165992770506407226e+02
1.166680611037769921e+02
1.167889565931808704e+02
1.169129239545032704e+02
1.171243838743709063e+02
1.168669854977722053e+02
1.168691016917196634e+02
1.174500453899251369e+02
1.174323347107437883e+02
1.172284051302302288e+02
1.166077330146807611e+02
1.165990020062760379e+02
1.162545755368686855e+02
1.162712388387074327e+02
1.162500431079077146e+02
1.157296470387146456e+02
1.159751074865215372e+02
1.160156428194522391e+02
1.164599274377976883e+02
1.164781858558250747e+02
1.161138725944221619e+02
1.163485297391721360e+02
1.167836183093519082e+02
1.169185036966696032e+02
1.172170099621885839e+02
1.170787793005834203e+02
1.171339531386187645e+02
1.170252707581227298e+02
1.168607512620860689e+02
1.161249745365654888e+02
1.157950746981376682e+02
1.155538865045302686e+02
1.156663342160470336e+02
1.153806860806110706e+02
1.154370576733401350e+02
1.151824012314007177e+02
1.152208100177426076e+02
1.155949147892877988e+02
1.156770721572233924e+02
1.158678886183601406e+02
1.159063689199474254e+02
1.162761335725608376e+02
1.164648794030886734e+02
1.165965857110800385e+02
1.167006164844842715e+02
1.167528760867656104e+02
1.163880472839463494e+02
1.166132528870755891e+02
1.158595837110263602e+02
1.154807390473590942e+02
1.150904962698670175e+02
1.148162505550053112e+02
1.147224098616421202e+02
1.148452291510142658e+02
1.147317628785917663e+02
1.145833304483295905e+02
1.146587895857663000e+02
1.148406823190518224e+02
1.149000893286607550e+02
1.147331647498960763e+02
1.147144867109349633e+02
1.148444582534997380e+02
1.153435828877005349e+02
1.154059254095503633e+02
1.155722069421717748e+02
1.153078098967726390e+02
1.157398808800291619e+02
1.158184420541290791e+02
1.154098664243214074e+02
1.149575873754835129e+02
1.146206019354062420e+02
1.147105591569314100e+02
1.149767890682887383e+02
1.147523873663851930e+02
1.150250215703192538e+02
1.146830112042407421e+02
1.151035032119914376e+02
1.153846829772570572e+02
1.153526933856020236e+02
1.153415717520178276e+02
1.153722800296802404e+02
1.155873414671921040e+02
1.158396019018729106e+02
1.160720322208643722e+02
1.162486815831242666e+02
1.158666023897248607e+02
1.158500495845159435e+02
1.158993460919579661e+02
1.154843104659731665e+02
1.151540594328871094e+02
1.150793263447327774e+02
1.151885358405105819e+02
1.152661130881771498e+02
1.152961639714178261e+02
1.152047477233994925e+02
1.150451824279122519e+02
1.152133164061829973e+02
1.157192871001528118e+02
1.156368793356798648e+02
1.159820223552617904e+02
1.157731896862294434e+02
1.160673643463962890e+02
1.163636611695686867e+02
1.162287787141497972e+02
1.160027508424454936e+02
1.156393953480364303e+02
1.155370109573043038e+02
1.156404696754528629e+02
1.154681610655315609e+02
1.151859111529572743e+02
1.150013878655997672e+02
1.150202857191975170e+02
1.150032815050253561e+02
1.149338897879226664e+02
1.149440833361841783e+02
1.151912375415282384e+02
1.150728990363027293e+02
1.153311244775206461e+02
1.154476543547339986e+02
1.155614358030372699e+02
1.153675082101806311e+02
1.159239604711725775e+02
1.160298520288036741e+02
1.159256880891468171e+02
1.155937934706074373e+02
1.148344805150332064e+02
1.144635488778353221e+02
1.143634017535164418e+02
1.140503672793737309e+02
1.139164895179827539e+02
1.136144459615949671e+02
1.135899497659745947e+02
1.140404169841379911e+02
1.137306293135688406e+02
1.139598093343849712e+02
1.139365433837802613e+02
1.141658431025081910e+02
1.145653536027939055e+02
1.143597663898453760e+02
1.144387542196061105e+02
1.143631463332206835e+02
1.145078534914716499e+02
1.146372924218157152e+02
1.146121763260393607e+02
1.144055611390284923e+02
1.138309797957853675e+02
1.139549429849641768e+02
1.140275852766115179e+02
1.138276390197926418e+02
1.134197063871623499e+02
1.132698349506510880e+02
1.131881937686585644e+02
1.136495887736020904e+02
1.136319363729950567e+02
1.135654583657329937e+02
1.135766125028957134e+02
1.140163695706753799e+02
1.144380488130613287e+02
1.142432684928764530e+02
1.140604664222244224e+02
1.143043304397087354e+02
1.144369253279683392e+02
1.147990120253480342e+02
1.146426538391118441e+02
1.148742578242930392e+02
1.149497137083192939e+02
1.148754398311048561e+02
1.147198960828637979e+02
1.142088630888651011e+02
1.137492563900045468e+02
1.136492225182986431e+02
1.136026573922439269e+02
1.138150839218874495e+02
1.136535160905840343e+02
1.136047979797979934e+02
1.137447405088332033e+02
1.137344262295082018e+02
1.140260528926750823e+02
1.141970044898378802e+02
1.142150981708051489e+02
1.144088812392426888e+02
1.146705685040459315e+02
1.151794543757131493e+02
1.150607288822561713e+02
1.152219990730727659e+02
1.152407860713669976e+02
1.148542722198368438e+02
1.151817478997371467e+02
1.146121527302586713e+02
1.143088318696616028e+02
1.141020620846360174e+02
1.142388678534103121e+02
1.144910055271379008e+02
1.141508106243532268e+02
1.141577184683906978e+02
1.142031733480024656e+02
1.145834093294561029e+02
1.149903251906557102e+02
1.150897220829081817e+02
1.149915564650650879e+02
1.151074257511174039e+02
1.151490030232005068e+02
1.156464933287717969e+02
1.158469301638652524e+02
1.164297058226071471e+02
1.154449663488502580e+02
1.154289679976255769e+02
1.151314032721109726e+02
1.147787646135055013e+02
1.146218464288169372e+02
1.146442632902610370e+02
1.147040977885221196e+02
1.152134129504348863e+02
1.148265988944224887e+02
1.150158021298522897e+02
1.149223446118949141e+02
1.155377591355531450e+02
1.154653536441503832e+02
1.154782022625283560e+02
1.157504247978991714e+02
1.155229971708821068e+02
1.162777567586159506e+02
1.161648732602241267e+02
1.162987785943484056e+02
1.162440585643409747e+02
1.161146787411335168e+02
1.157814436872923949e+02
1.155996736516660945e+02
1.152067967318134265e+02
1.149917368096899963e+02
1.150001024782660579e+02
1.149629127247128224e+02
1.151769585411418007e+02
1.146436887254902075e+02
1.149726504226752866e+02
1.149330108497555756e+02
1.150208432830729350e+02
1.155379520787822116e+02
1.152785099492579093e+02
1.154705699374416810e+02
1.156976022469182936e+02
1.157637575088034225e+02
1.170227974264569184e+02
1.168746467729173730e+02
1.160143476749080378e+02
1.157517641949842613e+02
1.154561733556298719e+02
1.154118215182538165e+02
1.146297837365798529e+02
1.147594338800481211e+02
1.144751019420830573e+02
1.146935567366096222e+02
1.148480302137833036e+02
1.147517532047358344e+02
1.145198301768117801e+02
1.144619646469088110e+02
1.141359384669790416e+02
1.140830386516774695e+02
1.137076338963983773e+02
1.136808518133619970e+02
1.135343314403717017e+02
1.135595840260337468e+02
1.138118713902732964e+02
1.133685515076945052e+02
1.128828899090699593e+02
1.125476068209586913e+02
1.126216797770644575e+02
1.125868374887034236e+02
1.123248476093160946e+02
1.124858243097631174e+02
1.126700217195528921e+02
1.129018740787534085e+02
1.129411661858554083e+02
1.127944973655745002e+02
1.128916406520985021e+02
1.130903053288358393e+02
1.133641456090751092e+02
1.136252635717093682e+02
1.137014693937827587e+02
1.137961749141212380e+02
1.138644638868205590e+02
1.138655696296571307e+02
1.136836907396730254e+02
1.130229701334387045e+02
1.125636315134269978e+02
1.123390849580190718e+02
1.124887642437539768e+02
1.125062728142608961e+02
1.123123810521537109e+02
1.122267581655755748e+02
1.123742037387395243e+02
1.127165118317265637e+02
1.128029892017711262e+02
1.127906573193586581e+02
1.129180613848731412e+02
1.130127420557183200e+02
1.134125562095247943e+02
1.135706445546247352e+02
1.134158523157387606e+02
1.131750646217473815e+02
1.127618477945071902e+02
1.128657933592006231e+02
1.126292161887889449e+02
1.124763086253833819e+02
1.126755915317559129e+02
1.133092402311451252e+02
1.140226717557251988e+02
