1.899577677743032780e+02
1.912073664762615124e+02
1.915738666214727459e+02
1.909742523535477972e+02
1.906705625269012785e+02
1.912022505476996628e+02
1.917970377766683328e+02
1.914385457889291899e+02
1.905041431448285039e+02
1.894843289447828454e+02
1.897240952985598312e+02
1.896774639109269458e+02
1.888260552776023644e+02
1.881148566685819787e+02
1.879083839419512572e+02
1.874169360360504015e+02
1.875260290361173077e+02
1.873747543805518205e+02
1.877057073347141340e+02
1.880372846744178332e+02
1.894873414581714144e+02
1.903338959877116281e+02
1.909909225355703768e+02
1.904992843511450360e+02
1.900770008765423995e+02
1.909857384659214858e+02
1.918652435631544222e+02
1.922200537788976931e+02
1.918674403566688227e+02
1.909124392742654948e+02
1.915244406369683361e+02
1.918277503995737732e+02
1.917790541222375396e+02
1.910423071146047107e+02
1.915189239691857495e+02
1.916939581760398710e+02
1.923113940253584815e+02
1.922239660297239823e+02
1.918639736744904383e+02
1.914671187223651998e+02
1.919422912582315348e+02
1.923502064739576554e+02
1.916724837122722818e+02
1.914916547528011392e+02
1.910158458030260249e+02
1.910317261187501003e+02
1.922621804309998481e+02
1.921857940861653731e+02
1.913910740673097735e+02
1.912241333466280935e+02
1.916176796493839731e+02
1.924964091113592133e+02
1.925190191763596488e+02
1.923934611987802157e+02
1.921574652261539029e+02
1.928926933104518184e+02
1.931127457448212112e+02
1.928940571924321716e+02
1.920207417446203806e+02
1.917917732664384971e+02
1.920867197457500595e+02
1.922610057161792554e+02
1.918046284896682607e+02
1.915817596350585177e+02
1.908878920775734400e+02
1.914313416311604783e+02
1.917842436446010481e+02
1.916148901981788981e+02
1.912799839080074378e+02
1.911552356854399477e+02
1.913900134728297928e+02
1.919924375512389361e+02
1.917192420603149117e+02
1.912023529806659496e+02
1.909813023426183634e+02
1.913155022750549961e+02
1.915846764695985769e+02
1.913136238593666008e+02
1.905753512025645477e+02
1.905598522042820093e+02
1.909912230069265320e+02
1.910505598114319241e+02
1.908892367774299146e+02
1.904147243369865521e+02
1.904019875651489144e+02
1.907618601068372470e+02
1.914745228299723294e+02
1.911317418660206613e+02
1.906649411134006868e+02
1.906322683438155252e+02
1.910337681232976195e+02
1.919468472074768783e+02
1.916441616819452918e+02
1.911018094385650841e+02
1.912034500784108957e+02
1.912040179341265684e+02
1.915124092319231011e+02
1.908792989474041235e+02
1.903118113181880062e+02
1.893197623239436496e+02
1.891044811162541350e+02
1.895280420251544626e+02
1.895523622314105694e+02
1.889416178746887454e+02
1.891950926677489235e+02
1.895547746715949131e+02
1.901492679484917971e+02
1.898531811906967164e+02
1.899666947723440273e+02
1.896467789480942656e+02
1.900839809433707330e+02
1.908961574348969634e+02
1.902403513800603321e+02
1.901492618545479445e+02
1.900097700082682195e+02
1.905024414799899262e+02
1.906496895664024862e+02
1.901426638152838393e+02
1.897153829384045309e+02
1.893647306043540084e+02
1.895699114153412381e+02
1.897232256551169485e+02
1.893221842202326854e+02
1.890994795937149604e+02
1.889784277636836975e+02
1.896552086110370396e+02
1.902043589353097275e+02
1.895160784313725344e+02
1.893264903540740249e+02
1.897413100933391377e+02
1.901735325362966478e+02
1.904508625152380432e+02
1.902122154767280620e+02
1.895914818338089844e+02
1.899911419959812235e+02
1.903248204839057394e+02
1.908998995479658447e+02
1.903718882614361405e+02
1.899128953608764050e+02
1.899113841741971953e+02
1.898253999966701713e+02
1.901039925410409239e+02
1.894993004197481525e+02
1.889609689774667913e+02
1.895247130475521260e+02
1.900664980183826458e+02
1.901704446673353175e+02
1.896297212902368301e+02
1.893369814710089543e+02
1.896196151232368265e+02
1.903650912603250731e+02
1.904809524598584858e+02
1.907417902899528031e+02
1.905424777425682805e+02
1.908535016795233048e+02
1.912233116558279278e+02
1.913566914310686684e+02
1.910611947058527562e+02
1.904047591274932927e+02
1.905487470306801754e+02
1.909567662916860797e+02
1.910095157009064906e+02
1.906513712374581928e+02
1.904959743426987018e+02
1.907366771685212541e+02
1.911753070263740710e+02
1.915479436016658781e+02
1.910517959613872279e+02
1.908109897827795294e+02
1.911055527511358036e+02
1.915167493386243507e+02
1.919382607103015346e+02
1.919225890251513817e+02
1.913667767292961912e+02
1.918966140031057819e+02
1.919613596307175669e+02
1.923118955997992146e+02
1.915461629992123278e+02
1.912355865141641402e+02
1.915440255249486370e+02
1.918478885473740547e+02
1.921267194034362831e+02
1.914759497936146886e+02
1.911796505063781524e+02
1.913383396404919665e+02
1.918255522852599881e+02
1.920049779042007572e+02
1.917437421882917192e+02
1.916278908925287965e+02
1.921265561220168934e+02
1.924825585318129697e+02
1.929791903589917581e+02
1.925495021700280915e+02
1.922275795236232909e+02
1.924313400527633178e+02
1.928550142589561460e+02
1.926667953797595771e+02
1.924740006472161156e+02
1.915882182980097355e+02
1.920074788157398302e+02
1.922402968231713487e+02
1.925863954205799757e+02
1.918860731449606192e+02
1.915797609128165107e+02
1.918417762375564735e+02
1.923090439806505572e+02
1.925748413333106441e+02
1.923201634181632755e+02
1.918149617746156252e+02
1.923033291381480012e+02
1.926213525692647579e+02
1.928420284880727706e+02
1.922039807824296531e+02
1.920311974465456331e+02
1.921240577728399330e+02
1.922738224514727676e+02
1.923892018298511459e+02
1.917915833034080890e+02
1.916073387554378655e+02
1.918203030824866460e+02
1.922426756058766273e+02
1.922761773805431460e+02
1.915531697863007992e+02
1.911255751793206059e+02
1.913813694938094727e+02
1.922206536880372312e+02
1.924938868597492956e+02
1.921970766561893242e+02
1.918671365941717397e+02
1.921710007744600546e+02
1.926731851289309532e+02
1.923669198918660186e+02
1.918098650710648769e+02
1.913900647132533663e+02
1.918536425779568333e+02
1.917912863283725358e+02
1.917495325820340213e+02
1.913055969244622929e+02
1.910160262498920645e+02
1.912097729856350270e+02
1.917955638787712473e+02
1.917607927008054673e+02
1.910580634075092519e+02
1.910086513819851746e+02
1.915283889040721306e+02
1.918366997310308193e+02
1.920720773920141653e+02
1.911763386359355366e+02
1.912537010713171242e+02
1.913441231551638282e+02
1.920356888680587986e+02
1.911562097921039935e+02
1.902915658515658492e+02
1.903112748481502194e+02
1.907290719535122037e+02
1.906678453639794668e+02
1.904772957128409132e+02
1.897074442702297574e+02
1.895489632414227401e+02
1.896581610206775395e+02
1.903834404190753844e+02
1.899343876860622515e+02
1.897139598540146039e+02
1.897596039939076036e+02
1.903997203221349821e+02
1.907039689343890245e+02
1.905137150421421381e+02
1.899034727596998380e+02
1.895186245453320737e+02
1.896107587502936269e+02
1.895846205620057390e+02
1.895037496418881346e+02
1.889412025284105425e+02
1.889889220281209816e+02
1.893213749852487524e+02
1.899882900820032035e+02
1.896195164864910510e+02
1.896982215447154374e+02
1.893432441082829314e+02
1.899286735397500649e+02
1.902187279626582495e+02
1.901347858197931942e+02
1.897920843357391050e+02
1.898887125338323187e+02
1.904063412112013793e+02
1.906895219538414779e+02
1.904898718617925795e+02
1.900464094535905701e+02
1.895429477876404860e+02
1.900263911827159689e+02
1.898852902618575627e+02
1.896021586852562848e+02
1.892208103532094015e+02
1.890357702217955875e+02
1.897921684697557225e+02
1.899451710770267994e+02
1.897855835395410224e+02
1.894735622390730043e+02
1.899258323015545216e+02
1.905797036138313558e+02
1.906888377086652611e+02
1.907557241307480069e+02
1.903835922499563367e+02
1.905137696025591936e+02
1.910237075319540168e+02
1.910939621726479061e+02
1.906355232236660413e+02
1.901200514854240851e+02
1.899216498403658591e+02
1.903624282170058279e+02
1.905317240902650440e+02
1.899410509885535703e+02
1.899155567855536901e+02
1.896014524002553117e+02
1.902368379940634213e+02
1.908758187103778994e+02
1.904489862994741145e+02
1.900347459676026460e+02
1.907588303971282642e+02
1.911956660623327480e+02
1.914543985421287005e+02
1.908355131297346929e+02
1.903307888470437206e+02
1.906561757219197375e+02
1.910678843226788501e+02
1.912144477863965051e+02
1.903723365396323004e+02
1.896288089123343070e+02
1.897615142936058703e+02
1.903339093833413074e+02
1.901983791100525991e+02
1.895110285424759411e+02
1.890676411003398982e+02
1.891366888351471403e+02
1.895174197014725053e+02
1.892150025883806563e+02
1.893286290322580783e+02
1.886773099981630253e+02
1.888090644490644365e+02
1.895594825864020549e+02
1.893005388607888051e+02
1.891021505376344010e+02
1.885657439159750197e+02
1.890726963651817414e+02
1.898600757158820045e+02
1.892611340069130677e+02
1.890406013533784630e+02
1.887480403323060330e+02
1.882478920179970032e+02
1.885045174267154664e+02
1.888621589718864584e+02
1.879801586641608537e+02
1.876454310173203339e+02
1.880639461436170166e+02
1.885683922802948587e+02
1.882969132207338419e+02
1.881784925157410555e+02
1.878778899219410334e+02
1.880821217552944518e+02
1.891390904087657248e+02
1.887842938041305842e+02
1.887279558865558329e+02
1.884051475079656086e+02
1.883330837326943765e+02
1.885151737111085026e+02
1.890548981475377275e+02
1.876778748061699105e+02
1.875300474649760929e+02
1.875641144369108417e+02
1.878493403693931327e+02
1.874889461436170279e+02
1.874261523046092179e+02
1.868735366914174847e+02
1.870462767091389367e+02
1.872546694926480200e+02
1.871820041239856209e+02
1.866899104855079656e+02
1.867887362033703482e+02
1.868601814566659414e+02
1.874496810112872822e+02
1.874193760872869632e+02
1.869467300499842679e+02
1.867794425817267552e+02
1.871694027665328690e+02
1.879181716833890619e+02
1.879833111621719581e+02
1.873619596939921053e+02
1.870508052180190077e+02
1.873554080477513821e+02
1.877787452517648603e+02
1.872545944917964675e+02
1.869573243247901644e+02
1.868315772947702840e+02
1.871296670381722151e+02
1.876332817579666425e+02
1.875720697213234587e+02
1.869445066395687434e+02
1.873422183708838986e+02
1.874316391029526301e+02
1.879459052693492254e+02
1.873546781800527299e+02
1.869931559984139824e+02
1.870294490075290810e+02
1.878475980501920617e+02
1.884486425730589474e+02
1.886281374072156041e+02
1.880780201342281828e+02
1.883299061551200566e+02
1.883772402841037774e+02
1.884760554123934355e+02
1.881744674960635564e+02
1.877575233183933960e+02
1.879758140018724646e+02
1.879993570696276208e+02
1.883964817787905588e+02
1.881991134289439458e+02
1.880699090248711514e+02
1.877219527352448551e+02
1.886788277721368274e+02
1.886148863421590818e+02
1.888241530587374939e+02
1.883702153316106660e+02
1.889391098253807968e+02
1.891948063182297801e+02
1.896632653061224403e+02
1.896314979687094819e+02
1.891527213365287707e+02
1.891505678370177748e+02
1.893468245275474260e+02
1.895405101015351761e+02
1.893112978909915682e+02
1.886132535537647357e+02
1.887899117753280507e+02
1.890669524498158012e+02
1.892077899556048806e+02
1.888552179340298380e+02
1.885720044792833221e+02
1.886820098140852622e+02
1.895392483801295782e+02
1.899250559284116378e+02
1.897012331546906694e+02
1.893276559139785036e+02
1.894151586450295781e+02
1.896906396819660188e+02
1.902072830587460999e+02
1.894389362474711618e+02
1.889248960996052631e+02
1.890948982611268718e+02
1.894573656936471480e+02
1.890927571305099661e+02
1.890025708271506915e+02
1.887594840009028303e+02
1.891425416301489975e+02
1.894742180012198389e+02
1.895776580360831929e+02
1.893711324150342534e+02
1.888912836492685869e+02
1.894550847457627185e+02
1.901687219925661054e+02
1.900092818674563375e+02
1.896326864182237273e+02
1.896329569232365770e+02
1.894755322667688233e+02
1.898144044321329886e+02
1.895197490424444311e+02
1.888601786052273894e+02
1.886241183672765658e+02
1.890244991925230806e+02
1.892949260224781085e+02
1.894545579920011278e+02
1.890814223537305168e+02
1.890769042968750000e+02
1.891534707903779804e+02
1.897563901480549475e+02
1.897994358542164832e+02
1.892511506041749385e+02
1.894729629437857170e+02
1.895902432330440206e+02
1.905575912196291313e+02
1.906627919027221196e+02
1.901539704921415534e+02
1.901713973609834625e+02
1.899534927476737778e+02
1.902787087066548111e+02
1.901205317777928485e+02
1.898550477958874865e+02
1.896984034534740147e+02
1.899784451566215466e+02
1.905485428610428755e+02
1.906085956146225158e+02
1.903617617720909720e+02
1.903639269327926229e+02
1.907042998784184249e+02
1.910990846563582579e+02
1.913369137436197036e+02
1.910017482214875315e+02
1.910348512613245475e+02
1.914358606380219499e+02
1.921684092033224829e+02
1.917637099424104576e+02
1.906938236246782310e+02
1.906096809188435088e+02
1.906073031871893306e+02
1.909263641664094280e+02
1.910345846576754809e+02
1.904578591229187623e+02
1.903152243451197307e+02
1.907896582395401879e+02
1.913375338150189862e+02
1.916331867225620442e+02
1.910048266029990032e+02
1.908886968130626940e+02
1.917522506925207892e+02
1.917519494168701044e+02
1.920627800363290305e+02
1.915523018944795410e+02
1.920685391120873078e+02
1.925307829212240449e+02
1.931522288801911884e+02
1.928406766325727801e+02
1.926862005423822950e+02
1.919671846839187879e+02
1.921156693504366615e+02
1.930068036656484480e+02
1.924383674449724708e+02
1.915378516012167154e+02
1.919064151850072051e+02
1.918665367254821490e+02
1.924992771581990780e+02
1.920416424294268438e+02
1.920377131256129246e+02
1.915940783684455937e+02
1.922327690238940647e+02
1.925624144538735152e+02
1.924105830306577332e+02
1.924410703857648173e+02
1.920259769400718142e+02
1.928083163950804249e+02
1.928848097990166366e+02
1.928725714872075514e+02
1.923653547429967716e+02
1.920790481400437670e+02
1.926530185556233050e+02
1.925808335182940425e+02
1.921096300421118599e+02
1.911379785839532701e+02
1.916413995680345579e+02
1.919565210001189541e+02
1.922966460997552645e+02
1.921154031785431187e+02
1.911914326250833085e+02
1.917736198846470757e+02
1.922857836843749055e+02
1.924580327925026211e+02
1.921524381915038759e+02
1.916341113351330989e+02
1.915939917373637513e+02
1.923222114187264538e+02
1.923812296742776198e+02
1.922457032978252585e+02
1.912458740259298509e+02
1.912347658646308730e+02
1.917887003523656233e+02
1.914737765812431860e+02
1.910539202294768302e+02
1.906277571634714434e+02
1.904647020503325905e+02
1.911710080055091510e+02
1.910553427575190142e+02
1.909961924300641556e+02
1.901779115774986906e+02
1.908641059192176499e+02
1.912854927225005781e+02
1.914470886687605855e+02
1.908351103692601214e+02
1.910752352173614668e+02
1.910908593135074227e+02
1.919450793432239948e+02
1.917131366832446986e+02
1.913403015178449493e+02
1.910317936927353060e+02
1.909324172072379611e+02
1.911440760396580174e+02
1.910150468715189334e+02
1.904004307913226057e+02
1.899841826865467169e+02
1.903742890813137194e+02
1.909960912163315641e+02
1.909518138167899792e+02
1.904812511776898418e+02
1.901742746320229003e+02
1.904113875352654475e+02
1.908545383821813459e+02
1.910783242569609115e+02
1.906260896109622252e+02
1.905933051695763822e+02
1.906980541984345621e+02
1.912542270124621098e+02
1.915526644814652002e+02
1.914884500682381088e+02
1.906376523001113696e+02
1.903129769703518832e+02
1.908036716220568678e+02
1.903959450904607991e+02
1.897957625404530688e+02
1.894872286946774977e+02
1.894205416104977644e+02
1.898127569901315610e+02
1.897495769308874003e+02
1.886753525810467522e+02
1.888466269165246842e+02
1.891093542114420245e+02
1.897999965558215365e+02
1.897172225539537749e+02
1.891003317310946841e+02
1.895510605206036701e+02
1.900060895967974375e+02
1.908493183862708236e+02
1.908713946617941133e+02
1.903408232660663373e+02
1.899438644067796531e+02
1.902589223589308460e+02
1.907572317209966570e+02
1.903030215876023590e+02
1.894534588977858505e+02
1.894894359666132573e+02
1.897996030077211742e+02
1.903588699457614553e+02
1.901750840045252744e+02
1.894645031446540884e+02
1.894549715716800051e+02
1.905521939045860904e+02
1.907456982522565170e+02
1.906566908282266013e+02
1.903677008696836310e+02
1.903167007659660612e+02
1.910540847843057577e+02
1.910452043032476581e+02
1.904028628821255325e+02
1.897119245775909633e+02
1.894296537515783996e+02
1.902245424251050849e+02
1.906505917652942230e+02
1.907505424087996460e+02
1.905423842166861732e+02
1.904362698293046776e+02
1.907378613434937336e+02
1.912688904470933835e+02
1.907309053450080683e+02
1.905443412303271202e+02
1.908674443796350317e+02
1.912885559675318063e+02
1.917464453409166083e+02
1.913146540995304008e+02
1.911800404027023319e+02
1.915076800715812340e+02
1.918469886504846329e+02
1.921257317722192681e+02
1.917592975033160485e+02
1.912660790571230791e+02
1.908008048970205266e+02
1.908984945446039205e+02
1.914112280111101825e+02
1.909536892339231713e+02
1.906495625841184278e+02
1.909418824592825672e+02
1.918091749995741111e+02
1.918904754696671660e+02
1.914024207025776718e+02
1.909920431988695668e+02
1.916233647548612851e+02
1.919921671894131521e+02
1.927615433481560672e+02
1.925529540114132203e+02
1.921593208512617821e+02
1.926142682968130941e+02
1.930263485337637803e+02
1.931945379911200575e+02
1.924249267107797721e+02
1.916120766562035271e+02
1.915303604195074456e+02
1.921423863330642803e+02
1.921935975609756042e+02
1.916703085158479780e+02
1.913332660374501586e+02
1.914168491799441654e+02
1.917582047779295635e+02
1.919345148693301439e+02
1.914687285338515892e+02
1.913025398740115293e+02
1.915039351500749945e+02
1.922721598002496819e+02
1.924669820885434319e+02
1.917986414361960215e+02
1.915810735276681669e+02
1.918271621553420800e+02
1.918024332052995646e+02
1.923817851312002460e+02
1.913691119953745954e+02
1.909036393922568209e+02
1.910509989484752964e+02
1.917602388788978942e+02
1.917076616678298251e+02
1.911876412961567553e+02
1.909726018014315514e+02
1.915081312655299541e+02
1.920587941687750515e+02
1.924374914230821787e+02
1.914047541068381406e+02
1.914406446946998699e+02
1.916551249160625900e+02
1.926270139727445496e+02
1.924922869065535735e+02
1.922108768418509896e+02
1.913529614621949975e+02
1.912953433686342350e+02
1.918495790490649426e+02
1.917876636991716452e+02
1.913285084850779754e+02
1.908916843039530420e+02
1.910668031649084071e+02
1.912675094946453669e+02
1.917477942198138408e+02
1.909063899902167805e+02
1.908435492879083881e+02
1.906526517043594993e+02
1.909625513491400568e+02
1.909858343337334645e+02
1.907955785095793431e+02
1.908811229264142924e+02
1.915118874912529350e+02
1.920467283327919006e+02
1.919369215121207048e+02
1.913894136033158873e+02
1.909120380596381210e+02
1.912190727350063923e+02
1.913165782132407742e+02
1.911278348074613973e+02
1.904217535124812173e+02
1.897837946992006835e+02
1.902248587953932315e+02
1.908248167682718019e+02
1.911588515610426100e+02
1.903000375901308701e+02
1.903241693943659811e+02
1.904969192905032571e+02
1.905363293727922667e+02
1.905136902260694285e+02
1.900596850473785082e+02
1.899278696260343509e+02
1.905477483941506023e+02
1.912388856861880981e+02
1.913026077446255613e+02
1.908010547954438323e+02
1.906471850048519912e+02
1.901978367649037978e+02
1.909467456622936936e+02
1.906809318814889878e+02
1.900630262045646930e+02
1.895152793652927983e+02
1.898969430528576083e+02
1.903214002128701736e+02
1.907097883057654144e+02
1.897335275396972349e+02
1.899258740786965802e+02
1.904096084748907742e+02
1.910633049403747634e+02
1.907282377561008673e+02
1.903894035016286637e+02
1.901782644669964952e+02
1.905094969805336973e+02
1.909687096070235555e+02
1.909512341036510463e+02
1.906381543443065425e+02
1.901294543383203006e+02
1.904252265228532792e+02
1.904327382532519266e+02
1.900141604742422885e+02
1.891127068891173906e+02
1.890195278393445051e+02
1.896253510641897435e+02
1.899759983727710448e+02
1.903523122656487487e+02
1.893665235177295187e+02
1.900059491433233632e+02
1.901839818406654103e+02
1.908982031848761096e+02
1.902151665029302876e+02
1.901380792069158190e+02
1.902107356540658145e+02
1.911292117570750690e+02
1.911995152640263882e+02
1.909124614498254857e+02
1.901382564486235367e+02
1.902166137332495452e+02
1.906509234648674180e+02
1.907149554140127350e+02
1.902643966628230316e+02
1.899124856540879591e+02
1.893257108802996811e+02
1.901079147692516926e+02
1.901880031730493386e+02
1.899034425281491281e+02
1.892363077857854137e+02
1.901350199553541245e+02
1.903781576416192820e+02
1.910512160422735519e+02
1.908014021454514761e+02
1.903219181598809087e+02
1.902054433116032044e+02
1.907472456254050428e+02
1.907934424559377931e+02
1.905868741611593578e+02
1.899049979627869220e+02
1.895281693707686657e+02
1.899854002264316932e+02
1.901672167216721903e+02
1.898336820083682142e+02
1.909505507955936423e+02
1.894401386942618046e+02
1.901895427140993604e+02
1.904112205773628261e+02
1.899066452725193130e+02
1.898092792330080272e+02
1.902291681061286397e+02
1.907717883004523571e+02
1.909668442259099947e+02
1.906628554776556825e+02
1.899843333105288536e+02
1.894098513325883175e+02
1.903438972162740868e+02
1.898449991451530252e+02
1.898184771331870877e+02
1.896338437215376871e+02
1.893140743019241654e+02
1.901811226240307349e+02
1.901326028050921195e+02
1.897485294368382256e+02
1.893193275888337723e+02
1.897010432700530203e+02
1.901699693564862059e+02
1.904550372457180174e+02
1.905803414077888078e+02
1.901590320393581806e+02
1.901182173221814935e+02
1.905080321630881883e+02
1.901794488683634086e+02
1.899257228572906229e+02
1.892139711154358395e+02
1.896771646800931705e+02
1.898625845011664239e+02
1.905541505095912953e+02
1.901554852105245175e+02
1.896251641175166753e+02
1.899229279302039686e+02
1.908662790697674438e+02
1.910650889583050400e+02
1.906060585581780344e+02
1.903886334218952072e+02
1.903812117201947842e+02
1.915378269204436492e+02
1.911566727166877797e+02
1.909134399889666440e+02
1.903865572354211793e+02
1.905636986182925057e+02
1.912627792896639107e+02
1.908484139946703237e+02
1.902135976063231908e+02
1.894518900343642542e+02
1.895114551083591152e+02
1.900996937852320912e+02
1.898118817027321938e+02
1.894934330062814638e+02
1.888478913853177801e+02
1.893619124435825825e+02
1.897339695846468146e+02
1.898014411667907950e+02
1.893956799806926767e+02
1.893835197317245900e+02
1.894243956119536278e+02
1.902010556621880824e+02
1.902297232001104703e+02
1.895828945323964376e+02
1.891744516442010990e+02
1.895012951578365517e+02
1.893360349235612148e+02
1.889548248946604758e+02
1.886126462796287626e+02
1.878457012946443854e+02
1.880952888733502277e+02
1.887845954828333674e+02
1.884579348241922787e+02
1.878402622015892121e+02
1.879549311082284646e+02
1.882913496612819131e+02
1.884055251094337109e+02
1.886895392559477216e+02
1.881367509549406520e+02
1.883503911230573351e+02
1.890291354521704648e+02
1.899229460674547454e+02
1.899877956934031715e+02
1.897525381587126105e+02
1.894613999238042368e+02
1.897831404501184807e+02
1.895519353845101023e+02
1.896358024691357969e+02
1.889342755941889891e+02
1.888760027425437329e+02
1.890969253394438852e+02
1.893719556181511905e+02
1.894211379589865487e+02
1.882358334179099586e+02
1.887254725160395310e+02
1.890614692653673217e+02
1.897336962085793175e+02
1.900055136986301250e+02
1.892519034449793480e+02
1.892499614732624309e+02
1.892701249785995401e+02
1.898645956841356224e+02
1.901108401037461988e+02
1.892169767720511402e+02
1.890468143333618514e+02
1.894532612219132375e+02
1.898090312515897153e+02
1.897159576668505281e+02
1.888595999380815726e+02
1.883286223929747507e+02
1.887692333953535808e+02
1.895390764374914170e+02
1.889387319737178927e+02
1.885977521901516241e+02
1.884463657678780635e+02
1.889176708895526247e+02
1.890622062718960876e+02
1.894010948592934938e+02
1.886546126592627672e+02
1.887754452599702404e+02
1.893316956261234054e+02
1.898066371151311955e+02
1.895084690609532458e+02
1.896110107837572798e+02
1.896646675717010737e+02
1.901355853850631661e+02
1.901418469782269653e+02
1.900514479885253536e+02
1.892261955538873508e+02
1.893709431831790937e+02
1.894525893820773490e+02
1.896856242801977999e+02
1.898872418815868457e+02
1.888988901749847003e+02
1.891627347706064484e+02
1.898032861323197835e+02
1.902762011324721243e+02
1.899595983743724616e+02
1.899989014761414126e+02
1.899486234776379092e+02
1.902973840665873695e+02
1.908446309814849826e+02
1.901275574254402159e+02
1.898309400596319563e+02
1.895572589299402182e+02
1.898687095629846340e+02
1.901936882435974780e+02
1.900426854115729327e+02
1.893410822326374046e+02
1.894873379792134074e+02
1.898118217186540164e+02
1.901470357216036859e+02
1.895475393028024484e+02
1.891606089699629649e+02
1.892506249468582666e+02
1.899005994678880711e+02
1.906746981797128910e+02
1.903154041306975728e+02
1.902803657313777705e+02
1.902809242232627867e+02
1.908949899045207417e+02
1.907290801539009237e+02
1.908061714519260192e+02
1.898686715670241369e+02
1.896510583376355044e+02
1.902134432335494409e+02
1.902812801599338002e+02
1.900110753779214861e+02
1.897404097534302707e+02
1.900363677161005285e+02
1.901351272851529188e+02
1.906156778569588539e+02
1.903811565750499142e+02
1.899757556946528041e+02
1.901880911769266618e+02
1.911272351776955531e+02
1.914479426380315203e+02
1.908639370735010630e+02
1.903414772825169337e+02
1.902829296085913313e+02
1.908110281149496643e+02
1.907850839394670572e+02
1.902504911423544058e+02
1.903221035615401888e+02
1.903238733231156061e+02
1.906490673141040020e+02
1.910708147484801884e+02
1.909882752290400276e+02
1.905618022536879153e+02
1.906118394707060304e+02
1.911734797851579231e+02
1.914690593632506648e+02
1.912180705123808480e+02
1.911056904951110766e+02
1.911359805174617463e+02
1.917990996254166589e+02
1.914814706690479227e+02
1.908869879058145784e+02
1.905947616194470413e+02
1.904669043559138117e+02
1.909583870912250063e+02
1.910106043073521960e+02
1.906788447553416006e+02
1.901432943698989959e+02
1.904223989533842882e+02
1.906506321307431335e+02
1.908395233434640090e+02
1.905356404868985294e+02
1.899331635128578455e+02
1.905466664364282963e+02
1.910895139778986334e+02
1.912047900455782212e+02
1.908653430040333205e+02
1.905017523769866159e+02
1.902208093478821240e+02
1.909563892064151673e+02
1.907916816554464958e+02
1.901294751989458973e+02
1.895365060900506649e+02
1.899153232037084820e+02
1.902261771252091762e+02
1.902784566918230382e+02
1.897155522782227024e+02
1.896438650096127390e+02
1.900427991467694255e+02
1.903835705487888390e+02
1.908909925613986616e+02
1.902932907128617614e+02
1.900594037249974235e+02
1.903506718310824795e+02
1.909068669527896986e+02
1.909812057897182456e+02
1.901915454841306428e+02
1.898998177566879804e+02
1.900698977568578698e+02
1.905113607045184949e+02
1.902504565391770370e+02
1.899155060193374425e+02
1.894654884165273359e+02
1.898638270188834269e+02
1.900253004427577252e+02
1.904169173901831016e+02
1.897465082485682331e+02
1.896559651140831306e+02
1.898919407300325304e+02
1.903893318244946329e+02
1.905932864814463130e+02
1.898538843991867111e+02
1.896767826131811034e+02
1.898710229509319163e+02
1.902370383095687885e+02
1.897799928497250619e+02
1.891322036223929786e+02
1.889460293115201353e+02
1.890937820293816003e+02
1.897683866328836757e+02
1.896322328900754997e+02
1.892894502483301835e+02
1.891820151306739888e+02
1.896792909774823386e+02
1.904379563297771938e+02
1.902608293351610484e+02
1.897619080254951598e+02
1.899101559815845519e+02
1.905219587628865838e+02
1.909468619603167951e+02
1.908761027081656323e+02
1.902137784825399081e+02
1.895847227673771727e+02
1.899106470739881445e+02
1.898852216748768456e+02
1.901708485128363009e+02
1.895599670425871750e+02
1.892217684052225195e+02
1.898061327450276394e+02
1.901835483370937538e+02
1.912571828358208847e+02
1.901298111063769625e+02
1.900115188762071909e+02
1.903467419065369199e+02
1.907743330439076033e+02
1.904822734170230376e+02
1.902482881402355304e+02
1.904001126068485519e+02
1.908550555831520512e+02
1.908879972623834078e+02
1.908058457585285623e+02
1.902814055884843469e+02
1.898911848308964920e+02
1.902438913186646232e+02
1.902188988571139987e+02
1.900790631557570975e+02
1.894648703437790402e+02
1.893899180950772632e+02
1.900923045330869456e+02
1.904206669733994772e+02
1.905816671529339033e+02
1.897722513536133135e+02
1.895874732588543168e+02
1.903384824077998871e+02
1.904119943460994762e+02
1.908647958752430327e+02
1.900137786200891128e+02
1.903565230706410887e+02
1.909521667749769165e+02
1.910221115605561124e+02
1.907124285592425110e+02
1.898673936824832538e+02
1.896175808695950877e+02
1.896995124454709014e+02
1.898251443605425948e+02
1.894484315753188355e+02
1.891149811307689674e+02
1.887802778823449046e+02
1.893251323787308706e+02
1.899452207458208477e+02
1.899426342201141154e+02
1.893859226640979898e+02
1.895102493551160876e+02
1.901920451018930294e+02
1.907683732380936021e+02
1.905362514729327188e+02
1.899761043969286902e+02
1.898743539660864883e+02
1.907219136015457934e+02
1.909895145097904674e+02
1.907508067958678168e+02
1.901517746191165372e+02
1.902837447680874732e+02
1.907336824866082168e+02
1.910574708722130310e+02
1.905437527805345610e+02
1.901180161595324023e+02
1.903643138066652796e+02
1.911027235203702617e+02
1.911004436648782416e+02
1.907953001083796494e+02
1.905610206016722827e+02
1.906689297193241828e+02
1.915335927545714583e+02
1.917329553288294335e+02
1.914382336211799895e+02
1.912368070800131648e+02
1.911424401029521221e+02
1.915496479179344362e+02
1.912146635650900350e+02
1.901733568819767015e+02
1.902543410239658783e+02
1.901096644364561996e+02
1.904850682447918473e+02
1.905586649151311747e+02
1.903034229786942433e+02
1.900881821778091307e+02
1.900837277401341510e+02
1.912421499879097553e+02
1.913413316002805118e+02
1.908735930884934362e+02
1.909982002056908073e+02
1.908404720129356349e+02
1.917308029799900169e+02
1.918259250401448526e+02
1.912030892739190051e+02
1.912998657900548665e+02
1.913041668798717296e+02
1.917309585867361932e+02
1.916077922077922153e+02
1.910972120260188092e+02
1.907210354877421423e+02
1.903061338953379504e+02
1.906236198940351869e+02
1.908569025571319457e+02
1.905252954680724429e+02
1.897573546876590456e+02
1.903909036402569654e+02
1.909854719072384626e+02
1.909487772918332666e+02
1.908276775792802766e+02
1.905785507047331180e+02
1.909634190324076428e+02
1.914992704238408407e+02
1.916976559396106552e+02
1.915174716032255446e+02
1.908247208876291836e+02
1.907138060337480852e+02
1.907200692570148419e+02
1.907969051569430690e+02
1.904905856492920009e+02
1.901840676747093255e+02
1.902821793183645127e+02
1.906207315196388379e+02
1.904306586785464503e+02
1.904849752432986065e+02
1.901817652299047552e+02
1.904882644401392326e+02
1.908132103245241638e+02
1.907851104773031636e+02
1.908656889365455527e+02
1.901995389564589232e+02
1.902769141113758451e+02
1.913660483359882107e+02
1.912403925619834411e+02
1.906647150730559588e+02
1.899331171048139026e+02
1.904820892707100768e+02
1.903592713254984972e+02
1.905515966909034375e+02
1.900602648549850073e+02
1.892455516622511027e+02
1.899453183648399772e+02
1.901872882942688250e+02
1.907782210224048640e+02
1.902557225828493301e+02
1.895659497101300133e+02
1.900236509051052565e+02
1.908463530501294940e+02
1.908382113545411300e+02
1.908264818108047507e+02
1.904825145855628818e+02
1.906661425666091247e+02
1.907774736085684424e+02
1.906593822195602002e+02
1.894746723704759859e+02
1.891950678763899418e+02
1.892900572246065565e+02
1.898564845066547377e+02
1.892196003546341387e+02
1.890526033465418436e+02
1.886086027022404608e+02
1.889370990855739194e+02
1.896608202173987650e+02
1.895856366763739231e+02
1.893823428551833103e+02
1.893324396319103471e+02
1.900546449039315746e+02
1.902686621551275437e+02
1.903060086651821905e+02
1.899401647412319392e+02
1.899131465706507242e+02
1.896467050299858101e+02
1.901592040661088561e+02
1.891708939780054379e+02
1.884494506619353160e+02
1.880367550403742030e+02
1.881050753099491146e+02
1.881799681108234665e+02
1.882577863533911398e+02
1.876956941927689968e+02
1.874798684438289911e+02
1.879294325753932924e+02
1.882462387422562244e+02
1.880957706314849247e+02
1.874639739503949158e+02
1.872449511847772214e+02
1.877389743324184792e+02
1.884325821237586069e+02
1.883533461136284473e+02
1.880300978310065148e+02
1.875087339619724673e+02
1.884830089079511595e+02
1.886809333795975192e+02
1.881800956806529541e+02
1.873986581316537183e+02
1.870455662696161596e+02
1.874581065622075187e+02
1.881406268847035506e+02
1.876378110483690023e+02
1.875797238999137164e+02
1.872066158373922065e+02
1.880819871520342588e+02
1.885727084769124531e+02
1.883070098519626470e+02
1.878745916797732320e+02
1.877904954185432587e+02
1.883120235411539909e+02
1.887558240597147403e+02
1.888367441780409024e+02
1.885808714351543927e+02
1.881090871526462536e+02
1.885044455083267678e+02
1.889104385634564665e+02
1.883272266113691558e+02
1.875460715439963337e+02
1.877358652689465544e+02
1.882597364718800463e+02
1.883400209740918285e+02
1.882132209648193282e+02
1.877799659155462848e+02
1.875364255450537883e+02
1.880597025167699030e+02
1.888777493518311701e+02
1.884561220654068165e+02
1.885255043776170680e+02
1.881412053318694291e+02
1.888649630035626501e+02
1.892636219451881630e+02
1.887948892211499299e+02
1.881517089608692572e+02
1.880928843207134662e+02
1.884325043794868293e+02
1.889050777596896467e+02
1.886294840547869853e+02
1.878768809381151925e+02
1.878469064304439371e+02
1.881580051230036759e+02
1.882039343698995140e+02
1.878145984158078363e+02
1.875535561561355848e+02
1.879355620155038764e+02
1.879933335636074787e+02
1.883986644917932551e+02
1.882357091604879145e+02
1.879660990949532220e+02
1.877177921455938758e+02
1.888716347895072545e+02
1.888303401103339070e+02
1.886160093404989482e+02
1.878749592127634003e+02
1.872951852612834500e+02
1.872926858451703254e+02
1.873514381911093665e+02
1.869773597268682863e+02
1.864153402118870986e+02
1.861649411480028391e+02
1.865084437738954648e+02
1.872180335249705649e+02
1.865254139326148390e+02
1.865519872432358284e+02
1.866099496676000342e+02
1.872033465103598644e+02
1.876369814938455534e+02
1.870081020862872094e+02
1.867446693016233610e+02
1.867742142615748548e+02
1.871710222192228912e+02
1.871999325634324975e+02
1.867885692315407766e+02
1.862091624790620017e+02
1.859083373719480790e+02
1.866527969322883393e+02
1.869156086128112975e+02
1.867324626363268862e+02
1.858577760743863507e+02
1.859227170938044367e+02
1.860031832951227955e+02
1.866830329808535680e+02
1.864225749676219550e+02
1.859897754909584080e+02
1.861882880497732913e+02
1.870660641057829139e+02
1.874915528696871547e+02
1.868569617296720082e+02
1.862711161761305334e+02
1.866934035356648849e+02
1.871877857772309426e+02
1.875056467574804913e+02
1.869961217729988903e+02
1.869809466304384102e+02
1.874699393735264152e+02
1.878404376528936837e+02
1.877584432673167214e+02
1.870819057815845952e+02
1.862606920194263012e+02
1.865776469794582795e+02
1.867324711721902304e+02
1.869746964077028792e+02
1.865835007662182932e+02
1.860691543816543856e+02
1.867517416957666114e+02
1.868643721568963940e+02
1.870540559033836416e+02
1.869269972923878242e+02
1.866494243972949221e+02
1.871497934595525123e+02
1.877618957050971744e+02
1.881988001798001449e+02
1.875704207438058688e+02
1.875368968535969998e+02
1.877749870711946301e+02
1.877259596393301706e+02
1.882806019894514407e+02
1.873634186396606083e+02
1.869211679584786907e+02
1.869340542941588410e+02
1.875185635718813728e+02
1.877781592227676697e+02
1.869572611245257008e+02
1.867542726927459000e+02
1.870495599257374693e+02
1.877212347505893320e+02
1.881024634612404896e+02
1.879337287930408138e+02
1.875216935220374523e+02
1.878118280497696162e+02
1.880090016644587081e+02
1.884146253848785477e+02
1.884412230114635349e+02
1.892113165038503269e+02
1.879993164610207543e+02
1.883608254622274387e+02
1.879489294732109101e+02
1.874891118478450664e+02
1.871717536261772352e+02
1.875523024889428427e+02
1.877628662387851648e+02
1.883192910396244599e+02
1.875935719053242394e+02
1.877105977327378810e+02
1.878435550667606151e+02
1.888160806448828737e+02
1.885284402728624968e+02
1.881081270155441985e+02
1.882557712441858371e+02
1.881048298294058725e+02
1.893518435715759836e+02
1.889644751068321114e+02
1.887748680260842491e+02
1.884895916455608358e+02
1.886585806762619484e+02
1.885622709995548405e+02
1.883833047062865091e+02
1.877875507442489891e+02
1.875403065763361212e+02
1.879277186630002063e+02
1.880899881526759430e+02
1.881814660565239308e+02
1.872102056100218022e+02
1.876092354121298342e+02
1.878055730612661876e+02
1.881142116394896675e+02
1.885085127778355627e+02
1.879276622274561248e+02
1.879910482839664212e+02
1.885408900986494416e+02
1.887589242560243008e+02
1.903520584625683512e+02
1.897440186880675128e+02
1.883464853686656966e+02
1.885726848333514170e+02
1.885220178372352393e+02
1.884683828823291947e+02
1.871938151743976846e+02
1.874052080246806042e+02
1.873073812979473303e+02
1.879403816951960380e+02
1.878816395828280292e+02
1.875140168937234364e+02
1.871217415612551349e+02
1.874652009497845597e+02
1.870110158253027919e+02
1.866003588958674015e+02
1.857450211808546214e+02
1.856583058848396206e+02
1.856397379523970415e+02
1.858106893990308208e+02
1.859808560787347460e+02
1.852268942028210290e+02
1.846980874559086772e+02
1.847316770846245220e+02
1.852583336272884367e+02
1.851341768114401134e+02
1.845385469151897269e+02
1.847523096218049261e+02
1.854674471579170358e+02
1.859193689899627771e+02
1.856767549610979984e+02
1.852002861230328961e+02
1.852367325702393259e+02
1.858291067340126403e+02
1.863475863522222369e+02
1.863156784961223593e+02
1.862179170050948755e+02
1.862154117537832860e+02
1.867214072970960785e+02
1.870656922105419540e+02
1.867277512228690455e+02
1.858860113862897663e+02
1.854403521252000928e+02
1.854599758075992781e+02
1.859295951588930507e+02
1.857353545734840736e+02
1.852217100553489217e+02
1.850590413675693640e+02
1.854809504799264062e+02
1.861190709903593472e+02
1.859323579341605637e+02
1.855101339626570507e+02
1.856705356063353918e+02
1.860455766863720442e+02
1.865000607670538386e+02
1.863335270986493697e+02
1.859369795609386813e+02
1.858501120110287843e+02
1.858997145933382171e+02
1.864015898087422158e+02
1.859032835102082970e+02
1.855313415348564945e+02
1.858941291585127260e+02
1.871912521600178252e+02
1.882991603053435199e+02
