2.212830483913421631e-01
1.648221909999847412e-01
1.908107250928878784e-01
1.115865409374237061e-01
9.902297705411911011e-02
9.852996468544006348e-02
9.264273941516876221e-02
1.139443665742874146e-01
1.188196465373039246e-01
9.272781759500503540e-02
9.381612390279769897e-02
2.067127823829650879e-01
1.215054839849472046e-01
1.071174368262290955e-01
1.355539560317993164e-01
2.140557765960693359e-01
2.961607873439788818e-01
1.563128381967544556e-01
1.547208428382873535e-01
1.582682579755783081e-01
2.314480990171432495e-01
3.123843371868133545e-01
2.305247932672500610e-01
2.314586192369461060e-01
1.159014254808425903e-01
1.216746866703033447e-01
2.462559938430786133e-01
2.430310249328613281e-01
2.618050873279571533e-01
3.345564007759094238e-01
3.354466259479522705e-01
3.120064139366149902e-01
2.987017929553985596e-01
1.971853077411651611e-01
1.228622496128082275e-01
1.342825591564178467e-01
1.769695580005645752e-01
1.562252044677734375e-01
2.064272016286849976e-01
1.492091864347457886e-01
2.053372263908386230e-01
2.349239289760589600e-01
1.711935549974441528e-01
2.709529697895050049e-01
1.635231375694274902e-01
1.325659453868865967e-01
2.134773880243301392e-01
4.474128186702728271e-01
6.435471773147583008e-01
5.632094144821166992e-01
4.684325158596038818e-01
2.365454137325286865e-01
2.916417419910430908e-01
3.230176568031311035e-01
2.923705279827117920e-01
3.344812989234924316e-01
2.341304868459701538e-01
3.900184035301208496e-01
4.076613485813140869e-01
3.259777426719665527e-01
3.864958584308624268e-01
3.280760049819946289e-01
1.595131009817123413e-01
1.121097803115844727e-01
1.411115676164627075e-01
2.119949162006378174e-01
1.730893552303314209e-01
1.616668701171875000e-01
1.472013294696807861e-01
1.944467425346374512e-01
1.767990887165069580e-01
1.462187319993972778e-01
1.575717628002166748e-01
1.147400811314582825e-01
1.117058619856834412e-01
2.034991085529327393e-01
1.840098649263381958e-01
1.384631693363189697e-01
1.186458095908164978e-01
1.041531264781951904e-01
1.484831273555755615e-01
1.839531362056732178e-01
1.091248765587806702e-01
1.760652959346771240e-01
2.021602094173431396e-01
2.370217591524124146e-01
1.637729257345199585e-01
1.285270899534225464e-01
1.500046253204345703e-01
1.063623800873756409e-01
1.108582243323326111e-01
1.643930375576019287e-01
1.629257798194885254e-01
1.354234814643859863e-01
1.085481420159339905e-01
1.244740709662437439e-01
1.389985382556915283e-01
1.563503593206405640e-01
1.479021459817886353e-01
1.773725897073745728e-01
1.830612868070602417e-01
1.910861432552337646e-01
1.988033354282379150e-01
1.135042682290077209e-01
1.189249083399772644e-01
1.529227048158645630e-01
2.171788513660430908e-01
1.889242529869079590e-01
1.314648389816284180e-01
1.770130246877670288e-01
1.819353997707366943e-01
1.143801063299179077e-01
9.300994873046875000e-02
1.194601431488990784e-01
1.010827794671058655e-01
1.325723677873611450e-01
1.610550135374069214e-01
1.500711441040039062e-01
1.422204077243804932e-01
1.071781292557716370e-01
9.764025360345840454e-02
9.838645905256271362e-02
1.045070439577102661e-01
1.043047904968261719e-01
1.041724309325218201e-01
1.146241873502731323e-01
1.320923566818237305e-01
1.526759415864944458e-01
1.133580803871154785e-01
1.272160857915878296e-01
1.449139267206192017e-01
1.198562085628509521e-01
2.652458846569061279e-01
2.276438176631927490e-01
1.139715909957885742e-01
1.201869100332260132e-01
1.658271998167037964e-01
1.412412077188491821e-01
1.376580595970153809e-01
1.314390599727630615e-01
1.514944285154342651e-01
1.974299848079681396e-01
1.916673332452774048e-01
1.481398940086364746e-01
9.605664759874343872e-02
9.980719536542892456e-02
9.670550376176834106e-02
9.232687950134277344e-02
9.307550638914108276e-02
1.094768345355987549e-01
1.329260170459747314e-01
1.354985088109970093e-01
1.906667947769165039e-01
3.385967910289764404e-01
1.343822032213211060e-01
2.078450024127960205e-01
2.522573471069335938e-01
2.269759178161621094e-01
1.282027512788772583e-01
9.618185460567474365e-02
1.059675887227058411e-01
1.074225306510925293e-01
1.099919900298118591e-01
1.247206404805183411e-01
1.604285240173339844e-01
1.586508750915527344e-01
1.071079298853874207e-01
9.152173250913619995e-02
8.994083851575851440e-02
9.517474472522735596e-02
9.650596231222152710e-02
9.522131830453872681e-02
9.900042414665222168e-02
9.168295562267303467e-02
1.204184293746948242e-01
1.543998420238494873e-01
1.391818374395370483e-01
1.684543043375015259e-01
1.289892345666885376e-01
1.834922879934310913e-01
2.032350748777389526e-01
2.810811996459960938e-01
1.729318052530288696e-01
2.041635066270828247e-01
1.576506197452545166e-01
9.983097016811370850e-02
1.128748357295989990e-01
1.188990846276283264e-01
1.173923909664154053e-01
1.034265682101249695e-01
1.001241579651832581e-01
1.554395705461502075e-01
1.511900424957275391e-01
1.190347671508789062e-01
9.519818425178527832e-02
1.306806653738021851e-01
1.061915457248687744e-01
1.076579093933105469e-01
1.327615827322006226e-01
1.487584263086318970e-01
1.368896514177322388e-01
1.567073762416839600e-01
1.494830548763275146e-01
1.031791418790817261e-01
2.350951582193374634e-01
3.710802197456359863e-01
1.941327154636383057e-01
1.833136379718780518e-01
1.410191953182220459e-01
1.623976528644561768e-01
1.765820682048797607e-01
2.079309225082397461e-01
3.109441995620727539e-01
2.278797924518585205e-01
9.822101891040802002e-02
1.162194907665252686e-01
1.488480120897293091e-01
1.348186731338500977e-01
1.078699231147766113e-01
1.312378644943237305e-01
1.188755184412002563e-01
9.126459062099456787e-02
1.339394897222518921e-01
9.328667074441909790e-02
1.266041994094848633e-01
1.778566092252731323e-01
1.778869032859802246e-01
2.419895082712173462e-01
1.418534517288208008e-01
1.437143087387084961e-01
1.029239222407341003e-01
1.276850849390029907e-01
9.648018330335617065e-02
9.521272033452987671e-02
1.039116680622100830e-01
9.422193467617034912e-02
9.422841668128967285e-02
9.211254864931106567e-02
1.403332352638244629e-01
1.106453537940979004e-01
9.065493196249008179e-02
9.103314578533172607e-02
9.437324106693267822e-02
9.482713788747787476e-02
9.116172790527343750e-02
1.046918034553527832e-01
1.189064607024192810e-01
1.849016249179840088e-01
9.343016892671585083e-02
1.734012812376022339e-01
2.857210934162139893e-01
2.828800082206726074e-01
1.613220721483230591e-01
1.431241780519485474e-01
9.372621029615402222e-02
1.412611007690429688e-01
1.279565840959548950e-01
1.499096751213073730e-01
1.349322348833084106e-01
1.448298990726470947e-01
1.558420956134796143e-01
1.686103492975234985e-01
1.717019081115722656e-01
1.265236884355545044e-01
1.506645232439041138e-01
1.965258419513702393e-01
1.942468881607055664e-01
1.732903420925140381e-01
1.525727063417434692e-01
1.704439967870712280e-01
1.520191282033920288e-01
1.567150652408599854e-01
1.439557969570159912e-01
3.164131343364715576e-01
3.464433252811431885e-01
2.109307497739791870e-01
1.464527845382690430e-01
1.550471484661102295e-01
1.231725215911865234e-01
1.417366713285446167e-01
1.951726526021957397e-01
1.777484416961669922e-01
1.263858973979949951e-01
1.161003112792968750e-01
9.572821855545043945e-02
1.040536686778068542e-01
8.949242532253265381e-02
1.204987764358520508e-01
1.795141398906707764e-01
1.981372833251953125e-01
1.737491339445114136e-01
1.920846402645111084e-01
9.651266038417816162e-02
1.045475304126739502e-01
1.133459135890007019e-01
2.201248705387115479e-01
3.274546861648559570e-01
3.206990063190460205e-01
1.998057514429092407e-01
1.688538342714309692e-01
1.366871595382690430e-01
1.211882308125495911e-01
1.520774513483047485e-01
1.316555589437484741e-01
1.597777009010314941e-01
1.552404463291168213e-01
1.396337151527404785e-01
1.154377833008766174e-01
1.151502877473831177e-01
1.608729958534240723e-01
1.499757021665573120e-01
1.055794954299926758e-01
9.494126588106155396e-02
1.140190958976745605e-01
1.370381861925125122e-01
1.853200942277908325e-01
1.646478623151779175e-01
1.183731257915496826e-01
1.370372325181961060e-01
1.461339443922042847e-01
1.624200940132141113e-01
1.379459649324417114e-01
1.079995259642601013e-01
9.891027212142944336e-02
1.035181432962417603e-01
1.251440048217773438e-01
1.480336785316467285e-01
1.918013542890548706e-01
1.687295734882354736e-01
1.372485011816024780e-01
1.207926869392395020e-01
9.555330872535705566e-02
9.984401613473892212e-02
1.557416617870330811e-01
2.131508737802505493e-01
1.882455348968505859e-01
1.411117017269134521e-01
1.260055303573608398e-01
2.911015152931213379e-01
2.186863422393798828e-01
9.276285022497177124e-02
1.852062642574310303e-01
1.786750257015228271e-01
1.233487576246261597e-01
1.146970093250274658e-01
2.056132256984710693e-01
1.678993254899978638e-01
1.068523302674293518e-01
1.568313837051391602e-01
2.106450498104095459e-01
1.605940759181976318e-01
1.146021038293838501e-01
1.044516414403915405e-01
1.121024638414382935e-01
9.826195985078811646e-02
9.164303541183471680e-02
9.630001336336135864e-02
1.018184795975685120e-01
1.954967677593231201e-01
1.099436283111572266e-01
2.277663499116897583e-01
1.816979050636291504e-01
9.518425166606903076e-02
2.208357751369476318e-01
2.173958420753479004e-01
1.585305929183959961e-01
9.305173158645629883e-02
1.065763384103775024e-01
1.406939178705215454e-01
1.910199820995330811e-01
2.002639472484588623e-01
1.679804474115371704e-01
2.179016470909118652e-01
1.977946162223815918e-01
1.454179584980010986e-01
9.846945852041244507e-02
1.186307519674301147e-01
1.299414038658142090e-01
1.333594918251037598e-01
2.132539898157119751e-01
1.820193827152252197e-01
1.222817599773406982e-01
1.894433051347732544e-01
3.868043422698974609e-01
4.280477166175842285e-01
1.456346511840820312e-01
1.135772690176963806e-01
1.559458523988723755e-01
2.268850654363632202e-01
1.636506170034408569e-01
1.323604434728622437e-01
1.530813574790954590e-01
1.397395879030227661e-01
1.066440343856811523e-01
1.514888107776641846e-01
1.040429398417472839e-01
1.142034530639648438e-01
1.235883012413978577e-01
1.408243179321289062e-01
1.444303542375564575e-01
1.914857923984527588e-01
2.754032909870147705e-01
1.845981627702713013e-01
2.480728775262832642e-01
1.324687302112579346e-01
1.607475876808166504e-01
2.684543728828430176e-01
2.434514164924621582e-01
2.763173580169677734e-01
1.596152037382125854e-01
1.942650675773620605e-01
1.673800945281982422e-01
3.181093931198120117e-01
2.866777777671813965e-01
1.798651367425918579e-01
2.230845689773559570e-01
2.130646109580993652e-01
2.109349370002746582e-01
1.879321336746215820e-01
1.574325710535049438e-01
1.129160225391387939e-01
1.368466466665267944e-01
1.185929551720619202e-01
2.394198775291442871e-01
2.681955397129058838e-01
1.402097791433334351e-01
1.915754973888397217e-01
2.320034950971603394e-01
1.387010961771011353e-01
9.491194039583206177e-02
1.417263895273208618e-01
2.192312479019165039e-01
2.099589705467224121e-01
1.571838408708572388e-01
1.559576094150543213e-01
1.247176676988601685e-01
1.372886300086975098e-01
1.222713068127632141e-01
1.586565673351287842e-01
1.552356779575347900e-01
1.774375736713409424e-01
1.314454674720764160e-01
1.070098951458930969e-01
1.286213397979736328e-01
1.160432398319244385e-01
1.396029144525527954e-01
1.413384974002838135e-01
2.228411734104156494e-01
1.893220394849777222e-01
2.148171514272689819e-01
2.761653363704681396e-01
1.781594157218933105e-01
2.017985582351684570e-01
2.147432267665863037e-01
1.157101914286613464e-01
1.092220172286033630e-01
9.630562365055084229e-02
9.624221920967102051e-02
1.053273975849151611e-01
1.230423077940940857e-01
1.191295534372329712e-01
1.148246601223945618e-01
1.105306148529052734e-01
1.698668897151947021e-01
1.073588281869888306e-01
1.670510172843933105e-01
2.280418425798416138e-01
2.317340821027755737e-01
2.420007586479187012e-01
1.098386794328689575e-01
1.425240039825439453e-01
1.360107958316802979e-01
1.353339105844497681e-01
1.638373732566833496e-01
1.549309194087982178e-01
1.417443901300430298e-01
1.029620468616485596e-01
1.075060144066810608e-01
1.038062945008277893e-01
1.003464907407760620e-01
1.116944402456283569e-01
1.183692961931228638e-01
9.808290749788284302e-02
1.154667213559150696e-01
1.689259260892868042e-01
1.083487048745155334e-01
1.621866077184677124e-01
9.616956114768981934e-02
2.067060619592666626e-01
2.949951291084289551e-01
2.496462464332580566e-01
2.123771011829376221e-01
1.172685697674751282e-01
1.430597156286239624e-01
1.538873910903930664e-01
1.062163859605789185e-01
1.207184270024299622e-01
1.686714887619018555e-01
1.486049741506576538e-01
1.371613293886184692e-01
1.614336520433425903e-01
1.318319886922836304e-01
1.203006282448768616e-01
1.220508962869644165e-01
1.147918477654457092e-01
1.400375068187713623e-01
1.279712617397308350e-01
1.971475332975387573e-01
3.704379796981811523e-01
2.395887821912765503e-01
1.389890909194946289e-01
1.352563202381134033e-01
1.420592069625854492e-01
9.512110799551010132e-02
1.444371789693832397e-01
1.488364189863204956e-01
1.117480397224426270e-01
9.286300092935562134e-02
9.653897583484649658e-02
9.850104898214340210e-02
1.228087767958641052e-01
1.038366109132766724e-01
1.210500225424766541e-01
1.114052012562751770e-01
1.009969860315322876e-01
1.160711869597434998e-01
1.625326722860336304e-01
2.284423261880874634e-01
2.274546027183532715e-01
1.400167346000671387e-01
1.776986718177795410e-01
1.644468605518341064e-01
1.809654980897903442e-01
2.308907955884933472e-01
2.164489775896072388e-01
1.661632955074310303e-01
1.660000979900360107e-01
1.232082620263099670e-01
1.595977246761322021e-01
1.356772333383560181e-01
1.146525591611862183e-01
9.207367151975631714e-02
1.131998002529144287e-01
9.107213467359542847e-02
1.088845953345298767e-01
1.081599146127700806e-01
9.921432286500930786e-02
8.987838774919509888e-02
9.247118979692459106e-02
1.383904218673706055e-01
2.305687218904495239e-01
9.799540787935256958e-02
1.069268286228179932e-01
1.300760507583618164e-01
2.342997193336486816e-01
2.557486891746520996e-01
1.994053423404693604e-01
1.332856118679046631e-01
9.503706544637680054e-02
9.916080534458160400e-02
1.003358736634254456e-01
9.838782995939254761e-02
8.683663606643676758e-02
9.058726578950881958e-02
1.000205278396606445e-01
8.888878673315048218e-02
9.018623828887939453e-02
9.663064032793045044e-02
1.198450699448585510e-01
1.220044195652008057e-01
1.050827875733375549e-01
9.592220932245254517e-02
1.568036526441574097e-01
9.333176165819168091e-02
1.632128357887268066e-01
1.583471447229385376e-01
8.968935161828994751e-02
1.074247062206268311e-01
1.386083066463470459e-01
1.137581840157508850e-01
1.518181264400482178e-01
1.590863168239593506e-01
1.148015484213829041e-01
1.176737844944000244e-01
1.282984763383865356e-01
9.916197508573532104e-02
9.264912456274032593e-02
1.248008012771606445e-01
1.599285304546356201e-01
1.156651377677917480e-01
9.101431816816329956e-02
9.776876121759414673e-02
1.213807463645935059e-01
1.234997883439064026e-01
1.352267861366271973e-01
1.255595386028289795e-01
2.354647964239120483e-01
2.346205711364746094e-01
1.142529323697090149e-01
1.962234675884246826e-01
2.557027935981750488e-01
2.875456809997558594e-01
3.160365819931030273e-01
2.561934888362884521e-01
2.986161112785339355e-01
2.874296307563781738e-01
2.087129503488540649e-01
1.330867856740951538e-01
1.660536825656890869e-01
2.465139031410217285e-01
3.316414654254913330e-01
3.242383003234863281e-01
2.247971296310424805e-01
1.479326486587524414e-01
1.311918348073959351e-01
2.694875597953796387e-01
1.876622587442398071e-01
2.565927803516387939e-01
4.184646010398864746e-01
2.658012211322784424e-01
2.072052657604217529e-01
1.768797338008880615e-01
2.121661156415939331e-01
2.421950250864028931e-01
1.837607920169830322e-01
2.068459540605545044e-01
1.314076185226440430e-01
1.180924400687217712e-01
9.408903121948242188e-02
9.038867801427841187e-02
1.065736040472984314e-01
1.446128934621810913e-01
1.300580948591232300e-01
1.086038947105407715e-01
1.769980788230895996e-01
2.505232095718383789e-01
2.375281006097793579e-01
1.863866448402404785e-01
9.575952589511871338e-02
1.127770766615867615e-01
1.504106521606445312e-01
1.392335146665573120e-01
1.328177452087402344e-01
1.001033410429954529e-01
1.235165446996688843e-01
1.762686818838119507e-01
1.296506673097610474e-01
2.085601985454559326e-01
1.680715531110763550e-01
9.329462796449661255e-02
9.184527397155761719e-02
8.594515174627304077e-02
1.008910685777664185e-01
1.363552212715148926e-01
1.007548645138740540e-01
1.183200180530548096e-01
1.246120855212211609e-01
1.045509353280067444e-01
1.294593662023544312e-01
1.905056387186050415e-01
1.765978783369064331e-01
1.049825474619865417e-01
1.405300796031951904e-01
2.024263292551040649e-01
1.708859652280807495e-01
1.119028478860855103e-01
2.431787550449371338e-01
2.680043876171112061e-01
1.875095367431640625e-01
1.870947927236557007e-01
1.074158176779747009e-01
1.026812121272087097e-01
1.026865467429161072e-01
1.074708104133605957e-01
9.357722848653793335e-02
1.037040054798126221e-01
1.019856557250022888e-01
9.036467224359512329e-02
1.017154902219772339e-01
1.263049393892288208e-01
1.516788750886917114e-01
1.710381954908370972e-01
2.103367149829864502e-01
1.059008166193962097e-01
2.396494895219802856e-01
1.805090606212615967e-01
8.757290989160537720e-02
1.097990721464157104e-01
1.139107123017311096e-01
1.218736320734024048e-01
1.996359080076217651e-01
1.231135278940200806e-01
8.949873596429824829e-02
1.181508898735046387e-01
8.789537101984024048e-02
1.647933423519134521e-01
2.121145576238632202e-01
1.373197883367538452e-01
1.105503141880035400e-01
1.313280463218688965e-01
1.438928544521331787e-01
1.377701908349990845e-01
1.823051273822784424e-01
1.336273699998855591e-01
1.426830589771270752e-01
1.149550452828407288e-01
1.592849045991897583e-01
2.127326577901840210e-01
1.598051190376281738e-01
1.080636978149414062e-01
1.055397093296051025e-01
1.060281842947006226e-01
9.320326894521713257e-02
8.947766572237014771e-02
1.187935471534729004e-01
1.436253637075424194e-01
1.306181997060775757e-01
1.244567632675170898e-01
9.097114950418472290e-02
9.771566838026046753e-02
1.079725250601768494e-01
1.539118438959121704e-01
1.742251962423324585e-01
1.708766669034957886e-01
8.766648918390274048e-02
1.587593555450439453e-01
2.158716470003128052e-01
1.401281058788299561e-01
1.120604500174522400e-01
9.006415307521820068e-02
1.075667515397071838e-01
9.273853898048400879e-02
9.718438982963562012e-02
1.289324313402175903e-01
1.303724795579910278e-01
1.331386864185333252e-01
1.930605769157409668e-01
2.099886238574981689e-01
1.435322165489196777e-01
1.055661216378211975e-01
1.452847570180892944e-01
2.174479365348815918e-01
2.485349476337432861e-01
1.458014696836471558e-01
2.757307589054107666e-01
2.550225257873535156e-01
1.062152460217475891e-01
1.734909266233444214e-01
9.611366689205169678e-02
1.380480974912643433e-01
1.698887795209884644e-01
1.199757978320121765e-01
1.010011062026023865e-01
1.316362619400024414e-01
2.712290883064270020e-01
2.369924336671829224e-01
1.027254834771156311e-01
1.685549020767211914e-01
1.844454258680343628e-01
1.233429834246635437e-01
1.600657403469085693e-01
2.070349603891372681e-01
1.259774267673492432e-01
1.672841012477874756e-01
2.338102310895919800e-01
2.803372442722320557e-01
1.391746699810028076e-01
1.141127049922943115e-01
1.165692731738090515e-01
1.434202492237091064e-01
1.522210985422134399e-01
1.457685828208923340e-01
1.275387108325958252e-01
9.107467532157897949e-02
1.093947216868400574e-01
1.402375847101211548e-01
1.791957616806030273e-01
1.557218581438064575e-01
1.231702342629432678e-01
1.183439716696739197e-01
1.998781859874725342e-01
1.773148477077484131e-01
9.713310748338699341e-02
2.164033800363540649e-01
2.313559949398040771e-01
2.229969352483749390e-01
1.406776458024978638e-01
1.341238170862197876e-01
1.422705501317977905e-01
1.426928639411926270e-01
1.070526093244552612e-01
8.653774857521057129e-02
9.336067736148834229e-02
9.048774838447570801e-02
9.595916420221328735e-02
9.487506002187728882e-02
8.778508752584457397e-02
8.800133317708969116e-02
1.465455740690231323e-01
1.654677689075469971e-01
1.394254565238952637e-01
1.149605810642242432e-01
1.298178136348724365e-01
2.182675302028656006e-01
2.474190443754196167e-01
1.345480829477310181e-01
1.211187466979026794e-01
1.223708689212799072e-01
1.170583069324493408e-01
1.051388084888458252e-01
8.935835957527160645e-02
1.024447083473205566e-01
1.153685748577117920e-01
1.097671091556549072e-01
1.631647497415542603e-01
1.425231397151947021e-01
1.451134979724884033e-01
1.716793775558471680e-01
1.889041960239410400e-01
1.568395793437957764e-01
1.910647749900817871e-01
1.822690814733505249e-01
2.302951663732528687e-01
1.465238481760025024e-01
1.701444983482360840e-01
1.694629490375518799e-01
1.088229864835739136e-01
1.008611321449279785e-01
1.138957515358924866e-01
9.483185410499572754e-02
9.220594167709350586e-02
1.048075854778289795e-01
1.077551841735839844e-01
1.153157204389572144e-01
9.973698854446411133e-02
1.284172236919403076e-01
1.040100976824760437e-01
1.021524667739868164e-01
9.258573502302169800e-02
9.550566971302032471e-02
1.123072281479835510e-01
1.576834321022033691e-01
1.979077607393264771e-01
2.111708521842956543e-01
1.359383165836334229e-01
1.551469117403030396e-01
2.408460974693298340e-01
1.450042277574539185e-01
9.708430618047714233e-02
1.163411885499954224e-01
1.103436574339866638e-01
1.000299975275993347e-01
1.303041577339172363e-01
1.820725351572036743e-01
1.086287572979927063e-01
1.014008745551109314e-01
9.494825452566146851e-02
9.795618057250976562e-02
1.211816817522048950e-01
1.201453804969787598e-01
9.597008675336837769e-02
1.281779855489730835e-01
1.854911595582962036e-01
1.353921145200729370e-01
1.417665183544158936e-01
1.307518780231475830e-01
2.337882518768310547e-01
2.306900173425674438e-01
2.160536944866180420e-01
1.721452474594116211e-01
1.564836055040359497e-01
1.506201326847076416e-01
1.259165853261947632e-01
1.112846434116363525e-01
9.238194674253463745e-02
1.183584183454513550e-01
1.229648664593696594e-01
1.070728525519371033e-01
9.464016556739807129e-02
8.872233331203460693e-02
8.893283456563949585e-02
8.952151238918304443e-02
1.097042933106422424e-01
1.687261462211608887e-01
1.269974708557128906e-01
1.749667227268218994e-01
1.016180589795112610e-01
1.502557396888732910e-01
1.142445653676986694e-01
1.113578975200653076e-01
9.195995330810546875e-02
1.103057637810707092e-01
9.549855440855026245e-02
1.017299294471740723e-01
9.545173496007919312e-02
9.222929179668426514e-02
1.083423569798469543e-01
1.119678169488906860e-01
1.003765687346458435e-01
8.778399229049682617e-02
8.830609172582626343e-02
9.731177985668182373e-02
9.248008579015731812e-02
9.992489218711853027e-02
1.203159317374229431e-01
1.315267235040664673e-01
3.163461089134216309e-01
2.439594417810440063e-01
1.733018159866333008e-01
1.316487789154052734e-01
1.980786025524139404e-01
1.000253185629844666e-01
1.247032359242439270e-01
1.384814530611038208e-01
9.183551371097564697e-02
8.785620331764221191e-02
8.708397299051284790e-02
9.976433217525482178e-02
1.069935038685798645e-01
9.388376027345657349e-02
9.333072602748870850e-02
8.761580288410186768e-02
9.278691560029983521e-02
1.072123572230339050e-01
9.294374287128448486e-02
1.742081344127655029e-01
1.185997650027275085e-01
1.841068565845489502e-01
1.384756565093994141e-01
1.249973699450492859e-01
1.808809041976928711e-01
2.022028714418411255e-01
1.052976101636886597e-01
1.038996502757072449e-01
9.982207417488098145e-02
9.314753860235214233e-02
9.985400736331939697e-02
9.095134586095809937e-02
9.609162062406539917e-02
9.475547820329666138e-02
8.426548540592193604e-02
1.074824109673500061e-01
1.068279519677162170e-01
1.092828959226608276e-01
9.416253864765167236e-02
9.208127111196517944e-02
1.701126545667648315e-01
9.092607349157333374e-02
1.328231245279312134e-01
1.512649059295654297e-01
1.373245567083358765e-01
2.220422476530075073e-01
1.914160102605819702e-01
1.469899863004684448e-01
1.071867346763610840e-01
8.876579254865646362e-02
1.141994968056678772e-01
1.464326679706573486e-01
1.109367012977600098e-01
1.127173900604248047e-01
1.411991864442825317e-01
1.150244697928428650e-01
1.174482405185699463e-01
1.087385863065719604e-01
1.065887287259101868e-01
1.129007115960121155e-01
1.072700172662734985e-01
1.383525133132934570e-01
1.252324730157852173e-01
1.517235189676284790e-01
1.433186382055282593e-01
1.347946971654891968e-01
1.945354789495468140e-01
2.099321186542510986e-01
1.261513531208038330e-01
1.409747749567031860e-01
9.570667147636413574e-02
9.595213830471038818e-02
9.957403689622879028e-02
8.925051987171173096e-02
1.007492616772651672e-01
1.366431564092636108e-01
1.357399970293045044e-01
1.354080885648727417e-01
1.241911202669143677e-01
1.106857210397720337e-01
1.054502725601196289e-01
1.206809356808662415e-01
1.019807010889053345e-01
1.220543235540390015e-01
2.097186297178268433e-01
1.727024614810943604e-01
1.027913689613342285e-01
1.468256711959838867e-01
2.068688720464706421e-01
1.838172078132629395e-01
1.278360188007354736e-01
1.489169746637344360e-01
1.645643115043640137e-01
1.168619841337203979e-01
9.848978370428085327e-02
9.622346609830856323e-02
1.391942203044891357e-01
1.412656605243682861e-01
1.164188310503959656e-01
9.972038865089416504e-02
9.441345185041427612e-02
8.886611461639404297e-02
1.143366023898124695e-01
1.658775955438613892e-01
2.314173579216003418e-01
1.064047515392303467e-01
1.373416185379028320e-01
1.419452279806137085e-01
1.681509017944335938e-01
2.358461320400238037e-01
2.618708610534667969e-01
2.169857770204544067e-01
2.341999262571334839e-01
1.286616027355194092e-01
9.739655256271362305e-02
9.081439673900604248e-02
1.066309437155723572e-01
1.504033654928207397e-01
1.635327190160751343e-01
1.104741543531417847e-01
9.907484799623489380e-02
1.084228903055191040e-01
1.003767773509025574e-01
9.202807396650314331e-02
1.124485954642295837e-01
1.368578076362609863e-01
1.264086812734603882e-01
1.614523977041244507e-01
1.051711067557334900e-01
1.987354159355163574e-01
2.177500128746032715e-01
1.806414276361465454e-01
1.202930957078933716e-01
1.008687019348144531e-01
1.238813176751136780e-01
1.079833433032035828e-01
9.225600957870483398e-02
8.944826573133468628e-02
1.174675300717353821e-01
1.083614528179168701e-01
9.514772146940231323e-02
1.025795787572860718e-01
9.140086919069290161e-02
8.729706704616546631e-02
1.033336669206619263e-01
1.014180183410644531e-01
1.197307407855987549e-01
1.052018702030181885e-01
1.980418413877487183e-01
1.778388172388076782e-01
1.112960651516914368e-01
1.424228101968765259e-01
1.869176924228668213e-01
1.161485165357589722e-01
1.464344114065170288e-01
1.234612464904785156e-01
9.418274462223052979e-02
9.349532425403594971e-02
1.072112023830413818e-01
1.346991807222366333e-01
1.064061746001243591e-01
9.176964312791824341e-02
9.429036080837249756e-02
9.147516638040542603e-02
1.397019326686859131e-01
1.691460311412811279e-01
2.212591022253036499e-01
2.506851553916931152e-01
1.902261972427368164e-01
2.873078286647796631e-01
2.197681516408920288e-01
2.963674068450927734e-01
1.902226060628890991e-01
2.333245277404785156e-01
2.588770091533660889e-01
2.319259494543075562e-01
1.763189285993576050e-01
1.268763542175292969e-01
1.128416657447814941e-01
1.814631372690200806e-01
1.631293296813964844e-01
1.406360566616058350e-01
1.434024423360824585e-01
1.497539579868316650e-01
1.470094174146652222e-01
1.489092558622360229e-01
1.288150399923324585e-01
1.161320358514785767e-01
1.322769969701766968e-01
1.300323307514190674e-01
1.695082783699035645e-01
1.905153840780258179e-01
2.250911891460418701e-01
1.778946518898010254e-01
1.247948780655860901e-01
2.033713459968566895e-01
2.521958947181701660e-01
1.984961777925491333e-01
1.173117831349372864e-01
1.608127355575561523e-01
1.189818978309631348e-01
2.278050333261489868e-01
7.121251225471496582e-01
5.669411420822143555e-01
4.147837162017822266e-01
2.763757109642028809e-01
2.290896475315093994e-01
1.905436813831329346e-01
2.824090719223022461e-01
3.893710970878601074e-01
4.730872511863708496e-01
4.311700761318206787e-01
3.120018243789672852e-01
3.838167786598205566e-01
2.432188689708709717e-01
1.506926268339157104e-01
1.544191539287567139e-01
1.490791887044906616e-01
2.290159761905670166e-01
1.166497319936752319e-01
1.459395885467529297e-01
1.000727713108062744e-01
1.048705205321311951e-01
8.848342299461364746e-02
8.613648265600204468e-02
1.045098602771759033e-01
1.053006872534751892e-01
8.949268609285354614e-02
9.543653577566146851e-02
1.099072098731994629e-01
9.673061966896057129e-02
9.391088038682937622e-02
1.098767146468162537e-01
1.660982072353363037e-01
1.114268302917480469e-01
1.462205648422241211e-01
1.027403697371482849e-01
1.614066362380981445e-01
2.142411321401596069e-01
1.930965781211853027e-01
1.403644531965255737e-01
9.703681617975234985e-02
9.444239735603332520e-02
9.250458329916000366e-02
1.013152003288269043e-01
1.011654436588287354e-01
1.151842996478080750e-01
1.407994329929351807e-01
1.621934771537780762e-01
1.701923906803131104e-01
1.197199821472167969e-01
1.024422273039817810e-01
1.240249797701835632e-01
1.101917177438735962e-01
9.066461026668548584e-02
1.274387240409851074e-01
1.628229916095733643e-01
1.305402219295501709e-01
1.913125813007354736e-01
1.242062076926231384e-01
1.631353795528411865e-01
2.011551111936569214e-01
1.089012920856475830e-01
9.875499457120895386e-02
1.003030985593795776e-01
9.806871414184570312e-02
1.183212473988533020e-01
1.133469194173812866e-01
9.489700198173522949e-02
1.516971141099929810e-01
1.818023920059204102e-01
1.584828943014144897e-01
1.313403695821762085e-01
1.083208024501800537e-01
1.058299317955970764e-01
1.067463979125022888e-01
1.024170592427253723e-01
1.322900801897048950e-01
1.854413449764251709e-01
9.470144659280776978e-02
1.129563748836517334e-01
1.044859811663627625e-01
1.961018741130828857e-01
3.375232517719268799e-01
3.848829269409179688e-01
3.059780299663543701e-01
1.566287726163864136e-01
9.599057585000991821e-02
9.498793631792068481e-02
1.021387502551078796e-01
1.155238822102546692e-01
9.344484657049179077e-02
1.384194046258926392e-01
1.779851466417312622e-01
1.467874348163604736e-01
1.250113546848297119e-01
1.130531728267669678e-01
1.099217534065246582e-01
1.358507424592971802e-01
1.269125640392303467e-01
1.168229505419731140e-01
1.775257140398025513e-01
1.252311319112777710e-01
1.548439562320709229e-01
1.065211519598960876e-01
1.163090467453002930e-01
1.482097357511520386e-01
1.013052761554718018e-01
9.762029349803924561e-02
9.460195153951644897e-02
8.972588926553726196e-02
9.834734350442886353e-02
1.012870594859123230e-01
9.327252209186553955e-02
9.446793794631958008e-02
1.045079454779624939e-01
1.678895503282546997e-01
1.944501399993896484e-01
1.547756195068359375e-01
1.823486536741256714e-01
2.027056664228439331e-01
1.802961230278015137e-01
1.462519615888595581e-01
1.205774694681167603e-01
1.518743485212326050e-01
2.192525416612625122e-01
1.186590269207954407e-01
1.316935569047927856e-01
1.847252249717712402e-01
1.979921460151672363e-01
1.524001061916351318e-01
2.226395457983016968e-01
1.142538934946060181e-01
1.115569472312927246e-01
1.241362616419792175e-01
1.064852178096771240e-01
1.007661744952201843e-01
1.581089943647384644e-01
1.299605369567871094e-01
1.137934401631355286e-01
9.759587794542312622e-02
9.799109399318695068e-02
1.138248145580291748e-01
9.161793440580368042e-02
1.328236162662506104e-01
1.459252238273620605e-01
1.357975453138351440e-01
2.129135876893997192e-01
1.208112463355064392e-01
1.903833895921707153e-01
1.787779778242111206e-01
1.969837546348571777e-01
1.365292072296142578e-01
1.790793240070343018e-01
1.204510256648063660e-01
1.040624603629112244e-01
1.246066242456436157e-01
1.349383592605590820e-01
9.498210996389389038e-02
9.321358799934387207e-02
8.929402381181716919e-02
9.250988066196441650e-02
1.146709844470024109e-01
9.364506602287292480e-02
9.725377708673477173e-02
1.445096880197525024e-01
1.700756102800369263e-01
1.295097917318344116e-01
1.163775920867919922e-01
1.150047406554222107e-01
2.224699705839157104e-01
2.171557694673538208e-01
1.819281727075576782e-01
9.966795891523361206e-02
1.055640652775764465e-01
1.339282393455505371e-01
2.008098214864730835e-01
2.056250125169754028e-01
1.730116456747055054e-01
1.736942380666732788e-01
1.239921748638153076e-01
9.223260730504989624e-02
8.448763191699981689e-02
9.126158803701400757e-02
8.855575323104858398e-02
9.168315678834915161e-02
1.218743175268173218e-01
1.492345333099365234e-01
1.952894628047943115e-01
1.406438052654266357e-01
1.192599162459373474e-01
1.748523712158203125e-01
1.806863397359848022e-01
1.059634163975715637e-01
9.509553015232086182e-02
1.014208123087882996e-01
9.021400660276412964e-02
9.125164896249771118e-02
9.075441211462020874e-02
9.580221772193908691e-02
9.886763244867324829e-02
1.362147778272628784e-01
1.742748916149139404e-01
1.585454493761062622e-01
1.497444659471511841e-01
1.447542458772659302e-01
1.411641538143157959e-01
1.229611784219741821e-01
1.657226681709289551e-01
1.389911025762557983e-01
1.373269110918045044e-01
1.070008352398872375e-01
2.023185640573501587e-01
2.247343957424163818e-01
1.587367206811904907e-01
1.496981382369995117e-01
2.117765843868255615e-01
1.997504830360412598e-01
1.150724440813064575e-01
1.415881216526031494e-01
1.487368196249008179e-01
1.339390873908996582e-01
1.608703732490539551e-01
1.456023752689361572e-01
1.270765811204910278e-01
2.252368628978729248e-01
5.617650151252746582e-01
4.775036871433258057e-01
3.512375056743621826e-01
2.863959670066833496e-01
3.798972368240356445e-01
2.181422710418701172e-01
2.053505331277847290e-01
1.604796051979064941e-01
2.260860353708267212e-01
2.567737400531768799e-01
2.776194512844085693e-01
2.666286230087280273e-01
2.716996371746063232e-01
2.268148660659790039e-01
1.755013167858123779e-01
2.105711400508880615e-01
2.357185631990432739e-01
2.316467911005020142e-01
2.205610871315002441e-01
2.768359184265136719e-01
3.174565434455871582e-01
1.625911891460418701e-01
1.680544465780258179e-01
2.372361272573471069e-01
3.176287412643432617e-01
1.649188250303268433e-01
2.673752903938293457e-01
2.696985304355621338e-01
4.303855299949645996e-01
3.494187295436859131e-01
3.675808906555175781e-01
4.036218523979187012e-01
3.209669589996337891e-01
2.999095618724822998e-01
2.089622616767883301e-01
1.600614488124847412e-01
1.797133833169937134e-01
2.376272529363632202e-01
2.359655052423477173e-01
2.563579380512237549e-01
2.194549143314361572e-01
1.358218789100646973e-01
8.638513088226318359e-02
9.018317610025405884e-02
9.636237472295761108e-02
1.391152143478393555e-01
1.324895024299621582e-01
1.735101193189620972e-01
1.502997279167175293e-01
9.632699191570281982e-02
1.895067989826202393e-01
2.212816476821899414e-01
1.737724840641021729e-01
1.178548410534858704e-01
9.008619189262390137e-02
9.698962420225143433e-02
1.513116657733917236e-01
1.892250627279281616e-01
1.524360626935958862e-01
1.697105169296264648e-01
1.111288964748382568e-01
9.628086537122726440e-02
8.855000138282775879e-02
8.813519775867462158e-02
9.373392164707183838e-02
1.197217553853988647e-01
1.416714340448379517e-01
2.366701662540435791e-01
1.563151627779006958e-01
1.069535240530967712e-01
1.023131906986236572e-01
1.122770011425018311e-01
1.661265492439270020e-01
1.429465413093566895e-01
1.103075295686721802e-01
1.447736471891403198e-01
1.091945543885231018e-01
8.744277805089950562e-02
8.778276294469833374e-02
8.880048990249633789e-02
1.033964380621910095e-01
1.260925829410552979e-01
8.720493316650390625e-02
8.600902557373046875e-02
8.449435979127883911e-02
9.251710027456283569e-02
9.968297928571701050e-02
1.651600450277328491e-01
1.756604015827178955e-01
1.498532742261886597e-01
1.601852178573608398e-01
2.954259216785430908e-01
2.070297598838806152e-01
1.188292875885963440e-01
1.600123047828674316e-01
1.834884136915206909e-01
1.082405894994735718e-01
1.665239334106445312e-01
1.261248141527175903e-01
9.288430213928222656e-02
1.056127995252609253e-01
1.132452636957168579e-01
8.816035091876983643e-02
1.076770424842834473e-01
9.536617994308471680e-02
9.567911922931671143e-02
9.716521203517913818e-02
8.865492045879364014e-02
8.213784545660018921e-02
9.348089247941970825e-02
9.106639027595520020e-02
1.449099928140640259e-01
1.057737767696380615e-01
1.964356601238250732e-01
1.835988909006118774e-01
8.654866367578506470e-02
1.555422693490982056e-01
1.775616854429244995e-01
9.636963903903961182e-02
1.505001932382583618e-01
1.276975572109222412e-01
8.879746496677398682e-02
1.076936572790145874e-01
1.010517552495002747e-01
8.890303969383239746e-02
1.118582189083099365e-01
1.072818338871002197e-01
9.831353276968002319e-02
8.535785228013992310e-02
9.624625742435455322e-02
9.621191024780273438e-02
9.938288480043411255e-02
1.095452755689620972e-01
1.621729731559753418e-01
1.069867163896560669e-01
1.349267512559890747e-01
1.239789500832557678e-01
1.613773852586746216e-01
2.331112772226333618e-01
2.144116610288619995e-01
1.634809225797653198e-01
1.538464128971099854e-01
1.107052043080329895e-01
1.393203735351562500e-01
1.375816911458969116e-01
1.404362618923187256e-01
1.103276014328002930e-01
9.413243830204010010e-02
8.637610822916030884e-02
1.202158555388450623e-01
1.094866916537284851e-01
8.954980969429016113e-02
9.288079291582107544e-02
1.202479302883148193e-01
1.034939512610435486e-01
1.357793211936950684e-01
1.143319904804229736e-01
1.458698362112045288e-01
1.569143533706665039e-01
8.919042348861694336e-02
1.350343227386474609e-01
1.644423305988311768e-01
9.857963770627975464e-02
1.329645514488220215e-01
1.136509776115417480e-01
8.738207072019577026e-02
8.541680872440338135e-02
9.417002648115158081e-02
8.795920014381408691e-02
8.898720145225524902e-02
1.025340035557746887e-01
1.076521873474121094e-01
9.636806696653366089e-02
9.459498524665832520e-02
1.018297895789146423e-01
1.244635954499244690e-01
1.370548754930496216e-01
1.084766611456871033e-01
1.104365959763526917e-01
2.022818773984909058e-01
1.299333423376083374e-01
1.144507378339767456e-01
1.801421493291854858e-01
1.809389293193817139e-01
1.260325908660888672e-01
1.034792065620422363e-01
1.263397037982940674e-01
9.317275136709213257e-02
8.622538298368453979e-02
8.516819775104522705e-02
1.066087558865547180e-01
1.158401668071746826e-01
1.018618941307067871e-01
9.445426613092422485e-02
9.347777813673019409e-02
1.216126382350921631e-01
1.055864542722702026e-01
8.751968294382095337e-02
1.492106318473815918e-01
1.010415032505989075e-01
1.988459229469299316e-01
1.704341620206832886e-01
1.009164974093437195e-01
1.884932219982147217e-01
2.650802731513977051e-01
1.734060049057006836e-01
1.113952621817588806e-01
1.045755669474601746e-01
1.081574037671089172e-01
9.742495417594909668e-02
8.702798187732696533e-02
1.024313196539878845e-01
1.419952511787414551e-01
1.606016159057617188e-01
1.241517812013626099e-01
9.586319327354431152e-02
9.390180557966232300e-02
1.015214845538139343e-01
1.272320598363876343e-01
1.947312355041503906e-01
1.182098612189292908e-01
1.364456564188003540e-01
1.147568225860595703e-01
1.415439397096633911e-01
2.004617899656295776e-01
2.366658002138137817e-01
1.744015812873840332e-01
9.488477557897567749e-02
1.090516746044158936e-01
1.303937286138534546e-01
1.543217301368713379e-01
1.362526118755340576e-01
1.133845075964927673e-01
1.113097891211509705e-01
9.569144248962402344e-02
9.727525711059570312e-02
9.083570539951324463e-02
1.008327156305313110e-01
9.737585484981536865e-02
1.058712825179100037e-01
1.297053545713424683e-01
1.042262315750122070e-01
1.679039150476455688e-01
1.185213178396224976e-01
1.209922581911087036e-01
2.070248574018478394e-01
2.011017799377441406e-01
1.367576420307159424e-01
9.937582910060882568e-02
9.431347250938415527e-02
8.747345209121704102e-02
9.307520836591720581e-02
9.853622317314147949e-02
8.243609219789505005e-02
8.517559617757797241e-02
9.419889748096466064e-02
1.364843696355819702e-01
1.342655867338180542e-01
1.220546439290046692e-01
1.225616931915283203e-01
1.421290040016174316e-01
1.128610223531723022e-01
1.374104321002960205e-01
2.114320099353790283e-01
1.284342110157012939e-01
1.328738480806350708e-01
1.939015239477157593e-01
2.120462507009506226e-01
1.660442799329757690e-01
1.103274226188659668e-01
1.106538027524948120e-01
8.822876214981079102e-02
8.537482470273971558e-02
9.195341914892196655e-02
9.020520746707916260e-02
1.052734777331352234e-01
1.075620278716087341e-01
1.103751435875892639e-01
9.100212901830673218e-02
9.166033565998077393e-02
1.054463461041450500e-01
1.031296253204345703e-01
1.208503618836402893e-01
1.660321354866027832e-01
1.961818486452102661e-01
1.519522964954376221e-01
1.116239577531814575e-01
2.000383436679840088e-01
2.034246474504470825e-01
1.688331663608551025e-01
1.034797504544258118e-01
9.137449413537979126e-02
9.338884055614471436e-02
1.023773849010467529e-01
9.361277520656585693e-02
1.386633962392807007e-01
1.501257717609405518e-01
1.245717629790306091e-01
1.321177631616592407e-01
1.032076105475425720e-01
9.741526842117309570e-02
1.535763740539550781e-01
1.947450339794158936e-01
1.002446711063385010e-01
1.246824339032173157e-01
1.431918591260910034e-01
2.603812813758850098e-01
2.575998902320861816e-01
2.060167193412780762e-01
1.159707531332969666e-01
1.025065630674362183e-01
9.480295330286026001e-02
8.502783626317977905e-02
8.677359670400619507e-02
9.257560223340988159e-02
1.377561986446380615e-01
1.309998780488967896e-01
1.065886840224266052e-01
9.209176898002624512e-02
9.583637118339538574e-02
9.006024897098541260e-02
9.051845222711563110e-02
1.376759111881256104e-01
9.634856134653091431e-02
1.643129736185073853e-01
1.117310374975204468e-01
1.151209846138954163e-01
1.750342696905136108e-01
1.929311305284500122e-01
1.049932613968849182e-01
1.018174290657043457e-01
1.285980641841888428e-01
1.005380973219871521e-01
9.193301945924758911e-02
8.781589567661285400e-02
1.008848398923873901e-01
1.096494197845458984e-01
1.023467630147933960e-01
9.689852595329284668e-02
8.458791673183441162e-02
8.634947240352630615e-02
8.440632373094558716e-02
1.002681702375411987e-01
9.389492869377136230e-02
1.148755326867103577e-01
1.383992135524749756e-01
1.971129029989242554e-01
1.451431810855865479e-01
1.272726505994796753e-01
1.572495102882385254e-01
1.970306783914566040e-01
9.648003429174423218e-02
1.418771594762802124e-01
1.545583158731460571e-01
9.727237373590469360e-02
8.440576493740081787e-02
9.024534374475479126e-02
1.015245318412780762e-01
1.050682961940765381e-01
9.463629871606826782e-02
9.158524125814437866e-02
8.894004672765731812e-02
1.087483167648315430e-01
9.335397928953170776e-02
9.094727784395217896e-02
1.030828878283500671e-01
1.176522523164749146e-01
1.900965869426727295e-01
1.026968955993652344e-01
1.419286876916885376e-01
1.285961121320724487e-01
1.297142356634140015e-01
1.797343790531158447e-01
2.126650214195251465e-01
1.377586275339126587e-01
1.394529342651367188e-01
1.194859519600868225e-01
8.789947628974914551e-02
9.217169135808944702e-02
1.240255832672119141e-01
1.112849265336990356e-01
1.270866394042968750e-01
1.219080537557601929e-01
8.827996253967285156e-02
1.064456179738044739e-01
1.631383746862411499e-01
1.225216984748840332e-01
8.517210930585861206e-02
8.605787158012390137e-02
1.215391606092453003e-01
1.803025156259536743e-01
1.271670013666152954e-01
1.002709865570068359e-01
1.133388131856918335e-01
1.268883496522903442e-01
1.890973001718521118e-01
2.058907300233840942e-01
1.324794441461563110e-01
1.025689244270324707e-01
1.062060594558715820e-01
8.528397977352142334e-02
9.152278304100036621e-02
9.206634014844894409e-02
9.902700781822204590e-02
1.150169745087623596e-01
1.052832901477813721e-01
9.022469073534011841e-02
8.121111243963241577e-02
8.632080256938934326e-02
9.305948019027709961e-02
8.848296105861663818e-02
1.000746786594390869e-01
9.642852097749710083e-02
9.881708025932312012e-02
1.300503015518188477e-01
1.466617286205291748e-01
1.030553206801414490e-01
1.468196660280227661e-01
1.116518676280975342e-01
2.270219624042510986e-01
2.255749404430389404e-01
1.798551529645919800e-01
1.621154397726058960e-01
9.320729225873947144e-02
9.513586014509201050e-02
1.183318495750427246e-01
1.175770983099937439e-01
1.421363353729248047e-01
9.668912738561630249e-02
8.621262013912200928e-02
1.066230237483978271e-01
1.401001811027526855e-01
1.302694380283355713e-01
1.317416280508041382e-01
1.500885486602783203e-01
1.608597040176391602e-01
1.610891520977020264e-01
1.684196144342422485e-01
1.641587615013122559e-01
1.119919791817665100e-01
1.406563520431518555e-01
1.962260007858276367e-01
1.646190583705902100e-01
1.012026667594909668e-01
1.670479774475097656e-01
2.038004696369171143e-01
1.199066787958145142e-01
1.384438872337341309e-01
1.424959897994995117e-01
1.219088509678840637e-01
1.017708182334899902e-01
8.446159213781356812e-02
9.685106575489044189e-02
1.304497867822647095e-01
1.189230978488922119e-01
9.587825089693069458e-02
8.609057962894439697e-02
8.990903943777084351e-02
8.843770623207092285e-02
8.229323476552963257e-02
8.241932839155197144e-02
8.283437788486480713e-02
8.311259001493453979e-02
1.490425020456314087e-01
9.418196231126785278e-02
1.771932393312454224e-01
1.599065214395523071e-01
8.751380443572998047e-02
1.527464687824249268e-01
2.223645150661468506e-01
2.113498300313949585e-01
1.623739600181579590e-01
1.326022893190383911e-01
2.501056790351867676e-01
2.222161889076232910e-01
1.388440430164337158e-01
1.282850503921508789e-01
1.763444393873214722e-01
1.854630857706069946e-01
2.258978784084320068e-01
2.156102508306503296e-01
1.384334713220596313e-01
9.488824754953384399e-02
8.803352713584899902e-02
1.156376898288726807e-01
1.397022753953933716e-01
1.690815985202789307e-01
2.202503681182861328e-01
2.232744842767715454e-01
9.043151885271072388e-02
1.340816766023635864e-01
1.013006344437599182e-01
1.410767138004302979e-01
1.830881386995315552e-01
1.144289448857307434e-01
9.422487765550613403e-02
1.069820299744606018e-01
1.144359037280082703e-01
1.113903820514678955e-01
1.040738001465797424e-01
1.074341684579849243e-01
1.330153644084930420e-01
1.027559340000152588e-01
9.778329730033874512e-02
1.015776544809341431e-01
8.973742276430130005e-02
9.235806763172149658e-02
8.778743445873260498e-02
8.207963407039642334e-02
8.129310607910156250e-02
9.483180195093154907e-02
1.612276136875152588e-01
1.228862106800079346e-01
1.088707745075225830e-01
1.257940530776977539e-01
1.087017953395843506e-01
1.835805177688598633e-01
2.237651050090789795e-01
1.297399103641510010e-01
