7.555924776337410265e+01
7.567250592832571954e+01
7.561044089712400762e+01
7.558374170750408894e+01
7.539238214379773240e+01
7.523760574463898365e+01
7.546926998803259323e+01
7.539040194884287871e+01
7.542616706816849614e+01
7.532800039140857962e+01
7.540690419171431813e+01
7.553413648097935607e+01
7.557443728857663245e+01
7.571801379669399523e+01
7.549448624805395980e+01
7.557351984385165622e+01
7.580001299249683200e+01
7.584372613069410818e+01
7.564602644713814072e+01
7.538953601242477021e+01
7.536027007239893294e+01
7.547106445296429911e+01
7.532196801238656292e+01
7.521797568189286665e+01
7.495954265611257483e+01
7.506156983341281830e+01
7.505565647143535557e+01
7.518980986089388807e+01
7.508312106621090720e+01
7.498863487488537771e+01
7.506125702639623398e+01
7.509769163977129836e+01
7.506387169848487417e+01
7.517323583420777311e+01
7.518921952105097262e+01
7.533522045527520561e+01
7.585128703928856453e+01
7.612154090828768460e+01
7.640385913791266148e+01
7.649570645178354766e+01
7.638244821487980118e+01
7.649317694626954278e+01
7.633151853521518149e+01
7.646193167940262470e+01
7.637478523089869498e+01
7.633683405202391725e+01
7.654163760636072311e+01
7.645691736954466933e+01
7.616647412592165267e+01
7.599247511388561804e+01
7.581046978551141535e+01
7.593682837342029757e+01
7.600913116555690863e+01
7.614692233322591619e+01
7.604206699974378125e+01
7.607354923610219544e+01
7.623429250052159034e+01
7.656450335407743069e+01
7.658145435857905170e+01
7.649625290860947757e+01
7.660528691166989290e+01
7.666269948606978346e+01
7.677331411180522025e+01
7.669694394561312834e+01
7.679929320602396103e+01
7.644459784877187758e+01
7.663087345753690727e+01
7.668242905312746416e+01
7.671810646289341662e+01
7.656672094410498630e+01
7.652899685255427187e+01
7.672615210172511979e+01
7.672918722199757724e+01
7.680537152507145038e+01
7.662388574403018993e+01
7.663144737266540574e+01
7.680661295250961018e+01
7.691616426811874874e+01
7.723024083017882901e+01
7.716218687742905047e+01
7.720270028175436039e+01
7.718633925222977155e+01
7.726079300899959890e+01
7.728429426720249751e+01
7.695778561331101741e+01
7.688984272608125536e+01
7.699669929247210121e+01
7.687889256360719514e+01
7.700697704961092427e+01
7.692037328609853830e+01
7.676948485144326639e+01
7.680875237036552505e+01
7.689078218697774503e+01
7.690305112474436555e+01
7.680259219053257880e+01
7.669109690113133126e+01
7.686612048990400581e+01
7.682896248399907790e+01
7.692627124247833592e+01
7.676647060756415897e+01
7.691800791556727290e+01
7.702038335359456767e+01
7.697220023743568618e+01
7.707424716142833176e+01
7.692148631072916487e+01
7.694968387341729965e+01
7.704498315608692849e+01
7.692726702331417243e+01
7.678053114657885203e+01
7.651732158764723124e+01
7.617451358978168230e+01
7.610534005285880710e+01
7.593803769619755428e+01
7.594330328555243170e+01
7.567118465638056080e+01
7.560600785060850626e+01
7.570537336107533122e+01
7.562688141908043349e+01
7.557753198514238591e+01
7.547509496284062891e+01
7.542595505804037259e+01
7.546828059158886504e+01
7.550673592217000873e+01
7.552211880015788381e+01
7.548398724294874285e+01
7.530827526995344101e+01
7.544567457942682154e+01
7.556494491721089446e+01
7.552199156397320223e+01
7.544118281532615811e+01
7.519432867669122800e+01
7.499255245986883267e+01
7.501369334619093365e+01
7.487839627138392018e+01
7.408375243764754714e+01
7.400899006004681269e+01
7.401318589260283431e+01
7.401258711303688642e+01
7.404181482944818526e+01
7.409963586034173488e+01
7.389930101907498283e+01
7.397925290754977823e+01
7.405208248030528750e+01
7.406536559722701440e+01
7.408081538714451142e+01
7.416567696938791698e+01
7.415898443898444725e+01
7.431935198242220508e+01
7.440316140042747861e+01
7.431711026615968763e+01
7.427582796195248704e+01
7.436687114535624232e+01
7.442934425151275946e+01
7.422113451333267165e+01
7.387149017413344154e+01
7.357339074061947315e+01
7.349009023789992057e+01
7.342027745322296539e+01
7.336415050784856362e+01
7.321778055724701062e+01
7.310450361604208069e+01
7.318325558556347232e+01
7.321643424017766222e+01
7.331609157593500470e+01
7.320882357754177860e+01
7.321730572005161264e+01
7.327286640555574593e+01
7.349037608802758825e+01
7.359532642178132278e+01
7.385142308363890606e+01
7.386098329321818312e+01
7.384655202667134688e+01
7.377212595170013287e+01
7.390795063726481828e+01
7.398058121955317290e+01
7.388091405961840508e+01
7.400619313913696828e+01
7.385549604098741838e+01
7.380764934393704380e+01
7.350906416803000809e+01
7.330651366410187109e+01
7.300693479007539111e+01
7.318334211566327951e+01
7.336549183428448373e+01
7.330080441353793219e+01
7.319988884166475884e+01
7.321886371832279394e+01
7.344529224508548282e+01
7.357515357469611672e+01
7.336152065901697483e+01
7.343743617176481564e+01
7.342620364346129236e+01
7.360215523518274949e+01
7.373640364409945391e+01
7.362710197501007769e+01
7.385658477582175863e+01
7.395619900920490863e+01
7.407057093849546447e+01
7.428865071208339543e+01
7.427215014279886418e+01
7.422629074198242449e+01
7.429451562295724898e+01
7.412464672059253701e+01
7.422418226786562911e+01
7.421783201299020050e+01
7.395628442171518202e+01
7.407294055534472932e+01
7.390258108725444686e+01
7.410270128765195352e+01
7.399093302135126748e+01
7.399648342301968285e+01
7.400453189258931275e+01
7.411744426194850632e+01
7.432588216251214419e+01
7.415881258594193071e+01
7.415862667009250231e+01
7.438047149086855825e+01
7.478585299627077632e+01
7.520736741822801719e+01
7.505116582595506713e+01
7.517463364802028991e+01
7.508458803847763363e+01
7.507690863152143379e+01
7.508607856880611564e+01
7.505433968544562617e+01
7.479896720121426767e+01
7.480536117102728610e+01
7.479579393544179311e+01
7.483465569595453815e+01
7.467940926615695219e+01
7.457947424106779977e+01
7.449356692681971026e+01
7.456152027464698051e+01
7.473413734577974310e+01
7.455035907652266758e+01
7.460543887730190704e+01
7.462063632702376026e+01
7.453822536569684587e+01
7.486867399929039379e+01
7.498406914806706425e+01
7.504221584235938280e+01
7.500299322843403615e+01
7.529830385904936918e+01
7.542819270799240883e+01
7.541952675335750200e+01
7.552640581569382050e+01
7.540345255999477558e+01
7.541226201895719328e+01
7.541571160321160505e+01
7.536237402750877834e+01
7.514749823704019605e+01
7.511504628487807622e+01
7.498239905339447375e+01
7.508791026724323103e+01
7.491729385356835280e+01
7.496882295478252445e+01
7.495893851517703865e+01
7.497034536398088278e+01
7.513326099657791701e+01
7.515741421463864924e+01
7.521677958172335821e+01
7.509268630030697977e+01
7.517667826868952829e+01
7.532812039432745621e+01
7.537789886802245576e+01
7.538871606104532930e+01
7.538701525901447553e+01
7.539126721985014967e+01
7.560522578354475343e+01
7.562183882025742321e+01
7.594509315923153281e+01
7.589521916555266046e+01
7.583393547002432911e+01
7.571266256967271602e+01
7.565784099586241496e+01
7.513041450777203067e+01
7.474139516223399937e+01
7.485661740340644599e+01
7.489555956087170330e+01
7.477904100388251152e+01
7.477032696168851089e+01
7.455326743547502133e+01
7.473153787744155352e+01
7.485934828198095659e+01
7.489922442965624327e+01
7.483492584370877410e+01
7.481737279938091945e+01
7.500154556990857202e+01
7.511607084397303424e+01
7.510663035679341704e+01
7.515750735209554989e+01
7.505481202391678153e+01
7.513947334030318359e+01
7.517155422813725352e+01
7.489311914587017327e+01
7.466395251876194550e+01
7.454627621113520775e+01
7.438000758662774103e+01
7.430942956161818813e+01
7.414124155087478130e+01
7.396564634787178250e+01
7.388207307269536273e+01
7.399980220540967935e+01
7.414804308027245838e+01
7.423446491649943368e+01
7.422498298726949884e+01
7.412777630444871590e+01
7.406689289852673141e+01
7.449167757307291993e+01
7.421930729305297803e+01
7.444108545188340997e+01
7.432924551689941950e+01
7.447419825556329442e+01
7.467799204672134294e+01
7.473841371670441447e+01
7.473057974620553523e+01
7.435322061855670484e+01
7.424992567634525642e+01
7.421960959766686017e+01
7.402337178762591918e+01
7.366764957828149818e+01
7.372744759883256904e+01
7.361529104269064305e+01
7.379191586921849932e+01
7.361085628177318085e+01
7.382248669277893782e+01
7.371338545921344121e+01
7.369654174359997967e+01
7.388027242602368005e+01
7.384749082820100341e+01
7.393883704957029579e+01
7.391403750186513832e+01
7.397973533216145370e+01
7.425050360430851981e+01
7.419516021361815206e+01
7.422814160170796072e+01
7.419491330240516902e+01
7.432822162585634373e+01
7.440073372158063592e+01
7.433868613138686499e+01
7.403096563227693139e+01
7.395508639147539043e+01
7.376003906379315822e+01
7.386877340668809211e+01
7.377175210557729201e+01
7.383094294573129446e+01
7.366396660537692753e+01
7.382954244470931826e+01
7.402788552782725162e+01
7.409437440829138666e+01
7.423683243712635260e+01
7.413712680364386642e+01
7.428019163503141442e+01
7.456451693185778140e+01
7.449622938592857224e+01
7.453003621623416564e+01
7.459996328560463041e+01
7.456133822765291086e+01
7.476640043688989579e+01
7.471590659294204784e+01
7.463798045493403777e+01
7.456367379732850509e+01
7.427635519863082436e+01
7.443749691961426151e+01
7.430175288725337168e+01
7.411635961560351404e+01
7.400988516246900417e+01
7.400925173165099125e+01
7.414222852393292840e+01
7.410126209782892204e+01
7.412320837927232731e+01
7.415556732424202835e+01
7.440208801689487927e+01
7.482924710256989442e+01
7.482731611797822779e+01
7.500810081008100383e+01
7.509177479930936272e+01
7.505240651279298447e+01
7.539508868643839890e+01
7.536520888888888692e+01
7.535339634307923973e+01
7.517925032989764134e+01
7.523992580160764021e+01
7.504827646391483142e+01
7.469912184787808940e+01
7.445485976422175156e+01
7.439059424109973406e+01
7.449274521183980369e+01
7.453676591274660268e+01
7.443347284407241204e+01
7.447714578821383213e+01
7.443030804687246871e+01
7.438607297424343301e+01
7.468411725494659947e+01
7.473309236028195812e+01
7.483229875026756872e+01
7.485016690352644275e+01
7.493897226915814258e+01
7.522802897496113417e+01
7.518766393375014445e+01
7.524545290242018325e+01
7.532934913785977926e+01
7.523106591287434242e+01
7.529927574575037852e+01
7.522242109757299033e+01
7.499287892524519350e+01
7.495312448311224784e+01
7.500908622780352175e+01
7.509560637927893367e+01
7.512497118582672329e+01
7.494428442103530585e+01
7.486026222316795042e+01
7.482610188895249337e+01
7.499508169934641444e+01
7.496458031661323673e+01
7.504994871627891939e+01
7.505027724028033731e+01
7.519587662390452465e+01
7.548764938939885383e+01
7.550752975269850253e+01
7.547390094239814573e+01
7.559308427511557227e+01
7.567052061093775706e+01
7.580207274277655927e+01
7.575102749259059465e+01
7.563530820064607951e+01
7.545826235093696255e+01
7.550075275043428746e+01
7.546200277063131523e+01
7.555733328939346904e+01
7.543564161146632330e+01
7.535854323339134453e+01
7.548982899480699871e+01
7.552829939169532736e+01
7.564131500656506546e+01
7.554626929603453789e+01
7.557629784134552153e+01
7.556750156750156577e+01
7.577873529946904796e+01
7.588980985693682157e+01
7.575627050130876228e+01
7.568335446059629135e+01
7.590796498325430264e+01
7.608412808795283411e+01
7.595803644721721071e+01
7.602493170522990340e+01
7.592501859657822649e+01
7.577750349707891075e+01
7.575863493637415047e+01
7.566256400157541862e+01
7.565803202606849709e+01
7.554070055080971713e+01
7.550147160951090086e+01
7.552364389233954967e+01
7.551344682542311659e+01
7.547247230771762361e+01
7.549459576307825159e+01
7.563883013879710404e+01
7.569731864339284755e+01
7.579744652628089341e+01
7.583861433775517469e+01
7.591772688719252926e+01
7.621580226614719322e+01
7.593955028760676385e+01
7.588888317035511477e+01
7.577513338831568035e+01
7.560158002209352901e+01
7.545226455429792622e+01
7.551288137844028370e+01
7.540602335993128236e+01
7.538224354929764104e+01
7.517678790085051332e+01
7.517720152167051140e+01
7.513406243328900302e+01
7.521424674745003358e+01
7.510392758211317243e+01
7.506724615689120128e+01
7.501311312964492117e+01
7.531943068489530901e+01
7.532981534728340023e+01
7.529294794637998223e+01
7.520409375051542611e+01
7.516444920138316377e+01
7.537624528643647182e+01
7.539557520663885271e+01
7.539493076897657886e+01
7.520068630348404781e+01
7.497826768535172448e+01
7.486224163123245035e+01
7.465827598696124312e+01
7.450956890598796178e+01
7.433227000760305714e+01
7.423487215087354230e+01
7.425666131886670485e+01
7.416709397495316125e+01
7.418320560034503330e+01
7.397475955590014962e+01
7.409289266541513541e+01
7.433650039588282254e+01
7.432499464765074038e+01
7.435210314315901314e+01
7.432236472415958417e+01
7.443600485428822822e+01
7.471751441427569773e+01
7.504850038821977876e+01
7.487541840442479213e+01
7.488345141880586198e+01
7.470861687870929302e+01
7.462480200296357680e+01
7.451889350023428449e+01
7.437559453032105239e+01
7.411185744785677798e+01
7.395954510943121818e+01
7.396143147008770313e+01
7.388185286282764253e+01
7.388195491185530273e+01
7.380672199986877047e+01
7.378271864429044058e+01
7.396450462590176755e+01
7.401995755112785957e+01
7.424511377741001183e+01
7.413521806189085339e+01
7.413416613387104803e+01
7.437399827803164953e+01
7.450222820845388583e+01
7.459921675463988322e+01
7.489165970011205786e+01
7.496076850009858106e+01
7.502025401542489647e+01
7.493650137028801339e+01
7.473422746237393710e+01
7.444411249269798247e+01
7.430643429420996426e+01
7.434645915164264807e+01
7.437569966548537082e+01
7.432898789604249146e+01
7.428077088645319748e+01
7.405545122071760034e+01
7.433946756011818024e+01
7.422833942481022973e+01
7.432934389815336829e+01
7.411083719554284244e+01
7.437239801879186984e+01
7.438795788224824435e+01
7.447466277199777096e+01
7.460256707903552353e+01
7.449939178748725510e+01
7.459410181507861637e+01
7.480741577818176324e+01
7.490049398979087414e+01
7.502683510857897886e+01
7.504649659356506675e+01
7.486725031563560151e+01
7.481320589353926209e+01
7.473389925867090255e+01
7.470172319247578230e+01
7.445641093752594486e+01
7.442671712644822435e+01
7.458636718296062895e+01
7.460289163859521011e+01
7.451981800973049985e+01
7.444308190652475332e+01
7.458215067312156066e+01
7.473679231190560301e+01
7.480862806191785808e+01
7.491010099335002792e+01
7.484072361943225360e+01
7.496190396659707744e+01
7.515339120003999085e+01
7.527144739695407338e+01
7.530892791681941389e+01
7.526862370062370644e+01
7.534477029160089501e+01
7.562946144307785801e+01
7.553082094181154105e+01
7.539375481107131804e+01
7.527855375263656867e+01
7.516887417218542566e+01
7.526551386839530267e+01
7.523181643977139288e+01
7.548825065274151314e+01
7.573750179830240370e+01
7.556719113177184965e+01
7.553240329519131535e+01
7.553802023394423770e+01
7.550742978308062447e+01
7.556221113269475609e+01
7.562088814425294458e+01
7.571104432261047634e+01
7.593060828690235553e+01
7.578070952709133223e+01
7.588723358521139062e+01
7.588557263098944361e+01
7.614088863892013137e+01
7.615876636255454457e+01
7.617438093034019175e+01
7.617828982242247093e+01
7.611670978266242571e+01
7.624766655143463367e+01
7.620524241621406247e+01
7.616456767385136573e+01
7.588842838196285356e+01
7.588689215996798509e+01
7.594750534391621954e+01
7.595659568791582217e+01
7.592407659588776880e+01
7.572663204128325276e+01
7.581818637693271512e+01
7.592942234958930214e+01
7.599001650027501853e+01
7.606987719560629557e+01
7.611276272008292665e+01
7.637121714545010320e+01
7.625783303361460241e+01
7.630416117942841936e+01
7.647759239416977550e+01
7.621853088480801830e+01
7.636622744915126759e+01
7.640087185692264882e+01
7.647171156237048706e+01
7.631361418185439049e+01
7.604868579736003653e+01
7.588173176718670732e+01
7.593804793493116279e+01
7.591931186090663175e+01
7.590861588287340567e+01
7.562544099378881413e+01
7.548478802170077984e+01
7.553992408042833517e+01
7.575691817638862346e+01
7.565701960265776904e+01
7.551653569360576057e+01
7.558587429479013053e+01
7.580253934664726501e+01
7.581422195873062719e+01
7.590404048784535007e+01
7.588481002225334748e+01
7.571882656888072916e+01
7.595248092238995241e+01
7.592375822069466551e+01
7.617965473684209599e+01
7.619331496721997610e+01
7.605728317140628292e+01
7.596135205222211084e+01
7.594428641313210449e+01
7.569971509971510670e+01
7.546717460317459825e+01
7.542134585973344940e+01
7.549376205787781657e+01
7.553425356011217673e+01
7.546158746337113143e+01
7.559961008672837579e+01
7.522931429389448965e+01
7.508275452863775001e+01
7.518070922960622227e+01
7.517233905652071257e+01
7.516323189359799528e+01
7.528137826197112759e+01
7.539149215099668311e+01
7.551656656994398986e+01
7.556920169261904618e+01
7.559032014116459663e+01
7.546032889007972244e+01
7.572759880773958230e+01
7.552015574128151343e+01
7.535821519325932627e+01
7.508546365914787657e+01
7.480976600530432563e+01
7.481576240028334723e+01
7.473287429081298683e+01
7.471361004510872306e+01
7.464671146406027447e+01
7.461268635393382453e+01
7.475594047659402008e+01
7.473266940382070800e+01
7.476722560975609611e+01
7.464273219631984091e+01
7.478886804886703032e+01
7.488385517765212285e+01
7.486481200472096020e+01
7.500825455773124872e+01
7.491422834193917879e+01
7.485980598903415739e+01
7.503057085882312549e+01
7.511682187505300590e+01
7.497926868258535649e+01
7.481479025319254106e+01
7.451424021144299559e+01
7.460147098424666012e+01
7.456101410171561383e+01
7.452210232620679164e+01
7.441602054173799274e+01
7.434093286982347593e+01
7.442917044044143893e+01
7.443504770223057676e+01
7.472789883137440370e+01
7.463787437008073766e+01
7.458745880137217910e+01
7.466769184229102052e+01
7.488434581412238344e+01
7.491537594806854372e+01
7.488585157680739712e+01
7.495657857250590439e+01
7.515282986991046243e+01
7.509997125805196561e+01
7.486330681110905516e+01
7.473782322122697508e+01
7.463269043177656670e+01
7.453775187739984176e+01
7.452646691848839566e+01
7.448124465720636067e+01
7.444752228832483354e+01
7.442116344619145707e+01
7.459247696771238623e+01
7.472560569584592827e+01
7.475367559675393636e+01
7.481463564201274608e+01
7.478769481235266881e+01
7.510481804202973422e+01
7.506772393139122812e+01
7.524247199769541794e+01
7.510245249144676905e+01
7.528701839402108931e+01
7.516432323987962150e+01
7.505226712037431014e+01
7.507117510229723223e+01
7.475850409487885884e+01
7.467035776569987604e+01
7.479217416486380898e+01
7.485031792988542065e+01
7.487325098662293499e+01
7.485605943352422287e+01
7.474165885261274411e+01
7.494449305948765527e+01
7.512637522457009709e+01
7.522824254601800931e+01
7.517568302297132732e+01
7.512547464062923552e+01
7.533442254671705030e+01
7.549866414149954608e+01
7.566083773199386542e+01
7.550659867518254487e+01
7.573956735327071499e+01
7.573552550163529418e+01
7.550730784864711609e+01
7.536895669812153642e+01
7.534273689400743024e+01
7.519363245756146341e+01
7.532717316906229144e+01
7.535167817931899492e+01
7.528253495777377680e+01
7.518039080657656825e+01
7.523704533701085495e+01
7.534217824494128024e+01
7.553108768054669042e+01
7.540240943120214467e+01
7.525877434450485737e+01
7.529153594267002347e+01
7.555926310945994828e+01
7.578562287781322482e+01
7.596424579084046513e+01
7.577449180890299374e+01
7.560182894579700985e+01
7.563116252840957543e+01
7.555778920133451493e+01
7.555678993296643853e+01
7.539085624131840291e+01
7.523612692693372139e+01
7.545005052321498340e+01
7.546288590948785213e+01
7.559679164591312883e+01
7.549132350449076512e+01
7.573985167504902449e+01
7.594386634194526664e+01
7.598369041058143125e+01
7.591944487120397866e+01
7.590741151764525796e+01
7.586127030014455386e+01
7.602176738141650958e+01
7.613653224841449685e+01
7.623103660833533013e+01
7.620507213149447523e+01
7.616961646600822178e+01
7.628299039275592008e+01
7.617698761486215631e+01
7.623470624977036891e+01
7.570569986984970967e+01
7.556844334627604098e+01
7.526203763568925353e+01
7.544267499615955330e+01
7.556339278095400402e+01
7.545167764512144970e+01
7.536586894297376205e+01
7.547482002259201295e+01
7.559728598093124674e+01
7.570825497044600638e+01
7.568312895271006369e+01
7.558994439527776876e+01
7.577091284854748210e+01
7.584599184328408228e+01
7.586024870709132983e+01
7.570864507490166773e+01
7.541163247635540756e+01
7.534749542353137031e+01
7.529152950219742024e+01
7.509197396963124049e+01
7.486644424055384661e+01
7.489129164231442815e+01
7.495873158851691187e+01
7.496303589606661433e+01
7.494125382873883723e+01
7.492887428983225107e+01
7.486738027036535925e+01
7.509356362661662843e+01
7.515100548446069695e+01
7.524233466933867476e+01
7.523203708041900484e+01
7.540991558308938636e+01
7.523105619823395784e+01
7.547289213096313176e+01
7.549711605935611658e+01
7.550272309767298395e+01
7.525297415561330183e+01
7.516738655419483450e+01
7.503868720515377788e+01
7.510243993611310032e+01
7.473205896370940593e+01
7.460413704380796673e+01
7.466225840996787610e+01
7.465184064720079959e+01
7.478578609279422551e+01
7.456689746461664470e+01
7.458527171325579275e+01
7.465150899986466015e+01
7.485872994334950192e+01
7.504525189478376035e+01
7.494778658681819650e+01
7.507568826986002364e+01
7.514434803402451735e+01
7.515508431272355949e+01
7.531483097988873965e+01
7.512204751324559027e+01
7.511132555637158248e+01
7.511269564037779389e+01
7.516022325074871446e+01
7.499940967127123770e+01
7.484088206313072078e+01
7.461948841633262930e+01
7.469954876544252897e+01
7.476703746973468867e+01
7.482604948286351032e+01
7.475952906301056089e+01
7.471022241590264912e+01
7.489942186845412664e+01
7.493385924362711137e+01
7.511412459720730794e+01
7.498371690923436006e+01
7.485000665380265161e+01
7.512276557604998573e+01
7.522253985336652704e+01
7.538113436253135546e+01
7.519020608176143128e+01
7.524291402745340918e+01
7.530748062735300152e+01
7.523113453798353589e+01
7.533330513063491196e+01
7.500145471768327354e+01
7.479197387469280045e+01
7.484141343717585926e+01
7.473756686973690933e+01
7.475072346042544780e+01
7.465694146283743748e+01
7.474058947655026941e+01
7.484520413015420104e+01
7.490595712227776914e+01
7.498463441078810376e+01
7.503400933389903571e+01
7.512426398012320305e+01
7.516206603131381314e+01
7.525094192322052322e+01
7.548337467261026745e+01
7.568987731171510802e+01
7.587763400440958605e+01
7.572281529960838498e+01
7.573305369721424540e+01
7.552761126092855193e+01
7.521464807140031894e+01
7.513344534392342666e+01
7.512577814062659343e+01
7.511739945466939616e+01
7.511921599292830365e+01
7.512667766683109960e+01
7.487852893091302064e+01
7.511679043960734248e+01
7.518412584912407226e+01
7.516993274384623192e+01
7.527286577537360301e+01
7.515794662587114772e+01
7.557711801766920701e+01
7.583371997442688439e+01
7.591494064978729739e+01
7.580251152031431161e+01
7.584554849547180311e+01
7.572688634787402862e+01
7.574403029559240963e+01
7.581291916090633265e+01
7.572453616701405110e+01
7.575638449516547723e+01
7.582029958859313012e+01
7.591805340380933842e+01
7.604877108610656933e+01
7.585081804112314785e+01
7.587403153769028563e+01
7.583037965499102029e+01
7.579213146003954193e+01
7.552381529931560067e+01
7.542059250405532111e+01
7.549155365215322888e+01
7.556238367625714147e+01
7.576838404696486862e+01
7.572528142192128087e+01
7.582973096679042158e+01
7.575866229374479133e+01
7.591865808038535590e+01
7.602894313946730165e+01
7.603079941984472612e+01
7.591957666547369854e+01
7.587877245661356085e+01
7.594173404905890834e+01
7.573421619438647667e+01
7.587707658195462557e+01
7.554334273791623389e+01
7.557045120240823621e+01
7.550931084419457306e+01
7.539294590269975060e+01
7.540991309620048355e+01
7.543194865455285480e+01
7.547495767856226223e+01
7.557575653370012958e+01
7.561639658775565920e+01
7.552566766589453096e+01
7.554493911914886439e+01
7.551812737788544894e+01
7.569938681830639382e+01
7.561364601920298867e+01
7.587704124114259230e+01
7.567269396478610588e+01
7.558507164729566341e+01
7.556472650062350738e+01
7.557756033035425958e+01
7.547321081373526397e+01
7.522461006363224101e+01
7.503729780839496755e+01
7.491835389555518532e+01
7.491670056267371081e+01
7.489216181622204260e+01
7.485131459655485742e+01
7.468729581664963746e+01
7.488809949711431102e+01
7.484204578040922229e+01
7.513306554558916162e+01
7.489857739160065364e+01
7.480196335301224053e+01
7.486451306735364142e+01
7.502416892808685134e+01
7.520006452598869373e+01
7.512543180464562909e+01
7.536654879400431639e+01
7.563548733244820710e+01
7.571972552607502394e+01
7.561013323665366670e+01
7.526819720113418555e+01
7.520288126261698380e+01
7.491083900060492340e+01
7.502770042770042380e+01
7.485674683311914634e+01
7.466840707320622528e+01
7.451914724192847927e+01
7.436805811443912262e+01
7.430378182704190237e+01
7.429226888464684464e+01
7.425847059024749797e+01
7.422662870313877193e+01
7.443881899696566506e+01
7.442776596103853137e+01
7.459745441688974665e+01
7.459336667455140457e+01
7.464536591095971119e+01
7.479171210468919639e+01
7.498354455911520233e+01
7.506902127229548682e+01
7.465361576816249567e+01
7.445075111244939592e+01
7.430921818363206910e+01
7.425510084721688031e+01
7.419434303513413909e+01
7.409124539700316348e+01
7.395972339348962521e+01
7.401156946739972398e+01
7.408936766095290238e+01
7.407878144176950741e+01
7.420123269712087222e+01
7.440678357996584680e+01
7.453843762571773368e+01
7.490560778312199375e+01
7.474150648982197254e+01
7.453896423301243601e+01
7.447678210902313367e+01
7.452738603380569771e+01
7.464834377186545566e+01
7.479987400609537929e+01
7.463055427919879037e+01
7.460299791716461471e+01
7.457103825136611874e+01
7.436947432309403894e+01
7.438340107601234763e+01
7.419896064065429186e+01
7.405575631541267967e+01
7.398136572709046277e+01
7.409815030266241820e+01
7.406635302846351010e+01
7.398706496225874218e+01
7.392292480182339887e+01
7.420860291144359167e+01
7.424856593332434329e+01
7.436494277022372046e+01
7.437049335063795752e+01
7.451071018312048011e+01
7.452053551930926290e+01
7.473390823844607667e+01
7.484017758046614688e+01
7.478264387579650929e+01
7.480411471961419068e+01
7.500067831705966626e+01
7.498737469520455079e+01
7.491135300467794877e+01
7.497436223101207986e+01
7.480595375405063407e+01
7.471016833566633863e+01
7.444008390874923009e+01
7.435403246585931925e+01
7.440329027499014103e+01
7.432801300145411005e+01
7.439398024126811038e+01
7.450912810023011446e+01
7.479874899868764260e+01
7.468932536293765168e+01
7.458403504006518858e+01
7.475108607113766368e+01
7.490452150263470799e+01
7.496835270922564121e+01
7.491430219929405609e+01
7.495886054421768563e+01
7.518841864747808756e+01
7.518246259755308358e+01
7.508012300621790303e+01
7.497849025974025494e+01
7.476704641207994939e+01
7.468097238389258052e+01
7.470640389097172829e+01
7.478383643324185925e+01
7.460877901109989807e+01
7.457115339519613428e+01
7.473752207923290314e+01
7.485225585087314926e+01
7.506469040033246642e+01
7.509160928515653666e+01
7.522743630344034216e+01
7.542951349780183534e+01
7.555807467386414089e+01
7.565458327963619922e+01
7.567052481655758811e+01
7.569142846759099541e+01
7.580778126400716133e+01
7.567707106054477606e+01
7.569606277341850387e+01
7.546278295153287274e+01
7.546967176945791778e+01
7.545433199885133035e+01
7.539490725126475468e+01
7.533720616049716057e+01
7.503263731656184632e+01
7.492095154660017897e+01
7.507084759548581587e+01
7.501234381043674659e+01
7.515482561358183489e+01
7.516873973245716911e+01
7.510474314953208363e+01
7.508014839820184250e+01
7.530488152532993240e+01
7.536615911494618558e+01
7.528517008621265916e+01
7.530470900181245497e+01
7.549571601370875840e+01
7.551408721211818431e+01
7.563766155695822135e+01
7.551347517730496861e+01
7.556324550397322071e+01
7.562096074242222699e+01
7.565803592255656440e+01
7.560237220180421502e+01
7.534704284500142535e+01
7.527289466195745149e+01
7.508252012788109653e+01
7.524280307571112303e+01
7.544032595370303795e+01
7.531119351437814657e+01
7.551182146946044327e+01
7.508331586303283700e+01
7.497236673773986126e+01
7.516617060989760546e+01
7.499549343498517828e+01
7.485416666666667140e+01
7.503509862562586363e+01
7.513911894125716628e+01
7.532225252204172250e+01
7.515761680441232784e+01
7.515676614505920838e+01
7.524550998525667467e+01
7.533736879170999146e+01
7.517911590440050418e+01
7.498377167510163588e+01
7.492537463373797380e+01
7.468607376136419873e+01
7.465014093848449761e+01
7.481749150736028753e+01
7.461978844643483910e+01
7.444371432364263796e+01
7.458773155076656280e+01
7.479320571582637456e+01
7.490663834866251136e+01
7.480381549484997095e+01
7.496129435952444453e+01
7.476117170241263921e+01
7.480022048437660942e+01
7.483679484776719448e+01
7.474623830825538562e+01
7.469449552117950475e+01
7.478508040751030705e+01
7.485756890340957170e+01
7.497651621063843663e+01
7.485805031340851201e+01
7.456804445638304912e+01
7.438915259903058086e+01
7.431663299888144536e+01
7.418461461344382712e+01
7.406842149524850072e+01
7.387974503061309406e+01
7.394228411133320833e+01
7.397301414581066581e+01
7.406783600307660720e+01
7.395174683798099124e+01
7.409497347391041444e+01
7.408855798060334052e+01
7.419211731740466576e+01
7.435864964729593396e+01
7.422895971417599981e+01
7.418815417843495652e+01
7.437906860290435418e+01
7.448737318870857393e+01
7.467827295717563629e+01
7.463826679649464779e+01
7.477121160985487336e+01
7.470010470496842458e+01
7.453001854036743623e+01
7.457549699023724088e+01
7.432369523873639139e+01
7.410295384303591959e+01
7.405375366272608062e+01
7.400133781501364183e+01
7.413021409957248409e+01
7.418905247945080816e+01
7.425911194677465232e+01
7.436544427508293609e+01
7.433340948631882839e+01
7.415513724676762308e+01
7.412310229339861678e+01
7.414143248742915659e+01
7.428160602258468259e+01
7.446998404467490218e+01
7.468371079849679006e+01
7.448009646196028655e+01
7.456293151861517288e+01
7.464913530347203618e+01
7.484187691896941885e+01
7.477056355708245405e+01
7.458763552097988736e+01
7.443036908595492207e+01
7.423093800521296259e+01
7.422433203118561096e+01
7.417225519287833890e+01
7.397161155447894032e+01
7.387424247441799707e+01
7.385898306207261044e+01
7.380429721279851663e+01
7.398258029395753965e+01
7.387657886437949628e+01
7.380409342246430526e+01
7.411006603962377426e+01
7.417776561152034276e+01
7.417179179978701598e+01
7.431858984002808199e+01
7.418649111432513621e+01
7.431887032959757278e+01
7.450488853476751672e+01
7.466711567883989176e+01
7.459000066507050519e+01
7.472678903963820574e+01
7.469225768814067123e+01
7.459920634920635507e+01
7.462212050849440459e+01
7.444199493434646797e+01
7.428072081710436692e+01
7.411136287904031406e+01
7.426374709686042763e+01
7.430058390032107241e+01
7.425622023115610659e+01
7.418960887332166010e+01
7.442755888029239486e+01
7.454168194277134774e+01
7.490605205053027760e+01
7.482230318850037065e+01
7.490010875475802266e+01
7.509513519402929660e+01
7.516486961564248759e+01
7.508114980253547799e+01
7.492193065989489753e+01
7.484332052480354491e+01
7.485467613587746882e+01
7.503954686941878549e+01
7.516594809222746676e+01
7.501585790770799633e+01
7.489043007641642191e+01
7.484165874847290922e+01
7.484729534031859544e+01
7.478338901008999073e+01
7.466436828574833839e+01
7.449103021490286380e+01
7.459668856141306037e+01
7.467834059055654450e+01
7.474139789545725421e+01
7.458701338667488301e+01
7.457504993086494949e+01
7.469397040140094646e+01
7.478210355710996282e+01
7.495295926210607718e+01
7.485676531874162265e+01
7.508656133197416693e+01
7.500502862579209307e+01
7.513274231076238152e+01
7.546227657572906367e+01
7.526402617880940227e+01
7.516529791476563105e+01
7.524376642088313361e+01
7.525345170982008369e+01
7.522397198870075385e+01
7.503859188991263807e+01
7.505413027500983958e+01
7.488598871008510116e+01
7.504466749039454498e+01
7.519925097423958960e+01
7.513566643605622630e+01
7.506809312340196527e+01
7.512071111410118363e+01
7.527026752798728637e+01
7.544948725758959540e+01
7.570540237853981580e+01
7.581252709146076540e+01
7.592377525001356275e+01
7.569247244423549148e+01
7.563354291962821208e+01
7.557936548439226954e+01
7.540979020979021641e+01
7.541950311184177735e+01
7.542550697456336195e+01
7.538400641346828479e+01
7.526763122364275205e+01
7.514710044787800314e+01
7.498355502613991064e+01
7.516860348961107263e+01
7.514935931660437518e+01
7.497456749716118907e+01
7.488504240171266702e+01
7.485199250510255808e+01
7.494185227425197127e+01
7.501955228109945040e+01
7.492280077780917225e+01
7.497146811632870822e+01
7.500723567135615610e+01
7.507937199443708209e+01
7.528843247237429637e+01
7.498936911237892389e+01
7.515053745465488078e+01
7.521082901295280010e+01
7.529895128325404130e+01
7.532698852262112155e+01
7.504435504064905160e+01
7.492451404975324181e+01
7.482560820745889885e+01
7.484674290896266768e+01
7.469122085279290957e+01
7.459782773939629408e+01
7.456180684308107232e+01
7.454957986034794715e+01
7.459081988292220444e+01
7.480601323519482548e+01
7.457767656809886603e+01
7.476122891968608997e+01
7.483197818292005365e+01
7.484866627644451853e+01
7.502310579404175428e+01
7.498586554789731906e+01
7.503114532820076477e+01
7.506488899252177305e+01
7.526706137424949361e+01
7.543312091172701628e+01
7.514285475010049709e+01
7.499494044128734060e+01
7.496306105139257170e+01
7.507104613221322609e+01
7.518959719409892273e+01
7.506060880594310447e+01
7.472183842724963654e+01
7.450079802921480621e+01
7.444803514268201639e+01
7.476043869823293164e+01
7.457750426311436343e+01
7.456599996635658556e+01
7.461384545774471633e+01
7.470775186071239204e+01
7.508141607803565876e+01
7.501553743414208952e+01
7.493150315789472415e+01
7.492695643370566927e+01
7.491535519680508060e+01
7.510786398353377535e+01
7.493853910228307313e+01
7.488982170529435223e+01
7.477526916690915471e+01
7.478317667402879465e+01
7.488747636057995294e+01
7.484020364302574535e+01
7.484635308023918299e+01
7.460487779813999509e+01
7.461873949151679142e+01
7.476710700580703417e+01
7.459095791098879147e+01
7.471365483426806975e+01
7.476856588758484179e+01
7.486381948704344325e+01
7.519806860140678850e+01
7.503320373893622275e+01
7.526704147342431384e+01
7.517646479243299495e+01
7.557785577003426170e+01
7.558102384525597017e+01
7.556925555057372890e+01
7.542552240288770804e+01
7.560980718085106389e+01
7.569286855773071920e+01
7.559827461785738478e+01
7.541774482484076714e+01
7.523689965306893157e+01
7.518958292087374673e+01
7.506907357837695827e+01
7.521134012112410971e+01
7.507564977018826369e+01
7.503535808453841582e+01
7.507914363285466663e+01
7.514683676978758342e+01
7.523481369719233669e+01
7.512907941200624862e+01
7.514374711582833299e+01
7.524529515578353767e+01
7.529394989471590804e+01
7.549506356281987962e+01
7.547567693511076925e+01
7.537893881881018388e+01
7.537704863864657057e+01
7.531254309637169797e+01
7.534740249017471569e+01
7.509918089410835762e+01
7.502080195938901852e+01
7.501222049740727016e+01
7.484465634347473895e+01
7.496927948539408249e+01
7.484269885893830576e+01
7.493199808925891148e+01
7.492636335089494537e+01
7.479519262430029869e+01
7.470371892336140718e+01
7.461012795159136601e+01
7.458401299593039369e+01
7.469294006277714004e+01
7.467641428477126908e+01
7.490265574420294570e+01
7.471879634817574356e+01
7.476922316011606995e+01
7.466684145841868769e+01
7.496793627084889522e+01
7.508219246196175334e+01
7.462257644011022251e+01
7.450995923890621953e+01
7.441823748448490505e+01
7.435773617245698119e+01
7.440470147149090963e+01
7.417608153351275746e+01
7.419309000181755209e+01
7.398207109230189360e+01
7.419226548731420223e+01
7.432009322622235459e+01
7.423260569585528401e+01
7.418761893730038537e+01
7.440345028752395251e+01
7.432094252147759050e+01
7.458003098295937150e+01
7.436393878908847910e+01
7.460180656752170592e+01
7.446330980444018621e+01
7.469905630332388569e+01
7.480636534276838745e+01
7.475424051366066180e+01
7.473815206834680680e+01
7.481852751486724173e+01
7.461754310982526306e+01
7.473999666277323684e+01
7.442174743218330946e+01
7.438823099536614336e+01
7.416076491922190428e+01
7.423497909056347055e+01
7.436395876835372576e+01
7.430997897942631880e+01
7.407148966969339199e+01
7.413825607501320292e+01
7.417846204511772612e+01
7.444485281944307076e+01
7.438051896471834823e+01
7.438608870967742348e+01
7.440750444927823537e+01
7.460515998272252602e+01
7.461102192800993294e+01
7.461381918298974369e+01
7.459096467166793332e+01
7.498901648389544050e+01
7.502122683614810228e+01
7.533959334295475685e+01
7.514299445069094929e+01
7.489351296316498008e+01
7.472808766729542640e+01
7.466618302971680521e+01
7.477527013360302988e+01
7.426736617952636266e+01
7.434772657918828997e+01
7.430252427841504925e+01
7.438603139315547708e+01
7.441223133318860050e+01
7.424940900299218072e+01
7.437182667177172846e+01
7.418959315408241650e+01
7.439142979621446727e+01
7.458228369144644887e+01
7.457871919558229479e+01
7.459951552303738254e+01
7.453232971372162297e+01
7.482646104970547185e+01
7.481242880021132180e+01
7.468606246732879583e+01
7.473348882282411410e+01
7.447377774852309074e+01
7.440716365850047964e+01
7.457278909318984006e+01
7.447277070595703208e+01
7.447281544837315437e+01
7.454305140059831558e+01
7.463554402641221941e+01
7.470867881798589849e+01
7.465821438869666338e+01
7.436835447548460820e+01
7.409024566972604475e+01
7.408989128394176760e+01
7.443771305140234062e+01
7.429526199659767371e+01
7.421889481873085970e+01
7.424553452412689580e+01
7.445332580613023765e+01
7.457967078461895483e+01
7.445776346217377295e+01
7.469537464073256672e+01
7.454077217645010478e+01
7.441664607324668168e+01
7.454608298741462136e+01
7.433084589407792464e+01
7.408364875094625290e+01
7.404418926033166315e+01
7.397480991735537259e+01
7.412945084946466068e+01
7.405902310033427227e+01
7.397629046658509822e+01
7.396606683804627380e+01
7.389009097614950861e+01
7.407608588270161931e+01
7.403630113327959350e+01
7.415000250170950835e+01
7.411460896853580493e+01
7.423488237721831240e+01
7.428400118436637456e+01
7.440379367940596467e+01
7.433626413657211174e+01
7.448150359974785317e+01
7.460592349509414589e+01
7.463470687980507989e+01
7.465848236504197644e+01
7.449232118624433951e+01
7.425585005367021552e+01
7.423049798026620749e+01
7.471589220936257902e+01
7.451269317652121060e+01
7.451506425254670773e+01
7.438237122005789104e+01
7.414628680621905232e+01
7.430508068927790077e+01
7.427260654146731156e+01
7.426571124727806250e+01
7.427548600440911741e+01
7.430089466857351965e+01
7.446381189192797478e+01
7.433770377386709072e+01
7.442598292873663013e+01
7.446555516961907983e+01
7.463938750456219395e+01
7.483620115822405694e+01
7.470159483545479873e+01
7.465697520222781236e+01
7.446062953197099432e+01
7.448770485053115920e+01
7.458491066836980110e+01
7.425949190166899427e+01
7.424907816496694579e+01
7.424498651342794631e+01
7.444728099318062675e+01
7.446178087468048545e+01
7.420793457157093087e+01
7.436748318184153561e+01
7.433784679159376196e+01
7.445541288726586515e+01
7.449251772990749032e+01
7.447365532381996900e+01
7.444603876007479926e+01
7.475553167169933033e+01
7.498912385631386712e+01
7.540392873458199574e+01
7.543959877889227528e+01
7.547494497899197086e+01
7.527071853248259004e+01
7.504376065894989267e+01
7.525863007731678067e+01
7.473794893526856242e+01
7.435752932891323042e+01
7.407999589589246625e+01
7.410178940590368768e+01
7.429920032188300638e+01
7.416817962256608610e+01
7.407047660558917812e+01
7.399266828119297656e+01
7.414368323695569529e+01
7.413217915190837459e+01
7.423222819593787847e+01
7.410981084739049152e+01
7.425098482455994997e+01
7.436670147695062383e+01
7.453546211227592266e+01
7.451700657731240085e+01
7.458589078656139293e+01
7.454804675890764543e+01
7.465023765754128249e+01
7.457109932017907283e+01
7.432904621175848092e+01
7.427819448833302829e+01
7.413880755922278354e+01
7.410149263766555805e+01
7.416095462050333254e+01
7.413708663660895581e+01
7.405841219680287679e+01
7.404434667692667915e+01
7.402127339068724154e+01
7.427946264324168624e+01
7.438384077315581067e+01
7.437610350076103316e+01
7.445285296517954521e+01
7.449345487755378770e+01
7.457410706710783188e+01
7.456677859710106304e+01
7.463686184020767200e+01
7.467860343224278097e+01
7.472191871183802903e+01
7.492330059337649573e+01
7.474026458616010871e+01
7.459424731816574194e+01
7.442077423267410552e+01
7.440733951183081274e+01
7.451267380859407297e+01
7.434432845733358874e+01
7.422203542377773999e+01
7.428062141718395139e+01
7.438338202323527071e+01
7.448235414116686570e+01
7.442746325530757190e+01
7.450900227604715553e+01
7.435050587080837659e+01
7.455302695536897772e+01
7.477442207307979061e+01
7.481525791364468603e+01
7.473119207090184091e+01
7.476623684299589456e+01
7.486634937185718286e+01
7.505719647657531368e+01
7.503519679287910549e+01
7.485934750236903312e+01
7.476033099807087012e+01
7.479486313514244955e+01
7.477060374552092981e+01
7.467405678724230711e+01
7.459114058983773532e+01
7.459662349597508069e+01
7.460543271839392787e+01
7.467787616601324885e+01
7.480650530785561614e+01
7.461597265486874164e+01
7.469254927258219823e+01
7.474487298506203103e+01
7.498497141025856649e+01
7.500173995303816810e+01
7.490755580995993057e+01
7.503276078192227772e+01
7.494340259608729582e+01
7.522945731145750869e+01
7.517671020969406470e+01
7.493588314961169772e+01
7.473072129748186399e+01
7.463677640976804639e+01
7.470416545195753599e+01
7.474381691923511539e+01
7.486260844313767393e+01
7.472157256225486321e+01
7.479274155932689894e+01
7.476501199548405907e+01
7.475665597992751543e+01
7.454587882607437166e+01
7.459844163780810788e+01
7.460187620403718256e+01
7.475329192546584522e+01
7.478327110281371404e+01
7.483251733645251136e+01
7.467893721734503742e+01
7.488592431709965069e+01
7.505501994680851396e+01
7.496221365162749350e+01
7.469833507975317843e+01
7.454702896386980626e+01
7.445363903313037213e+01
7.460490344977218058e+01
7.432223238792315101e+01
7.438264549559306715e+01
7.418958657958425817e+01
7.428108904824205183e+01
7.446840741478970926e+01
7.437817975313591035e+01
7.448160332000607298e+01
7.432635658914729504e+01
7.442813496726540734e+01
7.454255426382636074e+01
7.460730901490123301e+01
7.460769567265630542e+01
7.461676535587159265e+01
7.468176378377467017e+01
7.498372376026772201e+01
7.487942440728055260e+01
7.494197181199001534e+01
7.470154902453319323e+01
7.465420450920811390e+01
7.474295126927322030e+01
7.455760446056697788e+01
7.435985805868470777e+01
7.435173559822746370e+01
7.421929237869109386e+01
7.453161972655924217e+01
7.449314218645204733e+01
7.443923835772986308e+01
7.442830755797356801e+01
7.437752408494040424e+01
7.480262052170334641e+01
7.493397187326888798e+01
7.515921157902393190e+01
7.495394666381064042e+01
7.484039292183362591e+01
7.480254310858425981e+01
7.493359174891568841e+01
7.504668443169006764e+01
7.483273005353045448e+01
7.501460750853242132e+01
7.515598838202630816e+01
7.507369368145859312e+01
7.481013728274837149e+01
7.463671723719880902e+01
7.457666661039553446e+01
7.454297184690383915e+01
7.448588695948247107e+01
7.429229156451313543e+01
7.428478389579633756e+01
7.427221941780246084e+01
7.447471117678668406e+01
7.438747596721421473e+01
7.439882334989232504e+01
7.429740602959246587e+01
7.434331514897188242e+01
7.455586980169023548e+01
7.456392905958387018e+01
7.452605917955615666e+01
7.444985456563041737e+01
7.451897619934318584e+01
7.472563864766883057e+01
7.470330299966296650e+01
7.468728250819533798e+01
7.462914804280103453e+01
7.453282679380697573e+01
7.454943377233453816e+01
7.448546781014641738e+01
7.423598944769506147e+01
7.397475698765597940e+01
7.394864349264767611e+01
7.403768822941545125e+01
7.395404365005340708e+01
7.382615705775529591e+01
7.379591559346224017e+01
7.371788068277842854e+01
7.381619684986141294e+01
7.389156585851428360e+01
7.388299280477870923e+01
7.407304650152107683e+01
7.412848834107039409e+01
7.449914045354792336e+01
7.442309640995945585e+01
7.445002108041721556e+01
7.454660264540677872e+01
7.434154026525976633e+01
7.483549172970893437e+01
7.465300988319856401e+01
7.445469330033586175e+01
7.431420156723875436e+01
7.409721548798226820e+01
7.396108942755408577e+01
7.374666123640312776e+01
7.339160696703221731e+01
7.317003869164294372e+01
7.304735858671648430e+01
7.311458564100816204e+01
7.295838297872340661e+01
7.295989838195427524e+01
7.272961650016112856e+01
7.277437651321470469e+01
7.290928640917547909e+01
7.291099893280029676e+01
7.292832497662955404e+01
7.280031025724076699e+01
7.272756426485729264e+01
7.310676883780332957e+01
7.321494787598899734e+01
7.335190737103278025e+01
7.353892875865435030e+01
7.379972219176079307e+01
7.391811351035890709e+01
7.404095026807173952e+01
7.399709333620411655e+01
7.362837004405285768e+01
7.332600858369097807e+01
7.333647858086432336e+01
7.327344100493495205e+01
7.286679849308762869e+01
7.269385102197895776e+01
7.260263695134399597e+01
7.275049076017057814e+01
7.264787642188866812e+01
7.276432526069088169e+01
7.262510781511610958e+01
7.259487733270341892e+01
7.294980412195538122e+01
7.292327335452884540e+01
7.284861310176206928e+01
7.280066854624955397e+01
7.285106347148078498e+01
7.305705771432418771e+01
7.305307337751909813e+01
7.314136806717010586e+01
7.302777261278926346e+01
7.305981213505967276e+01
7.333186527623097106e+01
7.337417476385549264e+01
7.348349607211629575e+01
7.341487477416841045e+01
7.336151699228369694e+01
7.354262121378201300e+01
7.341847091898208078e+01
7.330107625288282236e+01
7.289123035701354070e+01
7.277075021373610753e+01
7.267683247449784290e+01
7.261954793668348884e+01
7.246757403169468148e+01
7.243043455848240342e+01
7.254211769503967844e+01
7.284984052660152543e+01
7.296897593428599293e+01
7.289815832642776172e+01
7.294626381425530326e+01
7.297961744556738495e+01
7.318289822299475134e+01
7.325585244738708468e+01
7.314266911901187029e+01
7.320494193396146443e+01
7.323328315036283698e+01
7.336396557241751282e+01
7.339423531796985856e+01
7.319465661812132851e+01
7.291273624492262684e+01
7.280472323975759252e+01
7.283179207303720659e+01
7.276171155179117989e+01
7.263605896988879351e+01
7.256082068861219625e+01
7.257813106509374279e+01
7.278346629707255033e+01
7.273617984359957234e+01
7.271007160385920542e+01
7.272917794316644802e+01
7.296609728604873624e+01
7.333385772666449043e+01
7.338294719340731831e+01
7.365653151095436613e+01
7.328544342288842017e+01
7.321318975225224790e+01
7.335157883821013058e+01
7.326774408246156156e+01
7.341871811169708906e+01
7.322878621505195440e+01
7.338957263794921460e+01
7.346769612761687540e+01
7.335554043711199768e+01
7.317517334686284869e+01
7.290413839891452596e+01
7.277125214175445933e+01
7.294450485964793529e+01
7.287055120242345652e+01
