0.00919
0.01024
0.00915
0.00761
0.00687
0.00671
0.00621
0.00504
0.00366
0.00258
0.00180
0.00096
-0.00002
-0.00092
-0.00151
-0.00179
-0.00188
-0.00181
-0.00148
-0.00083
0.00009
0.00127
0.00261
0.00412
0.00577
0.00744
0.00914
0.01072
0.01213
0.01333
0.01416
0.01464
0.01463
0.01412
0.01307
0.01141
0.00916
0.00633
0.00291
-0.00103
-0.00543
-0.01025
-0.01532
-0.02061
-0.02596
-0.03119
-0.03627
-0.04091
-0.04509
-0.04861
-0.05130
-0.05313
-0.05388
-0.05358
-0.05209
-0.04939
-0.04552
-0.04043
-0.03426
-0.02706
-0.01895
-0.01010
-0.00068
0.00911
0.01904
0.02890
0.03845
0.04743
0.05570
0.06298
0.06913
0.07401
0.07744
0.07947
0.07994
0.07894
0.07649
0.07264
0.06761
0.06144
0.05439
0.04661
0.03829
0.02973
0.02103
0.01247
0.00420
-0.00362
-0.01081
-0.01728
-0.02296
-0.02773
-0.03163
-0.03462
-0.03670
-0.03801
-0.03851
-0.03837
-0.03765
-0.03642
-0.03491
-0.03308
-0.03112
-0.02913
-0.02712
-0.02528
-0.02355
-0.02203
-0.02074
-0.01965
-0.01881
-0.01815
-0.01765
-0.01729
-0.01698
-0.01670
-0.01640
-0.01598
-0.01545
-0.01474
-0.01380
-0.01266
-0.01124
-0.00958
-0.00767
-0.00550
-0.00316
-0.00062
0.00205
0.00479
0.00759
0.01035
0.01305
0.01563
0.01801
0.02021
0.02210
0.02370
0.02496
0.02583
0.02634
0.02641
0.02609
0.02535
0.02419
0.02267
0.02076
0.01853
0.01600
0.01321
0.01023
0.00709
0.00387
0.00061
-0.00261
-0.00574
-0.00870
-0.01147
-0.01396
-0.01614
-0.01798
-0.01942
-0.02048
-0.02110
-0.02130
-0.02110
-0.02047
-0.01949
-0.01814
-0.01649
-0.01458
-0.01244
-0.01015
-0.00774
-0.00527
-0.00280
-0.00036
0.00199
0.00421
0.00627
0.00814
0.00979
0.01123
0.01240
0.01334
0.01403
0.01446
0.01468
0.01466
0.01445
0.01404
0.01345
0.01273
0.01185
0.01088
0.00980
0.00864
0.00744
0.00619
0.00492
0.00365
0.00239
0.00115
-0.00004
-0.00118
-0.00224
-0.00322
-0.00412
-0.00490
-0.00558
-0.00613
-0.00657
-0.00688
-0.00706
-0.00714
-0.00709
-0.00694
-0.00670
-0.00637
-0.00599
-0.00555
-0.00510
-0.00463
-0.00416
-0.00373
-0.00334
-0.00300
-0.00274
-0.00255
-0.00244
-0.00242
-0.00247
-0.00260
-0.00280
-0.00305
-0.00334
-0.00365
-0.00397
-0.00427
-0.00454
-0.00475
-0.00489
-0.00494
-0.00488
-0.00471
-0.00442
-0.00399
-0.00342
-0.00272
-0.00189
-0.00094
0.00012
0.00127
0.00249
0.00377
0.00507
0.00637
0.00764
0.00885
0.00998
0.01099
0.01187
0.01258
0.01310
0.01342
0.01353
0.01342
0.01308
0.01251
0.01174
0.01075
0.00959
0.00826
0.00679
0.00523
0.00359
0.00191
0.00024
-0.00140
-0.00297
-0.00442
-0.00575
-0.00690
-0.00786
-0.00862
-0.00916
-0.00947
-0.00954
-0.00940
-0.00904
-0.00847
-0.00775
-0.00686
-0.00586
-0.00477
-0.00363
-0.00248
-0.00134
-0.00026
0.00073
0.00161
0.00234
0.00291
0.00330
0.00349
0.00349
0.00329
0.00291
0.00235
0.00163
0.00078
-0.00018
-0.00122
-0.00228
-0.00336
-0.00440
-0.00538
-0.00626
-0.00699
-0.00757
-0.00795
-0.00813
-0.00809
-0.00782
-0.00732
-0.00658
-0.00564
-0.00450
-0.00318
-0.00171
-0.00014
0.00152
0.00322
0.00491
0.00658
0.00815
0.00962
0.01092
0.01204
0.01296
0.01361
0.01404
0.01417
0.01404
0.01362
0.01291
0.01195
0.01071
0.00922
0.00751
0.00559
0.00349
0.00123
-0.00115
-0.00363
-0.00617
-0.00873
-0.01128
-0.01378
-0.01619
-0.01845
-0.02057
-0.02243
-0.02406
-0.02538
-0.02634
-0.02695
-0.02710
-0.02685
-0.02611
-0.02488
-0.02319
-0.02099
-0.01835
-0.01527
-0.01179
-0.00799
-0.00391
0.00036
0.00474
0.00913
0.01344
0.01756
0.02143
0.02491
0.02795
0.03048
0.03241
0.03375
0.03442
0.03447
0.03387
0.03266
0.03092
0.02866
0.02600
0.02299
0.01973
0.01632
0.01283
0.00936
0.00599
0.00278
-0.00020
-0.00290
-0.00529
-0.00733
-0.00903
-0.01038
-0.01137
-0.01206
-0.01244
-0.01256
-0.01246
-0.01215
-0.01171
-0.01114
-0.01049
-0.00979
-0.00905
-0.00833
-0.00759
-0.00687
-0.00618
-0.00551
-0.00488
-0.00426
-0.00366
-0.00308
-0.00252
-0.00197
-0.00144
-0.00093
-0.00045
-0.00001
0.00041
0.00075
0.00104
0.00125
0.00137
0.00140
0.00133
0.00115
0.00088
0.00051
0.00005
-0.00049
-0.00107
-0.00170
-0.00232
-0.00294
-0.00351
-0.00401
-0.00441
-0.00469
-0.00482
-0.00478
-0.00456
-0.00415
-0.00355
-0.00276
-0.00179
-0.00066
0.00062
0.00199
0.00347
0.00497
0.00646
0.00792
0.00924
0.01046
0.01146
0.01222
0.01270
0.01284
0.01264
0.01204
0.01103
0.00962
0.00778
0.00553
0.00290
-0.00009
-0.00340
-0.00695
-0.01072
-0.01459
-0.01851
-0.02237
-0.02606
-0.02953
-0.03261
-0.03527
-0.03737
-0.03882
-0.03959
-0.03953
-0.03869
-0.03699
-0.03440
-0.03100
-0.02675
-0.02178
-0.01613
-0.00992
-0.00327
0.00367
0.01075
0.01780
0.02467
0.03120
0.03719
0.04257
0.04713
0.05082
0.05354
0.05520
0.05585
0.05540
0.05395
0.05153
0.04820
0.04413
0.03936
0.03409
0.02843
0.02254
0.01658
0.01067
0.00497
-0.00041
-0.00537
-0.00980
-0.01365
-0.01687
-0.01942
-0.02131
-0.02256
-0.02316
-0.02322
-0.02274
-0.02184
-0.02058
-0.01902
-0.01731
-0.01545
-0.01358
-0.01176
-0.01004
-0.00852
-0.00718
-0.00612
-0.00533
-0.00481
-0.00459
-0.00464
-0.00493
-0.00545
-0.00614
-0.00697
-0.00788
-0.00881
-0.00973
-0.01057
-0.01126
-0.01181
-0.01212
-0.01221
-0.01202
-0.01154
-0.01080
-0.00976
-0.00846
-0.00692
-0.00517
-0.00326
-0.00123
0.00086
0.00297
0.00504
0.00700
0.00881
0.01042
0.01177
0.01285
0.01360
0.01403
0.01410
0.01382
0.01320
0.01226
0.01102
0.00952
0.00781
0.00593
0.00393
0.00188
-0.00017
-0.00216
-0.00404
-0.00575
-0.00726
-0.00851
-0.00949
-0.01016
-0.01052
-0.01057
-0.01030
-0.00973
-0.00890
-0.00781
-0.00653
-0.00508
-0.00353
-0.00190
-0.00025
0.00135
0.00289
0.00430
0.00556
0.00663
0.00748
0.00811
0.00849
0.00862
0.00852
0.00820
0.00766
0.00695
0.00609
0.00511
0.00406
0.00296
0.00187
0.00081
-0.00016
-0.00103
-0.00177
-0.00235
-0.00275
-0.00297
-0.00301
-0.00286
-0.00253
-0.00204
-0.00142
-0.00067
0.00016
0.00105
0.00197
0.00288
0.00376
0.00458
0.00531
0.00592
0.00640
0.00673
0.00690
0.00691
0.00675
0.00642
0.00594
0.00530
0.00454
0.00366
0.00269
0.00164
0.00054
-0.00059
-0.00174
-0.00287
-0.00397
-0.00501
-0.00599
-0.00689
-0.00769
-0.00839
-0.00896
-0.00941
-0.00973
-0.00991
-0.00996
-0.00986
-0.00963
-0.00925
-0.00873
-0.00810
-0.00733
-0.00646
-0.00548
-0.00442
-0.00329
-0.00210
-0.00087
0.00037
0.00161
0.00283
0.00401
0.00513
0.00615
0.00708
0.00789
0.00857
0.00910
0.00948
0.00969
0.00974
0.00962
0.00934
0.00891
0.00833
0.00762
0.00679
0.00588
0.00488
0.00384
0.00278
0.00170
0.00065
-0.00036
-0.00131
-0.00217
-0.00295
-0.00362
-0.00417
-0.00461
-0.00494
-0.00515
-0.00526
-0.00528
-0.00522
-0.00509
-0.00491
-0.00469
-0.00445
-0.00420
-0.00396
-0.00372
-0.00351
-0.00331
-0.00315
-0.00301
-0.00289
-0.00278
-0.00269
-0.00260
-0.00250
-0.00240
-0.00228
-0.00215
-0.00200
-0.00182
-0.00163
-0.00143
-0.00121
-0.00099
-0.00077
-0.00055
-0.00035
-0.00016
0.00000
0.00014
0.00025
0.00033
0.00038
0.00041
0.00042
0.00041
0.00038
0.00034
0.00029
0.00024
0.00019
0.00013
0.00008
0.00002
-0.00004
-0.00011
-0.00019
-0.00028
-0.00040
-0.00052
-0.00067
-0.00085
-0.00103
-0.00125
-0.00147
-0.00169
-0.00191
-0.00210
-0.00227
-0.00237
-0.00241
-0.00237
-0.00221
-0.00194
-0.00154
-0.00099
-0.00030
0.00054
0.00152
0.00265
0.00389
0.00523
0.00664
0.00809
0.00955
0.01098
0.01234
0.01359
0.01469
0.01560
0.01630
0.01675
0.01693
0.01684
0.01645
0.01578
0.01483
0.01363
0.01221
0.01058
0.00881
0.00693
0.00499
0.00304
0.00113
-0.00069
-0.00237
-0.00389
-0.00520
-0.00630
-0.00713
-0.00772
-0.00808
-0.00818
-0.00810
-0.00783
-0.00743
-0.00696
-0.00643
-0.00595
-0.00553
-0.00525
-0.00516
-0.00529
-0.00569
-0.00640
-0.00740
-0.00873
-0.01037
-0.01226
-0.01442
-0.01674
-0.01919
-0.02168
-0.02409
-0.02641
-0.02845
-0.03016
-0.03147
-0.03221
-0.03241
-0.03191
-0.03073
-0.02882
-0.02614
-0.02276
-0.01867
-0.01396
-0.00869
-0.00296
0.00311
0.00938
0.01574
0.02203
0.02810
0.03383
0.03904
0.04369
0.04761
0.05073
0.05301
0.05432
0.05480
0.05430
0.05290
0.05068
0.04759
0.04387
0.03945
0.03449
0.02910
0.02330
0.01731
0.01112
0.00485
-0.00139
-0.00757
-0.01359
-0.01939
-0.02495
-0.03018
-0.03503
-0.03954
-0.04354
-0.04711
-0.05015
-0.05259
-0.05453
-0.05575
-0.05636
-0.05625
-0.05536
-0.05379
-0.05136
-0.04819
-0.04421
-0.03944
-0.03398
-0.02779
-0.02100
-0.01369
-0.00595
0.00208
0.01025
0.01844
0.02644
0.03411
0.04129
0.04776
0.05347
0.05819
0.06184
0.06436
0.06561
0.06569
0.06447
0.06207
0.05854
0.05393
0.04847
0.04219
0.03533
0.02805
0.02050
0.01292
0.00543
-0.00177
-0.00853
-0.01472
-0.02022
-0.02494
-0.02884
-0.03184
-0.03394
-0.03520
-0.03558
-0.03521
-0.03410
-0.03237
-0.03016
-0.02748
-0.02456
-0.02141
-0.01817
-0.01500
-0.01188
-0.00900
-0.00635
-0.00400
-0.00201
-0.00036
0.00091
0.00182
0.00239
0.00266
0.00265
0.00243
0.00202
0.00149
0.00090
0.00026
-0.00033
-0.00089
-0.00134
-0.00168
-0.00191
-0.00197
-0.00191
-0.00172
-0.00140
-0.00099
-0.00048
0.00007
0.00065
0.00124
0.00179
0.00229
0.00273
0.00307
0.00330
0.00342
0.00343
0.00332
0.00309
0.00277
0.00236
0.00188
0.00134
0.00078
0.00022
-0.00034
-0.00086
-0.00133
-0.00172
-0.00204
-0.00226
-0.00239
-0.00241
-0.00234
-0.00218
-0.00194
-0.00164
-0.00129
-0.00090
-0.00050
-0.00009
0.00029
0.00064
0.00095
0.00120
0.00140
0.00153
0.00162
0.00165
0.00163
0.00160
0.00154
0.00148
0.00145
0.00144
0.00147
0.00157
0.00173
0.00196
0.00226
0.00264
0.00308
0.00357
0.00411
0.00467
0.00524
0.00579
0.00631
0.00676
0.00714
0.00741
0.00757
0.00759
0.00747
0.00720
0.00677
0.00620
0.00548
0.00462
0.00365
0.00258
0.00143
0.00023
-0.00100
-0.00222
-0.00342
-0.00456
-0.00562
-0.00658
-0.00742
-0.00812
-0.00868
-0.00909
-0.00935
-0.00945
-0.00941
-0.00924
-0.00894
-0.00854
-0.00804
-0.00748
-0.00687
-0.00621
-0.00554
-0.00486
-0.00419
-0.00354
-0.00291
-0.00231
-0.00173
-0.00118
-0.00066
-0.00015
0.00034
0.00083
0.00132
0.00181
0.00231
0.00282
0.00333
0.00386
0.00439
0.00490
0.00540
0.00587
0.00630
0.00667
0.00697
0.00719
0.00731
0.00734
0.00726
0.00707
0.00677
0.00635
0.00585
0.00525
0.00458
0.00385
0.00309
0.00230
0.00152
0.00075
0.00003
-0.00064
-0.00125
-0.00178
-0.00224
-0.00262
-0.00293
-0.00317
-0.00336
-0.00350
-0.00362
-0.00372
-0.00383
-0.00394
-0.00409
-0.00426
-0.00447
-0.00472
-0.00500
-0.00531
-0.00562
-0.00592
-0.00621
-0.00645
-0.00661
-0.00668
-0.00664
-0.00647
-0.00615
-0.00567
-0.00503
-0.00423
-0.00328
-0.00219
-0.00098
0.00031
0.00166
0.00304
0.00438
0.00567
0.00685
0.00788
0.00872
0.00934
0.00971
0.00982
0.00965
0.00919
0.00847
0.00749
0.00629
0.00491
0.00337
0.00174
0.00007
-0.00159
-0.00317
-0.00464
-0.00592
-0.00699
-0.00781
-0.00834
-0.00858
-0.00849
-0.00811
-0.00742
-0.00647
-0.00526
-0.00386
-0.00229
-0.00062
0.00110
0.00282
0.00448
0.00603
0.00742
0.00860
0.00953
0.01019
0.01055
0.01060
0.01033
0.00976
0.00889
0.00776
0.00640
0.00484
0.00312
0.00131
-0.00056
-0.00243
-0.00423
-0.00594
-0.00750
-0.00887
-0.01001
-0.01089
-0.01151
-0.01182
-0.01185
-0.01158
-0.01105
-0.01024
-0.00921
-0.00798
-0.00657
-0.00505
-0.00344
-0.00178
-0.00014
0.00148
0.00300
0.00442
0.00570
0.00681
0.00774
0.00849
0.00903
0.00937
0.00952
0.00948
0.00928
0.00893
0.00844
0.00785
0.00715
0.00641
0.00560
0.00476
0.00392
0.00306
0.00223
0.00141
0.00062
-0.00014
-0.00085
-0.00153
-0.00217
-0.00277
-0.00332
-0.00382
-0.00428
-0.00469
-0.00505
-0.00535
-0.00559
-0.00578
-0.00589
-0.00593
-0.00591
-0.00580
-0.00563
-0.00537
-0.00504
-0.00465
-0.00419
-0.00368
-0.00311
-0.00252
-0.00190
-0.00126
-0.00063
-0.00002
0.00057
0.00111
0.00161
0.00204
0.00240
0.00269
0.00289
0.00302
0.00308
0.00305
0.00297
0.00283
0.00264
0.00242
0.00217
0.00191
0.00165
0.00139
0.00115
0.00092
0.00072
0.00053
0.00035
0.00019
0.00002
-0.00015
-0.00033
-0.00054
-0.00077
-0.00103
-0.00134
-0.00167
-0.00204
-0.00245
-0.00286
-0.00329
-0.00370
-0.00409
-0.00444
-0.00471
-0.00492
-0.00502
-0.00500
-0.00486
-0.00457
-0.00415
-0.00358
-0.00287
-0.00203
-0.00107
-0.00001
0.00112
0.00231
0.00352
0.00472
0.00588
0.00696
0.00795
0.00881
0.00951
0.01005
0.01039
0.01053
0.01047
0.01019
0.00973
0.00907
0.00823
0.00725
0.00613
0.00491
0.00361
0.00228
0.00093
-0.00041
-0.00169
-0.00290
-0.00401
-0.00500
-0.00584
-0.00652
-0.00703
-0.00737
-0.00753
-0.00751
-0.00732
-0.00697
-0.00648
-0.00586
-0.00515
-0.00435
-0.00349
-0.00262
-0.00174
-0.00089
-0.00009
0.00064
0.00127
0.00179
0.00219
0.00245
0.00258
0.00257
0.00243
0.00217
0.00181
0.00136
0.00084
0.00027
-0.00032
-0.00090
-0.00146
-0.00197
-0.00241
-0.00276
-0.00300
-0.00313
-0.00314
-0.00303
-0.00280
-0.00245
-0.00200
-0.00147
-0.00086
-0.00021
0.00048
0.00115
0.00181
0.00241
0.00295
0.00339
0.00371
0.00391
0.00397
0.00389
0.00367
0.00330
0.00281
0.00220
0.00149
0.00070
-0.00015
-0.00102
-0.00191
-0.00278
-0.00361
-0.00438
-0.00507
-0.00566
-0.00615
-0.00653
-0.00679
-0.00694
-0.00698
-0.00692
-0.00676
-0.00651
-0.00620
-0.00580
-0.00537
-0.00488
-0.00434
-0.00377
-0.00314
-0.00250
-0.00180
-0.00107
-0.00029
0.00054
0.00142
0.00235
0.00334
0.00436
0.00542
0.00652
0.00762
0.00871
0.00978
0.01079
0.01172
0.01254
0.01322
0.01374
0.01405
0.01416
0.01402
0.01363
0.01298
0.01208
0.01093
0.00955
0.00797
0.00621
0.00433
0.00237
0.00040
-0.00154
-0.00339
-0.00507
-0.00654
-0.00775
-0.00864
-0.00917
-0.00935
-0.00912
-0.00852
-0.00755
-0.00623
-0.00465
-0.00281
-0.00085
0.00121
0.00324
0.00512
0.00682
0.00817
0.00911
0.00955
0.00940
0.00862
0.00715
0.00498
0.00212
-0.00140
-0.00557
-0.01020
-0.01533
-0.02073
-0.02625
-0.03180
-0.03706
-0.04203
-0.04637
-0.04992
-0.05259
-0.05407
-0.05439
-0.05331
-0.05079
-0.04684
-0.04138
-0.03453
-0.02634
-0.01694
-0.00651
0.00472
0.01656
0.02868
0.04083
0.05272
0.06397
0.07443
0.08368
0.09156
0.09782
0.10220
0.10472
0.10510
0.10346
0.09971
0.09389
0.08623
0.07673
0.06574
0.05340
0.03999
0.02585
0.01122
-0.00350
-0.01806
-0.03211
-0.04536
-0.05754
-0.06843
-0.07778
-0.08547
-0.09136
-0.09534
-0.09753
-0.09777
-0.09629
-0.09313
-0.08840
-0.08248
-0.07535
-0.06741
-0.05885
-0.04985
-0.04082
-0.03181
-0.02313
-0.01493
-0.00733
-0.00053
0.00547
0.01060
0.01482
0.01818
0.02075
0.02252
0.02371
0.02430
0.02445
0.02434
0.02394
0.02351
0.02301
0.02256
0.02227
0.02204
0.02203
0.02212
0.02233
0.02266
0.02298
0.02330
0.02353
0.02361
0.02351
0.02317
0.02255
0.02166
0.02048
0.01901
0.01733
0.01543
0.01340
0.01131
0.00921
0.00721
0.00534
0.00372
0.00239
0.00140
0.00079
0.00058
0.00078
0.00136
0.00230
0.00354
0.00502
0.00667
0.00837
0.01007
0.01163
0.01298
0.01403
0.01468
0.01490
0.01460
0.01376
0.01238
0.01045
0.00800
0.00509
0.00176
-0.00189
-0.00576
-0.00976
-0.01375
-0.01766
-0.02134
-0.02469
-0.02762
-0.03002
-0.03186
-0.03305
-0.03357
-0.03341
-0.03256
-0.03107
-0.02897
-0.02633
-0.02323
-0.01975
-0.01601
-0.01210
-0.00814
-0.00422
-0.00047
0.00304
0.00620
0.00896
0.01125
0.01302
0.01427
0.01495
0.01511
0.01473
0.01387
0.01258
0.01090
0.00893
0.00670
0.00432
0.00184
-0.00065
-0.00307
-0.00537
-0.00748
-0.00935
-0.01093
-0.01220
-0.01312
-0.01368
-0.01388
-0.01371
-0.01321
-0.01237
-0.01124
-0.00984
-0.00819
-0.00639
-0.00442
-0.00236
-0.00025
0.00188
0.00396
0.00597
0.00786
0.00961
0.01118
0.01254
0.01369
0.01460
0.01526
0.01567
0.01584
0.01576
0.01545
0.01493
0.01419
0.01329
0.01221
0.01102
0.00971
0.00832
0.00689
0.00543
0.00398
0.00255
0.00118
-0.00013
-0.00134
-0.00245
-0.00344
-0.00430
-0.00504
-0.00562
-0.00609
-0.00641
-0.00660
-0.00668
-0.00662
-0.00649
-0.00624
-0.00592
-0.00553
-0.00507
-0.00458
-0.00404
-0.00347
-0.00289
-0.00228
-0.00167
-0.00106
-0.00045
0.00016
0.00076
0.00135
0.00193
0.00250
0.00306
0.00360
0.00413
0.00464
0.00513
0.00560
0.00603
0.00645
0.00681
0.00713
0.00740
0.00759
0.00773
0.00776
0.00770
0.00753
0.00723
0.00681
0.00626
0.00556
0.00473
0.00376
0.00266
0.00145
0.00013
-0.00126
-0.00270
-0.00419
-0.00565
-0.00709
-0.00845
-0.00969
-0.01081
-0.01173
-0.01244
-0.01292
-0.01313
-0.01307
-0.01271
-0.01205
-0.01110
-0.00988
-0.00838
-0.00665
-0.00472
-0.00263
-0.00044
0.00182
0.00405
0.00623
0.00828
0.01010
0.01169
0.01292
0.01379
0.01423
0.01418
0.01365
0.01260
0.01103
0.00896
0.00640
0.00340
0.00003
-0.00367
-0.00759
-0.01164
-0.01574
-0.01973
-0.02356
-0.02706
-0.03012
-0.03269
-0.03457
-0.03579
-0.03619
-0.03575
-0.03447
-0.03227
-0.02925
-0.02540
-0.02080
-0.01553
-0.00971
-0.00348
0.00304
0.00968
0.01629
0.02268
0.02872
0.03423
0.03908
0.04315
0.04631
0.04854
0.04971
0.04988
0.04899
0.04709
0.04427
0.04056
0.03614
0.03107
0.02552
0.01963
0.01355
0.00746
0.00147
-0.00425
-0.00957
-0.01439
-0.01861
-0.02215
-0.02495
-0.02699
-0.02824
-0.02875
-0.02849
-0.02756
-0.02601
-0.02389
-0.02137
-0.01844
-0.01528
-0.01196
-0.00857
-0.00526
-0.00205
0.00092
0.00362
0.00598
0.00794
0.00948
0.01059
0.01126
0.01149
0.01132
0.01076
0.00987
0.00869
0.00725
0.00567
0.00393
0.00214
0.00034
-0.00143
-0.00308
-0.00463
-0.00599
-0.00716
-0.00813
-0.00886
-0.00938
-0.00967
-0.00975
-0.00963
-0.00935
-0.00892
-0.00838
-0.00775
-0.00706
-0.00636
-0.00564
-0.00495
-0.00431
-0.00371
-0.00319
-0.00273
-0.00234
-0.00202
-0.00174
-0.00150
-0.00127
-0.00104
-0.00080
-0.00051
-0.00017
0.00023
0.00073
0.00129
0.00195
0.00268
0.00348
0.00434
0.00523
0.00613
0.00703
0.00787
0.00866
0.00934
0.00990
0.01032
0.01057
0.01064
0.01051
0.01019
0.00967
0.00895
0.00806
0.00701
0.00583
0.00453
0.00317
0.00176
0.00034
-0.00105
-0.00237
-0.00359
-0.00469
-0.00563
-0.00640
-0.00698
-0.00737
-0.00756
-0.00756
-0.00738
-0.00702
-0.00653
-0.00592
-0.00520
-0.00444
-0.00363
-0.00282
-0.00203
-0.00129
-0.00063
-0.00005
0.00043
0.00080
0.00105
0.00119
0.00123
0.00118
0.00104
0.00084
0.00059
0.00032
0.00005
-0.00020
-0.00042
-0.00058
-0.00068
-0.00070
-0.00064
-0.00049
-0.00024
0.00008
0.00048
0.00095
0.00146
0.00201
0.00257
0.00312
0.00366
0.00413
0.00455
0.00487
0.00509
0.00520
0.00518
0.00502
0.00473
0.00429
0.00373
0.00303
0.00223
0.00133
0.00035
-0.00068
-0.00175
-0.00282
-0.00389
-0.00491
-0.00587
-0.00675
-0.00753
-0.00819
-0.00871
-0.00910
-0.00933
-0.00942
-0.00934
-0.00913
-0.00877
-0.00826
-0.00765
-0.00692
-0.00609
-0.00518
-0.00419
-0.00315
-0.00207
-0.00096
0.00017
0.00131
0.00244
0.00355
0.00465
0.00570
0.00672
0.00769
0.00860
0.00944
0.01020
0.01087
0.01145
0.01189
0.01224
0.01244
0.01249
0.01241
0.01214
0.01173
0.01115
0.01039
0.00948
0.00840
0.00718
0.00583
0.00437
0.00281
0.00118
-0.00049
-0.00218
-0.00386
-0.00549
-0.00705
-0.00852
-0.00985
-0.01103
-0.01204
-0.01284
-0.01346
-0.01384
-0.01400
-0.01394
-0.01365
-0.01316
-0.01245
-0.01156
-0.01049
-0.00928
-0.00795
-0.00651
-0.00502
-0.00348
-0.00193
-0.00040
0.00107
0.00247
0.00376
0.00491
0.00592
0.00676
0.00741
0.00787
0.00812
0.00819
0.00804
0.00772
0.00722
0.00657
0.00579
0.00489
0.00392
0.00289
0.00184
0.00079
-0.00023
-0.00118
-0.00206
-0.00282
-0.00348
-0.00399
-0.00437
-0.00459
-0.00467
-0.00460
-0.00437
-0.00403
-0.00355
-0.00296
-0.00228
-0.00151
-0.00070
0.00017
0.00105
0.00193
0.00279
0.00362
0.00438
0.00507
0.00567
0.00616
0.00653
0.00677
0.00687
0.00684
0.00664
0.00631
0.00583
0.00520
0.00444
0.00356
0.00256
0.00147
0.00030
-0.00092
-0.00218
-0.00346
-0.00472
-0.00595
-0.00711
-0.00817
-0.00914
-0.00994
-0.01060
-0.01107
-0.01132
-0.01138
-0.01120
-0.01079
-0.01014
-0.00924
-0.00813
-0.00679
-0.00525
-0.00354
-0.00166
0.00033
0.00242
0.00456
0.00671
0.00883
0.01087
0.01280
0.01457
0.01614
0.01747
0.01853
0.01929
0.01974
0.01985
0.01963
0.01908
0.01819
0.01701
0.01555
0.01385
0.01196
0.00991
0.00777
0.00558
0.00339
0.00128
-0.00074
-0.00258
-0.00423
-0.00566
-0.00683
-0.00776
-0.00840
-0.00880
-0.00898
-0.00892
-0.00873
-0.00840
-0.00800
-0.00762
-0.00725
-0.00701
-0.00693
-0.00705
-0.00744
-0.00812
-0.00911
-0.01045
-0.01209
-0.01405
-0.01628
-0.01872
-0.02136
-0.02405
-0.02675
-0.02937
-0.03174
-0.03386
-0.03552
-0.03668
-0.03724
-0.03707
-0.03617
-0.03443
-0.03185
-0.02844
-0.02418
-0.01917
-0.01344
-0.00710
-0.00028
0.00687
0.01421
0.02154
0.02872
0.03554
0.04182
0.04743
0.05216
0.05597
0.05868
0.06026
0.06065
0.05982
0.05788
0.05479
0.05070
0.04570
0.03994
0.03361
0.02682
0.01983
0.01276
0.00583
-0.00078
-0.00693
-0.01246
-0.01726
-0.02121
-0.02428
-0.02637
-0.02754
-0.02774
-0.02705
-0.02554
-0.02327
-0.02042
-0.01703
-0.01331
-0.00937
-0.00534
-0.00142
0.00232
0.00570
0.00864
0.01105
0.01282
0.01394
0.01435
0.01407
0.01310
0.01149
0.00929
0.00658
0.00346
0.00001
-0.00361
-0.00734
-0.01103
-0.01457
-0.01787
-0.02080
-0.02332
-0.02534
-0.02681
-0.02771
-0.02802
-0.02776
-0.02693
-0.02560
-0.02381
-0.02164
-0.01915
-0.01643
-0.01358
-0.01065
-0.00778
-0.00498
-0.00236
0.00004
0.00219
0.00403
0.00556
0.00678
0.00769
0.00832
0.00870
0.00886
0.00886
0.00873
0.00852
0.00830
0.00808
0.00793
0.00786
0.00789
0.00806
0.00834
0.00876
0.00929
0.00990
0.01059
0.01128
0.01198
0.01263
0.01317
0.01360
0.01385
0.01390
0.01373
0.01329
0.01261
0.01165
0.01043
0.00897
0.00728
0.00539
0.00334
0.00116
-0.00109
-0.00336
-0.00561
-0.00777
-0.00981
-0.01168
-0.01332
-0.01473
-0.01583
-0.01665
-0.01713
-0.01729
-0.01712
-0.01662
-0.01584
-0.01476
-0.01343
-0.01189
-0.01015
-0.00829
-0.00632
-0.00429
-0.00225
-0.00022
0.00173
0.00360
0.00535
0.00694
0.00837
0.00962
0.01066
0.01152
0.01218
0.01264
0.01292
0.01302
0.01297
0.01276
0.01242
0.01197
0.01142
0.01079
0.01009
0.00932
0.00852
0.00768
0.00682
0.00594
0.00504
0.00413
0.00322
0.00230
0.00139
0.00046
-0.00045
-0.00136
-0.00227
-0.00316
-0.00405
-0.00492
-0.00576
-0.00658
-0.00736
-0.00811
-0.00880
-0.00944
-0.01002
-0.01051
-0.01093
-0.01125
-0.01147
-0.01159
-0.01159
-0.01147
-0.01123
-0.01086
-0.01038
-0.00977
-0.00905
-0.00822
-0.00730
-0.00629
-0.00522
-0.00410
-0.00294
-0.00177
-0.00059
0.00055
0.00166
0.00271
0.00369
0.00458
0.00536
0.00605
0.00660
0.00704
0.00736
0.00755
0.00763
0.00760
0.00746
0.00724
0.00693
0.00656
0.00614
0.00568
0.00520
0.00471
0.00422
0.00373
0.00327
0.00283
0.00242
0.00205
0.00171
0.00141
0.00115
0.00093
0.00074
0.00059
0.00046
0.00036
0.00029
0.00022
0.00018
0.00014
0.00010
0.00007
0.00003
-0.00002
-0.00009
-0.00017
-0.00028
-0.00042
-0.00058
-0.00077
-0.00099
-0.00123
-0.00150
-0.00178
-0.00207
-0.00237
-0.00265
-0.00292
-0.00316
-0.00336
-0.00350
-0.00358
-0.00360
-0.00353
-0.00338
-0.00314
-0.00282
-0.00240
-0.00191
-0.00134
-0.00072
-0.00004
0.00066
0.00138
0.00209
0.00278
0.00341
0.00399
0.00448
0.00488
0.00517
0.00532
0.00536
0.00526
0.00503
0.00467
0.00418
0.00359
0.00289
0.00211
0.00127
0.00037
-0.00056
-0.00150
-0.00243
-0.00334
-0.00421
-0.00502
-0.00576
-0.00642
-0.00699
-0.00747
-0.00784
-0.00811
-0.00828
-0.00833
-0.00828
-0.00814
-0.00788
-0.00754
-0.00710
-0.00657
-0.00596
-0.00526
-0.00450
-0.00366
-0.00276
-0.00180
-0.00079
0.00026
0.00134
0.00244
0.00353
0.00462
0.00568
0.00669
0.00763
0.00850
0.00926
0.00991
0.01042
0.01080
0.01102
0.01107
0.01097
0.01069
0.01026
0.00968
0.00896
0.00813
0.00719
0.00619
0.00513
0.00407
0.00301
0.00200
0.00106
0.00022
-0.00049
-0.00105
-0.00145
-0.00168
-0.00172
-0.00158
-0.00125
-0.00077
-0.00014
0.00062
0.00146
0.00238
0.00329
0.00420
0.00504
0.00574
0.00632
0.00668
0.00680
0.00666
0.00619
0.00542
0.00428
0.00280
0.00098
-0.00119
-0.00366
-0.00640
-0.00939
-0.01256
-0.01584
-0.01919
-0.02248
-0.02572
-0.02875
-0.03152
-0.03397
-0.03594
-0.03748
-0.03844
-0.03876
-0.03844
-0.03738
-0.03564
-0.03316
-0.02995
-0.02607
-0.02153
-0.01643
-0.01081
-0.00479
0.00152
0.00801
0.01456
0.02101
0.02725
0.03314
0.03852
0.04333
0.04739
0.05068
0.05308
0.05454
0.05509
0.05463
0.05327
0.05098
0.04785
0.04398
0.03940
0.03430
0.02875
0.02287
0.01683
0.01071
0.00467
-0.00118
-0.00673
-0.01189
-0.01654
-0.02066
-0.02413
-0.02696
-0.02911
-0.03053
-0.03132
-0.03139
-0.03086
-0.02974
-0.02805
-0.02596
-0.02342
-0.02060
-0.01753
-0.01430
-0.01103
-0.00774
-0.00456
-0.00153
0.00128
0.00380
0.00600
0.00783
0.00926
0.01027
0.01088
0.01106
0.01084
0.01024
0.00928
0.00804
0.00651
0.00480
0.00291
0.00092
-0.00110
-0.00312
-0.00505
-0.00688
-0.00854
-0.01000
-0.01123
-0.01220
-0.01291
-0.01333
-0.01348
-0.01335
-0.01298
-0.01236
-0.01152
-0.01052
-0.00935
-0.00807
-0.00670
-0.00528
-0.00384
-0.00241
-0.00102
0.00031
0.00156
0.00271
0.00375
0.00467
0.00547
0.00614
0.00668
0.00709
0.00740
0.00757
0.00765
0.00762
0.00749
0.00730
0.00702
0.00668
0.00629
0.00585
0.00539
0.00490
0.00440
0.00391
0.00343
0.00298
0.00256
0.00218
0.00186
0.00160
0.00140
0.00128
0.00123
0.00125
0.00135
0.00150
0.00172
0.00199
0.00230
0.00264
0.00300
0.00336
0.00370
0.00401
0.00428
0.00450
0.00464
0.00469
0.00465
0.00450
0.00424
0.00388
0.00340
0.00283
0.00217
0.00143
0.00063
-0.00020
-0.00104
-0.00186
-0.00264
-0.00335
-0.00396
-0.00444
-0.00478
-0.00495
-0.00495
-0.00477
-0.00440
-0.00387
-0.00317
-0.00235
-0.00140
-0.00039
0.00065
0.00169
0.00265
0.00352
0.00423
0.00474
0.00502
0.00501
0.00470
0.00408
0.00312
0.00184
0.00026
-0.00163
-0.00375
-0.00606
-0.00851
-0.01101
-0.01351
-0.01591
-0.01811
-0.02007
-0.02164
-0.02281
-0.02347
-0.02356
-0.02306
-0.02192
-0.02014
-0.01773
-0.01472
-0.01114
-0.00711
-0.00266
0.00205
0.00693
0.01184
0.01660
0.02113
0.02522
0.02875
0.03160
0.03362
0.03477
0.03491
0.03404
0.03213
0.02919
0.02529
0.02048
0.01489
0.00864
0.00191
-0.00516
-0.01233
-0.01944
-0.02630
-0.03266
-0.03844
-0.04334
-0.04735
-0.05027
-0.05197
-0.05252
-0.05171
-0.04971
-0.04643
-0.04192
-0.03635
-0.02970
-0.02221
-0.01394
-0.00507
0.00424
0.01383
0.02352
0.03314
0.04253
0.05153
0.05992
0.06768
0.07456
0.08047
0.08535
0.08896
0.09147
0.09259
0.09238
0.09086
0.08787
0.08368
0.07810
0.07131
0.06340
0.05436
0.04448
0.03375
0.02238
0.01055
-0.00162
-0.01390
-0.02611
-0.03809
-0.04959
-0.06045
-0.07054
-0.07957
-0.08753
-0.09416
-0.09938
-0.10316
-0.10530
-0.10595
-0.10494
-0.10239
-0.09838
-0.09291
-0.08626
-0.07847
-0.06978
-0.06042
-0.05055
-0.04049
-0.03043
-0.02062
-0.01129
-0.00265
0.00513
0.01186
0.01749
0.02186
0.02499
0.02691
0.02757
0.02721
0.02582
0.02362
0.02086
0.01759
0.01419
0.01074
0.00750
0.00471
0.00241
0.00089
0.00013
0.00026
0.00131
0.00322
0.00601
0.00955
0.01374
0.01843
0.02347
0.02868
0.03390
0.03894
0.04364
0.04785
0.05143
0.05429
0.05634
0.05754
0.05787
0.05733
0.05598
0.05384
0.05104
0.04762
0.04372
0.03944
0.03485
0.03011
0.02526
0.02041
0.01564
0.01095
0.00646
0.00214
-0.00198
-0.00587
-0.00956
-0.01304
-0.01629
-0.01941
-0.02229
-0.02501
-0.02756
-0.02986
-0.03202
-0.03389
-0.03551
-0.03683
-0.03778
-0.03839
-0.03856
-0.03828
-0.03753
-0.03626
-0.03453
-0.03228
-0.02957
-0.02643
-0.02292
-0.01909
-0.01505
-0.01086
-0.00665
-0.00252
0.00145
0.00511
0.00840
0.01121
0.01345
0.01511
0.01608
0.01641
0.01606
0.01506
0.01348
0.01134
0.00877
0.00584
0.00266
-0.00063
-0.00394
-0.00712
-0.01009
-0.01271
-0.01491
-0.01662
-0.01775
-0.01830
-0.01823
-0.01756
-0.01632
-0.01455
-0.01231
-0.00970
-0.00681
-0.00373
-0.00060
0.00251
0.00546
0.00816
0.01053
0.01246
0.01393
0.01488
0.01527
0.01514
0.01448
0.01334
0.01180
0.00991
0.00779
0.00553
0.00323
0.00105
-0.00096
-0.00266
-0.00395
-0.00478
-0.00507
-0.00476
-0.00389
-0.00240
-0.00037
0.00215
0.00512
0.00834
0.01181
0.01532
0.01870
0.02189
0.02462
0.02686
0.02840
0.02911
0.02896
0.02782
0.02567
0.02250
0.01832
0.01320
0.00726
0.00056
-0.00668
-0.01429
-0.02211
-0.02983
-0.03734
-0.04432
-0.05057
-0.05592
-0.06009
-0.06304
-0.06453
-0.06454
-0.06301
-0.05988
-0.05529
-0.04924
-0.04192
-0.03346
-0.02408
-0.01403
-0.00354
0.00710
0.01763
0.02777
0.03728
0.04589
0.05344
0.05971
0.06459
0.06800
0.06985
0.07023
0.06908
0.06655
0.06277
0.05783
0.05203
0.04543
0.03832
0.03091
0.02334
0.01592
0.00872
0.00195
-0.00426
-0.00983
-0.01467
-0.01874
-0.02204
-0.02455
-0.02633
-0.02746
-0.02794
-0.02794
-0.02749
-0.02666
-0.02566
-0.02441
-0.02311
-0.02176
-0.02038
-0.01910
-0.01782
-0.01663
-0.01547
-0.01431
-0.01317
-0.01196
-0.01068
-0.00927
-0.00772
-0.00599
-0.00409
-0.00199
0.00027
0.00266
0.00518
0.00770
0.01023
0.01264
0.01486
0.01684
0.01844
0.01964
0.02033
0.02046
0.02001
0.01893
0.01724
0.01495
0.01210
0.00874
0.00497
0.00087
-0.00345
-0.00784
-0.01221
-0.01639
-0.02028
-0.02375
-0.02667
-0.02898
-0.03055
-0.03137
-0.03136
-0.03054
-0.02891
-0.02649
-0.02339
-0.01963
-0.01535
-0.01065
-0.00564
-0.00048
0.00471
0.00980
0.01465
0.01913
0.02317
0.02663
0.02946
0.03161
0.03301
0.03370
0.03363
0.03287
0.03145
0.02940
0.02687
0.02386
0.02053
0.01692
0.01315
0.00933
0.00550
0.00179
-0.00176
-0.00510
-0.00816
-0.01093
-0.01338
-0.01549
-0.01729
-0.01877
-0.01994
-0.02086
-0.02152
-0.02196
-0.02224
-0.02232
-0.02232
-0.02217
-0.02192
-0.02160
-0.02116
-0.02066
-0.02005
-0.01933
-0.01851
-0.01752
-0.01641
-0.01514
-0.01368
-0.01207
-0.01027
-0.00830
-0.00618
-0.00390
-0.00152
0.00095
0.00350
0.00605
0.00860
0.01110
0.01349
0.01579
0.01789
0.01981
0.02151
0.02293
0.02411
0.02496
0.02550
0.02571
0.02554
0.02506
0.02419
0.02296
0.02137
0.01943
0.01716
0.01458
0.01171
0.00860
0.00532
0.00186
-0.00164
-0.00516
-0.00862
-0.01188
-0.01496
-0.01767
-0.02000
-0.02184
-0.02308
-0.02374
-0.02368
-0.02292
-0.02141
-0.01914
-0.01615
-0.01245
-0.00813
-0.00322
0.00213
0.00786
0.01379
0.01982
0.02579
0.03149
0.03686
0.04163
0.04576
0.04905
0.05136
0.05268
0.05281
0.05184
0.04964
0.04625
0.04176
0.03616
0.02964
0.02226
0.01421
0.00566
-0.00322
-0.01220
-0.02111
-0.02973
-0.03788
-0.04534
-0.05202
-0.05769
-0.06230
-0.06574
-0.06792
-0.06890
-0.06858
-0.06709
-0.06445
-0.06075
-0.05616
-0.05074
-0.04471
-0.03819
-0.03134
-0.02438
-0.01741
-0.01064
-0.00417
0.00186
0.00734
0.01217
0.01633
0.01971
0.02235
0.02423
0.02535
0.02582
0.02560
0.02484
0.02360
0.02192
0.02000
0.01782
0.01555
0.01325
0.01099
0.00890
0.00696
0.00529
0.00390
0.00281
0.00207
0.00163
0.00152
0.00170
0.00214
0.00280
0.00366
0.00463
0.00569
0.00679
0.00785
0.00886
0.00975
0.01049
0.01106
0.01141
0.01156
0.01146
0.01115
0.01062
0.00987
0.00896
0.00789
0.00670
0.00542
0.00410
0.00277
0.00146
0.00023
-0.00091
-0.00192
-0.00277
-0.00345
-0.00394
-0.00423
-0.00433
-0.00423
-0.00394
-0.00349
-0.00288
-0.00215
-0.00131
-0.00040
0.00056
0.00153
0.00249
0.00342
0.00428
0.00506
0.00573
0.00629
0.00670
0.00698
0.00711
0.00708
0.00691
0.00658
0.00612
0.00553
0.00482
0.00401
0.00311
0.00213
0.00109
0.00001
-0.00109
-0.00220
-0.00330
-0.00436
-0.00537
-0.00632
-0.00717
-0.00793
-0.00857
-0.00908
-0.00945
-0.00967
-0.00975
-0.00966
-0.00944
-0.00907
-0.00857
-0.00797
-0.00726
-0.00650
-0.00569
-0.00488
-0.00409
-0.00335
-0.00270
-0.00215
-0.00175
-0.00149
-0.00140
-0.00148
-0.00174
-0.00216
-0.00274
-0.00344
-0.00423
-0.00511
-0.00600
-0.00688
-0.00772
-0.00845
-0.00907
-0.00951
-0.00976
-0.00980
-0.00961
-0.00918
-0.00852
-0.00764
-0.00656
-0.00531
-0.00393
-0.00246
-0.00094
0.00057
0.00204
0.00341
0.00464
0.00569
0.00654
0.00716
0.00753
0.00767
0.00756
0.00724
0.00672
0.00605
0.00527
0.00442
0.00357
0.00275
0.00202
0.00146
0.00107
0.00092
0.00102
0.00141
0.00210
0.00307
0.00432
0.00583
0.00756
0.00946
0.01150
0.01357
0.01566
0.01766
0.01951
0.02116
0.02251
0.02353
0.02415
0.02434
0.02407
0.02331
0.02207
0.02035
0.01818
0.01560
0.01266
0.00942
0.00595
0.00233
-0.00135
-0.00501
-0.00856
-0.01192
-0.01501
-0.01776
-0.02011
-0.02202
-0.02344
-0.02438
-0.02480
-0.02473
-0.02419
-0.02320
-0.02185
-0.02014
-0.01818
-0.01602
-0.01373
-0.01141
-0.00910
-0.00690
-0.00485
-0.00303
-0.00147
-0.00022
0.00069
0.00125
0.00146
0.00132
0.00084
0.00006
-0.00099
-0.00226
-0.00370
-0.00526
-0.00685
-0.00844
-0.00994
-0.01129
-0.01244
-0.01330
-0.01387
-0.01405
-0.01386
-0.01325
-0.01220
-0.01074
-0.00886
-0.00660
-0.00399
-0.00108
0.00207
0.00537
0.00877
0.01217
0.01549
0.01864
0.02152
0.02407
0.02620
0.02785
0.02897
0.02951
0.02945
0.02878
0.02751
0.02566
0.02329
0.02044
0.01718
0.01361
0.00982
0.00591
0.00198
-0.00185
-0.00549
-0.00883
-0.01178
-0.01427
-0.01623
-0.01763
-0.01842
-0.01861
-0.01818
-0.01719
-0.01568
-0.01369
-0.01133
-0.00866
-0.00579
-0.00284
0.00012
0.00294
0.00556
0.00785
0.00976
0.01120
0.01212
0.01249
0.01228
0.01150
0.01015
0.00829
0.00596
0.00323
0.00018
-0.00310
-0.00649
-0.00993
-0.01324
-0.01638
-0.01922
-0.02165
-0.02362
-0.02500
-0.02580
-0.02594
-0.02540
-0.02419
-0.02230
-0.01980
-0.01672
-0.01313
-0.00912
-0.00479
-0.00024
0.00442
0.00906
0.01357
0.01783
0.02175
0.02521
0.02815
0.03047
0.03213
0.03310
0.03332
0.03284
0.03164
0.02976
0.02726
0.02417
0.02062
0.01665
0.01238
0.00791
0.00333
-0.00122
-0.00566
-0.00987
-0.01377
-0.01725
-0.02027
-0.02273
-0.02460
-0.02585
-0.02644
-0.02643
-0.02576
-0.02452
-0.02272
-0.02042
-0.01774
-0.01469
-0.01141
-0.00796
-0.00443
-0.00094
0.00246
0.00566
0.00861
0.01122
0.01345
0.01525
0.01660
0.01748
0.01788
0.01783
0.01731
0.01640
0.01511
0.01349
0.01163
0.00954
0.00733
0.00503
0.00271
0.00044
-0.00174
-0.00377
-0.00563
-0.00727
-0.00867
-0.00982
-0.01072
-0.01135
-0.01175
-0.01191
-0.01186
-0.01163
-0.01125
-0.01074
-0.01014
-0.00946
-0.00877
-0.00805
-0.00734
-0.00667
-0.00602
-0.00543
-0.00489
-0.00439
-0.00394
-0.00353
-0.00314
-0.00276
-0.00238
-0.00200
-0.00159
-0.00114
-0.00066
-0.00012
0.00046
0.00109
0.00177
0.00247
0.00321
0.00395
0.00470
0.00543
0.00612
0.00676
0.00733
0.00782
0.00822
0.00850
0.00868
0.00874
0.00869
0.00852
0.00826
0.00791
0.00748
0.00701
0.00650
0.00598
0.00547
0.00498
0.00454
0.00417
0.00386
0.00364
0.00350
0.00343
0.00345
0.00351
0.00362
0.00376
0.00388
0.00398
0.00402
0.00398
0.00384
0.00357
0.00315
0.00257
0.00181
0.00089
-0.00020
-0.00144
-0.00280
-0.00427
-0.00581
-0.00737
-0.00892
-0.01041
-0.01179
-0.01302
-0.01404
-0.01482
-0.01532
-0.01552
-0.01539
-0.01492
-0.01412
-0.01297
-0.01152
-0.00978
-0.00779
-0.00559
-0.00324
-0.00080
0.00168
0.00413
0.00649
0.00870
0.01071
0.01246
0.01392
0.01505
0.01582
0.01623
0.01625
0.01592
0.01522
0.01420
0.01289
0.01132
0.00955
0.00763
0.00561
0.00355
0.00150
-0.00047
-0.00232
-0.00401
-0.00549
-0.00675
-0.00775
-0.00848
-0.00894
-0.00913
-0.00907
-0.00879
-0.00830
-0.00764
-0.00685
-0.00597
-0.00505
-0.00410
-0.00320
-0.00236
-0.00161
-0.00100
-0.00051
-0.00019
-0.00003
-0.00003
-0.00018
-0.00048
-0.00090
-0.00143
-0.00204
-0.00269
-0.00338
-0.00405
-0.00469
-0.00527
-0.00577
-0.00616
-0.00644
-0.00659
-0.00662
-0.00650
-0.00627
-0.00592
-0.00548
-0.00495
-0.00436
-0.00373
-0.00308
-0.00244
-0.00181
-0.00124
-0.00072
-0.00027
0.00009
0.00038
0.00057
0.00069
0.00074
0.00072
0.00066
0.00057
0.00047
0.00038
0.00031
0.00030
0.00034
0.00045
0.00066
0.00095
0.00133
0.00181
0.00236
0.00300
0.00369
0.00443
0.00520
0.00597
0.00672
0.00744
0.00811
0.00869
0.00920
0.00960
0.00989
0.01006
0.01011
0.01006
0.00989
0.00961
0.00926
0.00882
0.00832
0.00778
0.00722
0.00665
0.00609
0.00556
0.00507
0.00464
0.00428
0.00399
0.00380
0.00369
0.00367
0.00373
0.00387
0.00409
0.00436
0.00468
0.00504
0.00542
0.00580
0.00616
0.00651
0.00680
0.00704
0.00719
0.00727
0.00725
0.00711
0.00687
0.00648
0.00598
0.00535
0.00458
0.00369
0.00267
0.00154
0.00030
-0.00103
-0.00244
-0.00391
-0.00542
-0.00695
-0.00848
-0.00997
-0.01141
-0.01277
-0.01403
-0.01516
-0.01615
-0.01696
-0.01760
-0.01803
-0.01827
-0.01829
-0.01811
-0.01771
-0.01712
-0.01635
-0.01541
-0.01434
-0.01314
-0.01187
-0.01054
-0.00920
-0.00788
-0.00660
-0.00544
-0.00438
-0.00349
-0.00279
-0.00229
-0.00203
-0.00199
-0.00221
-0.00268
-0.00338
-0.00432
-0.00545
-0.00676
-0.00821
-0.00976
-0.01137
-0.01298
-0.01456
-0.01604
-0.01738
-0.01852
-0.01943
-0.02007
-0.02038
-0.02037
-0.02000
-0.01926
-0.01817
-0.01674
-0.01498
-0.01294
-0.01066
-0.00819
-0.00561
-0.00298
-0.00037
0.00214
0.00447
0.00656
0.00833
0.00975
0.01072
0.01126
0.01132
0.01089
0.01005
0.00872
0.00709
0.00513
0.00295
0.00076
-0.00150
-0.00351
-0.00527
-0.00660
-0.00726
-0.00730
-0.00642
-0.00464
-0.00185
0.00207
0.00706
0.01316
0.02031
0.02841
0.03736
0.04702
0.05711
0.06754
0.07796
0.08807
0.09771
0.10637
0.11403
0.12020
0.12462
0.12719
0.12748
0.12561
0.12126
0.11444
0.10523
0.09359
0.07981
0.06401
0.04648
0.02760
0.00772
-0.01274
-0.03326
-0.05345
-0.07280
-0.09081
-0.10718
-0.12135
-0.13314
-0.14219
-0.14829
-0.15147
-0.15147
-0.14859
-0.14277
-0.13427
-0.12347
-0.11049
-0.09594
-0.08004
-0.06329
-0.04616
-0.02897
-0.01223
0.00377
0.01866
0.03216
0.04404
0.05417
0.06235
0.06858
0.07286
0.07512
0.07569
0.07442
0.07166
0.06755
0.06215
0.05599
0.04895
0.04144
0.03363
0.02557
0.01771
0.00994
0.00250
-0.00449
-0.01107
-0.01700
-0.02239
-0.02721
-0.03138
-0.03504
-0.03815
-0.04074
-0.04295
-0.04472
-0.04619
-0.04740
-0.04834
-0.04917
-0.04982
-0.05038
-0.05089
-0.05130
-0.05170
-0.05203
-0.05232
-0.05255
-0.05271
-0.05278
-0.05274
-0.05258
-0.05227
-0.05181
-0.05117
-0.05036
-0.04934
-0.04814
-0.04676
-0.04517
-0.04344
-0.04150
-0.03944
-0.03723
-0.03487
-0.03243
-0.02985
-0.02721
-0.02447
-0.02164
-0.01877
-0.01577
-0.01274
-0.00960
-0.00637
-0.00308
0.00037
0.00384
0.00747
0.01118
0.01495
0.01887
0.02279
0.02682
0.03085
0.03487
0.03893
0.04287
0.04681
0.05058
0.05423
0.05775
0.06102
0.06417
0.06702
0.06966
0.07211
0.07425
0.07626
0.07796
0.07951
0.08090
0.08209
0.08326
0.08424
0.08523
0.08618
0.08711
0.08813
0.08912
0.09023
0.09139
0.09261
0.09395
0.09527
0.09669
0.09807
0.09944
0.10077
0.10195
0.10303
0.10384
0.10445
0.10475
0.10469
0.10428
0.10339
0.10211
0.10030
0.09802
0.09526
0.09195
0.08822
0.08395
0.07929
0.07421
0.06873
0.06299
0.05687
0.05063
0.04414
0.03752
0.03088
0.02405
0.01735
0.01053
0.00379
-0.00288
-0.00967
-0.01627
-0.02304
-0.02973
-0.03647
-0.04346
-0.05040
-0.05772
-0.06511
-0.07277
-0.08084
-0.08903
-0.09773
-0.10658
-0.11575
-0.12528
-0.13487
-0.14479
-0.15463
-0.16453
-0.17436
-0.18386
-0.19320
-0.20191
-0.21015
-0.21771
-0.22440
-0.23035
-0.23516
-0.23905
-0.24181
-0.24343
-0.24408
-0.24347
-0.24198
-0.23946
-0.23611
-0.23211
-0.22740
-0.22239
-0.21700
-0.21157
-0.20621
-0.20100
-0.19623
-0.19178
-0.18800
-0.18470
-0.18206
-0.18001
-0.17833
-0.17721
-0.17614
-0.17527
-0.17418
-0.17261
-0.17057
-0.16737
-0.16326
-0.15764
-0.15041
-0.14157
-0.13059
-0.11790
-0.10305
-0.08628
-0.06775
-0.04727
-0.02553
-0.00232
0.02177
0.04644
0.07162
0.09649
0.12117
0.14491
0.16753
0.18892
0.20836
0.22624
0.24180
0.25530
0.26680
0.27586
0.28329
0.28844
0.29210
0.29445
0.29540
0.29603
0.29575
0.29569
0.29592
0.29657
0.29864
0.30145
0.30614
0.31239
0.32040
0.33067
0.34241
0.35642
0.37191
0.38899
0.40756
0.42678
0.44697
0.46705
0.48708
0.50647
0.52457
0.54136
0.55584
0.56813
0.57756
0.58393
0.58708
0.58652
0.58257
0.57476
0.56348
0.54864
0.53032
0.50906
0.48463
0.45790
0.42875
0.39768
0.36525
0.33125
0.29679
0.26146
0.22595
0.19063
0.15502
0.12034
0.08571
0.05189
0.01890
-0.01395
-0.04544
-0.07691
-0.10740
-0.13730
-0.16726
-0.19614
-0.22551
-0.25409
-0.28269
-0.31168
-0.34001
-0.36935
-0.39807
-0.42736
-0.45713
-0.48662
-0.51737
-0.54751
-0.57856
-0.60991
-0.64116
-0.67354
-0.70517
-0.73762
-0.76987
-0.80183
-0.83429
-0.86550
-0.89691
-0.92712
-0.95638
-0.98493
-1.01134
-1.03677
-1.05967
-1.08058
-1.09926
-1.11478
-1.12799
-1.13744
-1.14397
-1.14704
-1.14636
-1.14252
-1.13438
-1.12312
-1.10796
-1.08940
-1.06769
-1.04215
-1.01417
-0.98277
-0.94914
-0.91302
-0.87431
-0.83422
-0.79156
-0.74807
-0.70269
-0.65602
-0.60869
-0.55933
-0.51005
-0.45884
-0.40715
-0.35467
-0.30010
-0.24575
-0.18868
-0.13131
-0.07227
-0.00822
0.05593
0.11637
0.17798
0.24999
0.33433
0.41242
0.47321
0.53599
0.63025
0.75048
0.84593
0.89290
0.94536
1.07458
1.25644
1.36917
1.35898
1.35824
1.55213
1.89955
2.06187
1.71097
0.90758
0.10579
