2.690382745689398547e+01
2.674713933520360598e+01
2.663119305006695114e+01
2.666040644939065274e+01
2.660374700433965600e+01
2.653911225630803372e+01
2.657068351149983698e+01
2.653435187700765852e+01
2.661270468752510965e+01
2.654715466730877083e+01
2.652028159570901877e+01
2.658375975438147876e+01
2.655933563347508297e+01
2.663875498136007280e+01
2.652143590072468271e+01
2.655326565361261970e+01
2.650216098113327590e+01
2.654110488390712419e+01
2.654419169717217741e+01
2.651757540881407849e+01
2.650832111203213515e+01
2.654969785371952185e+01
2.659792754311026641e+01
2.659614529751699052e+01
2.655420413314402950e+01
2.655973374003113818e+01
2.657871708477716055e+01
2.662612850980580603e+01
2.703676174114264796e+01
2.710452466424913709e+01
2.699087536700715262e+01
2.679153289159095408e+01
2.678667252390767928e+01
2.675571656474342319e+01
2.667802289863166720e+01
2.668785516056561491e+01
2.665800293928235476e+01
2.664597764998039509e+01
2.667213923800749953e+01
2.664632036771610757e+01
2.661327773689804488e+01
2.664243391066545286e+01
2.659986107970147984e+01
2.667238259792335597e+01
2.662456750215233825e+01
2.660037517384132855e+01
2.654910549538708509e+01
2.660918154044058426e+01
2.663867594131792771e+01
2.658049995981030733e+01
2.662605255814716898e+01
2.667595056568657697e+01
2.673559227199421073e+01
2.677514734774066696e+01
2.672545686357841177e+01
2.666294537971709389e+01
2.665311004784688720e+01
2.669533345252994749e+01
2.674898594164888266e+01
2.672204753914077813e+01
2.671514561825917511e+01
2.666168442942552375e+01
2.669793979365286773e+01
2.670372180144962826e+01
2.662166626184114904e+01
2.659726829899826583e+01
2.658403659086516768e+01
2.662986470418099216e+01
2.673149593495934795e+01
2.662194847745085724e+01
2.664592740186074948e+01
2.669455584601146469e+01
2.672031184291398276e+01
2.677931902101101258e+01
2.673984925446501748e+01
2.665617429477278577e+01
2.672536903535873876e+01
2.672990327429580049e+01
2.678308865742639355e+01
2.675651519119958266e+01
2.675706364753146005e+01
2.671506352087114067e+01
2.677709501747541410e+01
2.678442251354314863e+01
2.672939172749391545e+01
2.675326543623612707e+01
2.674593146012668754e+01
2.673492456216950686e+01
2.677724545102593723e+01
2.674289363903890049e+01
2.674502380449441929e+01
2.684353271857586876e+01
2.677461589629605498e+01
2.684160305343511510e+01
2.678052643610594075e+01
2.677308625490547200e+01
2.678812661898633252e+01
2.681139399474825780e+01
2.687650307149392503e+01
2.680733211512105640e+01
2.683871922153917211e+01
2.682397567116837322e+01
2.685371926548397425e+01
2.686702507796258033e+01
2.688378089841504703e+01
2.686771135236036656e+01
2.685366736897550766e+01
2.689847881973440735e+01
2.688069421379961454e+01
2.691682303515385044e+01
2.683895038950389278e+01
2.686656244857659814e+01
2.684486024033438056e+01
2.688543487582044023e+01
2.683525902617303771e+01
2.682045231071779767e+01
2.681551587108494417e+01
2.682565929217999567e+01
2.690648119289381768e+01
2.683641351666584285e+01
2.683287505319322719e+01
2.682053408795212235e+01
2.689689469537815114e+01
2.688778131911018576e+01
2.689195646837411147e+01
2.680346495668803897e+01
2.688147269191469846e+01
2.685300978422860396e+01
2.696422380347030767e+01
2.682591224317842915e+01
2.685274807423537879e+01
2.685057842693724339e+01
2.696430151214797277e+01
2.691137967393948927e+01
2.690812178597665394e+01
2.691188347038532669e+01
2.697542082526441476e+01
2.699478483337706436e+01
2.701065241919426541e+01
2.692932567162712942e+01
2.697704728950403563e+01
2.692808837529956278e+01
2.695779215434507137e+01
2.697295707446200197e+01
2.692937963962196335e+01
2.693158586688578637e+01
2.696681734800838726e+01
2.703627200689632559e+01
2.700542301115544319e+01
2.701913046348870751e+01
2.692811649916111350e+01
2.699792212932271340e+01
2.702329988300624208e+01
2.701612903225806406e+01
2.696706229025129176e+01
2.710292746597054148e+01
2.734167718412564696e+01
2.727772857514978000e+01
2.716631198486690835e+01
2.708593131558115630e+01
2.703514425255526277e+01
2.707015437682825620e+01
2.709592499705441782e+01
2.708422639259271492e+01
2.705420274919801216e+01
2.704359834286841391e+01
2.707186244896604421e+01
2.708095080884780614e+01
2.707720308415235522e+01
2.709861534384523551e+01
2.701994076999012862e+01
2.699676348954672633e+01
2.701591990809125576e+01
2.701727978510826489e+01
2.704850383315472584e+01
2.701563036476300894e+01
2.702304352116845720e+01
2.704178817549404812e+01
2.708966668319203919e+01
2.704363612574007902e+01
2.703717684740334093e+01
2.700419150975582028e+01
2.701753364389234235e+01
2.705923751763504015e+01
2.699788799896024472e+01
2.701193831600090434e+01
2.700459145730268062e+01
2.707488189105993825e+01
2.707653910149750587e+01
2.705505185571717419e+01
2.705839655257164367e+01
2.700254551939945102e+01
2.709994737015230015e+01
2.704888888888888587e+01
2.698613947355726950e+01
2.706779161205766471e+01
2.696931210108954957e+01
2.704799415299659060e+01
2.710031170760856867e+01
2.705138592750532922e+01
2.702691220444778608e+01
2.704271172039672777e+01
2.702894702758710110e+01
2.706278055559993234e+01
2.701500895695818372e+01
2.708354199863418899e+01
2.727658199870787925e+01
2.746229292299161528e+01
2.734861401807136616e+01
2.724790427257977399e+01
2.722576810380912704e+01
2.723465388173942259e+01
2.722795330013490656e+01
2.718846966395985731e+01
2.710936609976401712e+01
2.708963980203861155e+01
2.717112096681120903e+01
2.717503112101159601e+01
2.719640529266066764e+01
2.711657690792065978e+01
2.714346986216154178e+01
2.712166772776988566e+01
2.711832685949086752e+01
2.714697341249354778e+01
2.713353307960158389e+01
2.711094913896675607e+01
2.719195370355233976e+01
2.713994376393781849e+01
2.714624123761179675e+01
2.713796109451932992e+01
2.713359012377514290e+01
2.715791855203620031e+01
2.717780821917808254e+01
2.724691778599701308e+01
2.719696674776966816e+01
2.720352040567555818e+01
2.718214222918431489e+01
2.725133810174395421e+01
2.732933233308327203e+01
2.718938050269242623e+01
2.717617124394184103e+01
2.725008086950895958e+01
2.720352582032061406e+01
2.721542591669748035e+01
2.722165588657515656e+01
2.717981619003320048e+01
2.722627584654468080e+01
2.723643647831124071e+01
2.727836608764120996e+01
2.727931560767933306e+01
2.724045356543959073e+01
2.723309421329507529e+01
2.725599039615846664e+01
2.733102508615853310e+01
2.730186118650640026e+01
2.722039421141743532e+01
2.724719710380683324e+01
2.727768873216861678e+01
2.725690224412651119e+01
2.725379973178364068e+01
2.726186678575985312e+01
2.728324425781001494e+01
2.731349594016752036e+01
2.728935972284596190e+01
2.725009129157735543e+01
2.729418435120686937e+01
2.726716521570591212e+01
2.730424335624008947e+01
2.730491375981464941e+01
2.722894825295708543e+01
2.724452126376718297e+01
2.719909372307496298e+01
2.729188347144600968e+01
2.733252915801246274e+01
2.724223951231250496e+01
2.721867436082391833e+01
2.725913557561715805e+01
2.726215374790452728e+01
2.728365988145747068e+01
2.725309566365554304e+01
2.728109820825425302e+01
2.728489035263876872e+01
2.731315364751452890e+01
2.729817105200324434e+01
2.730212527964205904e+01
2.728802630523698625e+01
2.731935853749131837e+01
2.731608315796186659e+01
2.732707127554120063e+01
2.730929085469394479e+01
2.728274798480054741e+01
2.727852735236755066e+01
2.726063880654107408e+01
2.730584587847987876e+01
2.726796315907704837e+01
2.729393362789047828e+01
2.729670807053675219e+01
2.726319132381663479e+01
2.741598760750649433e+01
2.726471058522545832e+01
2.730187191166765714e+01
2.723765088060129358e+01
2.727193761095612246e+01
2.730961062844821896e+01
2.731837853433352592e+01
2.732696191460602719e+01
2.731886913342943757e+01
2.730512701635465334e+01
2.735960039064375948e+01
2.730525494939206865e+01
2.730491646778042636e+01
2.725822396993098806e+01
2.733907585897723180e+01
2.733431127126616644e+01
2.730858660559505324e+01
2.724847354408787581e+01
2.735939656555930100e+01
2.726011303032715105e+01
2.739783019169840372e+01
2.729570037215931322e+01
2.731621239393160039e+01
2.728916455371184924e+01
2.724350514806668855e+01
2.736378891516972089e+01
2.731083521084000765e+01
2.725865407697847331e+01
2.726295172502367947e+01
2.731782945736433987e+01
2.735738154814755063e+01
2.734340632603406362e+01
2.727568188436276131e+01
2.723084852780104725e+01
2.724762573622128770e+01
2.727784780839622769e+01
2.723399830424418511e+01
2.720366456370079433e+01
2.711887781608652759e+01
2.723471874799563963e+01
2.721804631525076701e+01
2.712314074354484816e+01
2.717399117529081565e+01
2.711186403197017825e+01
2.719203694855869102e+01
2.719817619538498477e+01
2.721057673883885641e+01
2.711869089531267463e+01
2.714951465534987562e+01
2.716196717179673215e+01
2.721026543012472132e+01
2.713156531160205276e+01
2.718128814648249403e+01
2.711566173682214753e+01
2.722033191024941701e+01
2.727992343752534410e+01
2.745006713662302644e+01
2.752399993164846848e+01
2.742870060281312661e+01
2.734001512859304128e+01
2.737706573936081966e+01
2.730556464811784068e+01
2.723571034437989269e+01
2.726190437376718023e+01
2.723631198766333483e+01
2.731636084628444650e+01
2.718255674274514533e+01
2.725870376002433204e+01
2.718850622208801582e+01
2.723901125324612948e+01
2.724346590455510508e+01
2.727845319817797076e+01
2.724107875142723856e+01
2.723489598405195977e+01
2.724191127151937053e+01
2.722005241222531069e+01
2.729788744896147890e+01
2.740584523414148066e+01
2.761185038968110561e+01
2.763939851171084783e+01
2.756948288297354566e+01
2.746123915491092049e+01
2.731253880592137406e+01
2.727662166772259766e+01
2.732209906533035237e+01
2.731497354582442227e+01
2.727505016505922697e+01
2.725447947380358471e+01
2.720951173317068594e+01
2.725357114419937687e+01
2.724813773605882972e+01
2.726732467698401052e+01
2.726085983340528074e+01
2.725032752835916128e+01
2.720794010817326836e+01
2.728059037994115599e+01
2.722225941155844708e+01
2.723386800147126863e+01
2.715330385384046608e+01
2.723701684041700233e+01
2.725060784718801088e+01
2.725823220806557146e+01
2.719161363852217761e+01
2.722282730205372303e+01
2.725034466365580954e+01
2.726648753497837774e+01
2.719914794610994591e+01
2.724848040075940148e+01
2.714797004335829911e+01
2.724478312594450102e+01
2.724251187771121252e+01
2.725665995975854727e+01
2.715859476194989597e+01
2.719593466193755660e+01
2.716960186175230874e+01
2.727402061195749639e+01
2.720952501945340174e+01
2.724808212637275062e+01
2.722035139092240286e+01
2.723919561126527000e+01
2.728386952778752317e+01
2.719115945016092439e+01
2.724305332218434827e+01
2.719120295762631656e+01
2.722477613822676190e+01
2.728435745227017151e+01
2.725760107989972170e+01
2.722412691312266375e+01
2.725084675024479708e+01
2.725987805463536517e+01
2.730223428024257970e+01
2.721744923857868059e+01
2.722880330999363352e+01
2.729007694773966008e+01
2.720360035716563729e+01
2.723697038469530085e+01
2.721709235358868995e+01
2.721356720336570589e+01
2.719970577418168745e+01
2.722787571863105782e+01
2.724296293946938619e+01
2.722495947105756642e+01
2.725098317323190145e+01
2.725126327235512491e+01
2.724146581562985858e+01
2.726902949571836388e+01
2.725578090067071457e+01
2.721700759605383269e+01
2.724337615737032792e+01
2.723507427081014143e+01
2.731719290416155133e+01
2.725258498023715248e+01
2.724752864260007001e+01
2.724727963886908810e+01
2.730033551736144304e+01
2.732194618620525617e+01
2.726492933843006128e+01
2.724057621525574291e+01
2.717107561570540497e+01
2.720918551539029195e+01
2.726120928758221496e+01
2.723343012245928207e+01
2.720756362483152202e+01
2.724655638619373121e+01
2.719970594675759656e+01
2.729658498023715296e+01
2.725623832032538019e+01
2.717279181784061137e+01
2.719273354212141669e+01
2.722464112558228422e+01
2.725462252661215246e+01
2.723152654867256572e+01
2.721659877316172071e+01
2.714873116264542929e+01
2.726034704472209569e+01
2.728350135620325645e+01
2.729154020638318201e+01
2.734017525098558821e+01
2.719719605763832604e+01
2.723527550584550383e+01
2.723956081821884112e+01
2.722777681099808689e+01
2.719662841538679743e+01
2.718467923223240490e+01
2.724998800978401547e+01
2.726574141020401854e+01
2.725573791308212179e+01
2.728004179728317879e+01
2.718901788515846007e+01
2.727802379639114250e+01
2.732717301718126279e+01
2.727266265459887151e+01
2.720180633000863679e+01
2.724655426731590069e+01
2.726555008731545016e+01
2.723055633736748149e+01
2.724033791586907682e+01
2.723077408664088850e+01
2.720417545737947762e+01
2.722758304624040093e+01
2.727199379854772232e+01
2.725751852963951904e+01
2.726905132192846182e+01
2.727233709872997380e+01
2.726390755173340708e+01
2.734179381377347440e+01
2.727961613255126139e+01
2.727259107396309901e+01
2.724005877055784453e+01
2.724790061876499436e+01
2.730774496537451057e+01
2.727890929326655467e+01
2.727669864299463853e+01
2.726226145038167914e+01
2.726898033909098018e+01
2.731700456678728983e+01
2.724671474994055842e+01
2.725744924949806958e+01
2.725493719192240150e+01
2.720225795308230943e+01
2.736106056252593888e+01
2.726570322093133214e+01
2.723934059705252864e+01
2.730084134805824192e+01
2.722677961298042604e+01
2.733520252182039911e+01
2.732222484462276668e+01
2.731469513460034548e+01
2.729711034251924318e+01
2.729373322809786728e+01
2.731332531112448336e+01
2.723395011564668522e+01
2.730284847898319001e+01
2.726303879992404333e+01
2.732390309469709422e+01
2.734466683637752027e+01
2.731658716357429029e+01
2.726528404815650575e+01
2.733158565737051759e+01
2.728962910465390834e+01
2.730857097717039395e+01
2.730815291040307713e+01
2.728610131048387188e+01
2.724810186649794375e+01
2.731613178883402782e+01
2.741637413837120363e+01
2.728295257577413935e+01
2.732748048171444566e+01
2.734410167935548230e+01
2.733567626800250494e+01
2.738147435493029036e+01
2.727249003828423923e+01
2.727475130270013892e+01
2.730585540353960283e+01
2.733537990466870937e+01
2.729698916603678782e+01
2.729322309868951280e+01
2.728370759976063553e+01
2.726877206373437446e+01
2.726494332932311693e+01
2.732261245784819081e+01
2.726470219239093140e+01
2.729597591888466113e+01
2.725362796833772805e+01
2.729781222376562866e+01
2.734221864495052401e+01
2.730621524422123514e+01
2.723501339717470060e+01
2.725311368113363031e+01
2.727285294351315059e+01
2.731197272438947010e+01
2.727511540474944240e+01
2.727386479267362063e+01
2.724880732777813463e+01
2.723990722166499623e+01
2.730968120353196937e+01
2.730625494853523350e+01
2.725555059333928654e+01
2.728660565723793852e+01
2.725091829876361871e+01
2.736511291578596072e+01
2.725693412188873666e+01
2.720937624155741119e+01
2.720067843895634851e+01
2.721098739791058208e+01
2.733344983160703734e+01
2.725070475770509049e+01
2.729154514329190917e+01
2.723561417457867861e+01
2.732124376928554454e+01
2.722923967459324146e+01
2.734291652783727500e+01
2.724947602214784226e+01
2.726776359130407812e+01
2.726856598112146202e+01
2.734068044775414563e+01
2.729516848091494907e+01
2.726863248806165174e+01
2.728911543188478817e+01
2.727855223247261307e+01
2.738110873185819472e+01
2.732038514702186305e+01
2.726217816805165128e+01
2.727797965116279144e+01
2.722005050032731788e+01
2.732385879680747465e+01
2.722709225138035904e+01
2.726330307042431045e+01
2.722333442474702636e+01
2.726552600213286581e+01
2.731034644854980442e+01
2.728191655720272735e+01
2.724906367041198507e+01
2.726486902685460123e+01
2.726684551544531487e+01
2.732825623668045267e+01
2.730326488867909518e+01
2.727567661073456051e+01
2.728175166367048377e+01
2.722593000356649995e+01
2.732538260896892268e+01
2.726686832907543589e+01
2.724867834394904165e+01
2.735263071627602116e+01
2.765256078988346644e+01
2.776653901795592105e+01
2.773753589360380190e+01
2.751624608008931716e+01
2.753521451764434147e+01
2.751981905753710222e+01
2.755506479165990186e+01
2.745185444255440999e+01
2.742582813250119855e+01
2.733926388263303409e+01
2.727317483967092215e+01
2.717649729238950940e+01
2.715591926340967888e+01
2.709236740405117061e+01
2.732573814283439617e+01
2.740839213037837396e+01
2.746188907682720526e+01
2.750588611871821243e+01
2.754934674821758378e+01
2.749384607163849736e+01
2.746046790219152811e+01
2.756045919269820033e+01
2.749634229777380412e+01
2.747701049859671940e+01
2.755048336042432666e+01
2.749105601099766716e+01
2.767056589699250679e+01
2.767261793851105267e+01
2.773416779197396309e+01
2.765546508418437810e+01
2.759613831961933172e+01
2.760389812350969052e+01
2.749732611184199271e+01
2.750080935098570478e+01
2.746025677892991723e+01
2.753323349262973352e+01
2.744083503562353599e+01
2.749810466286481159e+01
2.753430027440219519e+01
2.748845127292635837e+01
2.747545880615976088e+01
2.749929191762357661e+01
2.744722318040703968e+01
2.736600006860357226e+01
2.730909246136770818e+01
2.730677147554459694e+01
2.723557836504815555e+01
2.725699108456970876e+01
2.725930228642623732e+01
2.724769349481665515e+01
2.721893257409936950e+01
2.730362208880384856e+01
2.732921342676991472e+01
2.731610056610056603e+01
2.729654569160436139e+01
2.727564754932536673e+01
2.729924292081803827e+01
2.727944682880305294e+01
2.723201897905759594e+01
2.719944882916965412e+01
2.725849950027034652e+01
2.726830063229255074e+01
2.725057610276692799e+01
2.725087503081094198e+01
2.723569310418270462e+01
2.725814722911497157e+01
2.725781033329526437e+01
2.727475247524752433e+01
2.731454466550941618e+01
2.726317628269115545e+01
2.727074533541756907e+01
2.734729010261836279e+01
2.730236084037253619e+01
2.732687659404223979e+01
2.725586529590088247e+01
2.733524412597900621e+01
2.732462469934478122e+01
2.728126490273141513e+01
2.728998344370861062e+01
2.726987305738071043e+01
2.725530216078646717e+01
2.730342446702334769e+01
2.730390372665716114e+01
2.726764812555639850e+01
2.724621556036118974e+01
2.734043089964175977e+01
2.728664683523384227e+01
2.726395270325906139e+01
2.728576384873366223e+01
2.728425337403867346e+01
2.730979253112033334e+01
2.735729018194014017e+01
2.729924405689466838e+01
2.729761884897128255e+01
2.726628805542602052e+01
2.728470247892662925e+01
2.728133774152281887e+01
2.733138722554890165e+01
2.730044566106391457e+01
2.727031161661511760e+01
2.725833083657911260e+01
2.727358803986711067e+01
2.726120057595868929e+01
2.722504325835219063e+01
2.724206852791878575e+01
2.722534343518441347e+01
2.727722213929110495e+01
2.725134486468592243e+01
2.727363200750594885e+01
2.724046169710274867e+01
2.721580247737972158e+01
2.729940852197516676e+01
2.730790456640979968e+01
2.723081926746280246e+01
2.723387406011903522e+01
2.726389050572915451e+01
2.729135606135904624e+01
2.724644307265704768e+01
2.722746404189036795e+01
2.721721059369232876e+01
2.720209674756479856e+01
2.722730355104943456e+01
2.723535786332338304e+01
2.724565588298630203e+01
2.719261513763002114e+01
2.724881299599810092e+01
2.749628699926785913e+01
2.751701621091698513e+01
2.741169631236442683e+01
2.737093331497228732e+01
2.736698663009941868e+01
2.734297837533868503e+01
2.730918909796641358e+01
2.724410929916195201e+01
2.723703367461878599e+01
2.721703480589022917e+01
2.724360819222274444e+01
2.728548781516147770e+01
2.719806392389218175e+01
2.724190101142693976e+01
2.719373763898353147e+01
2.725798953124738944e+01
2.728302234431007278e+01
2.725993847808912207e+01
2.716421185623566004e+01
2.721616322732861804e+01
2.726657216709747189e+01
2.719349432722763282e+01
2.719549652034261555e+01
2.714560931150392520e+01
2.719296237056991217e+01
2.717094840327482075e+01
2.714642229808106677e+01
2.716106620128747906e+01
2.712505741846577934e+01
2.711246025338978782e+01
2.717682038030875091e+01
2.718791779322241808e+01
2.716164043082021351e+01
2.709999834986221146e+01
2.709055221576163319e+01
2.713261500207210730e+01
2.711461900158919747e+01
2.710970484995303309e+01
2.712288128558859057e+01
2.708839961106808047e+01
2.718458748866726893e+01
2.711884306515179333e+01
2.706036864861350466e+01
2.709979151960864741e+01
2.710030805726240999e+01
2.711054731760185277e+01
2.706117910593124165e+01
2.701748399467030737e+01
2.702512497353980692e+01
2.702176486806467892e+01
2.700644590901784525e+01
2.701151067587092669e+01
2.706852117326804574e+01
2.697651811436756475e+01
2.703230246113989566e+01
2.703697751779774094e+01
2.702950586562388935e+01
2.702858157860741528e+01
2.697269840241096261e+01
2.697593772116065480e+01
2.702451960278566290e+01
2.701337824986702074e+01
2.702988932870183447e+01
2.697369179529879091e+01
2.698398501824287266e+01
2.706683450122669043e+01
2.699782622697410517e+01
2.702467292720121961e+01
2.697168369399082977e+01
2.702164906907390929e+01
2.707164567954841417e+01
2.698902811244980171e+01
2.699934203135781985e+01
2.700588053234292474e+01
2.699816802308615138e+01
2.697845721762997684e+01
2.702452421726065168e+01
2.700903857969795752e+01
2.699761997279968995e+01
2.698424346031029231e+01
2.709325093511139926e+01
2.704412026329834262e+01
2.708219782374277074e+01
2.701539657098450675e+01
2.704575216362516699e+01
2.710684496009701405e+01
2.709033917900119093e+01
2.704823861346231340e+01
2.708637046854039809e+01
2.709185114629179481e+01
2.712997490139835222e+01
2.708581841742933705e+01
2.708940466781722378e+01
2.709205671004078297e+01
2.702865259342704363e+01
2.708304273781526561e+01
2.708253023737145071e+01
2.704245813647028740e+01
2.698853730193131994e+01
2.706131764630245584e+01
2.710082023788504202e+01
2.708972410000970399e+01
2.709345568703211882e+01
2.702514475830960805e+01
2.706493801150636358e+01
2.708807483713616193e+01
2.711275655598603862e+01
2.711818934315810026e+01
2.709504794893999602e+01
2.712310920978287143e+01
2.715282656778558490e+01
2.705016855997060432e+01
2.706765371830488220e+01
2.705878666130976384e+01
2.709510586044720171e+01
2.709579536370903341e+01
2.712108832681720116e+01
2.707472865238690218e+01
2.707819333676357232e+01
2.708298761884776340e+01
2.707574839799789501e+01
2.709756058571520043e+01
2.710997026952382427e+01
2.709652528311613295e+01
2.705674292113261714e+01
2.706312853613833980e+01
2.709357429718875920e+01
2.710732666304382477e+01
2.707049342158496685e+01
2.702564306634407032e+01
2.702429143415618285e+01
2.710415606715848469e+01
2.707653069408575419e+01
2.700827925710449762e+01
2.704361185290048653e+01
2.708114261723291705e+01
2.710147947152502113e+01
2.710190448662363139e+01
2.705279712424174576e+01
2.705595190380761395e+01
2.711939776467034591e+01
2.711850473828150143e+01
2.714988493909013201e+01
2.709807239789833133e+01
2.713292506043513441e+01
2.709956467462629348e+01
2.713082327041988862e+01
2.707028083264699347e+01
2.703574425509940227e+01
2.702204612578880472e+01
2.710390350306029461e+01
2.704442182147243301e+01
2.706068861020665040e+01
2.704277045068371166e+01
2.703134568896051704e+01
2.707814726071752531e+01
2.703390971298536627e+01
2.705678791841421571e+01
2.708433306386418948e+01
2.705993819128172007e+01
2.709912125968960694e+01
2.707541999091911578e+01
2.712679967256793390e+01
2.709267858587492839e+01
2.706456392887383799e+01
2.706354114390247645e+01
2.713061104869828810e+01
2.733470337471764111e+01
2.741805134636151564e+01
2.735728082320564525e+01
2.736857303008170206e+01
2.729318395592582291e+01
2.728940110652381179e+01
2.721954415765377178e+01
2.711583630475318074e+01
2.716351645474331988e+01
2.718683976700562965e+01
2.712006936832288773e+01
2.709501996902762855e+01
2.708386075949366756e+01
2.715685507529826026e+01
2.713384588222076133e+01
2.712074616793598736e+01
2.711397985911139585e+01
2.707560850133436148e+01
2.710515527148298531e+01
2.711872256259346869e+01
2.707330471828053220e+01
2.700729088559531732e+01
2.698530467665501575e+01
2.693922669357890598e+01
2.694588272483009206e+01
2.699144416811349245e+01
2.696021854461952216e+01
2.694723026076506045e+01
2.698790734824281046e+01
2.707861137149691189e+01
2.703775623760140334e+01
2.702688711295175494e+01
2.700324743517247228e+01
2.697375620307927235e+01
2.700199388969287639e+01
2.703174014070870612e+01
2.698836482523198299e+01
2.696891398312519073e+01
2.703807515213961210e+01
2.706987432905859592e+01
2.705230660384943420e+01
2.699844271769843118e+01
2.698595075588441361e+01
2.704606936974654374e+01
2.700314925563048618e+01
2.703435810486580237e+01
2.696071816844663260e+01
2.692313073339798990e+01
2.694608709497651233e+01
2.696653624709736619e+01
2.695861195298343560e+01
2.696310134701732153e+01
2.694905364793145353e+01
2.696584464410883797e+01
2.698008208978968625e+01
2.702980982008274324e+01
2.701870811766805502e+01
2.699268112212070747e+01
2.701547032700847595e+01
2.705387347355788918e+01
2.708019835565103861e+01
2.699541402919519584e+01
2.701777518286057500e+01
2.701546043095951077e+01
2.706328417167187439e+01
2.708905909860517625e+01
2.702797573189522495e+01
2.699315809007438816e+01
2.703667299239290855e+01
2.701641867624422488e+01
2.703529411764706225e+01
2.699229924768331657e+01
2.700379777261437653e+01
2.700498493299993541e+01
2.707099782905845231e+01
2.700215324741609990e+01
2.700203824901670302e+01
2.698191545595796725e+01
2.704715840386940684e+01
2.704953182467918538e+01
2.707975400862902049e+01
2.704795654340034972e+01
2.699374798582017476e+01
2.710223822750468159e+01
2.710191675354879948e+01
2.710345273294233692e+01
2.708847581254116932e+01
2.704998793727382278e+01
2.707961385758196826e+01
2.706211368609349677e+01
2.708449075932497507e+01
2.708749531827582047e+01
2.707150785101034529e+01
2.705643089154990832e+01
2.710234738737569415e+01
2.709883082488211414e+01
2.704153816499614393e+01
2.702261043335320778e+01
2.703473905575264880e+01
2.706817818426018007e+01
2.708123812896371874e+01
2.706094024890858307e+01
2.699567679668182407e+01
2.704814886480907887e+01
2.706655844155844193e+01
2.707531731202886505e+01
2.700011272141706797e+01
2.700627976430704535e+01
2.701518926303946344e+01
2.703746842774175718e+01
2.705619219453519975e+01
2.704656441518856269e+01
2.699959902482838459e+01
2.703867412166167128e+01
2.706602158180408324e+01
2.706515972595160235e+01
2.700028926350298164e+01
2.701457433558175936e+01
2.696273859320159616e+01
2.704971696587416830e+01
2.703756081004638645e+01
2.698487094383398244e+01
2.698878984983538132e+01
2.695812729808546138e+01
2.706418002067717765e+01
2.707366257786911845e+01
2.703725405440020424e+01
2.694674565636297103e+01
2.702823858790970135e+01
2.707160227400833818e+01
2.707343941248469932e+01
2.703582773021170738e+01
2.702802059823897451e+01
2.706290718266153306e+01
2.711683216669380059e+01
2.709280894914819626e+01
2.708487540489400658e+01
2.705088782321301011e+01
2.707651873911699170e+01
2.704354763324576538e+01
2.712212501420247079e+01
2.703683579704354756e+01
2.705300256019703653e+01
2.704879278927502284e+01
2.707920213111558994e+01
2.709785514154133423e+01
2.706388659643672412e+01
2.702787155405513531e+01
2.704805837726629747e+01
2.707490170061972989e+01
2.713685559900693178e+01
2.700719412907680805e+01
2.700868404547866675e+01
2.700062150403977768e+01
2.700641506423042770e+01
2.701561929554437214e+01
2.707294768872199953e+01
2.703691555727056439e+01
2.710578109775901012e+01
2.703430193399403692e+01
2.707402155873870342e+01
2.705149493611591538e+01
2.706668829588774017e+01
2.725420259705398962e+01
2.733173190783908879e+01
2.735103464625597169e+01
2.722221850873968307e+01
2.721705348471147801e+01
2.716089392906433275e+01
2.714296986733737427e+01
2.714657218086662382e+01
2.709739759904354628e+01
2.707735224130169271e+01
2.706365712220524600e+01
2.707620379555396539e+01
2.706121716430086366e+01
2.702457275272762516e+01
2.704417736175209441e+01
2.701989532199863575e+01
2.700400051619563513e+01
2.709087367293269466e+01
2.705696089421780215e+01
2.705045322110715489e+01
2.702737143961850919e+01
2.708140201457701934e+01
2.708629755644911441e+01
2.705000080802857099e+01
2.699173365814047898e+01
2.702263088030562699e+01
2.699034250421111736e+01
2.701033140587208692e+01
2.698863892375527129e+01
2.708688987100245882e+01
2.697376803746058016e+01
2.705021168772852747e+01
2.705906445007013872e+01
2.708979545784239207e+01
2.701697280821368352e+01
2.706840064620355335e+01
2.702764679284284099e+01
2.710535456330850224e+01
2.705612773675346361e+01
2.705790147671459778e+01
2.710287770955816455e+01
2.712914691943127821e+01
2.709513302840945670e+01
2.709851154557888719e+01
2.699890729420707558e+01
2.711068325594188266e+01
2.710031153664225556e+01
2.711796668450845971e+01
2.708874445047749902e+01
2.710911325270034311e+01
2.703269088452009683e+01
2.707737608113095717e+01
2.713096335095462308e+01
2.708605135322692803e+01
2.708777861457849312e+01
2.705745609092518933e+01
2.714578702276451594e+01
2.710125028268665304e+01
2.703064895198810547e+01
2.704704816450678706e+01
2.708365372083930467e+01
2.705889866132057264e+01
2.707884547694473909e+01
2.705566680662769485e+01
2.707155762033810475e+01
2.707919408562840147e+01
2.703760152890587776e+01
2.712558999562065409e+01
2.706477230625493391e+01
2.702488567134754405e+01
2.704440390285220985e+01
2.707858115998443083e+01
2.707491952004682290e+01
2.704259181225892306e+01
2.707487628782347855e+01
2.706275026936622652e+01
2.708018476652082640e+01
2.709215781782756594e+01
2.711094949494949446e+01
2.703922452660053821e+01
2.734964079200981502e+01
2.729230394883203559e+01
2.734564960326301275e+01
2.709533720500856191e+01
2.712782149961082467e+01
2.703519130057706832e+01
2.699248501915583631e+01
2.715319936810993440e+01
2.707837141670128744e+01
2.719911149709399467e+01
2.728856712420488506e+01
2.735436158039981080e+01
2.746998096970309433e+01
2.731643150354822325e+01
2.736544250451535376e+01
2.746014845149731087e+01
2.748693910671431695e+01
2.758034639736277427e+01
2.753383223111729805e+01
2.754450451070862727e+01
2.742756381930045251e+01
2.742577221390665443e+01
2.733319473780497688e+01
2.739381733964354027e+01
2.731243866950901733e+01
2.726675026264954127e+01
2.729918749891724516e+01
2.729699733287447216e+01
2.727955948202831848e+01
2.716813239254183898e+01
2.724214427214973711e+01
2.733025903005160373e+01
2.741055664745661247e+01
2.761144578313253106e+01
2.768485270469653869e+01
2.777601059194208233e+01
2.787933665683182483e+01
2.786022584692597093e+01
2.772007400246674891e+01
2.767404268149686430e+01
2.765570684148596214e+01
2.778480408858602857e+01
2.789593012451216936e+01
2.786150370235994345e+01
2.789877643653586858e+01
2.796835742266648595e+01
2.819562100642512092e+01
2.824458798882681165e+01
2.806087296594174418e+01
2.790996398559423852e+01
2.782173455583947330e+01
2.777958083138967282e+01
2.786596583442838693e+01
2.783237206814116149e+01
2.783610308486295892e+01
2.777310447312617825e+01
2.775240609544178483e+01
2.774960473643488967e+01
2.763439609029555299e+01
2.762432741179781814e+01
2.759464238057112340e+01
2.752783690301982134e+01
2.751012534565263934e+01
2.744475138121546820e+01
2.741037288474018041e+01
2.741436554898093192e+01
2.749405187761010083e+01
2.756111240944145635e+01
2.752264618434093535e+01
2.748776092506382440e+01
2.748575014643126124e+01
2.746132109969748569e+01
2.744211922726141850e+01
2.736113120683985755e+01
2.732700052819225789e+01
2.726565903024546955e+01
2.728940611008691164e+01
2.740800751438299443e+01
2.740170204311401037e+01
2.730678678285891436e+01
2.729264301610158228e+01
2.734839662237263624e+01
2.743358408393546455e+01
2.747011998731705518e+01
2.736198853144134446e+01
2.734264937938214501e+01
2.735535690939992293e+01
2.737264173938477896e+01
2.739480467975411315e+01
2.734072517768330712e+01
2.733192893069436025e+01
2.738562846956549635e+01
2.739684841769058110e+01
2.744952337573608503e+01
2.742649521239412991e+01
2.743004493129119936e+01
2.745373949372501698e+01
2.750489120572757429e+01
2.743183828588277962e+01
2.741616943151268870e+01
2.741446418794484785e+01
2.725609199895751900e+01
2.735882477899243170e+01
2.739754767502612509e+01
2.736754195905959719e+01
2.732121652145853830e+01
2.742614202013937685e+01
2.756792281685494928e+01
2.782097356083448148e+01
2.784736823722538546e+01
2.772612395332642521e+01
2.765293404298322599e+01
2.769399962720078534e+01
2.759057459677419288e+01
2.754689427533091006e+01
2.742944116162849610e+01
2.753072690318423099e+01
2.754741861229858557e+01
2.752202797773533760e+01
2.748822942398613023e+01
2.749940025304391966e+01
2.749743161889805165e+01
2.754550976851092159e+01
2.744561420531729112e+01
2.748022017509473258e+01
2.740000000000000213e+01
2.741659348879565528e+01
2.741689425518662304e+01
2.740399502238311413e+01
2.741144944796729277e+01
2.739090938067765180e+01
2.749378336207604789e+01
2.755915785969876097e+01
2.746201913688732787e+01
2.745622917619389725e+01
2.743154352644265614e+01
2.740481896495886716e+01
2.736995650828297144e+01
2.729268605508705292e+01
2.729440773569701761e+01
2.726752206839998038e+01
2.738128952772074243e+01
2.737486788403063542e+01
2.739188116566504405e+01
2.744840494791666785e+01
2.738247498169392102e+01
2.746285394810405478e+01
2.754315500776525738e+01
2.748047775947281579e+01
2.756077782374844887e+01
2.734415722437500662e+01
2.736514265172064242e+01
2.743055256042333667e+01
2.742263067202757298e+01
2.740469829271471269e+01
2.738339464175266258e+01
2.737137372013652126e+01
2.742045896538311922e+01
2.745114131410203839e+01
2.746131716167840864e+01
2.735881241216663895e+01
2.739476098424036010e+01
2.748858185866059856e+01
2.742216799593848719e+01
2.742662669549833154e+01
2.728590724898694475e+01
2.748246014437625817e+01
2.764182613919162534e+01
2.765747929382878567e+01
2.755700479826991867e+01
2.751884685660147767e+01
2.744620598446023862e+01
2.747467099332973106e+01
2.753488333745568539e+01
2.755648632926120101e+01
2.743870829979796966e+01
2.748883744005291874e+01
2.749229580174639764e+01
2.745974409448819031e+01
2.742722750332463377e+01
2.734929476530180281e+01
2.733554658538594850e+01
2.731813304721030278e+01
2.736681474169134631e+01
2.734571485122385326e+01
2.732835226140665341e+01
2.727442059098898142e+01
2.733655741234534986e+01
2.729543636215201374e+01
2.735485103132161910e+01
2.729079946182083916e+01
2.726649940183437337e+01
2.721485896176898933e+01
2.707938151215602574e+01
2.703895319577251755e+01
2.691527731092437037e+01
2.685944156017039575e+01
2.684562578762353269e+01
2.688239026263503462e+01
2.688237750091853329e+01
2.686770250393088233e+01
2.689181405434709049e+01
2.695562832999626579e+01
2.697497389605577567e+01
2.698141195400757297e+01
2.694833186201842068e+01
2.694405966968566801e+01
2.701899240303878358e+01
2.696624283221142093e+01
2.696428153766476399e+01
2.695647569094210283e+01
2.700157081327590802e+01
2.695112832153825977e+01
2.702064651738341894e+01
2.701365027065191526e+01
2.695832431081869274e+01
2.697294250281849060e+01
2.705505567333856476e+01
2.701441408641832354e+01
2.702133559141927321e+01
2.703032573940847172e+01
2.697271113617889426e+01
2.705958846096357817e+01
2.702060879817991434e+01
2.703190425390052098e+01
2.697830247830247785e+01
2.700398532073529267e+01
2.705297000913848748e+01
2.704328624830461081e+01
2.704289788744071643e+01
2.705604508878100489e+01
2.703756913418260055e+01
2.708314206832318760e+01
2.707807683383605735e+01
2.707209013337751458e+01
2.703402166836385589e+01
2.706157733741189020e+01
2.704394010138740967e+01
2.706003587205632854e+01
2.707513259181671472e+01
2.706481435376521105e+01
2.698496228163049437e+01
2.711220472440945173e+01
2.708137607767640631e+01
2.704315584329787825e+01
2.698462461061784623e+01
2.697911586630173630e+01
2.701608093190318627e+01
2.703546345413382213e+01
2.711645163446754125e+01
2.702711434175608574e+01
2.702526919358602697e+01
2.708268823607251718e+01
2.700305151082954680e+01
2.709667123425019497e+01
2.696813689334710418e+01
2.697629317440980046e+01
2.702092489013184107e+01
2.699644865344776434e+01
2.704136794396373844e+01
2.698523122824465403e+01
2.705772749958409307e+01
2.704808442151022874e+01
2.706291379711880651e+01
2.706343437680680708e+01
2.704444112174375547e+01
2.694439040474816593e+01
2.702749283953906456e+01
2.698560374302681453e+01
2.700011606313834633e+01
2.699192566271291227e+01
2.697949411018787202e+01
2.700456234653925591e+01
2.697282572805916701e+01
2.698912342760798211e+01
2.700837540539636805e+01
2.689842068070140968e+01
2.700478054468226929e+01
2.693203336152149774e+01
2.695341750108837786e+01
2.683789378029079131e+01
2.680644129431967215e+01
2.674720279133746104e+01
2.682105121020828520e+01
2.679058962662611876e+01
2.676016424340333799e+01
2.673741501155507905e+01
2.685985841189884482e+01
2.679107085305243174e+01
2.684337042817398356e+01
2.676405859717815261e+01
2.674703933395633726e+01
2.675893695506371373e+01
2.683505661400772979e+01
2.681091552824075563e+01
2.679883303259751415e+01
2.676084900881429007e+01
2.681591789505458578e+01
2.682798760572816477e+01
2.686649810366624536e+01
2.683224171075687892e+01
2.676475325939225058e+01
2.688959097703492418e+01
2.687370824524312596e+01
2.696303482251316197e+01
2.691174282138871021e+01
2.691481468991333159e+01
2.696175398325681627e+01
2.692157553196840780e+01
2.692309116617290599e+01
2.689216266987087067e+01
2.681062238129972286e+01
2.683638430546499976e+01
2.687937338566300838e+01
2.684899043038228328e+01
2.682447023889863758e+01
2.686127546560881996e+01
2.693578182307614810e+01
2.692548153354418972e+01
2.693699224288931404e+01
2.690222652468538556e+01
2.688826249873409324e+01
2.686585447374578095e+01
2.688266322822646615e+01
2.691775091349929738e+01
2.685990717243221226e+01
2.688600205827273726e+01
2.682933730703545905e+01
2.686071911688572200e+01
2.688307661532306625e+01
2.684330980024759938e+01
2.694903896720783010e+01
2.700101493648189077e+01
2.703712419638137376e+01
2.698534066864155534e+01
2.693780634656807393e+01
2.689854534408856068e+01
2.696835778077560164e+01
2.695977011494252906e+01
2.696611887107943417e+01
2.691634445801112463e+01
2.684925168223190184e+01
2.683862795764300557e+01
2.684333882962614126e+01
2.687602388360945227e+01
2.684583780520525664e+01
2.685581905646046508e+01
2.692350686411914396e+01
2.688291302538493710e+01
2.691624131871810022e+01
2.691303022606045303e+01
2.692231720192078370e+01
2.690790121361283127e+01
2.690410235442433873e+01
2.694206004961941758e+01
2.688595201497026110e+01
2.680220455186839246e+01
2.687446382613668661e+01
2.682687202150289707e+01
2.695995104372067885e+01
2.684536591792371851e+01
2.678606504522081266e+01
2.687655043295108825e+01
2.693015457868088092e+01
2.690872177197916315e+01
2.685877665338512443e+01
2.684203363631781158e+01
2.687702080462474541e+01
2.689795306040805656e+01
2.692879427417874538e+01
2.690653251188642514e+01
2.690070061977903393e+01
2.692814088965215191e+01
2.691345029239766262e+01
2.694372468280271704e+01
2.696292666441365071e+01
2.694146531434666869e+01
2.696935752953593735e+01
2.696167880143262963e+01
2.695457426931803369e+01
2.693506775611141535e+01
2.692510203393260326e+01
2.693350452310222920e+01
2.692873754152823906e+01
2.697403426268055071e+01
2.692432883108221020e+01
2.692684151505514834e+01
2.692536142365864293e+01
2.694279318702032811e+01
2.697486923283261717e+01
2.697169827222924354e+01
2.686230654018971364e+01
2.689050668801494126e+01
2.691643584965839153e+01
2.692590806279935833e+01
2.690055480833893853e+01
2.689089406486650446e+01
2.691857634516914288e+01
2.698295320553852150e+01
2.697961588311535053e+01
2.702705939909239774e+01
2.696498601785026494e+01
2.693319119876076329e+01
2.699364091236173380e+01
2.701257261480253646e+01
2.697799996633506581e+01
2.696267750531250940e+01
2.694066869710074030e+01
2.691915928319232520e+01
2.694129334958507727e+01
2.692317571511967245e+01
2.694751629009055094e+01
2.696292862200343876e+01
2.694247308187173928e+01
2.703093080376048363e+01
2.692644314091454305e+01
2.691364669697779988e+01
2.693217077164610274e+01
2.698641235117278470e+01
2.699496726195485508e+01
2.694176157807337191e+01
2.689863880656989537e+01
2.690030054231938195e+01
2.695258519191307300e+01
2.704161562599634294e+01
2.695029259433645308e+01
2.695587939023571167e+01
2.692027616643541421e+01
2.699407320349227746e+01
2.705114750800489531e+01
2.698601724539734548e+01
2.695131460561831460e+01
2.695653405776570466e+01
2.700546134915551022e+01
2.702780981031169105e+01
2.699070237493683777e+01
2.693559028356269636e+01
2.703812400850575415e+01
2.709205168166507605e+01
2.702991778823841429e+01
2.706763594656591820e+01
2.700227295517598591e+01
2.699233093190797206e+01
2.703398115330993079e+01
2.708388342991517916e+01
2.707483621703342891e+01
2.700720300125052376e+01
2.702007107462836188e+01
2.699640798596608349e+01
2.710020785838809232e+01
2.708307006132688954e+01
2.704990093690184594e+01
2.700420125870380161e+01
2.709154107677475309e+01
2.707226546224229580e+01
2.705235275261089001e+01
2.701082761040653679e+01
2.703157753066065538e+01
2.705956585047448471e+01
2.709787718094982978e+01
2.704731376673678511e+01
2.697715498512651067e+01
2.701100760647388199e+01
2.703797657612758343e+01
2.706150478704740081e+01
2.700181156409447070e+01
2.702652827776469735e+01
2.701895011610760022e+01
2.699204133157217100e+01
2.711989894736841933e+01
2.700596995013924229e+01
2.708224258289703101e+01
2.698896250915628769e+01
2.706802594995366107e+01
2.707115954401647073e+01
2.704872172399946351e+01
2.698341066123702703e+01
2.705002269937618564e+01
2.699864239742558425e+01
2.703771906264687885e+01
2.701722035710110248e+01
2.699536114413946919e+01
2.695205995015305334e+01
2.698524734835239514e+01
2.704598184971292696e+01
2.704092523722962227e+01
2.694043636726746271e+01
2.697973856209150512e+01
2.699485242504261606e+01
2.702669349429912771e+01
2.701112416107382330e+01
2.701848121663812918e+01
2.694782158888017420e+01
2.698766030732188526e+01
2.694614824137245890e+01
2.697712100372370614e+01
2.702087217043941436e+01
2.697445783943965480e+01
2.699110198494182100e+01
2.710653423414338903e+01
2.698515841023419881e+01
2.698031614981876558e+01
2.683628429135366389e+01
2.691555325392715403e+01
2.721338595447910436e+01
2.702593014156648010e+01
2.679233203855560319e+01
2.642796028880866643e+01
2.624438141349906317e+01
2.623121032890940540e+01
2.625337501776325055e+01
2.642810754875198498e+01
2.652738220737220232e+01
2.685960731112618660e+01
2.706574497342699104e+01
2.689921524463273528e+01
2.688277562896987050e+01
2.690686007006178926e+01
2.703836375431767891e+01
2.708843441961623810e+01
2.705708668148401586e+01
2.707250527326668177e+01
2.702364483101051107e+01
2.718032279156199493e+01
2.721802971098066948e+01
2.711195572333920012e+01
2.713347902545628543e+01
2.707333151171528129e+01
2.710609631147540810e+01
2.717759171342252955e+01
2.706508025098516868e+01
2.712822121253221042e+01
2.710072028198273486e+01
2.706869147051379443e+01
2.716405389373781887e+01
2.708996551377774864e+01
2.711971268954509284e+01
2.708407094651880698e+01
2.710353352730452769e+01
2.718265623143133425e+01
2.719163607670932237e+01
2.713915819342633995e+01
2.712847404299947485e+01
2.718061231439858361e+01
2.717979235249430303e+01
2.712529402805746770e+01
2.713421515278359308e+01
2.713007744318856140e+01
2.718620876057908475e+01
2.717278433341702382e+01
2.722767540152155874e+01
2.714715155193633933e+01
2.715282213332436712e+01
2.718847299309598142e+01
2.715805027061128030e+01
2.721318389568490659e+01
2.709349432567960037e+01
2.713175772011339149e+01
2.711849045266390945e+01
2.717005744177192028e+01
2.714672867490840957e+01
2.714930921878924863e+01
2.711141769584946815e+01
2.716840513983371252e+01
2.720652864644302227e+01
2.715818251317079657e+01
2.718834670081552929e+01
2.718502291383391167e+01
2.713500318759856356e+01
2.719642108440806894e+01
2.722349188130844411e+01
2.713502406950804158e+01
2.711023490493534283e+01
2.716155350279819558e+01
2.714993530836346736e+01
2.713022260846313216e+01
2.715901459546106267e+01
2.713883620617310655e+01
2.714360861819770676e+01
2.720016516111635241e+01
2.713202812079310178e+01
2.714224310944607765e+01
2.711438356164383379e+01
2.715730318173405067e+01
2.719105146911184079e+01
2.717341420267879926e+01
2.718454007476823620e+01
2.719346163543155015e+01
2.718745882392688884e+01
2.724621282488642748e+01
2.718275792854275252e+01
2.719515239428542586e+01
2.744027048669810398e+01
2.760808019113657963e+01
2.757454843421568214e+01
2.744031756510258191e+01
2.734231228064108876e+01
2.730914478671353152e+01
2.721135471259331950e+01
2.732347026716460903e+01
2.740518176206603229e+01
2.737793346160803765e+01
2.754448160535116941e+01
2.760719276066271988e+01
2.765129210001842353e+01
2.766309907659064748e+01
2.767077768111492375e+01
2.749127047171565152e+01
2.752262393351611891e+01
2.743245483456255585e+01
2.731736840328189686e+01
2.730689655172413666e+01
2.735929690952980309e+01
2.729462694596684358e+01
2.735278697339898102e+01
2.735876132930513549e+01
2.736214360352291308e+01
2.727112810074633131e+01
2.742088202536695718e+01
2.789600870309601888e+01
2.788560182605726467e+01
2.786120781527531065e+01
2.774846387456741326e+01
2.765546707072130772e+01
2.751007452387524310e+01
2.740937510676825184e+01
2.741928399979571651e+01
2.740835436992563245e+01
2.740891466276657340e+01
2.744870681582128569e+01
2.750433148227253355e+01
2.760974127452682936e+01
2.754901620571190790e+01
2.747103875809248663e+01
2.748015482176489854e+01
2.736687057858583216e+01
2.747059742966307994e+01
2.765974671515505534e+01
2.763312258835890844e+01
2.766005512525294563e+01
2.767077234424884935e+01
2.770345223794850398e+01
2.763146987202735616e+01
2.766200263870564413e+01
2.768537435404398650e+01
2.762063557010365145e+01
2.755418639781387569e+01
2.751445821956142268e+01
2.749432741804389124e+01
2.757904027973452088e+01
2.764085266672374175e+01
2.788755341880341732e+01
2.781525850057002103e+01
2.776568473946764826e+01
2.772017725680794697e+01
2.764384116693678806e+01
2.754674041323915645e+01
2.746554345736407399e+01
2.742832056468967750e+01
2.748144810229900514e+01
2.743614785926810029e+01
2.742713719190803801e+01
2.739486192661304642e+01
2.741938133491038698e+01
2.742671402502606881e+01
2.757282005252485035e+01
2.752864946441167149e+01
2.764605586480116628e+01
2.772608533188395796e+01
2.781195922213655081e+01
2.771627554882664768e+01
2.779170148541023266e+01
2.770979419112523701e+01
2.774576675818085647e+01
2.772933811278840821e+01
2.761780734895850742e+01
2.760551039445628874e+01
2.765079122780236887e+01
2.756254169446297553e+01
2.763019202759036119e+01
2.757877494291670928e+01
2.766677368661180481e+01
2.759864436353874595e+01
2.762039390088945368e+01
2.771560189318017464e+01
2.772920624779326459e+01
2.776764045702327266e+01
2.770189841798501007e+01
2.785347135767518623e+01
2.781211885079278900e+01
2.775659937236738273e+01
2.777546448363569098e+01
2.773344760368353690e+01
2.774340812038229487e+01
2.772880763274888594e+01
2.767754562721942335e+01
2.763290413472249796e+01
2.760782142915289583e+01
2.751700428327589876e+01
2.747774735769769450e+01
