4.670203773884402665e+01
4.639170279690555532e+01
4.620015349946111627e+01
4.622364557875571478e+01
4.602250793445170984e+01
4.595478632894160853e+01
4.607369614512471401e+01
4.603161107826059606e+01
4.615126388018448012e+01
4.599426920298579091e+01
4.587305844228405505e+01
4.602110784188307946e+01
4.609736018615100051e+01
4.616559005013498052e+01
4.592806066824856970e+01
4.601346098242682814e+01
4.591952538156068897e+01
4.602794235388310540e+01
4.602815032690185859e+01
4.593020988187151232e+01
4.585860485876425940e+01
4.599929472486255122e+01
4.612271792437905304e+01
4.613758176160538937e+01
4.594928222117053451e+01
4.593397515330600811e+01
4.607155517940692846e+01
4.619398341912413031e+01
4.688463089248462268e+01
4.698742642637169808e+01
4.670915452100071974e+01
4.641628526538697486e+01
4.648628053931673065e+01
4.633486772135071163e+01
4.618046224354025497e+01
4.613083124091450316e+01
4.620768176489043810e+01
4.621083845248987387e+01
4.621278870829768692e+01
4.614529069671658590e+01
4.603548360722754040e+01
4.610370816512566705e+01
4.616726973152844238e+01
4.622585535216547470e+01
4.605475869462809158e+01
4.599666871502959253e+01
4.599427196149217423e+01
4.613137160315162788e+01
4.616862219783412513e+01
4.601033678964714113e+01
4.608157838583129262e+01
4.624973470687149302e+01
4.637573643155712233e+01
4.642264243614931019e+01
4.621344274085455339e+01
4.609749339728113426e+01
4.614652708647763291e+01
4.629411764705881893e+01
4.636229169042304932e+01
4.627106107753213848e+01
4.622194003760018433e+01
4.620593969326747441e+01
4.628855948805015430e+01
4.627176480169394779e+01
4.603850700348149871e+01
4.601254187367501203e+01
4.609423114088771456e+01
4.619805893884371528e+01
4.628419512195121399e+01
4.611226390851857104e+01
4.609086818890299497e+01
4.622729708227119261e+01
4.631523954323423453e+01
4.636973499330131432e+01
4.631263313124692615e+01
4.610925940980408910e+01
4.627964951857845932e+01
4.637868439971244072e+01
4.639563684081030459e+01
4.630167954426401167e+01
4.625656562302865638e+01
4.626445423904588949e+01
4.643477200682760753e+01
4.642274267196935966e+01
4.626066504460664675e+01
4.626100603227019548e+01
4.632241351307455091e+01
4.635799414608904101e+01
4.637714543812104750e+01
4.630451443909063869e+01
4.626141072095933282e+01
4.645299735358416626e+01
4.636393724548566553e+01
4.650879167482221277e+01
4.634317951732471386e+01
4.631660451710605741e+01
4.631381046252097633e+01
4.648974931906773378e+01
4.650581623317213342e+01
4.640576257912940861e+01
4.637111673625037156e+01
4.646058009875412864e+01
4.654554687372025512e+01
4.653690228690228992e+01
4.648300895130163468e+01
4.646517987260729399e+01
4.645535949433763534e+01
4.660003929852139493e+01
4.652057894565464835e+01
4.656252802178642014e+01
4.642866748667486831e+01
4.647069277604080639e+01
4.655352011494253617e+01
4.660483525182228703e+01
4.639893800088500342e+01
4.636114388725007984e+01
4.637245551716867453e+01
4.647753341394071924e+01
4.657543347386033616e+01
4.647147339542982536e+01
4.635212281907754317e+01
4.643450754618787357e+01
4.662326024159663973e+01
4.651432613503317270e+01
4.653093854840029309e+01
4.633616186940520265e+01
4.650342793104584871e+01
4.650103673945442040e+01
4.667641280480758326e+01
4.641076868235141717e+01
4.640613319465661135e+01
4.645661797970658569e+01
4.673500548829436951e+01
4.658643847838429508e+01
4.650828503795608526e+01
4.648596511304746315e+01
4.665941705149213448e+01
4.674857320913145742e+01
4.676256056281940232e+01
4.656536188464875181e+01
4.662334816279452809e+01
4.661071534092774016e+01
4.667748201557278520e+01
4.666447164169348838e+01
4.653325811831649617e+01
4.651916187345932485e+01
4.662988076519916092e+01
4.680943934219688174e+01
4.669482941128572406e+01
4.669703221972797991e+01
4.651450538352526820e+01
4.673116311284816504e+01
4.680119300673949567e+01
4.667594413847364621e+01
4.658713268396496687e+01
4.680019663349889214e+01
4.726803744215396819e+01
4.720649474689589198e+01
4.701455884339954139e+01
4.683258383440284689e+01
4.662772938589866811e+01
4.679865068226779812e+01
4.687418154887141952e+01
4.685155615921024008e+01
4.669893456110898455e+01
4.662790162425198304e+01
4.677075380887576017e+01
4.684579068999670426e+01
4.680035739104536674e+01
4.677424804558102522e+01
4.664573872984534830e+01
4.662904359481504457e+01
4.679515837846710014e+01
4.675076162086022435e+01
4.673141538207897128e+01
4.664946127560779843e+01
4.665720911872100629e+01
4.682385428715726761e+01
4.683743988894948274e+01
4.669171764090150845e+01
4.668689740824264334e+01
4.663598849771741328e+01
4.670176630434782794e+01
4.674921757179691184e+01
4.662832030932691652e+01
4.659664042504940085e+01
4.666741035341287613e+01
4.682470493341454443e+01
4.679123790446343634e+01
4.673491618289739336e+01
4.664849011158263892e+01
4.658389675243607542e+01
4.686898457287589537e+01
4.672713365539451758e+01
4.657694843305301902e+01
4.669364351245084777e+01
4.660972857971762551e+01
4.678395322397271627e+01
4.688815672593955952e+01
4.673062161718878116e+01
4.667139985947482472e+01
4.672928546919168724e+01
4.675169990933817132e+01
4.680633875940510791e+01
4.669094459596855984e+01
4.672449676433286214e+01
4.716433744772008652e+01
4.748405766964719277e+01
4.725744040022460979e+01
4.704059626825311113e+01
4.693592298032650234e+01
4.703833795945832463e+01
4.711341871658645175e+01
4.698697761933055261e+01
4.679269265196516869e+01
4.669030841335911930e+01
4.690300562214565616e+01
4.700881216012579245e+01
4.693187002998305246e+01
4.678283856561144916e+01
4.683167992666076884e+01
4.681513949426187793e+01
4.685048634072742146e+01
4.691007356737222977e+01
4.687262126487974001e+01
4.677981577893471865e+01
4.692274116820062346e+01
4.689363627549207081e+01
4.690708242687938423e+01
4.679622245540398495e+01
4.675056407942238224e+01
4.686869747899159933e+01
4.693577759871072175e+01
4.704663876451884619e+01
4.686713706407137181e+01
4.688218180636143728e+01
4.691609788846086104e+01
4.704821988266495936e+01
4.719364623764636946e+01
4.686573031014812329e+01
4.683276252019386021e+01
4.697903862327748215e+01
4.695281857848385698e+01
4.696309097046956538e+01
4.691399583850832045e+01
4.685930357515196931e+01
4.699151043509019843e+01
4.704764126657227763e+01
4.704748437274027850e+01
4.700131737488955253e+01
4.691786313183741441e+01
4.697120994739358935e+01
4.703407763105242623e+01
4.716837380780636835e+01
4.705617487398216525e+01
4.688295051592498908e+01
4.694606318676937207e+01
4.711920179515948348e+01
4.704095889755490845e+01
4.687235774953700940e+01
4.693044213346943394e+01
4.700098619329388328e+01
4.711044025560129000e+01
4.703706614486431192e+01
4.697053266650789283e+01
4.698334683298234182e+01
4.699389465863389148e+01
4.710247168693033615e+01
4.709468721843223449e+01
4.688941530483217690e+01
4.688277192700377327e+01
4.688714618502090303e+01
4.710339179032568779e+01
4.713864834638120982e+01
4.691662789764979635e+01
4.683624268654324396e+01
4.699557401933370215e+01
4.702888161571006975e+01
4.705574359218827141e+01
4.693852148849492067e+01
4.691758612925016791e+01
4.699477869708410793e+01
4.710987734021949791e+01
4.702510227146108690e+01
4.699448705656759984e+01
4.688169059266981975e+01
4.709055086319665406e+01
4.711311459728333517e+01
4.707106769417708136e+01
4.703957305732999572e+01
4.690823091721385651e+01
4.699338171819547227e+01
4.703829970354786383e+01
4.707840317064595581e+01
4.700102692468149002e+01
4.694530267358983622e+01
4.708192817608443903e+01
4.704033218476587308e+01
4.721609410549755381e+01
4.696624560281420457e+01
4.697064172930515724e+01
4.688915252078091811e+01
4.700725970073548154e+01
4.706652292472572441e+01
4.704319740975828523e+01
4.697748270652778757e+01
4.707135992311388151e+01
4.708927115473773739e+01
4.708818302620834828e+01
4.706711121013432120e+01
4.695651551312649019e+01
4.691971068050094118e+01
4.710463031156937319e+01
4.707803306918379604e+01
4.697922928892918293e+01
4.688599805506401452e+01
4.713862943347777446e+01
4.701921515561569720e+01
4.724890389477390329e+01
4.696093119011797512e+01
4.700376060683980484e+01
4.703824180761947815e+01
4.692155175161774139e+01
4.720865562871571797e+01
4.703272454180848428e+01
4.685939025366087662e+01
4.698905103629854096e+01
4.716619832041343585e+01
4.719410767616433589e+01
4.710077858880778479e+01
4.696526676804607092e+01
4.700518652148701904e+01
4.700352747761407812e+01
4.701501491918111952e+01
4.695559039498311904e+01
4.684761708010869086e+01
4.673829877674396727e+01
4.702124623180039720e+01
4.698867707267144311e+01
4.674064259688638145e+01
4.684855194544725521e+01
4.671370579222543284e+01
4.695897435897436623e+01
4.692030766790897189e+01
4.691803985437822888e+01
4.671759208095862448e+01
4.678936200535225254e+01
4.688050155949718345e+01
4.690100735529261300e+01
4.670764834267589549e+01
4.682638933504657786e+01
4.669991151561117704e+01
4.705333354733092222e+01
4.707554056026861389e+01
4.734664316884860824e+01
4.744990687103774718e+01
4.731356329537842953e+01
4.721980859040978373e+01
4.726469614174532552e+01
4.706129296235679504e+01
4.689920153201986608e+01
4.699481603442936262e+01
4.704322701079457403e+01
4.716039245135171143e+01
4.684183157362331684e+01
4.696163142477550423e+01
4.689238886858123578e+01
4.706376839472924445e+01
4.699452365366499862e+01
4.703076281516649004e+01
4.691145489924898726e+01
4.692951995112697006e+01
4.701823756747261029e+01
4.694640376357666867e+01
4.704991688588351195e+01
4.720611092660245589e+01
4.761967804512813274e+01
4.771931689585405678e+01
4.756706754558110362e+01
4.730609643022716426e+01
4.701802228685337326e+01
4.701842195038744165e+01
4.709271086372484660e+01
4.713032500844282424e+01
4.703759142986601205e+01
4.695855879208113492e+01
4.689774004044814149e+01
4.703175412055099969e+01
4.704250250154857582e+01
4.695314072157538732e+01
4.696560986138423743e+01
4.697512382169675504e+01
4.698385331578029422e+01
4.704728476397595216e+01
4.693503554237990727e+01
4.694009371351808824e+01
4.674928792861976490e+01
4.705085805934242416e+01
4.702657047054523076e+01
4.695983160848974336e+01
4.679811314781397869e+01
4.692482992110894457e+01
4.702717692734331223e+01
4.700639150343423722e+01
4.686500762446746648e+01
4.692417159904915280e+01
4.676794639337800419e+01
4.708329314169962032e+01
4.697757933039898859e+01
4.697926760563380100e+01
4.676820522541307668e+01
4.690541249821067282e+01
4.688928548965343168e+01
4.707764690820637554e+01
4.689458639691287090e+01
4.690923125895272960e+01
4.696123241453943820e+01
4.699516792651421326e+01
4.704862417498326721e+01
4.683297131894788379e+01
4.689186016594841533e+01
4.683426549119980109e+01
4.692322487072770798e+01
4.703065939355045089e+01
4.696583531529214639e+01
4.681100424960858675e+01
4.694688347753503876e+01
4.704890617248388196e+01
4.706043728056176434e+01
4.690480647208121923e+01
4.685316677275620378e+01
4.702412632253928138e+01
4.690785445500350903e+01
4.698267512666016898e+01
4.686819392817829311e+01
4.683521019833612797e+01
4.686591937572957534e+01
4.695679454716290024e+01
4.702148781300052605e+01
4.692410756858132714e+01
4.690920959319193173e+01
4.695175578866572863e+01
4.703016734940140964e+01
4.701542974944496933e+01
4.697880868732034543e+01
4.684782677214990088e+01
4.693127863390254362e+01
4.697660548999650132e+01
4.710791986101591533e+01
4.693340711462450088e+01
4.689625799556805674e+01
4.694693909875662996e+01
4.709057386129838818e+01
4.707784744821017853e+01
4.695097308357257049e+01
4.686256187333417955e+01
4.685797466362419783e+01
4.693539374342714865e+01
4.701591251287740647e+01
4.690998611286453723e+01
4.686174581780702653e+01
4.694676316208047950e+01
4.690599680920950476e+01
4.709560474308300115e+01
4.698190926365049336e+01
4.682046790942074921e+01
4.687985195027047780e+01
4.695400386602022280e+01
4.697772962371288941e+01
4.692901390644752979e+01
4.688132638019305887e+01
4.672057468571875205e+01
4.707631491212751484e+01
4.700043900221069038e+01
4.702469569662310533e+01
4.703584824349991322e+01
4.688397479882727481e+01
4.695866225815127137e+01
4.694834445384206134e+01
4.693132524402398786e+01
4.678075229270910285e+01
4.685069089651486252e+01
4.701918434557401127e+01
4.701372166860519997e+01
4.695174756356940549e+01
4.694624226348364715e+01
4.682354879196736874e+01
4.702581356867071349e+01
4.711545045330628767e+01
4.700217978486471537e+01
4.680874892012879940e+01
4.696166473695063104e+01
4.703346562946499887e+01
4.694874441004471777e+01
4.693293888721900231e+01
4.681180462400378417e+01
4.691145259312907712e+01
4.697661114447359409e+01
4.699411494834760106e+01
4.696665455062660754e+01
4.693109467737328799e+01
4.694605590656710348e+01
4.697943310621749902e+01
4.717415155295397255e+01
4.698940728209830553e+01
4.688232140041002793e+01
4.690231764538603443e+01
4.697989013764364330e+01
4.708416779431664168e+01
4.698298751888066960e+01
4.689597352805485286e+01
4.694188931297709644e+01
4.701886492079916735e+01
4.707363746977861751e+01
4.696014900531029923e+01
4.688103508716019974e+01
4.697692796947050198e+01
4.691122067644379712e+01
4.722087603358554020e+01
4.698177009540002302e+01
4.686402569593148115e+01
4.696859601033067833e+01
4.697287084127158607e+01
4.714259690475058306e+01
4.700643537093855429e+01
4.698527135493959861e+01
4.709005275657065681e+01
4.704258879242304658e+01
4.707345071091548760e+01
4.690004375820466720e+01
4.699882254266266557e+01
4.696491866573833107e+01
4.712258776842577390e+01
4.715861070451218495e+01
4.705960338858665182e+01
4.685553047404062710e+01
4.708382470119521912e+01
4.705313804236553921e+01
4.707934276009163455e+01
4.703288582143645158e+01
4.694017767137096797e+01
4.697198671306548334e+01
4.710572540827952537e+01
4.727327993362267478e+01
4.700747981698652467e+01
4.700708031734993853e+01
4.708580382722107061e+01
4.708229492798997740e+01
4.722236767396378809e+01
4.694276115321508769e+01
4.690647402494867890e+01
4.697706162922053608e+01
4.716534612835001639e+01
4.702015621063240758e+01
4.699652223399041873e+01
4.690949891342005174e+01
4.698277836084342596e+01
4.703099474450706197e+01
4.707943627918814400e+01
4.696593796066869686e+01
4.700196451204055137e+01
4.694510931021484623e+01
4.699218651344866515e+01
4.714511623502675519e+01
4.703084649630064007e+01
4.692253420639575978e+01
4.695769524051597443e+01
4.704304441090013711e+01
4.705364732001268635e+01
4.698686527387807388e+01
4.687528618672093472e+01
4.690224858469563429e+01
4.694378447843530466e+01
4.705692680838921405e+01
4.698532066508313676e+01
4.687144315426821350e+01
4.695041917317291791e+01
4.701755318317520249e+01
4.718358946649079400e+01
4.695010911161011080e+01
4.683966626936830124e+01
4.683636623022540846e+01
4.690046379436888202e+01
4.714963144182499377e+01
4.696785674913775921e+01
4.702861082931777759e+01
4.681400932291910522e+01
4.714732178178653754e+01
4.692856695869836869e+01
4.710538340711123340e+01
4.687702943660650590e+01
4.699352197509175966e+01
4.702167593923861233e+01
4.717129272478234725e+01
4.704147828415696608e+01
4.690885880443176603e+01
4.699034128509752861e+01
4.703325527668201289e+01
4.724474581648028959e+01
4.703699107816033376e+01
4.691624122276504494e+01
4.699503918099090072e+01
4.695333395679416810e+01
4.713125019716710540e+01
4.688440660090576273e+01
4.694046718365802207e+01
4.678773562842041400e+01
4.706284110156201450e+01
4.706747206944640283e+01
4.703324576218177810e+01
4.687520287141073538e+01
4.690642530523735587e+01
4.697078803282031600e+01
4.716238874263507341e+01
4.701239870977892821e+01
4.687467958294674020e+01
4.697011700886240249e+01
4.692110282373738528e+01
4.716184280820841934e+01
4.696125574032569006e+01
4.689778662420381750e+01
4.716094082937223675e+01
4.769296189188726487e+01
4.790577823163986437e+01
4.776954207318097190e+01
4.730938972531892972e+01
4.735077714229203139e+01
4.737381215829211811e+01
4.747094930336787399e+01
4.725340603786783333e+01
4.714519123059689321e+01
4.707488256868926868e+01
4.707825354667357942e+01
4.688958785952851827e+01
4.684358923949015008e+01
4.674763459488272588e+01
4.725534700231747820e+01
4.746055414363659253e+01
4.759156058043264892e+01
4.766194828751289236e+01
4.759112952842821898e+01
4.749895801791853245e+01
4.746947008667464729e+01
4.759870166625393750e+01
4.734121011174850935e+01
4.729863830082117460e+01
4.745586448798015056e+01
4.739475934215158048e+01
4.766878581358288614e+01
4.760911323790971750e+01
4.765162217374744813e+01
4.757474813690311777e+01
4.754237026093828433e+01
4.754803538722050860e+01
4.736399050043568337e+01
4.729458671982824569e+01
4.720312262124262048e+01
4.745380965201588452e+01
4.725022835600285731e+01
4.738161690707816831e+01
4.735779660150324588e+01
4.732990008212427568e+01
4.741035897611975969e+01
4.744170690508283883e+01
4.733918592618144316e+01
4.711237265461529944e+01
4.707647912575770022e+01
4.706160090423345821e+01
4.696192555070484076e+01
4.693474987734939674e+01
4.685185372259823566e+01
4.688381923709195576e+01
4.688325132070503543e+01
4.708501022629807409e+01
4.709459617668210285e+01
4.698364968364968064e+01
4.697793401660312185e+01
4.700210104724073545e+01
4.704717815941268810e+01
4.698309571966520792e+01
4.681822643979057830e+01
4.680035548887873631e+01
4.698933363917880968e+01
4.701207548399713687e+01
4.694034680569401985e+01
4.690756716785801927e+01
4.688262856955616797e+01
4.702249793217534801e+01
4.708928658825064417e+01
4.706371287128712311e+01
4.701453798905060921e+01
4.705957609635989058e+01
4.707433398742808350e+01
4.727072101577064700e+01
4.716562536445577081e+01
4.713359115837903346e+01
4.703558718861209798e+01
4.724072654557573969e+01
4.724772331425727856e+01
4.709212149117758628e+01
4.706104304635761792e+01
4.702096953046126515e+01
4.708425237453631951e+01
4.711238731000180024e+01
4.712396504516912188e+01
4.702461340631079167e+01
4.705909833765289818e+01
4.728701414467598596e+01
4.709598413485373669e+01
4.705768819063617059e+01
4.706758743742668827e+01
4.711057170979097464e+01
4.717239834024896794e+01
4.726165842206758327e+01
4.715964324790292750e+01
4.708708638555624049e+01
4.702428219305842561e+01
4.709307197366452158e+01
4.713249489126280878e+01
4.720502328675981119e+01
4.703107943449450090e+01
4.698809405035085263e+01
4.708357468624122077e+01
4.706649501661129875e+01
4.705236589927343260e+01
4.699885198988420143e+01
4.702781859471013348e+01
4.707000249771043343e+01
4.710288434426365711e+01
4.710093519821236185e+01
4.704039473243306446e+01
4.703397864484582414e+01
4.703737771693766234e+01
4.717744340744960141e+01
4.718704781774741974e+01
4.692654613383147222e+01
4.697909337957019460e+01
4.709337945485689403e+01
4.715816850545009231e+01
4.698278480176938388e+01
4.692137270497779866e+01
4.691619145787959155e+01
4.693273897969291397e+01
4.699540199467425339e+01
4.703786198963004495e+01
4.686370488164455139e+01
4.689508010301347696e+01
4.708897442854235749e+01
4.752178991039988887e+01
4.755906655929414484e+01
4.726896312364425512e+01
4.717774641098908717e+01
4.729106959204662530e+01
4.719235553737880196e+01
4.713131381318031998e+01
4.697924189241388859e+01
4.697535347421865737e+01
4.695826639892904808e+01
4.707696941302456395e+01
4.707513281052364817e+01
4.686732871568055003e+01
4.696375018932700840e+01
4.688105170436603686e+01
4.703005167483318871e+01
4.706436970285752608e+01
4.697772772352120541e+01
4.678619875652491800e+01
4.694832685342106515e+01
4.706932377220044827e+01
4.699029679408758398e+01
4.688358203961456638e+01
4.682216499155476441e+01
4.695070292112130517e+01
4.691661823073218329e+01
4.686332151261061085e+01
4.681777770460494992e+01
4.679952752805302651e+01
4.676232762739508786e+01
4.695164977141720897e+01
4.691202083367890197e+01
4.680241922120960396e+01
4.673878318839623347e+01
4.679910318320685292e+01
4.685909656029838288e+01
4.676206235562035829e+01
4.672426294886373199e+01
4.667446918007204459e+01
4.673234562204387288e+01
4.690963488007911764e+01
4.686156687498969831e+01
4.655084360066317828e+01
4.668279790534661799e+01
4.673607564700262174e+01
4.688270358145721417e+01
4.678175827029834721e+01
4.660539143999219647e+01
4.658015403904710894e+01
4.668192802348400505e+01
4.668495418742967473e+01
4.669910097929041370e+01
4.668403588744100574e+01
4.654140311911544359e+01
4.666449158031088018e+01
4.671062400565671169e+01
4.674249426364605853e+01
4.661442320113680893e+01
4.654301824427233214e+01
4.652784211542173409e+01
4.667363618777405776e+01
4.667660095743137560e+01
4.656831731157605958e+01
4.649903926215333172e+01
4.655834490329662856e+01
4.672525375623366273e+01
4.659099252866159446e+01
4.653453728228589625e+01
4.646524012549271987e+01
4.664242766180381494e+01
4.673873048037181377e+01
4.659628915662651139e+01
4.655169868245791065e+01
4.657743243903630770e+01
4.661397166110048573e+01
4.658216576772093731e+01
4.666927849041972109e+01
4.653188565145683953e+01
4.657314940742180198e+01
4.658399187175434264e+01
4.682826475849731196e+01
4.675507431547281811e+01
4.669499722249452844e+01
4.665031489306587531e+01
4.673804738906356704e+01
4.682309948707864322e+01
4.680776057186589867e+01
4.662713422007254849e+01
4.670977647762352092e+01
4.677054457071535865e+01
4.691671827634538516e+01
4.676403984773629929e+01
4.667784964273617732e+01
4.672614423512656145e+01
4.667396450670192820e+01
4.676871299975671548e+01
4.683730030399068767e+01
4.661316812907788432e+01
4.657801537992261842e+01
4.668984361187456500e+01
4.684341642722997534e+01
4.676043924054727796e+01
4.674542381067374919e+01
4.660838478518187600e+01
4.669876023012722044e+01
4.676680786881036767e+01
4.681308635650475480e+01
4.676771135961566728e+01
4.663825010423683182e+01
4.679575429816772925e+01
4.688644938849856914e+01
4.669486651008963918e+01
4.663208774268142065e+01
4.663683406990759295e+01
4.673619159216038810e+01
4.677940847322142304e+01
4.679821271842335761e+01
4.667961771203535193e+01
4.666492474916388744e+01
4.677607386721335558e+01
4.672601778939649364e+01
4.682255898714751652e+01
4.673570743911750469e+01
4.666161380221338817e+01
4.668331466965285159e+01
4.669570483703881081e+01
4.678268273092369611e+01
4.673971486110666973e+01
4.668799054909131740e+01
4.661890360371832287e+01
4.669551372994104099e+01
4.678947786822691768e+01
4.663534431593974716e+01
4.650978167055589552e+01
4.662427206331842910e+01
4.676978103604185577e+01
4.678155182995768513e+01
4.671283360632045145e+01
4.660049106139872777e+01
4.660238877755510600e+01
4.679715098809202090e+01
4.679159511543598882e+01
4.678484414476754694e+01
4.669504883473551615e+01
4.679445608380338228e+01
4.679389264108063173e+01
4.684521998122308872e+01
4.665602441742163364e+01
4.657658791634391804e+01
4.658141411533061671e+01
4.677360333376741863e+01
4.668588003361126937e+01
4.666185241303717390e+01
4.658902823853062358e+01
4.660983078162772131e+01
4.674198614169149124e+01
4.665575872181535289e+01
4.662948315180123871e+01
4.664793856103476344e+01
4.661564736499674666e+01
4.675275516644279605e+01
4.674545955763119309e+01
4.675010834149238548e+01
4.665675916188010319e+01
4.663635771510453765e+01
4.670568713473959832e+01
4.684439668506488630e+01
4.713458109003209984e+01
4.731220608214024281e+01
4.723615882946173627e+01
4.725043738216159994e+01
4.717080421929588141e+01
4.706794591070921285e+01
4.690085263088050027e+01
4.673850960123000675e+01
4.685744677369204680e+01
4.696505084411096931e+01
4.674929241038561401e+01
4.670574618958350044e+01
4.670063943625211778e+01
4.687689875480801049e+01
4.684930099674173221e+01
4.679878852148205226e+01
4.667413408820993226e+01
4.670266229381691403e+01
4.681875847375556532e+01
4.685743000948751558e+01
4.665034113840930274e+01
4.655772881734496593e+01
4.652727649865173021e+01
4.647973697489592837e+01
4.654401770191243770e+01
4.647349569080130038e+01
4.644366141420539407e+01
4.640523744010626928e+01
4.656111821086262381e+01
4.676481236060380553e+01
4.664411399448413675e+01
4.656919144530365173e+01
4.652387107197673544e+01
4.655180366458836971e+01
4.664105161601543159e+01
4.663404440715161314e+01
4.648750741221532934e+01
4.647790165398663476e+01
4.670030910905753530e+01
4.677885449811976315e+01
4.662730941776141691e+01
4.650505715386591277e+01
4.650476813165784051e+01
4.666725709316930448e+01
4.657974933197607470e+01
4.658895038228990870e+01
4.640408965914178196e+01
4.639935452073959965e+01
4.646219250059708372e+01
4.656757960365174398e+01
4.647755808919036014e+01
4.647663566388710876e+01
4.645074812967581579e+01
4.657430064359905231e+01
4.653245410289859763e+01
4.667242872261954290e+01
4.660224562314419217e+01
4.652380645991507180e+01
4.662966491723859264e+01
4.673676272643238150e+01
4.671312733205189005e+01
4.649752938896783405e+01
4.659360352908740310e+01
4.663101104776628603e+01
4.670833265877705998e+01
4.668554382004354153e+01
4.656314201335388248e+01
4.653663810492004416e+01
4.664511053801113150e+01
4.670656426372498515e+01
4.662616882594351608e+01
4.650978334571050254e+01
4.654849771652912693e+01
4.659341540039751095e+01
4.678851813138216187e+01
4.657828250606098663e+01
4.652937148680711488e+01
4.653398260423841748e+01
4.663243853284965468e+01
4.672489279347285418e+01
4.666309807457016490e+01
4.656964466515596968e+01
4.648980019336126190e+01
4.674752922937794608e+01
4.678936562675434629e+01
4.678918456045110474e+01
4.669659238789904521e+01
4.653481302774427064e+01
4.672859567110656087e+01
4.673276261359824701e+01
4.670951685158721034e+01
4.669730821215131300e+01
4.666310841249632091e+01
4.671134920250157307e+01
4.682286715442142366e+01
4.676924940249337936e+01
4.656553585196607514e+01
4.657194888075937200e+01
4.662721333055078077e+01
4.674940040292923271e+01
4.669460451340823681e+01
4.665072978432267092e+01
4.650192230996250942e+01
4.671610552115582493e+01
4.667689983284042654e+01
4.664535145931318993e+01
4.654595813204508659e+01
4.650804746145774260e+01
4.659874628305071553e+01
4.663723676378319993e+01
4.663532777425594134e+01
4.659928986024190323e+01
4.650962340411881968e+01
4.667860747528796850e+01
4.669058542258981959e+01
4.665682110367946933e+01
4.646807655840711959e+01
4.654777502790313548e+01
4.644370722951423858e+01
4.670109978974607401e+01
4.658809173629855138e+01
4.650899042954274165e+01
4.647469686019432800e+01
4.643322873082287572e+01
4.667717756526234041e+01
4.665869244107636149e+01
4.655251909130205235e+01
4.638338668322902691e+01
4.657265603629986117e+01
4.670866281223325700e+01
4.668973458738645377e+01
4.656943839791031792e+01
4.655076448711020021e+01
4.667628470699094834e+01
4.678153996418688365e+01
4.663847620879208478e+01
4.662853981591353403e+01
4.663259024042511669e+01
4.668129668505589791e+01
4.670772156590971491e+01
4.676102517489328392e+01
4.654799840191769533e+01
4.657042162232232130e+01
4.665025055316933589e+01
4.681349489961666421e+01
4.672731957102831046e+01
4.667883554217842601e+01
4.654170333274667826e+01
4.666085894303716231e+01
4.679463115483567748e+01
4.678163791844484365e+01
4.656334205835594986e+01
4.651436887895405192e+01
4.652940988988223125e+01
4.659564350115694253e+01
4.662561310496992206e+01
4.664055418878673720e+01
4.651295903273522470e+01
4.672656706722961673e+01
4.668461143718528916e+01
4.669207096015339431e+01
4.660508165210228526e+01
4.657787330683753169e+01
4.699939603395631593e+01
4.719125757011875066e+01
4.722919700612998639e+01
4.697276160556131686e+01
4.686293914732576127e+01
4.684364555446548195e+01
4.686962239647547790e+01
4.679104768715664875e+01
4.669680145433105878e+01
4.658240079747893958e+01
4.671190839945460027e+01
4.672564356918673667e+01
4.666128242780224866e+01
4.655118921180522307e+01
4.661646091877171472e+01
4.659947660999317520e+01
4.664422828752096706e+01
4.664757637739034379e+01
4.667334405614855797e+01
4.651294917449013155e+01
4.660387936589766866e+01
4.673892392105478422e+01
4.675321926839988862e+01
4.662559188092890849e+01
4.653585058871294677e+01
4.664951273998769210e+01
4.661915456805967750e+01
4.656813121686342072e+01
4.650122300537478992e+01
4.663290334154176975e+01
4.644874653585194579e+01
4.668671819872987072e+01
4.668690842833416355e+01
4.668999532567173105e+01
4.651776690462821762e+01
4.667429725363489723e+01
4.668240100768684187e+01
4.673834217915632649e+01
4.664613291877186185e+01
4.659412231930103587e+01
4.675351367197042407e+01
4.671703564240732476e+01
4.678585002898923761e+01
4.667368251669482504e+01
4.645356792195863704e+01
4.674133997767243187e+01
4.678870965111158142e+01
4.682964332635881988e+01
4.664572487144271662e+01
4.669735140029752074e+01
4.652646481547025559e+01
4.667271618607487227e+01
4.682010120115750595e+01
4.663213530655391281e+01
4.660256061018796458e+01
4.661162000740537792e+01
4.690154305463159545e+01
4.677336607114011002e+01
4.654797192511231430e+01
4.659274539306573359e+01
4.668278378730613554e+01
4.668830433939081104e+01
4.666596268919394674e+01
4.660421175026646523e+01
4.661374048264291758e+01
4.669167275976927556e+01
4.659659181398312455e+01
4.677058699495564298e+01
4.660242594113951498e+01
4.652710760628929165e+01
4.660973106807186639e+01
4.675332489944207026e+01
4.673194485090885308e+01
4.661004505526563690e+01
4.662263324409832421e+01
4.662287120274029917e+01
4.677159540035457042e+01
4.671857444390322911e+01
4.670248080808080715e+01
4.645340074713384126e+01
4.723497459260557463e+01
4.719803253615128114e+01
4.720666312488218352e+01
4.666376850515290897e+01
4.662151690737697152e+01
4.649257813802994832e+01
4.642602901208291399e+01
4.675215301251889599e+01
4.665959285417532243e+01
4.682847885630302898e+01
4.701943421493136555e+01
4.715674429561822478e+01
4.736972667104532064e+01
4.708731781090558854e+01
4.708751421499766110e+01
4.732848733043255152e+01
4.736283903938122108e+01
4.755242181640591070e+01
4.742432996867385953e+01
4.726654500378761270e+01
4.707337095074611710e+01
4.708473942032929926e+01
4.699725580853858986e+01
4.716792535159265753e+01
4.695562210266300696e+01
4.695629850543939199e+01
4.715371688928156857e+01
4.712702400412973702e+01
4.702780034923323882e+01
4.674269693561031858e+01
4.690528724639661107e+01
4.712788644506540692e+01
4.722967120823479092e+01
4.754673694779116744e+01
4.755445035725534808e+01
4.774141918616344071e+01
4.795386102350188651e+01
4.791454621497280897e+01
4.759555318510616928e+01
4.753269791282789924e+01
4.749193141704488141e+01
4.778018739352640409e+01
4.791726782787923611e+01
4.784242294308754850e+01
4.781613656547051505e+01
4.798802850195865943e+01
4.854533869054994000e+01
4.868914106145250997e+01
4.830142320314226367e+01
4.798934785181678819e+01
4.783718289159443771e+01
4.775931715547615397e+01
4.790092321169851175e+01
4.783454536335823803e+01
4.779668631937601475e+01
4.764458766759612729e+01
4.770662344606336092e+01
4.775996568775860140e+01
4.752011370058844619e+01
4.747820400324497569e+01
4.752458633573525759e+01
4.738437874151922102e+01
4.736760882883777413e+01
4.729105371763296262e+01
4.712529326611091562e+01
4.723747534516765256e+01
4.738810042759928365e+01
4.749799686175007452e+01
4.744091509745623370e+01
4.726472109592698700e+01
4.734356957576771663e+01
4.734119543898141558e+01
4.732595970483375680e+01
4.717543571193686347e+01
4.702868744222896424e+01
4.690169813483551309e+01
4.703958717408480794e+01
4.726645867928009181e+01
4.726543925295539594e+01
4.703374589212432255e+01
4.700413993978268934e+01
4.721125101610843444e+01
4.733249199907617566e+01
4.738687982911402941e+01
4.711125149836394854e+01
4.710883180686827387e+01
4.720167668976336728e+01
4.715648613074635875e+01
4.720739969594817609e+01
4.699783333059764345e+01
4.705054216473969575e+01
4.717200905139433331e+01
4.721609686145422558e+01
4.730162345056446327e+01
4.715577195064458493e+01
4.718630087566823050e+01
4.730233399674325767e+01
4.737531137102228485e+01
4.726286734593585237e+01
4.714725263917119946e+01
4.715202495312992426e+01
4.694640995569455555e+01
4.714343840384331941e+01
4.722518286311390057e+01
4.709599650745399657e+01
4.702521781219748931e+01
4.722365479085404871e+01
4.747724911354827526e+01
4.793901737630061177e+01
4.796573643952359589e+01
4.764301849618696849e+01
4.755861348783938780e+01
4.764780641553555540e+01
4.747921706989247070e+01
4.729800286733571113e+01
4.709690547117904913e+01
4.738914685129798698e+01
4.742786912199934335e+01
4.740448557857107659e+01
4.726287892420698000e+01
4.726124320149854441e+01
4.730053330715875148e+01
4.739090461336398619e+01
4.722368846626560668e+01
4.717976610479550459e+01
4.701576703402783863e+01
4.720662178423911115e+01
4.714369220449427189e+01
4.717195403784927521e+01
4.715347474812501360e+01
4.703125298823829326e+01
4.732645150693931413e+01
4.742959141216610419e+01
4.729191889604894783e+01
4.712229698830599744e+01
4.714166922815589089e+01
4.715273009909967783e+01
4.713596455506507255e+01
4.688764549331452258e+01
4.682464141821112236e+01
4.678426832601739704e+01
4.702904312114990404e+01
4.712525406917185933e+01
4.708361816208510930e+01
4.722469075520833570e+01
4.702546578797493737e+01
4.723067056927681051e+01
4.745646499025212250e+01
4.735924217462932262e+01
4.735084815887464060e+01
4.699488235967364602e+01
4.707242066734206531e+01
4.722218535905645354e+01
4.723047509641421726e+01
4.704058060732437951e+01
4.700402031316123441e+01
4.708767064846416872e+01
4.717955075845974022e+01
4.729421266458907525e+01
4.726676692220932807e+01
4.697189332385675442e+01
4.712764981488155769e+01
4.733232930083323708e+01
4.721657031493096923e+01
4.714884345717842962e+01
4.683707467678652137e+01
4.724234586059407093e+01
4.763985239852398479e+01
4.764527173067280330e+01
4.738039805365952617e+01
4.728094335792109604e+01
4.722073069928913469e+01
4.733446416572431303e+01
4.744991343062083189e+01
4.742853818665336973e+01
4.716285869154580723e+01
4.732508681991069466e+01
4.733079541530315737e+01
4.732109580052493669e+01
4.722471227568996710e+01
4.700776898270301984e+01
4.699268473515116540e+01
4.698813239693068766e+01
4.711474169134584145e+01
4.699529920168898656e+01
4.696770605034203072e+01
4.695136413659434282e+01
4.707921628380727697e+01
4.706900155114703210e+01
4.710929351977944890e+01
4.701003272262179422e+01
4.701399042934998818e+01
4.699216078019708220e+01
4.676582954849052243e+01
4.660169434658614307e+01
4.642005042016806726e+01
4.636593117678381759e+01
4.635890760761424900e+01
4.647690047250931400e+01
4.643989445205250632e+01
4.635687355233570628e+01
4.643560683065663852e+01
4.656415651406658185e+01
4.662748829532823436e+01
4.656035667594112937e+01
4.641249562769625214e+01
4.644715636654235169e+01
4.668495934959349825e+01
4.653685697664755594e+01
4.648726130611289875e+01
4.645529890390692884e+01
4.656876952960054439e+01
4.649202163172653712e+01
4.667765667113047812e+01
4.663907474027502076e+01
4.647184142583493127e+01
4.657322182772720254e+01
4.676999482496703564e+01
4.662268522349281596e+01
4.663349272763498732e+01
4.660468292033040427e+01
4.649546291534645803e+01
4.667033697042166551e+01
4.670262550442565441e+01
4.660223029737299072e+01
4.643144243144243433e+01
4.658501187293469314e+01
4.667413807427099215e+01
4.666155016705812386e+01
4.667046396710111367e+01
4.665280641085322344e+01
4.661067282299988790e+01
4.671137278382064295e+01
4.674671019921111537e+01
4.665616767459199821e+01
4.660227367577584090e+01
4.667259608990557496e+01
4.667420957844183960e+01
4.673544358454844172e+01
4.664543535005901731e+01
4.664975352288005439e+01
4.648947856008470580e+01
4.679555918857600716e+01
4.679735498451493925e+01
4.669394529959701146e+01
4.655657910079791861e+01
4.656937878410882092e+01
4.663676206481802211e+01
4.662786508684084197e+01
4.677949729259977119e+01
4.657329113715406521e+01
4.656628996232957007e+01
4.674340015879317178e+01
4.660774818401937125e+01
4.673010594565690212e+01
4.649695956466867131e+01
4.648348753745349171e+01
4.660534025835663385e+01
4.664917299661306771e+01
4.668115368768025775e+01
4.651728824796950335e+01
4.665604724671435832e+01
4.666340904942839529e+01
4.673748211731044222e+01
4.667785578590898155e+01
4.656595560871876671e+01
4.645308713214079432e+01
4.663380070605474970e+01
4.663361526003239277e+01
4.652404165008621106e+01
4.650838296381562742e+01
4.646482797744184978e+01
4.664179773043997557e+01
4.661959321138479595e+01
4.658826057490454531e+01
4.651623257213547902e+01
4.638634981675951963e+01
4.670084117598068474e+01
4.660534911870533392e+01
4.655875556746257615e+01
4.631790185783521707e+01
4.627921815549344586e+01
4.629203361682854734e+01
4.644743948958579693e+01
4.636474066565298102e+01
4.622798869143780109e+01
4.622058478748702015e+01
4.654502910043905928e+01
4.640040371143113873e+01
4.643803012824862719e+01
4.629604063997839347e+01
4.632415257837057965e+01
4.637907444668007884e+01
4.650101701810292099e+01
4.642521460302615566e+01
4.634209683131250301e+01
4.623415284860355712e+01
4.646537874595428264e+01
4.646297630014236546e+01
4.641955330804888291e+01
4.639900648168626418e+01
4.626138899609041033e+01
4.655831295012909266e+01
4.660148837209302286e+01
4.665057700094479998e+01
4.651746879967531356e+01
4.659391967085960573e+01
4.666464690791249836e+01
4.663126917853010411e+01
4.656251683274979314e+01
4.645646397806697792e+01
4.636033315804650812e+01
4.645757894912816965e+01
4.655967595853879004e+01
4.651796182173455918e+01
4.640023957349170303e+01
4.637635312310898428e+01
4.664788519129177047e+01
4.666208142979065343e+01
4.660855784469096363e+01
4.653264679373769042e+01
4.651250717348007413e+01
4.648684782245396008e+01
4.656528291776211148e+01
4.654058668852234604e+01
4.635573327100306784e+01
4.643505474668060629e+01
4.643572313565280751e+01
4.646969722273251335e+01
4.648246315929853267e+01
4.635957105095861408e+01
4.661339847659761659e+01
4.675453761185445956e+01
4.690095666854249146e+01
4.674302158273381025e+01
4.659500347687454536e+01
4.655440615613081690e+01
4.669758030088284073e+01
4.678072239844469493e+01
4.668461499484858024e+01
4.657833061999728841e+01
4.642222749538127857e+01
4.648872675685261413e+01
4.652231046202511067e+01
4.653655705996131786e+01
4.641620270995438347e+01
4.641890454890708639e+01
4.660780804106651232e+01
4.654257178526841443e+01
4.658632750397456590e+01
4.657588688510710995e+01
4.655888362905697164e+01
4.657021132139522734e+01
4.661685236294251666e+01
4.664147440549526635e+01
4.646755329813540669e+01
4.631316920931622860e+01
4.653970630288146282e+01
4.644052899757598141e+01
4.668005031617597211e+01
4.640822409590936104e+01
4.628757791703178981e+01
4.654650463040353259e+01
4.669382691211480818e+01
4.658516250353630284e+01
4.648075287998265992e+01
4.643335741527915417e+01
4.657081638826336700e+01
4.654300573409788200e+01
4.662066434208111332e+01
4.659959485702805893e+01
4.650442939908380424e+01
4.658699531939252836e+01
4.665747702589808199e+01
4.666219744903082756e+01
4.664494761743831930e+01
4.652945359725020325e+01
4.667765823431275862e+01
4.667047804812429490e+01
4.663714466835713779e+01
4.660355573378782168e+01
4.653501197423010183e+01
4.658363962875317554e+01
4.659767441860465453e+01
4.671441048034934340e+01
4.660535267633817114e+01
4.654429511105160344e+01
4.652807919602016540e+01
4.668829944796014075e+01
4.670329265021459264e+01
4.666100294985250940e+01
4.639192877350640742e+01
4.652486740718502745e+01
4.668049890047170436e+01
4.662072578499201114e+01
4.652523537323470038e+01
4.647413604088309569e+01
4.658413497859481112e+01
4.676424215881144164e+01
4.670484270060091347e+01
4.669031833594817726e+01
4.660948776771211755e+01
4.660337791695121012e+01
4.672933714878592326e+01
4.677642174342490478e+01
4.667937517884494980e+01
4.661795459911626693e+01
4.657768093018560052e+01
4.657584438078742295e+01
4.658875290110366763e+01
4.657621549495454616e+01
4.656547347042396723e+01
4.663672072558076565e+01
4.667312250287803721e+01
4.680631828576268560e+01
4.655882548993466941e+01
4.651462623696175314e+01
4.655515978189307447e+01
4.673291777774003464e+01
4.670020703236774295e+01
4.658459835281882988e+01
4.646633850687294398e+01
4.653837371346060792e+01
4.670452787028627029e+01
4.676762371419462028e+01
4.665966570256272661e+01
4.660180646027801998e+01
4.654487704575469564e+01
4.673008730691739743e+01
4.680754723307236986e+01
4.661074674568033060e+01
4.656658002599220225e+01
4.659479008683188539e+01
4.678749620739641557e+01
4.676443553104370210e+01
4.668512716860367107e+01
4.651594415381027403e+01
4.676452222634758726e+01
4.694039180198750216e+01
4.676556387986475016e+01
4.680481716367562228e+01
4.662369221512851425e+01
4.664269114571229125e+01
4.682041892731762545e+01
4.688077601410935102e+01
4.677251805812196039e+01
4.658781158816173473e+01
4.670262108547308344e+01
4.671895413916966078e+01
4.686100308435027983e+01
4.681054552212329156e+01
4.666857517042210901e+01
4.663623125334761710e+01
4.689695708800595497e+01
4.685378577023715962e+01
4.679198933711258235e+01
4.659605326916971535e+01
4.672502144984101591e+01
4.686538686839947587e+01
4.689610063734756551e+01
4.673236168152526204e+01
4.659153046559043077e+01
4.676026203799886360e+01
4.676368469141955586e+01
4.683978011328509439e+01
4.665321012481511076e+01
4.670176294452107868e+01
4.674881773649507721e+01
4.674284806634452849e+01
4.690777263157894339e+01
4.665891240182099864e+01
4.677543965632970924e+01
4.670275354598121709e+01
4.687680512258825871e+01
4.683243777097038674e+01
4.673653125418283594e+01
4.662430321439300940e+01
4.675385469036368846e+01
4.675382139983909724e+01
4.681585308534210554e+01
4.672253678742630001e+01
4.662743456198818137e+01
4.657133298763862683e+01
4.673055597182676024e+01
4.682896974390921230e+01
4.678750229308072761e+01
4.655878975485546079e+01
4.664456175632646051e+01
4.670581943376674872e+01
4.675224681421864403e+01
4.675414429530201232e+01
4.668066606237620420e+01
4.664925161441038171e+01
4.671747454311368131e+01
4.667579651586407863e+01
4.663806233016873648e+01
4.669207723035951574e+01
4.661860183189654805e+01
4.666561493130331684e+01
4.687363449968068352e+01
4.668074757637338479e+01
4.658502819170358578e+01
4.638756100404750526e+01
4.648399792853443557e+01
4.700488367483014684e+01
4.646254535107064498e+01
4.576023234067040590e+01
4.487509025270758656e+01
4.447568290215349407e+01
4.444034910559722817e+01
4.455115816399033690e+01
4.500478153044657148e+01
4.528707988636160309e+01
4.610081214365592928e+01
4.653961794328613877e+01
4.628238680037896557e+01
4.615425286540576622e+01
4.630850071294030812e+01
4.664495993547595276e+01
4.677759848458273950e+01
4.674328945118823952e+01
4.665980141649374957e+01
4.662238468650480883e+01
4.695165009119377686e+01
4.704995438348854009e+01
4.689492834082096806e+01
4.675428112888631205e+01
4.678352346471753265e+01
4.685759904371584383e+01
4.701514026758739817e+01
4.679511898117611679e+01
4.686815068493149994e+01
4.677105930832495773e+01
4.679311566691976765e+01
4.700338954325904695e+01
4.686572136471691152e+01
4.683391350121410568e+01
4.676082680503272826e+01
4.688449183470962822e+01
4.700582313294738412e+01
4.698087412947270991e+01
4.685085971016450657e+01
4.682285975269380884e+01
4.703844844026699690e+01
4.701814805435975586e+01
4.685180985903575390e+01
4.679536207618250643e+01
4.684948568910881761e+01
4.696467726405054322e+01
4.702113984433844251e+01
4.701550295857988715e+01
4.683497715509247428e+01
4.684798467072309336e+01
4.700140449438202950e+01
4.691899923631171276e+01
4.703238002419680441e+01
4.672423462655054749e+01
4.680524011607428037e+01
4.685186607023634764e+01
4.694519028621562740e+01
4.693611255165030371e+01
4.680591141254291188e+01
4.680058509665730071e+01
4.697722348198539066e+01
4.703863005451687229e+01
4.696749264595901963e+01
4.692154748264474051e+01
4.689274982793641300e+01
4.688262926551018239e+01
4.701281298740503445e+01
4.702746176957094804e+01
4.679568593904627249e+01
4.676400908878270002e+01
4.692101004652417373e+01
4.693081312410841832e+01
4.687918644294404658e+01
4.688568294946426818e+01
4.678125576945669906e+01
4.689970085039158221e+01
4.698675340434137837e+01
4.680574714554006732e+01
4.681980867005619729e+01
4.676874373538255725e+01
4.691967425504348910e+01
4.698594471588247501e+01
4.698805492376379789e+01
4.687983436991835617e+01
4.692456508950332505e+01
4.698466138486747923e+01
4.704205157651191627e+01
4.692506356215709928e+01
4.688363384890448060e+01
4.737006851143340214e+01
4.772940880593529300e+01
4.769118956856318192e+01
4.742608967565971057e+01
4.720771451788585438e+01
4.717269657501206126e+01
4.703547294450717686e+01
4.726189228923399810e+01
4.742923875143891621e+01
4.726917953525087768e+01
4.752620401337792799e+01
4.761349723867189709e+01
4.776067259542112708e+01
4.776198997248341982e+01
4.767410402060625074e+01
4.740272449169300728e+01
4.747713765092556315e+01
4.736878340889099093e+01
4.719237262383090581e+01
4.710584854631508023e+01
4.718411926699079117e+01
4.715024713358662467e+01
4.724981095296509892e+01
4.728185632762671986e+01
4.718888391302184715e+01
4.703122672888844846e+01
4.739079408880097333e+01
4.823262947638750120e+01
4.820996063912004104e+01
4.808960923623445893e+01
4.783637615650822994e+01
4.774253849677578643e+01
4.751022978194865942e+01
4.734746660289042808e+01
4.733152886301346030e+01
4.730749812376338781e+01
4.737592258766709108e+01
4.743411486267898880e+01
4.755316531396839252e+01
4.763882618510158551e+01
4.752446472568275482e+01
4.736664777703363427e+01
4.741974668671055326e+01
4.724334438330884467e+01
4.734041333796457707e+01
4.770435481807714950e+01
4.768513251571529565e+01
4.776978229014024890e+01
4.775470611839006096e+01
4.778174126495012075e+01
4.760851769338376016e+01
4.772106103742795113e+01
4.776493209950726992e+01
4.765365861974903794e+01
4.743004565745031442e+01
4.732308396791208338e+01
4.733283662963966520e+01
4.755267937467112205e+01
4.772201010187484371e+01
4.807713675213675231e+01
4.796889307106277300e+01
4.792755707679423693e+01
4.790363447930812413e+01
4.774834402085828344e+01
4.752924908844304497e+01
4.735699180313543621e+01
4.728100197985710196e+01
4.738595089103522895e+01
4.733004420985392358e+01
4.722052105817981271e+01
4.708600187496915623e+01
4.721618780083123568e+01
4.724739311783107354e+01
4.755942289152621782e+01
4.734751726513672310e+01
4.754091235812312988e+01
4.774850533324274693e+01
4.795255718324337835e+01
4.769496172932963418e+01
4.776983815679519552e+01
4.762337485766727241e+01
4.777698958102416071e+01
4.771311489204153844e+01
4.750969607810358042e+01
4.747166511194029681e+01
4.750735256703810450e+01
4.738233822548365737e+01
4.755739900554151234e+01
4.745615341341540017e+01
4.754118859730647983e+01
4.734634162709929939e+01
4.742934528188323640e+01
4.768728840679793279e+01
4.773309010205625924e+01
4.770550014345264600e+01
4.752737718567859559e+01
4.788918259801830857e+01
4.782326534760807135e+01
4.771219520381278301e+01
4.769312917951049968e+01
4.765413053707064250e+01
4.767935335186064094e+01
4.773794894849892501e+01
4.767726484433066503e+01
4.750809252342573075e+01
4.737389492193224072e+01
4.724332549676338999e+01
4.723142429644721574e+01
