Filtered Signals
-3.428115698543978546e-02
-2.920573707849793976e-02
-3.024675556382910163e-02
-4.024232870960782471e-02
-5.926819775715722050e-02
-8.449225790307630934e-02
-1.108339200478977160e-01
-1.322526451522984814e-01
-1.433267342332180672e-01
-1.407297645065394009e-01
-1.242536319097723579e-01
-9.712465180311866120e-02
-6.549423202651480369e-02
-3.715930897011742590e-02
-1.976099497961308904e-02
-1.886415257875195817e-02
-3.637043603472717851e-02
-6.964402421545014266e-02
-1.115740810208712408e-01
-1.516173641335169242e-01
-1.776843056324824144e-01
-1.785596195121754992e-01
-1.464118375463578370e-01
-7.888837631682249496e-02
1.966893914752960992e-02
1.382353759355125500e-01
2.605056795380269463e-01
3.675897021928326569e-01
4.415674270627042985e-01
4.691429615431246258e-01
4.444860458067791953e-01
3.705101393563601242e-01
2.582792813699726353e-01
1.247637510257431914e-01
-1.044219265466003743e-02
-1.286666015567396737e-01
-2.152405337864258805e-01
-2.615678664235982498e-01
-2.659131769726138517e-01
-2.329408024706862146e-01
-1.722839458287911962e-01
-9.654146541355491939e-02
-1.909799822841674877e-02
4.789819067412956488e-02
9.513865503868133844e-02
1.171632225823470291e-01
1.127051126993740271e-01
8.441778841621000451e-02
3.810773462491216096e-02
-1.837319118066145507e-02
-7.641449142479159184e-02
-1.279334373056424390e-01
-1.664642123495213011e-01
-1.878796962222854527e-01
-1.906642926617101996e-01
-1.757648547612491174e-01
-1.461172772432833278e-01
-1.059669836380054964e-01
-6.010687395181106563e-02
-1.316760857365081860e-02
3.091140298014284638e-02
6.915601762491255244e-02
9.958799901076033356e-02
1.210911365000298667e-01
1.332112949756107390e-01
1.359752411397981975e-01
1.297891063354054686e-01
1.154417504318139415e-01
9.418170148640192529e-02
6.777820685139174239e-02
3.846427848560900198e-02
8.717450227236876736e-03
-1.907192302255731470e-02
-4.293118012965652097e-02
-6.152513230977317560e-02
-7.420915763405430687e-02
-8.091921159320437928e-02
-8.194484072673889619e-02
-7.766091994544999100e-02
-6.831303633742086268e-02
-5.394473532497345847e-02
-3.450850381574337156e-02
-1.013153445401195757e-02
1.855038860383339400e-02
5.009912376867904638e-02
8.212301547704591032e-02
1.113513445741999147e-01
1.339757864327638381e-01
1.462255731323255925e-01
1.450589194546701988e-01
1.288087957766391456e-01
9.763849550712667968e-02
5.371576655377504478e-02
1.067794042905759189e-03
-5.487273042397558531e-02
-1.079625505296746973e-01
-1.521523501465195660e-01
-1.822391105318386106e-01
-1.944430435652608202e-01
-1.867725046792045318e-01
-1.592089317908361445e-01
-1.137515377667534106e-01
-5.432956925231915979e-02
1.343196339886559842e-02
8.260165546812561765e-02
1.454855772935232106e-01
1.943306857310176106e-01
2.221907131794783608e-01
2.239110368981133414e-01
1.971025708116193598e-01
1.429001031554708034e-01
6.628714044167506592e-02
-2.417623973960900119e-02
-1.172869395919493851e-01
-2.007320434267876597e-01
-2.630150220968801023e-01
-2.954305771740501907e-01
-2.936651454403955697e-01
-2.586289718348289690e-01
-1.962711545723824225e-01
-1.163541532749611945e-01
-3.041170784617582001e-02
5.066534906181124898e-02
1.188227103281780384e-01
1.702108210017379830e-01
2.053095630472427935e-01
2.277640208375562303e-01
2.423130010664963641e-01
2.524902273087470395e-01
2.588359944520942646e-01
2.581854366879858809e-01
2.442817173413198428e-01
2.095881185201567964e-01
1.478264878856121456e-01
5.654445892203012469e-02
-6.100886103973882091e-02
-1.952286363295230309e-01
-3.309304230842012862e-01
-4.494363613842075056e-01
-5.315950798131949817e-01
-5.611953761429311349e-01
-5.281593331751091025e-01
-4.309181340412740480e-01
-2.774829566457494012e-01
-8.490865958191071150e-02
1.229092011719819522e-01
3.188701042714338074e-01
4.771701050912793285e-01
5.777944481210246508e-01
6.099867635239806241e-01
5.738518014495994635e-01
4.797318324811842838e-01
3.456039598539978330e-01
1.932275592846760259e-01
4.398310019980042340e-02
-8.470866037893728939e-02
-1.817306557566239489e-01
-2.430518634610754902e-01
-2.709893407170713697e-01
-2.723167950903491175e-01
-2.557921588915142985e-01
-2.297226074630908665e-01
-2.000934130350272011e-01
-1.696091935218399516e-01
-1.377741514330165229e-01
-1.019022053667359429e-01
-5.874195375967056210e-02
-6.278622507889630722e-03
5.473731949080726245e-02
1.199082084939400161e-01
1.812014717347108506e-01
2.279447683368074629e-01
2.486940351721365350e-01
2.336459048934977356e-01
1.770947392947665178e-01
7.938625362765558413e-02
-5.208179890844905069e-02
-2.030640297691548302e-01
-3.539113271525035076e-01
-4.820982110840622559e-01
-5.655147395941200195e-01
-5.860629654911848618e-01
-5.330006540631233580e-01
-4.054537516031372357e-01
-2.135832765586889725e-01
2.196637993901334740e-02
2.724872862021722741e-01
5.053199107945807178e-01
6.890679103878762923e-01
7.989324592136499703e-01
8.209971185901682178e-01
7.544710404691097327e-01
6.114137525827118003e-01
4.141084344653575555e-01
1.907803375875276874e-01
-2.935603884223525473e-02
-2.207071652273062679e-01
-3.647451691956397068e-01
-4.518094322606380220e-01
-4.811825328648056121e-01
-4.596949380912069283e-01
-3.993347427047371223e-01
-3.144439362791832115e-01
-2.190826744737315868e-01
-1.250360981354793899e-01
-4.073172927676375898e-02
2.891959736183168095e-02
8.196440189867482129e-02
1.184503118635520658e-01
1.394066341467268544e-01
1.460422953802111012e-01
1.393480941013738317e-01
1.201549690346503940e-01
8.953957015119308471e-02
4.934323341978607419e-02
2.542726830336843047e-03
-4.671203865012714396e-02
-9.344537783620898708e-02
-1.325118131865729298e-01
-1.593956860198060543e-01
-1.709492936317588974e-01
-1.658753020226060304e-01
-1.448303083569885130e-01
-1.101512073823050775e-01
-6.533346076807827751e-02
-1.444801652650824775e-02
3.835502313368720217e-02
8.919459340651789137e-02
1.346638581705320026e-01
1.719243581880316729e-01
1.987332744069622847e-01
2.134588165549149152e-01
2.151286801925456627e-01
2.035129347083939888e-01
1.791936347687954068e-01
1.435608304905216515e-01
9.870594655135377093e-02
4.722858245359580487e-02
-7.997052848764785171e-03
-6.403759164425940065e-02
-1.180372530127127007e-01
-1.672292507361360925e-01
-2.088221065985698677e-01
-2.398379234123479420e-01
-2.570444488403521577e-01
-2.571239834848590977e-01
-2.371497034013789196e-01
-1.953317361001233876e-01
-1.318937998835461034e-01
-4.986272739662146736e-02
4.449506267452355002e-02
1.418488686067544413e-01
2.307505933047898639e-01
2.993134291831958671e-01
3.373316545475600892e-01
3.383477932242086039e-01
3.011185047528600611e-01
2.300646458181521692e-01
1.345667423349636294e-01
2.728112839993784844e-02
-7.809930061953965219e-02
-1.691052117825915801e-01
-2.362914211737514869e-01
-2.742802276905005332e-01
-2.819747529057887725e-01
-2.620526156916220817e-01
-2.199583581877357363e-01
-1.626619641837873942e-01
-9.745848266931275705e-02
-3.103927171680370689e-02
3.104450821339502231e-02
8.454999314241770647e-02
1.264747227683060138e-01
1.549083915921633803e-01
1.689120609323157551e-01
1.684633794716078881e-01
1.544483193543099153e-01
1.286430639206424253e-01
9.362403481538689176e-02
5.257695098981372134e-02
9.030891710447810916e-03
-3.341764765789462244e-02
-7.133278031435154320e-02
-1.016077428119292192e-01
-1.216077202820503578e-01
-1.293289903205217528e-01
-1.235897661987785112e-01
-1.042390770395202060e-01
-7.235707341416877658e-02
-3.040713740876154619e-02
1.772996740811659533e-02
6.693480492522516090e-02
1.113120138401077486e-01
1.449274993615398965e-01
1.627160604109910147e-01
1.613939648934608062e-01
1.401909177029364295e-01
1.012260027062934775e-01
4.939742167138630458e-02
-8.250037265518886387e-03
-6.358756852920682823e-02
-1.086916850964329412e-01
-1.371134267466703749e-01
-1.449116434476671322e-01
-1.313044251044973854e-01
-9.886073689953338295e-02
-5.320890065786774981e-02
-2.290479366427969343e-03
4.475856469999543730e-02
7.897207513702722559e-02
9.300308015098346370e-02
8.247046413651523689e-02
4.698731757014888016e-02
-9.355648058672123846e-03
-7.823714080001310800e-02
-1.481561238083654031e-01
-2.062014673582500401e-01
-2.402985665402188886e-01
-2.415647983903500273e-01
-2.063197843258030573e-01
-1.372742614367859215e-01
-4.350703937399431898e-02
6.093886303316201070e-02
1.596769659512635164e-01
2.372909218314215030e-01
2.825557309534493244e-01
2.907413865120307417e-01
2.643982141272104291e-01
2.124368679930895842e-01
1.477745304489858358e-01
8.418583540463153714e-02
3.317444448666768964e-02
1.621659264401859035e-03
-9.297049632410597786e-03
-3.799633236409152848e-03
1.000360082328420608e-02
2.235996339506295810e-02
2.432122088520497286e-02
9.841919056920358372e-03
-2.289207690155457137e-02
-7.111049812613139121e-02
-1.280491834828741404e-01
-1.842738507934230940e-01
-2.294422185965108441e-01
-2.541938425156877734e-01
-2.518698807848578358e-01
-2.197945041538798827e-01
-1.599079590860092992e-01
-7.863443572055511810e-02
1.401541311804382905e-02
1.059828397457866778e-01
1.850955286541898503e-01
2.410586007858804281e-01
2.671300108323712008e-01
2.611682197324036170e-01
2.258781119790231051e-01
1.682402186366646069e-01
9.823840856242807562e-02
2.709808871695319754e-02
-3.467243752101835386e-02
-7.909106909700777677e-02
-1.020260489632100476e-01
-1.037937381962004413e-01
-8.893634090514822288e-02
-6.523386715511475531e-02
-4.212016765734212520e-02
-2.875950465150810959e-02
-3.210754409823328437e-02
-5.531131075493138372e-02
-9.676436223645193402e-02
-1.500235697472457330e-01
-2.046501389890967859e-01
-2.478972067624854447e-01
-2.670331158722775156e-01
-2.519525418728962851e-01
-1.976042023858033403e-01
-1.057068945354283501e-01
1.471520189936184608e-02
1.482623074137836838e-01
2.755513951902437420e-01
3.767167015347093750e-01
4.353185582406048360e-01
4.417496151228393897e-01
3.952805201675966273e-01
3.042279934213162340e-01
1.842318063593795241e-01
5.509824899760387695e-02
-6.303771614975126059e-02
-1.533993982290475511e-01
-2.053719635292701740e-01
-2.159212733307715182e-01
-1.894468892653904390e-01
-1.362376618113710913e-01
-6.998716270101182357e-02
-4.972703324462271479e-03
4.651726288868371362e-02
7.606521084622891449e-02
8.007479521989759041e-02
5.975760925532080936e-02
2.031131617062158223e-02
-3.042559738364772337e-02
-8.351374742611389346e-02
-1.303633279604823891e-01
-1.639046762882483410e-01
-1.793807651680262849e-01
-1.747309944148705552e-01
-1.505883524892799863e-01
-1.099619827693373575e-01
-5.771114864683755952e-02
8.955048775290130880e-05
5.683536910018285870e-02
1.061045264963773604e-01
1.423718745004384778e-01
1.616593901955041546e-01
1.620311942384571324e-01
1.438455245637922930e-01
1.097084411516427299e-01
6.411850526101417480e-02
1.284463529137452875e-02
-3.786089043349015471e-02
-8.206827352294621125e-02
-1.148547747922281648e-01
-1.327877219916864249e-01
-1.341958727996950262e-01
-1.192508498439879827e-01
-8.987148571421275933e-02
-4.945368939944444486e-02
-2.445479554699515889e-03
4.618082875244970686e-02
9.148889394242983031e-02
1.291050812346913879e-01
1.556568960943294222e-01
1.690734437285261738e-01
1.687060730726315516e-01
1.552532144967332661e-01
1.305126192022506570e-01
9.701438962848513148e-02
5.759850841555376466e-02
1.500462118402969003e-02
-2.844681144290650554e-02
-7.099807113410344650e-02
-1.113707668548396257e-01
-1.484795569154554185e-01
-1.810482966094528190e-01
-2.072691426709745988e-01
-2.246233684826870469e-01
-2.299418421394300860e-01
-2.197571797349882616e-01
-1.909713255607252969e-01
-1.417899103457099796e-01
-7.275672753614595423e-02
1.238795598945585663e-02
1.063412577493366706e-01
1.986242498791552791e-01
2.768389641709657623e-01
3.287001527654154764e-01
3.444900451405215058e-01
3.193588385286768583e-01
2.548214891336689769e-01
1.589713064914195506e-01
4.529536058357822026e-02
-6.963210932966798494e-02
-1.690424940685178457e-01
-2.388399554290744631e-01
-2.699004590412693583e-01
-2.594170300066813151e-01
-2.111099195040505583e-01
-1.343400989880834673e-01
-4.235734393098404549e-02
4.996123914184322223e-02
1.284846272980175730e-01
1.819398914408629497e-01
2.034569926862200839e-01
1.913435241806755727e-01
1.490187558811055524e-01
8.417292413153412700e-02
7.328197994884613764e-03
-6.994730260687345713e-02
-1.368738608438540838e-01
-1.850282149854359792e-01
-2.093716496992349962e-01
-2.085844850678799101e-01
-1.847296047696553867e-01
-1.424303669425115437e-01
-8.782955458935784443e-02
-2.757915290023989219e-02
3.197017559563780642e-02
8.530964011813295389e-02
1.280608897575410132e-01
1.570929097293641830e-01
1.705640670447939877e-01
1.679478375981375282e-01
1.500366671487525227e-01
1.188798780746215811e-01
7.762221025171560373e-02
3.024587618872250083e-02
-1.875740090350110079e-02
-6.475913070407740557e-02
-1.033925550229311818e-01
-1.309474597345491598e-01
-1.447130124728521483e-01
-1.432230368724927150e-01
-1.263902147782494934e-01
-9.554434948589624055e-02
-5.338317564620257555e-02
-3.816820733359524431e-03
4.831901983323386163e-02
9.767809740245605998e-02
1.389118835934279872e-01
1.672282471550570193e-01
1.789612964648818194e-01
1.720978258156555807e-01
1.466702564720012425e-01
1.049061417539706720e-01
5.105531976026957131e-02
-9.106006586311596318e-03
-6.901166931221175416e-02
-1.221532966699853118e-01
-1.629046155696495524e-01
-1.871985439969633958e-01
-1.929537754701328156e-01
-1.801952799830590646e-01
-1.508872154913406261e-01
-1.085578754930107970e-01
-5.781044537068561612e-02
-3.791203732456532860e-03
4.833615994104618896e-02
9.386913331962665197e-02
1.289630207116438387e-01
1.509291414478213245e-01
1.584357740777135315e-01
1.516063146943930351e-01
1.319825469082044067e-01
1.023108644383537297e-01
6.614206384258458638e-02
2.729627724778442566e-02
-1.070331743537485114e-02
-4.510382840204699151e-02
-7.418977030378816340e-02
-9.726872149689828884e-02
-1.143685380256816708e-01
-1.257349611620686702e-01
-1.313089201436109243e-01
-1.303926870644269709e-01
-1.216555223272273445e-01
-1.035124759986475323e-01
-7.478891588648162170e-02
-3.548928172754988591e-02
1.257000630750584880e-02
6.550898910622285354e-02
1.176822312368929896e-01
1.625327419526823303e-01
1.938159121843479327e-01
2.068716613566443652e-01
1.996011106874631125e-01
1.728924162899336259e-01
1.303929842364559277e-01
7.769426844316526526e-02
2.114465441345557417e-02
-3.339981274678020806e-02
-8.157087614646756080e-02
-1.210009980150101860e-01
-1.512689191791965482e-01
-1.733374427450569966e-01
-1.886538186142258100e-01
-1.981581311283336921e-01
-2.014856372805799711e-01
-1.966344632048945273e-01
-1.802726987291533023e-01
-1.486832201602168446e-01
-9.914483389181354134e-02
-3.139802290383070238e-02
5.121528551600709744e-02
1.413173542628863577e-01
2.280331805418514546e-01
2.985714080118251901e-01
3.406420432472623272e-01
3.452147872143998542e-01
3.089214957040161691e-01
2.353990862412436158e-01
1.350990922102643932e-01
2.350253365458929156e-02
-8.187020063176114748e-02
-1.649368655833232666e-01
-2.141953560588497341e-01
-2.248347204344654238e-01
-1.994149029274306095e-01
-1.470670626783314727e-01
-8.146842875480644897e-02
-1.804332322985108261e-02
2.906302475724734796e-02
4.968168614651856385e-02
3.950746342573552283e-02
8.573868636852985392e-04
-5.780279539809679568e-02
-1.234567611033509371e-01
-1.809889768067928784e-01
-2.160951256434696655e-01
-2.181592060323371829e-01
-1.825514855556163718e-01
-1.118447569395713270e-01
-1.561619455341678453e-02
9.122489707876177412e-02
1.913215920623391741e-01
2.683911603360715770e-01
3.105786803866483758e-01
3.127990856132414899e-01
2.774648467331348733e-01
2.134673305716477398e-01
1.337884425438515545e-01
5.245688244962069813e-02
-1.836393058043211957e-02
-7.052125209646764592e-02
-1.008866621464135083e-01
-1.111659437311206672e-01
-1.066975084629884218e-01
-9.463346420967103101e-02
-8.199396231394477652e-02
-7.404780947844546990e-02
-7.332558041957322470e-02
-7.938502992613354070e-02
-8.927977415406858352e-02
-9.854696822314810978e-02
-1.024336616943112566e-01
-9.705229325140532493e-02
-8.021824229505067350e-02
-5.185107490112725315e-02
-1.394697753365797127e-02
2.979739499956840509e-02
7.460333806374408461e-02
1.153530054630470120e-01
1.473319681213633436e-01
1.668585848131804994e-01
1.717266941853491935e-01
1.614363410818641931e-01
1.372148911624549994e-01
1.018318541922283160e-01
5.921147205568953742e-02
1.387518539608253304e-02
-2.970533095372894505e-02
-6.772972635784679785e-02
-9.755278594550970128e-02
-1.179462867653913588e-01
-1.290892592952829210e-01
-1.322794899333931684e-01
-1.294208181341541530e-01
-1.224100234353038136e-01
-1.125852095714395262e-01
-1.003781860826367944e-01
-8.525451372453551890e-02
-6.596452472829184011e-02
-4.107607930516203598e-02
-9.695719213854446517e-03
2.779421843979429374e-02
6.921321486376930121e-02
1.104932105865918807e-01
1.461373678724953162e-01
1.701784777349442113e-01
1.774278161611568261e-01
1.647055365447323838e-01
1.317345739627118484e-01
8.146272755789042697e-02
1.972901838789817286e-02
-4.563693554924103113e-02
-1.060607952896241157e-01
-1.535440391606840427e-01
-1.818238668830888249e-01
-1.872144950615389214e-01
-1.690442471428509619e-01
-1.296569639345570568e-01
-7.400026772929056695e-02
-8.886448586178263831e-03
5.793947163801631273e-02
1.187836509788736949e-01
1.669254215779578110e-01
1.973863270639426570e-01
2.074577075437424034e-01
1.969049358427608643e-01
1.678080120559627408e-01
1.240733643636905970e-01
7.072826658846340098e-02
1.315598803157400076e-02
-4.356548310485286457e-02
-9.509703713409030368e-02
-1.379992995437398506e-01
-1.696749210076261838e-01
-1.882238049175581907e-01
-1.923561600041041042e-01
-1.814491688530244784e-01
-1.557399217421620574e-01
-1.165767170595277402e-01
-6.662753839735505168e-02
-9.949328626722472868e-03
4.816741934352919419e-02
1.016388381712796385e-01
1.443114243740906688e-01
1.708749446596179167e-01
1.777835568682240575e-01
1.639671675948710106e-01
1.311426368296372269e-01
8.361603742069959044e-02
2.758630678223714106e-02
-2.990534680495109121e-02
-8.212898272682804535e-02
-1.236422122728348949e-01
-1.508802963451801038e-01
-1.622893393249247584e-01
-1.580689237154258298e-01
-1.396763351882769899e-01
-1.092752410447461880e-01
-6.930381192556375747e-02
-2.228978242760194101e-02
2.905769297986471322e-02
8.157650561687937452e-02
1.313947016257425715e-01
1.738964658196629487e-01
2.040430714351895158e-01
2.170531121451712842e-01
2.093178822417727236e-01
1.793330791985608685e-01
1.283862186974867314e-01
6.077065573805533194e-02
-1.658771670749381588e-02
-9.503835965331647317e-02
-1.654499651150130590e-01
-2.195282338725407789e-01
-2.509707482499104469e-01
-2.562950234443571729e-01
-2.352520463746736179e-01
-1.908010332935393127e-01
-1.286764708083439346e-01
-5.662514388992459513e-02
1.658478802253013362e-02
8.228240036687717307e-02
1.330432815436212723e-01
1.637473812690214692e-01
1.723773623353768158e-01
1.603683785484839586e-01
1.323646482900471266e-01
9.534885520822157512e-02
5.725545777921247498e-02
2.532210104334796374e-02
4.543967269645274309e-03
-3.364548925656185574e-03
-1.748549345802243027e-04
9.597303207640520833e-03
2.019983436896965676e-02
2.647741824921192796e-02
2.546715025303846261e-02
1.726234018260464423e-02
4.880252974163208288e-03
-6.821257371281384818e-03
-1.284407797027051212e-02
-9.849714569386363444e-03
2.479277857895192602e-03
2.090864787491403254e-02
3.909759282725006058e-02
4.891397335867402052e-02
4.232825951508243506e-02
1.348833218699951875e-02
-3.946035343123034667e-02
-1.132138437080813381e-01
-1.991065297877793461e-01
-2.839937626188969721e-01
-3.521501969199104520e-01
-3.879287404761185831e-01
-3.787707616403110378e-01
-3.180389276946924415e-01
-2.070830906628698953e-01
-5.599679299439716540e-02
1.172840182572153500e-01
2.895613645681620607e-01
4.362626573738343505e-01
5.358961543455349474e-01
5.741006502536110112e-01
5.463241223642553157e-01
4.584791798270822505e-01
3.254691755514000917e-01
1.680476133287678864e-01
8.839640349632221783e-03
-1.315751410596089910e-01
-2.377798980804645135e-01
-3.013683561765480579e-01
-3.213477100982751189e-01
-3.032045035693891610e-01
-2.569837747070481959e-01
-1.948857580280273227e-01
-1.289085357822939704e-01
-6.896271860508712548e-02
-2.170869298640010908e-02
9.816644585503422893e-03
2.587144992016998657e-02
2.918337403973399191e-02
2.389736422581423270e-02
1.455740853012428906e-02
5.297337842710952288e-03
-6.966643733468530497e-04
-1.469052635105334847e-03
3.630280639107506119e-03
1.403084300769678189e-02
2.813839891121699271e-02
4.360239926801778160e-02
5.763389857794162102e-02
6.738005451217496389e-02
7.036565480904667658e-02
6.498161201707355894e-02
5.095086326922078357e-02
2.966272188075498584e-02
4.255265763814845836e-03
-2.065682164569897228e-02
-3.966369638705338763e-02
-4.761887206277903850e-02
-4.091759071438284823e-02
-1.871265882356516752e-02
1.627368716176933600e-02
5.763308463050265118e-02
9.599932718358697437e-02
1.205930152743826395e-01
1.213756856314159582e-01
9.144126722942222396e-02
2.914715500817026406e-02
-6.054501424762608053e-02
-1.659473566451500903e-01
-2.699477406846442218e-01
-3.526494073166787646e-01
-3.949622222838446439e-01
-3.825057419517028379e-01
-3.090311181362045412e-01
-1.785721945910304642e-01
-5.728698487333039324e-03
1.861548998275863731e-01
3.687002609205949355e-01
5.134422023015685621e-01
5.970303373887718701e-01
6.055794466166710688e-01
5.372105127328106189e-01
4.022368962624252031e-01
2.210159193778354070e-01
2.002986148331342697e-02
-1.728805289090351027e-01
-3.331162289890882144e-01
-4.428968375300434412e-01
-4.932702246900247389e-01
-4.843851978179278817e-01
-4.242216686271798043e-01
-3.262592650523585269e-01
-2.067051430150546598e-01
-8.186558867938049933e-02
3.392463307907747638e-02
1.296217180626483279e-01
1.980466981366484636e-01
2.358623675428368205e-01
2.431734773865721899e-01
2.229612175429417920e-01
1.804813591999548938e-01
1.226451992469611008e-01
5.733231157045452081e-02
-7.400378038884450338e-03
-6.416780324737582364e-02
-1.070424760395721347e-01
-1.321382666601415568e-01
-1.378959768323856361e-01
-1.250405892035348632e-01
-9.624615368886117739e-02
-5.560314137928015765e-02
-8.019946477796122131e-03
4.131931079450038014e-02
8.737844313194280399e-02
1.255881187965296464e-01
1.521181835863693876e-01
1.641542081088376848e-01
1.601874522468579864e-01
1.402795260109305775e-01
1.062256570043813297e-01
6.152357442760053585e-02
1.107196336957469440e-02
-3.941737779911909378e-02
-8.421973438745741780e-02
-1.184573986244969040e-01
-1.388413546814570854e-01
-1.441523989351017332e-01
-1.353837822568120242e-01
-1.155252000279633484e-01
-8.901503974751887038e-02
-6.094047377611866434e-02
-3.612073798858556756e-02
-1.823853681195804211e-02
-9.169269333797205879e-03
-8.615682100884577976e-03
-1.411591701693306819e-02
-2.145841705611233399e-02
-2.548700545201281961e-02
-2.120405043739560791e-02
-4.998843085344817361e-03
2.422756358958284839e-02
6.429022173994999867e-02
1.095425763011109443e-01
1.514897724140284452e-01
1.802635253926945791e-01
1.867921522134727841e-01
1.652067787029464496e-01
1.148203986597827325e-01
4.103677929819982140e-02
-4.518549453378531422e-02
-1.292748150044862876e-01
-1.959533322148683809e-01
-2.324104967051432991e-01
-2.309948493764272248e-01
-1.908216462007230052e-01
-1.179775219530984909e-01
-2.433980294300583380e-02
7.467611998908432747e-02
1.629406558058507926e-01
2.264398342327224867e-01
2.555828262290956721e-01
2.465824578740764550e-01
2.017098750848998479e-01
1.284816376280136785e-01
3.806721134184212763e-02
-5.667737938628547578e-02
-1.431612798895070537e-01
-2.107086833339696652e-01
-2.517359267744667672e-01
-2.623863086075429729e-01
-2.426419644979328494e-01
-1.960009520776521685e-01
-1.288347975478716378e-01
-4.952693505484732917e-02
3.253014017127328628e-02
1.079985968442057631e-01
1.686183016140715973e-01
2.080835937180924855e-01
2.226959845938208393e-01
2.117450368459938836e-01
1.775716054724642556e-01
1.252613925174247966e-01
6.195251172527473787e-02
-4.170928012426383669e-03
-6.503638500633657227e-02
-1.137907049000030368e-01
-1.456777008736077628e-01
-1.585521550865312546e-01
-1.529525647711452718e-01
-1.317295232759738699e-01
-9.932230307970674188e-02
-6.085816652601597210e-02
-2.127289395971954100e-02
1.538847091018746838e-02
4.639883772901408354e-02
7.047351962152108296e-02
8.761304070786296583e-02
9.873673821375818227e-02
1.052187076262929288e-01
1.084376870861514103e-01
1.094095141461927656e-01
1.085196042217814322e-01
1.053541926493028746e-01
9.864721931782534370e-02
8.638190571954056096e-02
6.608200506320997814e-02
3.529944217513917432e-02
-7.728830460705701788e-03
-6.331938064772055230e-02
-1.295955758310879113e-01
-2.019422099144801142e-01
-2.728874967315089162e-01
-3.326033160099975960e-01
-3.700956800966378468e-01
-3.749899710044549694e-01
-3.396486854734283023e-01
-2.612267655665633792e-01
-1.431921891841217154e-01
4.150386538090578004e-03
1.644580822980657997e-01
3.175266440120981803e-01
4.425557067420409219e-01
5.218813229074048543e-01
5.443406630349989506e-01
5.074341579502273936e-01
4.177169560195718168e-01
2.893271828282605873e-01
1.410732250381420971e-01
-7.138067462493957738e-03
-1.376635383146468383e-01
-2.375883166084664655e-01
-2.999415763756931308e-01
-3.236594354309695887e-01
-3.125530878244757726e-01
-2.736930081175396046e-01
-2.156682380343681038e-01
-1.471208691749314179e-01
-7.579595317185336412e-02
-8.136035068121369451e-03
5.072712247566124599e-02
9.680904396809278389e-02
1.271407230404334177e-01
1.397907968348484076e-01
1.340609291829593930e-01
1.107708521856239636e-01
7.247435214616765320e-02
2.343774953702425917e-02
-3.071274881984539795e-02
-8.364164071152317692e-02
-1.291120850732009884e-01
-1.617749595425919118e-01
-1.777940230654434794e-01
-1.752221296971003817e-01
-1.541049869760474922e-01
-1.163460206393830132e-01
-6.541045392157174287e-02
-5.956779529496955550e-03
5.655232293085959983e-02
1.162624079435366498e-01
1.673898953393452016e-01
2.047356936057784516e-01
2.242056463450073922e-01
2.232735437011502677e-01
2.013325410472745214e-01
1.598896591076853224e-01
1.025500672145734371e-01
3.474100094903666280e-02
-3.682877885186763844e-02
-1.049025469191968152e-01
-1.624757047808108867e-01
-2.035359075230148695e-01
-2.236595225761974504e-01
-2.204276397724200254e-01
-1.936524913517687074e-01
-1.454187442566581279e-01
-7.995423157420858407e-02
-3.345731794224815481e-03
7.690131342110545498e-02
1.524798779935105653e-01
2.150858575926130889e-01
2.573687716945054493e-01
2.739206325821605947e-01
2.621495430789247405e-01
2.228704943602934085e-01
1.604536662388932888e-01
8.240766442936819924e-02
-1.630204461194939558e-03
-8.137048524455109400e-02
-1.475347136518123659e-01
-1.933535890646664035e-01
-2.155938784680411224e-01
-2.149309496508532147e-01
-1.956206456096782620e-01
-1.645410213219050677e-01
-1.297736450015035681e-01
-9.897666623859584234e-02
-7.784565275814089857e-02
-6.894233746385666772e-02
-7.110742961092011982e-02
-7.959263508593761305e-02
-8.695692687168633805e-02
-8.465080168497365887e-02
-6.505302563167111862e-02
-2.357008686824527133e-02
3.967493755470954953e-02
1.190138426804681626e-01
2.035904898342606462e-01
2.790194591377722633e-01
3.301692023250047958e-01
3.445437592113085867e-01
3.154421879168334830e-01
2.440051599459611698e-01
1.395144735292510041e-01
1.781317140882926475e-02
-1.017565632062994718e-01
-2.001431207372311727e-01
-2.622372893547323391e-01
-2.796250137221026888e-01
-2.519325830896925189e-01
-1.865866889794313421e-01
-9.714432170629903884e-02
-6.055474937095017829e-04
8.573864941335179735e-02
1.473440502471996538e-01
1.748091118040085434e-01
1.652221567516122813e-01
1.222539824481029547e-01
5.505511034376395219e-02
-2.373020696448467637e-02
-1.003693202229308246e-01
-1.623843180946512588e-01
-2.004357759109686721e-01
-2.094853205226402948e-01
-1.891308955494171162e-01
-1.431702400341935133e-01
-7.859036038740024877e-02
-4.260802179607878215e-03
7.040176952588575454e-02
1.366096791284774903e-01
1.871247215301583000e-01
2.168888175285979825e-01
2.233637671337873054e-01
2.066007413302772544e-01
1.690719210894056079e-01
1.152915325779802075e-01
5.124536994031300696e-02
-1.633298849787453988e-02
-8.075053103103108088e-02
-1.360781362102405911e-01
-1.776927787816527105e-01
-2.025859405334160812e-01
-2.094507161779146087e-01
-1.985894968660946724e-01
-1.716859034500155257e-01
-1.314907040377161773e-01
-8.148896719082017459e-02
-2.561561125864811328e-02
3.195301708394691909e-02
8.695979307410270365e-02
1.352364207774054972e-01
1.729257817169829459e-01
1.967692990292468358e-01
2.044439026698493533e-01
1.949064958511680101e-01
1.686691139862240008e-01
1.279018459622634496e-01
7.627951193292893672e-02
1.856421148553794032e-02
-3.998968576076109005e-02
-9.426746919617359777e-02
-1.398310209594632869e-01
-1.732742502242102522e-01
-1.923618742963996986e-01
-1.959720088345427991e-01
-1.839264704616995760e-01
-1.568355744083182457e-01
-1.160632323513238751e-01
-6.383051679694957958e-02
-3.375024403612314483e-03
6.096851802408154164e-02
1.238854717666615923e-01
1.794600709679577411e-01
2.218168220055878603e-01
2.459590783819253501e-01
2.486591972862587374e-01
2.291811105416116101e-01
1.896025841883296481e-01
1.345840185612356965e-01
7.057710843467343564e-02
4.620832406762920286e-03
-5.700984043639488463e-02
-1.099746134028264377e-01
-1.525390546414912285e-01
-1.855279859571453138e-01
-2.115320588845523153e-01
-2.335644594468694046e-01
-2.535425383793639131e-01
-2.710376650018738731e-01
-2.826892261432076836e-01
-2.825375989113661501e-01
-2.633149046043372077e-01
-2.184692199601306339e-01
-1.444512715601330988e-01
-4.264856648783013626e-02
7.962833834395269261e-02
2.095143543991825341e-01
3.304047125304737098e-01
4.249260257437031951e-01
4.784063170225947847e-01
4.819605638761982336e-01
4.343622418545320940e-01
3.422358418745024000e-01
2.186268909824074791e-01
8.044325538525989860e-02
-5.454047837981593205e-02
-1.704611311720888867e-01
-2.554500476702073475e-01
-3.027717673168354162e-01
-3.109992145962522381e-01
-2.834005232079403469e-01
-2.268263050667741754e-01
-1.503953998851683682e-01
-6.420573797228801283e-02
2.179660853500431372e-02
9.872658469578851625e-02
1.594250276561197388e-01
1.988887507774252938e-01
2.145029119171964760e-01
2.061162995645288154e-01
1.759643627511615627e-01
1.283902984237891842e-01
6.929333478163882121e-02
5.286264395510220648e-03
-5.734114162545499160e-02
-1.136417004811950404e-01
-1.607495530561321440e-01
-1.981057140672957129e-01
-2.270447144269121809e-01
-2.497820096323971062e-01
-2.680368783009020595e-01
-2.816902849029886413e-01
-2.879371261591746056e-01
-2.813052262869648601e-01
-2.546963540162101580e-01
-2.013194570103282732e-01
-1.171080832059762378e-01
-3.007729646088780351e-03
1.335595659733869733e-01
2.786463870288868327e-01
4.134414085092031899e-01
5.174847732555141189e-01
5.727946882061796252e-01
5.678972139354059312e-01
5.006612577695646049e-01
3.791158407252197549e-01
2.200065865054135483e-01
4.551041194537763790e-02
-1.209919686212118095e-01
-2.590388876508139537e-01
-3.542320093713465234e-01
-3.998919516841416555e-01
-3.971149223050008947e-01
-3.534516731832169079e-01
-2.806580248916855647e-01
-1.920849994095518154e-01
-1.002759266424567697e-01
-1.521406523613222372e-02
5.655001981400537003e-02
1.118991074188902257e-01
1.504774501421939359e-01
1.736549408653051130e-01
1.834584417743869988e-01
1.817479402904539354e-01
1.697996118826501366e-01
1.483093410395295852e-01
1.177020830482920222e-01
7.857410276493942414e-02
3.210972050465211308e-02
-1.963895346541824627e-02
-7.367606114065083922e-02
-1.262121106802289172e-01
-1.730065267091691339e-01
-2.098163595522178626e-01
-2.328499540322578054e-01
-2.391598366098436346e-01
-2.269630240345508754e-01
-1.959022861647408964e-01
-1.472451940689439298e-01
-8.398670741072417067e-02
-1.080611773703341050e-02
6.616633085663753411e-02
1.398062809905095960e-01
2.026879774884048635e-01
2.479762910319505409e-01
2.704029644820760692e-01
2.671418080889729207e-01
2.383820608110982509e-01
1.874489887382532194e-01
1.204105325744127819e-01
4.521124421651169512e-02
-2.952180908370460877e-02
-9.576592667786473778e-02
-1.472048288638952429e-01
-1.799143973547931430e-01
-1.925352249685874928e-01
-1.859963780180126647e-01
-1.629601488165403067e-01
-1.271727046751890966e-01
-8.286380157433632931e-02
-3.428860002627140413e-02
1.454489842105388675e-02
5.998300766214911817e-02
9.875179097714069376e-02
1.280033474953962691e-01
1.454419583062774579e-01
1.495187795858981539e-01
1.396364535316499678e-01
1.162974744066868626e-01
8.114747461400308171e-02
3.689082871293023619e-02
-1.291267644931834435e-02
-6.412982458746431524e-02
-1.123601832384032440e-01
-1.532313393990978045e-01
-1.826888132741959769e-01
-1.973111178842739122e-01
-1.946629074722516783e-01
-1.736532145277088490e-01
-1.348298853875058156e-01
-8.053936323244578754e-02
-1.490318081365550607e-02
5.641667443894024525e-02
1.266798881465648619e-01
1.887529023167126563e-01
2.359655368447814427e-01
2.630278528441819530e-01
2.668520291235352837e-01
2.471102074306021912e-01
2.063758830515009801e-01
1.497537108552333684e-01
8.401652807131909650e-02
1.642254488924876910e-02
-4.648797354248254687e-02
-9.979812136487134500e-02
-1.406129664431712278e-01
-1.679198598682077603e-01
-1.820353131464093610e-01
-1.838536186089627378e-01
-1.741452463657279237e-01
-1.531418050369075246e-01
-1.205761391810390576e-01
-7.621027349154640973e-02
-2.071428845800582508e-02
4.337327448584527012e-02
1.109152230082029456e-01
1.739422712342872379e-01
2.220886274335538424e-01
2.437559905884736644e-01
2.279388517694322935e-01
1.665013735237053927e-01
5.655194348061494403e-02
-9.754870862444087187e-02
-2.830485502880996651e-01
-4.789802195800301199e-01
-6.579332800844022167e-01
-7.894324845099235377e-01
-8.445827065978971371e-01
-8.012873617769840084e-01
-6.490872343209068696e-01
-3.925855998921694567e-01
-5.256697328812748315e-02
3.357158189586305630e-01
7.270537351694228434e-01
1.072911934487354113e+00
1.328938873037860402e+00
1.461849856212678711e+00
1.454325417852220248e+00
1.307068189040942352e+00
1.037840070299155926e+00
6.779406138300270168e-01
2.670302489864183615e-01
-1.526219913150236307e-01
-5.414642003007480442e-01
-8.668149618103624388e-01
-1.105438971672529025e+00
-1.244485544122314602e+00
-1.281021334496620145e+00
-1.220578798113859831e+00
-1.075213417148450201e+00
-8.615237924331780039e-01
-5.989586095339344274e-01
-3.085426173334696043e-01
-1.195081072027814884e-02
2.692909031692274358e-01
5.147473762012141352e-01
7.063418369960898779e-01
8.299314815786751343e-01
8.769429618147055461e-01
8.456803540451478529e-01
7.419273145735779673e-01
5.785956409757109231e-01
3.743675733950984075e-01
1.514875809638017157e-01
-6.696373562854901484e-02
-2.598701809582500410e-01
-4.104914218023563155e-01
-5.081071950416859995e-01
-5.486917340529740006e-01
-5.346250971220922743e-01
-4.736196564684083121e-01
-3.771310552172756903e-01
-2.585379906730791433e-01
-1.313499774147092736e-01
-7.668480837646818316e-03
1.029144273782237606e-01
1.938674310835405978e-01
2.617192442153374321e-01
3.056183520591410629e-01
3.266337250558516425e-01
3.269823185645031050e-01
3.093386538427537191e-01
2.763414649265015788e-01
2.303597239689334497e-01
1.735097423913285475e-01
1.078498861809262244e-01
3.565457066028129840e-02
-4.031366842674383166e-02
-1.165922740676404168e-01
-1.889251331133870448e-01
-2.523546225820996192e-01
-3.015484623156329258e-01
-3.313542503658775118e-01
-3.375071973077654608e-01
-3.173731633541303498e-01
-2.705986394559503072e-01
-1.995455201891022656e-01
-1.093986476770625882e-01
-7.860931017213274030e-03
9.558263006814976537e-02
1.907513810240578922e-01
2.680394957264840561e-01
3.196719111564499949e-01
3.407591851942589622e-01
3.299849344546356145e-01
2.897831130190052229e-01
2.259251614095041383e-01
1.465597198656032607e-01
6.089254270218096010e-02
-2.220840848544522461e-02
-9.538972157635661198e-02
-1.535493130494509362e-01
-1.940289624593526108e-01
-2.162982025405146280e-01
-2.213018729062763978e-01
-2.107309122478417396e-01
-1.864682678826135587e-01
-1.503588687195437645e-01
-1.043081974649799071e-01
-5.059555512733662774e-02
7.769535435473068352e-03
6.682210357029477743e-02
1.216871116233476657e-01
1.669655030593703016e-01
1.974278572907512685e-01
2.088724935641036728e-01
1.989371781057561739e-01
1.676597618724925964e-01
1.176505187906997929e-01
5.383182933337130049e-02
-1.720597958087896617e-02
-8.810224476567701801e-02
-1.516945005743196850e-01
-2.018765176558838803e-01
-2.342210906681034266e-01
-2.463203074582572538e-01
-2.378506712061529416e-01
-2.103923825001336456e-01
-1.670466308059696814e-01
-1.119222648854843738e-01
-4.959201606092507320e-02
1.537920967241120096e-02
7.876514966051492705e-02
1.368500965566422922e-01
1.864674006522600569e-01
2.249587547043190860e-01
2.501251466568477078e-01
2.602396450496833324e-01
2.541615775908104835e-01
2.315340370189367669e-01
1.929929755430720983e-01
1.403042055303330704e-01
7.638106514929092483e-02
5.185004405641541192e-03
-6.846840578080623518e-02
-1.391885414253432318e-01
-2.013772935979021017e-01
-2.496776943709680951e-01
-2.794740049629284018e-01
-2.874009899589891059e-01
-2.718135306771172210e-01
-2.331526487641138456e-01
-1.741258160656264098e-01
-9.962309038077862833e-02
-1.633143127528113858e-02
6.792631092696818640e-02
1.450454664257789794e-01
2.075760360765526169e-01
2.496205354399130549e-01
2.675637172941878195e-01
2.605068293504233523e-01
2.303163504521211769e-01
1.812724481368719887e-01
1.193859530577074390e-01
5.151299156515024014e-02
-1.557431828880158353e-02
-7.600072174729960439e-02
-1.253518936307159715e-01
-1.609168605784037642e-01
-1.816120542644631131e-01
-1.876577084585469013e-01
-1.801186201354058880e-01
-1.604362023508703328e-01
-1.300756316479291519e-01
-9.039037560986856734e-02
-4.275319455082657316e-02
1.108645730193051626e-02
6.855422736998140198e-02
1.258973515003201649e-01
1.780871962306625200e-01
2.190633883694857453e-01
2.423235790027619962e-01
2.417988747414950845e-01
2.129017980177143055e-01
1.535885207558670418e-01
6.525781872210502377e-02
-4.667276292947467042e-02
-1.726379834494656818e-01
-2.993461074887600049e-01
-4.108414991337416833e-01
-4.902543325323211465e-01
-5.221631173728074060e-01
-4.953092370569784353e-01
-4.052091691820594033e-01
-2.560854641606870041e-01
-6.153819622657447086e-02
1.564685772627031901e-01
3.704192417587049424e-01
5.515268905527673793e-01
6.746760200121144635e-01
7.229143166864875347e-01
6.904233847655346645e-01
5.833068422993356039e-01
4.181207635609138773e-01
2.185983888437888489e-01
1.135777088944167623e-02
-1.784915067820554424e-01
-3.309962271248497734e-01
-4.336631993750117431e-01
-4.821810189699655691e-01
-4.796848435420268952e-01
-4.349498835866688617e-01
-3.600212773065825100e-01
-2.677961105289894950e-01
-1.700024544194284892e-01
-7.588190343263570559e-02
8.313002040268857584e-03
7.910008614172775454e-02
1.350682404474679021e-01
1.759922369275308263e-01
2.020336772129295022e-01
2.132320973847526002e-01
2.093907179163808085e-01
1.903374549962818796e-01
1.564225013405928510e-01
1.090465539299337316e-01
5.102615672229328381e-02
-1.332494437953306299e-02
-7.843490630847788081e-02
-1.380052395520332820e-01
-1.857583244987569271e-01
-2.162777057986847440e-01
-2.257809988346395624e-01
-2.126685504837566021e-01
-1.777462558733377829e-01
-1.241028198696192408e-01
-5.669386476841519612e-02
1.826963108797907687e-02
9.401159841090556135e-02
1.638469398383939901e-01
2.217227126393202519e-01
2.626218697639293165e-01
2.828655526524654906e-01
2.803706462306672087e-01
2.548851047956965932e-01
2.081592035492499937e-01
1.439662688686256520e-01
6.789490113805861371e-02
-1.311481889859139605e-02
-9.146200526382569640e-02
-1.597282799551195398e-01
-2.115599122694432899e-01
-2.424442272811394572e-01
-2.502372674176366329e-01
-2.353473226126926443e-01
-2.005544580487179096e-01
-1.505173084240456205e-01
-9.106849810864202366e-02
-2.842925610833577088e-02
3.152043114302689741e-02
8.380693351436607763e-02
1.247115243239704241e-01
1.519111265713658787e-01
1.644517221112017369e-01
1.625913248312714776e-01
1.475353502975136899e-01
1.210917196745887603e-01
8.529935000606084228e-02
4.210910492587068010e-02
-6.799135652009583031e-03
-5.999600551079782573e-02
-1.160442924276795240e-01
-1.730251457201867626e-01
-2.279588635557875387e-01
-2.763243348420930667e-01
-3.119280434338149721e-01
-3.273313270453960255e-01
-3.149174605395906323e-01
-2.685070392078945378e-01
-1.852514568812378692e-01
-6.738034120468303079e-02
7.671173676692269461e-02
2.325235251314617391e-01
3.809375099141812382e-01
5.010801703908038807e-01
5.740740155677995782e-01
5.868525764316033788e-01
5.350666276624770346e-01
4.242799937340162031e-01
2.691191777047453604e-01
9.062400282801977291e-02
-8.749585906418250181e-02
-2.428105783807765206e-01
-3.575277843506346476e-01
-4.207231125207120392e-01
-4.292255907877096655e-01
-3.872188785953367129e-01
-3.048194769601474952e-01
-1.960104741639277781e-01
-7.634732448731727794e-02
3.918994033173142655e-02
1.379316023727380769e-01
2.107046913315445691e-01
2.524387652387873326e-01
2.622170584143893590e-01
2.428352402189473125e-01
1.999683602990958153e-01
1.410810734367007602e-01
7.423162401012174672e-02
6.922922172600542989e-03
-5.483947382995695008e-02
-1.071229708641642242e-01
-1.481629249410928717e-01
-1.779739075280955818e-01
-1.976158833277703308e-01
-2.083543039034968514e-01
-2.109651298847680656e-01
-2.053704894087254318e-01
-1.906906115864701601e-01
-1.656934519321146826e-01
-1.295242028040241022e-01
-8.251357943134401962e-02
-2.682386548289111827e-02
3.328046519172370155e-02
9.166265231461204199e-02
1.410552113257055040e-01
1.742115787694234474e-01
1.852608048292024578e-01
1.709721565822200917e-01
1.316118597792407807e-01
7.115448851958094956e-02
-3.214257252592972458e-03
-8.217353511872277361e-02
-1.556639548439558152e-01
-2.143159755196952232e-01
-2.506657749203006769e-01
-2.599962466416301243e-01
-2.407373090575882502e-01
-1.944533851947404801e-01
-1.255082184545704971e-01
-4.050501565386446789e-02
5.243289583583404800e-02
1.445032896825426960e-01
2.271399731829261692e-01
2.929175120732106508e-01
3.363406556931225477e-01
3.544256771651623783e-01
3.470086614051641760e-01
3.167369559747827967e-01
2.687207144484914378e-01
2.098645504713921306e-01
1.479656634721425723e-01
9.071960212137580859e-02
4.478130718268413801e-02
1.499100214733400938e-02
3.831351626780221675e-03
1.116055951314001704e-02
3.425202552083844720e-02
6.814017439565864254e-02
1.062287289584884914e-01
1.410897139555404300e-01
1.653789025118694300e-01
1.727932425655802628e-01
1.589744858524771709e-01
1.222323010040257674e-01
6.395495601287203014e-02
-1.138830833026908615e-02
-9.669262488296438696e-02
-1.830975471090433571e-01
-2.612359053038799672e-01
-3.227132064329342187e-01
-3.615901026869551282e-01
-3.755673141087433886e-01
-3.665584452381379643e-01
-3.404125975638777613e-01
-3.057219887066490172e-01
-2.718961090107060441e-01
-2.469407590380481299e-01
-2.355434672487350112e-01
-2.380324645970641473e-01
-2.505227795535203139e-01
-2.661880109287352303e-01
-2.772585882515981592e-01
-2.771672051143282411e-01
-2.622707536416867269e-01
-2.327358997180672129e-01
-1.924175871681525485e-01
-1.478223322983003851e-01
-1.064686207191178624e-01
-7.507785632801849962e-02
-5.802348606432972122e-02
-5.635446870443894252e-02
-6.754609737813813131e-02
-8.596453060992730044e-02
-1.038880583968794513e-01
-1.128296105143060946e-01
-1.048771627537661288e-01
-7.382211574522790087e-02
-1.595284813444125538e-02
6.950438243968817820e-02
1.802566173231290036e-01
3.110783671831702790e-01
4.541739407319324573e-01
5.997473837380077333e-01
7.367722676994161723e-01
8.539669354605277096e-01
9.409761219492080997e-01
9.897059746542529179e-01
9.956540026390745535e-01
9.589686401250656633e-01
8.849346494601685320e-01
7.836436494078927728e-01
6.687564197561167711e-01
5.554582966837438018e-01
4.579143251373078982e-01
3.867000251856028692e-01
3.467556507567122193e-01
3.363414982949203269e-01
3.472668691257276841e-01
3.663863303124281212e-01
3.780782181297772659e-01
3.671970227277883136e-01
3.218677185742954139e-01
2.355173508315596131e-01
1.077449751505117903e-01
-5.603978236234186117e-02
-2.459635925092551467e-01
-4.495993544861061064e-01
-6.540036345776417681e-01
-8.475299479889651932e-01
-1.021176523399473846e+00
-1.169339113948679287e+00
-1.289950961100647220e+00
-1.384087540897837920e+00
-1.455169204924367854e+00
-1.507908000689348826e+00
-1.547144026154091634e+00
-1.576731861020453485e+00
-1.598662877628727719e+00
-1.612603086122754714e+00
-1.615959632588593875e+00
-1.604478065349621785e+00
-1.573254120699861147e+00
-1.517943703841523995e+00
-1.435890978372787563e+00
-1.326890473948671767e+00
-1.193371485861919323e+00
-1.039931257335121817e+00
-8.723097445175185261e-01
-6.960438893912191949e-01
-5.151209514625325614e-01
-3.309511047899977298e-01
-1.419107568291603505e-01
5.640882763967097757e-02
2.702638831896020388e-01
5.063112933323463682e-01
7.699600087487579181e-01
1.063866790256273953e+00
1.386863217249684643e+00
1.733488271310063000e+00
2.094184585431627443e+00
2.456113890845053049e+00
2.804456109426022525e+00
3.123985952033466074e+00
3.400690120359744828e+00
3.623200374500511689e+00
3.783852101587291017e+00
3.879217831363499958e+00
3.910022267357163184e+00
3.880442254718914796e+00
3.796923014314118383e+00
3.666750937410932831e+00
3.496661064558969745e+00
3.291716070428860164e+00
3.054609916742355047e+00
2.785460921914503007e+00
2.482075621713834668e+00
2.140589700779980120e+00
1.756346530656835103e+00
1.324876077706689914e+00
8.428719037920413548e-01
3.090918102278994439e-01
-2.748970613420754772e-01
-9.042317665060428666e-01
-1.570633139121222266e+00
-2.262717608886112508e+00
-2.966730256426380219e+00
-3.667603527909406580e+00
-4.350175942799956452e+00
-5.000363847030231845e+00
-5.606082470302732546e+00
-6.157769997098864856e+00
-6.648466567013300299e+00
-7.073497021734186596e+00
-7.429856683083607471e+00
-7.715399066378247461e+00
-7.927916119181874777e+00
-8.064224815848186623e+00
-8.119419380537189923e+00
-8.086471863757070722e+00
-7.956333049707047245e+00
-7.718604484537782362e+00
-7.362743322732170803e+00
-6.879638265559646193e+00
-6.263267538495481901e+00
-5.512057326523856382e+00
-4.629563363432300349e+00
-3.624229475849007009e+00
-2.508199203312791337e+00
-1.295399274469808848e+00
6.829203027857166930e-04
1.368977528955650946e+00
2.801990850116791165e+00
4.295676262004940682e+00
5.847794342728140471e+00
7.454875202420009117e+00
9.108238714095238109e+00
1.078980401601259942e+01
1.246859356300722155e+01
1.409889031080647825e+01
