-0.01032
-0.01551
-0.02100
-0.02682
-0.03297
-0.03945
-0.04627
-0.05335
-0.06061
-0.06795
-0.07523
-0.08229
-0.08897
-0.09509
-0.10046
-0.10493
-0.10832
-0.11051
-0.11138
-0.11089
-0.10898
-0.10568
-0.10105
-0.09520
-0.08827
-0.08048
-0.07203
-0.06321
-0.05428
-0.04556
-0.03734
-0.02991
-0.02354
-0.01850
-0.01496
-0.01310
-0.01300
-0.01468
-0.01813
-0.02320
-0.02973
-0.03746
-0.04607
-0.05519
-0.06439
-0.07323
-0.08124
-0.08793
-0.09284
-0.09554
-0.09562
-0.09277
-0.08673
-0.07731
-0.06448
-0.04823
-0.02876
-0.00630
0.01876
0.04592
0.07464
0.10422
0.13395
0.16307
0.19077
0.21627
0.23883
0.25772
0.27236
0.28222
0.28692
0.28623
0.28003
0.26841
0.25157
0.22988
0.20387
0.17412
0.14138
0.10647
0.07021
0.03351
-0.00276
-0.03775
-0.07063
-0.10069
-0.12729
-0.14985
-0.16801
-0.18142
-0.18993
-0.19351
-0.19223
-0.18632
-0.17607
-0.16192
-0.14436
-0.12394
-0.10131
-0.07710
-0.05198
-0.02662
-0.00168
0.02223
0.04453
0.06473
0.08235
0.09705
0.10856
0.11664
0.12123
0.12229
0.11989
0.11418
0.10537
0.09377
0.07969
0.06352
0.04569
0.02661
0.00675
-0.01345
-0.03356
-0.05317
-0.07190
-0.08940
-0.10536
-0.11955
-0.13173
-0.14175
-0.14951
-0.15493
-0.15802
-0.15877
-0.15727
-0.15360
-0.14787
-0.14024
-0.13086
-0.11991
-0.10758
-0.09405
-0.07953
-0.06421
-0.04828
-0.03194
-0.01538
0.00120
0.01761
0.03369
0.04923
0.06408
0.07804
0.09096
0.10266
0.11300
0.12183
0.12902
0.13445
0.13803
0.13969
0.13939
0.13712
0.13289
0.12676
0.11882
0.10920
0.09806
0.08558
0.07201
0.05757
0.04254
0.02720
0.01181
-0.00333
-0.01795
-0.03181
-0.04469
-0.05637
-0.06671
-0.07557
-0.08286
-0.08855
-0.09261
-0.09509
-0.09603
-0.09554
-0.09371
-0.09069
-0.08661
-0.08163
-0.07589
-0.06952
-0.06267
-0.05544
-0.04794
-0.04025
-0.03241
-0.02449
-0.01648
-0.00842
-0.00029
0.00791
0.01619
0.02456
0.03300
0.04151
0.05006
0.05858
0.06702
0.07527
0.08322
0.09074
0.09767
0.10386
0.10913
0.11332
0.11626
0.11779
0.11776
0.11606
0.11260
0.10732
0.10019
0.09123
0.08048
0.06806
0.05408
0.03873
0.02220
0.00475
-0.01335
-0.03182
-0.05035
-0.06860
-0.08626
-0.10298
-0.11845
-0.13236
-0.14439
-0.15429
-0.16179
-0.16670
-0.16884
-0.16806
-0.16430
-0.15750
-0.14769
-0.13495
-0.11939
-0.10122
-0.08068
-0.05809
-0.03380
-0.00823
0.01816
0.04486
0.07135
0.09707
0.12145
0.14393
0.16396
0.18103
0.19466
0.20442
0.20999
0.21107
0.20754
0.19930
0.18641
0.16904
0.14745
0.12204
0.09330
0.06181
0.02826
-0.00664
-0.04209
-0.07728
-0.11141
-0.14366
-0.17329
-0.19961
-0.22198
-0.23993
-0.25303
-0.26101
-0.26378
-0.26129
-0.25372
-0.24131
-0.22447
-0.20371
-0.17957
-0.15273
-0.12386
-0.09368
-0.06289
-0.03216
-0.00210
0.02671
0.05384
0.07891
0.10163
0.12188
0.13954
0.15468
0.16738
0.17780
0.18616
0.19269
0.19761
0.20115
0.20350
0.20479
0.20512
0.20450
0.20290
0.20021
0.19626
0.19085
0.18372
0.17463
0.16331
0.14953
0.13306
0.11379
0.09162
0.06658
0.03877
0.00840
-0.02419
-0.05860
-0.09427
-0.13059
-0.16689
-0.20238
-0.23629
-0.26779
-0.29607
-0.32035
-0.33990
-0.35404
-0.36226
-0.36408
-0.35921
-0.34751
-0.32895
-0.30375
-0.27220
-0.23484
-0.19232
-0.14542
-0.09511
-0.04236
0.01169
0.06590
0.11912
0.17020
0.21804
0.26165
0.30010
0.33265
0.35870
0.37777
0.38967
0.39427
0.39171
0.38228
0.36639
0.34464
0.31772
0.28640
0.25155
0.21403
0.17473
0.13455
0.09429
0.05475
0.01662
-0.01951
-0.05309
-0.08377
-0.11122
-0.13527
-0.15583
-0.17290
-0.18656
-0.19698
-0.20434
-0.20890
-0.21093
-0.21069
-0.20847
-0.20451
-0.19905
-0.19228
-0.18435
-0.17538
-0.16546
-0.15460
-0.14283
-0.13011
-0.11640
-0.10167
-0.08585
-0.06893
-0.05090
-0.03178
-0.01168
0.00929
0.03094
0.05300
0.07518
0.09709
0.11832
0.13839
0.15680
0.17303
0.18655
0.19685
0.20345
0.20593
0.20389
0.19710
0.18535
0.16858
0.14686
0.12034
0.08939
0.05442
0.01601
-0.02512
-0.06821
-0.11234
-0.15657
-0.19987
-0.24121
-0.27956
-0.31388
-0.34321
-0.36669
-0.38348
-0.39296
-0.39462
-0.38807
-0.37321
-0.35001
-0.31873
-0.27981
-0.23383
-0.18166
-0.12424
-0.06271
0.00166
0.06753
0.13348
0.19807
0.25991
0.31759
0.36985
0.41557
0.45371
0.48353
0.50441
0.51599
0.51817
0.51098
0.49482
0.47017
0.43777
0.39852
0.35341
0.30358
0.25022
0.19453
0.13776
0.08108
0.02562
-0.02757
-0.07758
-0.12359
-0.16493
-0.20111
-0.23173
-0.25659
-0.27561
-0.28884
-0.29648
-0.29879
-0.29616
-0.28903
-0.27790
-0.26331
-0.24582
-0.22597
-0.20432
-0.18137
-0.15762
-0.13351
-0.10942
-0.08571
-0.06265
-0.04050
-0.01945
0.00035
0.01877
0.03573
0.05116
0.06500
0.07721
0.08776
0.09662
0.10375
0.10912
0.11270
0.11446
0.11438
0.11242
0.10860
0.10293
0.09543
0.08619
0.07528
0.06285
0.04906
0.03409
0.01821
0.00165
-0.01529
-0.03229
-0.04905
-0.06523
-0.08052
-0.09462
-0.10724
-0.11813
-0.12707
-0.13389
-0.13848
-0.14074
-0.14066
-0.13828
-0.13364
-0.12690
-0.11819
-0.10771
-0.09568
-0.08233
-0.06792
-0.05270
-0.03691
-0.02081
-0.00462
0.01145
0.02718
0.04240
0.05695
0.07069
0.08352
0.09531
0.10600
0.11551
0.12379
0.13080
0.13650
0.14088
0.14392
0.14560
0.14592
0.14489
0.14252
0.13882
0.13382
0.12755
0.12006
0.11140
0.10163
0.09083
0.07908
0.06648
0.05313
0.03913
0.02461
0.00968
-0.00553
-0.02088
-0.03625
-0.05150
-0.06649
-0.08108
-0.09513
-0.10848
-0.12099
-0.13249
-0.14282
-0.15182
-0.15931
-0.16513
-0.16908
-0.17101
-0.17075
-0.16816
-0.16312
-0.15551
-0.14529
-0.13242
-0.11693
-0.09893
-0.07853
-0.05596
-0.03150
-0.00549
0.02165
0.04946
0.07741
0.10494
0.13146
0.15636
0.17904
0.19894
0.21550
0.22826
0.23684
0.24091
0.24030
0.23491
0.22478
0.21008
0.19106
0.16814
0.14176
0.11251
0.08103
0.04799
0.01411
-0.01986
-0.05323
-0.08530
-0.11541
-0.14300
-0.16751
-0.18855
-0.20575
-0.21887
-0.22776
-0.23233
-0.23264
-0.22880
-0.22099
-0.20950
-0.19464
-0.17681
-0.15640
-0.13389
-0.10974
-0.08443
-0.05844
-0.03225
-0.00631
0.01894
0.04310
0.06579
0.08667
0.10545
0.12188
0.13574
0.14689
0.15520
0.16061
0.16310
0.16270
0.15951
0.15363
0.14524
0.13455
0.12181
0.10730
0.09130
0.07416
0.05619
0.03775
0.01916
0.00077
-0.01713
-0.03422
-0.05025
-0.06498
-0.07820
-0.08975
-0.09948
-0.10731
-0.11318
-0.11704
-0.11892
-0.11883
-0.11684
-0.11301
-0.10744
-0.10024
-0.09152
-0.08142
-0.07008
-0.05763
-0.04424
-0.03006
-0.01526
-0.00002
0.01549
0.03107
0.04653
0.06165
0.07622
0.09002
0.10282
0.11440
0.12453
0.13300
0.13962
0.14420
0.14659
0.14667
0.14436
0.13961
0.13243
0.12288
0.11107
0.09714
0.08133
0.06388
0.04510
0.02532
0.00492
-0.01571
-0.03617
-0.05604
-0.07491
-0.09240
-0.10814
-0.12180
-0.13309
-0.14176
-0.14764
-0.15060
-0.15056
-0.14755
-0.14162
-0.13292
-0.12164
-0.10804
-0.09245
-0.07522
-0.05676
-0.03751
-0.01793
0.00148
0.02026
0.03792
0.05401
0.06810
0.07983
0.08884
0.09490
0.09781
0.09746
0.09384
0.08699
0.07710
0.06441
0.04924
0.03202
0.01322
-0.00663
-0.02695
-0.04713
-0.06656
-0.08464
-0.10082
-0.11454
-0.12538
-0.13297
-0.13700
-0.13735
-0.13393
-0.12682
-0.11621
-0.10238
-0.08573
-0.06675
-0.04599
-0.02406
-0.00158
0.02079
0.04243
0.06277
0.08130
0.09757
0.11126
0.12210
0.13001
0.13495
0.13702
0.13641
0.13338
0.12829
0.12153
0.11351
0.10468
0.09548
0.08627
0.07745
0.06930
0.06205
0.05588
0.05084
0.04696
0.04414
0.04226
0.04111
0.04045
0.04000
0.03945
0.03851
0.03688
0.03429
0.03049
0.02531
0.01861
0.01033
0.00045
-0.01096
-0.02377
-0.03778
-0.05276
-0.06839
-0.08434
-0.10023
-0.11568
-0.13028
-0.14364
-0.15537
-0.16512
-0.17256
-0.17742
-0.17947
-0.17854
-0.17454
-0.16743
-0.15726
-0.14413
-0.12822
-0.10980
-0.08916
-0.06669
-0.04279
-0.01792
0.00745
0.03281
0.05767
0.08153
0.10393
0.12442
0.14262
0.15819
0.17084
0.18037
0.18663
0.18956
0.18918
0.18558
0.17892
0.16943
0.15739
0.14316
0.12710
0.10964
0.09120
0.07223
0.05315
0.03439
0.01631
-0.00072
-0.01641
-0.03052
-0.04286
-0.05333
-0.06185
-0.06845
-0.07321
-0.07625
-0.07776
-0.07796
-0.07712
-0.07551
-0.07343
-0.07116
-0.06902
-0.06723
-0.06606
-0.06569
-0.06627
-0.06789
-0.07058
-0.07432
-0.07902
-0.08453
-0.09065
-0.09711
-0.10362
-0.10984
-0.11540
-0.11992
-0.12305
-0.12441
-0.12368
-0.12057
-0.11485
-0.10636
-0.09500
-0.08079
-0.06383
-0.04430
-0.02251
0.00118
0.02627
0.05223
0.07845
0.10427
0.12903
0.15206
0.17268
0.19031
0.20441
0.21452
0.22032
0.22156
0.21818
0.21024
0.19788
0.18147
0.16142
0.13830
0.11276
0.08549
0.05727
0.02889
0.00113
-0.02527
-0.04958
-0.07120
-0.08954
-0.10422
-0.11489
-0.12136
-0.12360
-0.12163
-0.11570
-0.10607
-0.09317
-0.07750
-0.05963
-0.04017
-0.01979
0.00086
0.02112
0.04037
0.05803
0.07357
0.08656
0.09665
0.10355
0.10713
0.10726
0.10402
0.09750
0.08789
0.07549
0.06063
0.04371
0.02517
0.00546
-0.01490
-0.03545
-0.05570
-0.07519
-0.09348
-0.11018
-0.12493
-0.13744
-0.14744
-0.15475
-0.15924
-0.16083
-0.15951
-0.15530
-0.14833
-0.13872
-0.12668
-0.11244
-0.09628
-0.07850
-0.05944
-0.03946
-0.01893
0.00178
0.02228
0.04219
0.06115
0.07881
0.09483
0.10894
0.12085
0.13036
0.13730
0.14152
0.14298
0.14163
0.13753
0.13077
0.12147
0.10985
0.09614
0.08062
0.06360
0.04543
0.02647
0.00710
-0.01230
-0.03134
-0.04965
-0.06689
-0.08270
-0.09679
-0.10889
-0.11877
-0.12625
-0.13116
-0.13344
-0.13302
-0.12991
-0.12418
-0.11592
-0.10527
-0.09244
-0.07765
-0.06118
-0.04332
-0.02439
-0.00474
0.01528
0.03531
0.05498
0.07395
0.09186
0.10841
0.12329
0.13624
0.14705
0.15551
0.16148
0.16487
0.16563
0.16376
0.15929
0.15233
0.14301
0.13151
0.11804
0.10284
0.08619
0.06836
0.04967
0.03039
0.01085
-0.00868
-0.02792
-0.04661
-0.06452
-0.08145
-0.09723
-0.11170
-0.12476
-0.13630
-0.14628
-0.15465
-0.16139
-0.16649
-0.16995
-0.17179
-0.17201
-0.17062
-0.16762
-0.16303
-0.15684
-0.14903
-0.13960
-0.12854
-0.11584
-0.10152
-0.08559
-0.06810
-0.04913
-0.02878
-0.00722
0.01536
0.03871
0.06252
0.08645
0.11011
0.13305
0.15482
0.17492
0.19288
0.20822
0.22046
0.22922
0.23412
0.23488
0.23133
0.22334
0.21096
0.19429
0.17356
0.14916
0.12151
0.09118
0.05880
0.02505
-0.00931
-0.04352
-0.07679
-0.10837
-0.13753
-0.16359
-0.18593
-0.20407
-0.21755
-0.22607
-0.22945
-0.22757
-0.22054
-0.20849
-0.19172
-0.17064
-0.14573
-0.11760
-0.08690
-0.05436
-0.02073
0.01319
0.04663
0.07879
0.10896
0.13643
0.16059
0.18091
0.19692
0.20831
0.21483
0.21638
0.21297
0.20471
0.19186
0.17475
0.15382
0.12961
0.10269
0.07372
0.04337
0.01233
-0.01868
-0.04899
-0.07796
-0.10499
-0.12956
-0.15120
-0.16953
-0.18429
-0.19524
-0.20230
-0.20543
-0.20470
-0.20025
-0.19228
-0.18106
-0.16690
-0.15015
-0.13120
-0.11046
-0.08833
-0.06525
-0.04161
-0.01784
0.00568
0.02859
0.05053
0.07118
0.09026
0.10750
0.12269
0.13561
0.14612
0.15409
0.15944
0.16211
0.16208
0.15940
0.15411
0.14632
0.13616
0.12380
0.10947
0.09338
0.07581
0.05705
0.03742
0.01725
-0.00312
-0.02333
-0.04304
-0.06190
-0.07959
-0.09579
-0.11021
-0.12259
-0.13272
-0.14040
-0.14549
-0.14791
-0.14759
-0.14455
-0.13882
-0.13049
-0.11971
-0.10666
-0.09156
-0.07467
-0.05627
-0.03668
-0.01624
0.00468
0.02574
0.04655
0.06674
0.08594
0.10382
0.12003
0.13427
0.14628
0.15579
0.16262
0.16662
0.16768
0.16576
0.16085
0.15302
0.14239
0.12912
0.11344
0.09561
0.07597
0.05484
0.03261
0.00969
-0.01351
-0.03657
-0.05907
-0.08061
-0.10081
-0.11930
-0.13577
-0.14993
-0.16155
-0.17044
-0.17647
-0.17955
-0.17965
-0.17681
-0.17108
-0.16260
-0.15154
-0.13808
-0.12250
-0.10505
-0.08602
-0.06576
-0.04457
-0.02282
-0.00083
0.02103
0.04245
0.06308
0.08263
0.10079
0.11731
0.13195
0.14451
0.15481
0.16272
0.16816
0.17106
0.17141
0.16925
0.16463
0.15767
0.14852
0.13734
0.12436
0.10980
0.09390
0.07695
0.05921
0.04095
0.02245
0.00396
-0.01427
-0.03201
-0.04907
-0.06524
-0.08038
-0.09436
-0.10706
-0.11839
-0.12827
-0.13667
-0.14352
-0.14881
-0.15249
-0.15455
-0.15497
-0.15372
-0.15079
-0.14616
-0.13982
-0.13178
-0.12203
-0.11061
-0.09756
-0.08297
-0.06693
-0.04957
-0.03109
-0.01168
0.00840
0.02888
0.04943
0.06973
0.08940
0.10810
0.12543
0.14107
0.15466
0.16591
0.17456
0.18041
0.18331
0.18319
0.18002
0.17390
0.16493
0.15332
0.13934
0.12328
0.10550
0.08640
0.06636
0.04579
0.02511
0.00468
-0.01514
-0.03403
-0.05174
-0.06803
-0.08277
-0.09583
-0.10719
-0.11683
-0.12481
-0.13121
-0.13614
-0.13975
-0.14217
-0.14354
-0.14399
-0.14363
-0.14253
-0.14075
-0.13829
-0.13511
-0.13117
-0.12635
-0.12053
-0.11357
-0.10530
-0.09558
-0.08427
-0.07126
-0.05649
-0.03994
-0.02164
-0.00173
0.01964
0.04218
0.06555
0.08936
0.11313
0.13634
0.15844
0.17884
0.19698
0.21229
0.22427
0.23246
0.23650
0.23612
0.23118
0.22162
0.20760
0.18933
0.16718
0.14167
0.11338
0.08301
0.05132
0.01911
-0.01278
-0.04356
-0.07245
-0.09871
-0.12173
-0.14097
-0.15601
-0.16658
-0.17251
-0.17382
-0.17062
-0.16316
-0.15186
-0.13718
-0.11971
-0.10010
-0.07906
-0.05731
-0.03559
-0.01463
0.00490
0.02237
0.03723
0.04902
0.05742
0.06215
0.06313
0.06037
0.05398
0.04426
0.03154
0.01632
-0.00085
-0.01937
-0.03852
-0.05763
-0.07599
-0.09288
-0.10768
-0.11979
-0.12870
-0.13401
-0.13543
-0.13280
-0.12610
-0.11541
-0.10102
-0.08327
-0.06265
-0.03977
-0.01525
0.01015
0.03569
0.06064
0.08427
0.10590
0.12497
0.14094
0.15348
0.16230
0.16729
0.16849
0.16599
0.16008
0.15111
0.13951
0.12582
0.11055
0.09428
0.07758
0.06097
0.04493
0.02992
0.01625
0.00422
-0.00599
-0.01430
-0.02068
-0.02522
-0.02806
-0.02942
-0.02955
-0.02873
-0.02729
-0.02554
-0.02380
-0.02235
-0.02145
-0.02130
-0.02210
-0.02393
-0.02685
-0.03087
-0.03592
-0.04189
-0.04862
-0.05593
-0.06358
-0.07134
-0.07893
-0.08610
-0.09258
-0.09814
-0.10254
-0.10558
-0.10710
-0.10695
-0.10505
-0.10133
-0.09576
-0.08838
-0.07923
-0.06842
-0.05606
-0.04233
-0.02741
-0.01151
0.00512
0.02222
0.03954
0.05678
0.07366
0.08990
0.10520
0.11930
0.13193
0.14286
0.15187
0.15876
0.16340
0.16566
0.16546
0.16279
0.15764
0.15009
0.14023
0.12821
0.11424
0.09853
0.08135
0.06299
0.04376
0.02397
0.00396
-0.01596
-0.03546
-0.05426
-0.07207
-0.08864
-0.10377
-0.11727
-0.12900
-0.13886
-0.14677
-0.15270
-0.15666
-0.15867
-0.15878
-0.15707
-0.15363
-0.14855
-0.14195
-0.13395
-0.12464
-0.11414
-0.10257
-0.09002
-0.07660
-0.06242
-0.04757
-0.03216
-0.01631
-0.00012
0.01625
0.03267
0.04896
0.06496
0.08045
0.09523
0.10907
0.12172
0.13296
0.14253
0.15020
0.15578
0.15906
0.15991
0.15819
0.15387
0.14693
0.13740
0.12541
0.11111
0.09473
0.07653
0.05683
0.03601
0.01442
-0.00750
-0.02934
-0.05067
-0.07108
-0.09017
-0.10758
-0.12296
-0.13604
-0.14656
-0.15433
-0.15922
-0.16115
-0.16010
-0.15610
-0.14923
-0.13966
-0.12754
-0.11313
-0.09669
-0.07851
-0.05894
-0.03831
-0.01699
0.00464
0.02623
0.04740
0.06778
0.08705
0.10488
0.12097
0.13507
0.14694
0.15639
0.16328
0.16750
0.16899
0.16774
0.16380
0.15723
0.14817
0.13677
0.12325
0.10783
0.09078
0.07237
0.05291
0.03270
0.01206
-0.00870
-0.02928
-0.04938
-0.06872
-0.08702
-0.10403
-0.11954
-0.13332
-0.14520
-0.15502
-0.16264
-0.16796
-0.17091
-0.17143
-0.16951
-0.16515
-0.15840
-0.14933
-0.13806
-0.12471
-0.10946
-0.09252
-0.07411
-0.05450
-0.03397
-0.01284
0.00857
0.02991
0.05083
0.07097
0.08998
0.10752
0.12327
0.13693
0.14822
0.15694
0.16291
0.16599
0.16613
0.16330
0.15758
0.14908
0.13797
0.12448
0.10890
0.09155
0.07278
0.05298
0.03254
0.01186
-0.00866
-0.02864
-0.04774
-0.06563
-0.08201
-0.09665
-0.10935
-0.11996
-0.12838
-0.13453
-0.13841
-0.14003
-0.13944
-0.13674
-0.13201
-0.12540
-0.11703
-0.10705
-0.09562
-0.08289
-0.06903
-0.05419
-0.03854
-0.02225
-0.00549
0.01157
0.02874
0.04583
0.06264
0.07895
0.09452
0.10913
0.12254
0.13449
0.14474
0.15307
0.15924
0.16307
0.16439
0.16308
0.15904
0.15224
0.14273
0.13055
0.11586
0.09887
0.07982
0.05903
0.03686
0.01369
-0.01003
-0.03388
-0.05738
-0.08008
-0.10155
-0.12137
-0.13915
-0.15457
-0.16730
-0.17716
-0.18394
-0.18756
-0.18798
-0.18522
-0.17939
-0.17064
-0.15920
-0.14533
-0.12934
-0.11160
-0.09250
-0.07242
-0.05180
-0.03105
-0.01058
0.00921
0.02796
0.04532
0.06100
0.07475
0.08637
0.09573
0.10274
0.10738
0.10970
0.10977
0.10778
0.10391
0.09841
0.09156
0.08366
0.07501
0.06594
0.05676
0.04774
0.03915
0.03119
0.02406
0.01786
0.01265
0.00846
0.00523
0.00289
0.00130
0.00031
-0.00027
-0.00061
-0.00090
-0.00131
-0.00196
-0.00296
-0.00435
-0.00615
-0.00828
-0.01065
-0.01311
-0.01547
-0.01751
-0.01900
-0.01970
-0.01940
-0.01789
-0.01502
-0.01070
-0.00488
0.00240
0.01102
0.02080
0.03147
0.04270
0.05408
0.06518
0.07551
0.08457
0.09186
0.09691
0.09926
0.09854
0.09443
0.08669
0.07523
0.06000
0.04115
0.01890
-0.00641
-0.03427
-0.06413
-0.09529
-0.12698
-0.15839
-0.18862
-0.21680
-0.24204
-0.26347
-0.28032
-0.29188
-0.29752
-0.29682
-0.28942
-0.27517
-0.25414
-0.22646
-0.19260
-0.15307
-0.10863
-0.06019
-0.00875
0.04455
0.09850
0.15187
0.20338
0.25182
0.29604
0.33496
0.36770
0.39345
0.41164
0.42192
0.42405
0.41811
0.40430
0.38305
0.35498
0.32080
0.28142
0.23780
0.19099
0.14206
0.09211
0.04217
-0.00673
-0.05367
-0.09782
-0.13843
-0.17494
-0.20683
-0.23382
-0.25570
-0.27238
-0.28395
-0.29055
-0.29246
-0.29004
-0.28369
-0.27389
-0.26114
-0.24593
-0.22881
-0.21025
-0.19073
-0.17071
-0.15056
-0.13064
-0.11125
-0.09261
-0.07493
-0.05835
-0.04296
-0.02883
-0.01599
-0.00443
0.00585
0.01489
0.02273
0.02941
0.03497
0.03945
0.04290
0.04535
0.04683
0.04737
0.04701
0.04580
0.04378
0.04102
0.03759
0.03359
0.02911
0.02430
0.01928
0.01422
0.00930
0.00469
0.00057
-0.00285
-0.00539
-0.00688
-0.00714
-0.00604
-0.00345
0.00071
0.00652
0.01399
0.02311
0.03383
0.04606
0.05968
0.07452
0.09038
0.10704
0.12426
0.14174
0.15922
0.17637
0.19290
0.20849
0.22283
0.23561
0.24655
0.25535
0.26177
0.26554
0.26647
0.26436
0.25904
0.25040
0.23833
0.22280
0.20379
0.18136
0.15558
0.12660
0.09463
0.05991
0.02275
-0.01645
-0.05731
-0.09930
-0.14191
-0.18457
-0.22664
-0.26748
-0.30643
-0.34278
-0.37588
-0.40505
-0.42966
-0.44912
-0.46289
-0.47055
-0.47171
-0.46612
-0.45368
-0.43432
-0.40822
-0.37563
-0.33694
-0.29275
-0.24369
-0.19061
-0.13442
-0.07611
-0.01680
0.04240
0.10033
0.15584
0.20783
0.25526
0.29717
0.33276
0.36132
0.38237
0.39556
0.40071
0.39792
0.38736
0.36947
0.34482
0.31410
0.27820
0.23801
0.19456
0.14890
0.10209
0.05516
0.00914
-0.03508
-0.07661
-0.11473
-0.14882
-0.17834
-0.20296
-0.22241
-0.23658
-0.24547
-0.24917
-0.24792
-0.24198
-0.23173
-0.21759
-0.20002
-0.17950
-0.15655
-0.13166
-0.10534
-0.07808
-0.05033
-0.02255
0.00487
0.03153
0.05710
0.08124
0.10368
0.12415
0.14242
0.15828
0.17155
0.18210
0.18979
0.19455
0.19631
0.19507
0.19085
0.18372
0.17379
0.16122
0.14622
0.12904
0.10997
0.08935
0.06754
0.04495
0.02199
-0.00091
-0.02333
-0.04483
-0.06502
-0.08349
-0.09992
-0.11397
-0.12541
-0.13402
-0.13964
-0.14219
-0.14164
-0.13804
-0.13147
-0.12209
-0.11014
-0.09585
-0.07956
-0.06161
-0.04239
-0.02231
-0.00178
0.01875
0.03885
0.05811
0.07611
0.09248
0.10688
0.11899
0.12858
0.13543
0.13941
0.14045
0.13851
0.13368
0.12605
0.11581
0.10319
0.08849
0.07203
0.05418
0.03535
0.01593
-0.00366
-0.02300
-0.04170
-0.05939
-0.07574
-0.09046
-0.10330
-0.11407
-0.12265
-0.12895
-0.13297
-0.13474
-0.13436
-0.13198
-0.12776
-0.12194
-0.11476
-0.10649
-0.09739
-0.08775
-0.07785
-0.06793
-0.05824
-0.04898
-0.04035
-0.03248
-0.02547
-0.01939
-0.01427
-0.01008
-0.00677
-0.00424
-0.00238
-0.00102
-0.00001
0.00086
0.00176
0.00291
0.00447
0.00664
0.00956
0.01335
0.01808
0.02381
0.03053
0.03815
0.04658
0.05565
0.06511
0.07471
0.08413
0.09302
0.10101
0.10771
0.11276
0.11581
0.11654
0.11470
0.11010
0.10263
0.09232
0.07921
0.06355
0.04562
0.02582
0.00465
-0.01734
-0.03953
-0.06125
-0.08185
-0.10068
-0.11709
-0.13054
-0.14052
-0.14664
-0.14862
-0.14626
-0.13957
-0.12858
-0.11355
-0.09481
-0.07281
-0.04811
-0.02134
0.00679
0.03552
0.06410
0.09176
0.11774
0.14135
0.16194
0.17897
0.19198
0.20060
0.20462
0.20391
0.19849
0.18850
0.17415
0.15583
0.13395
0.10904
0.08169
0.05251
0.02217
-0.00866
-0.03932
-0.06917
-0.09759
-0.12402
-0.14795
-0.16896
-0.18664
-0.20073
-0.21101
-0.21733
-0.21966
-0.21801
-0.21248
-0.20325
-0.19053
-0.17464
-0.15589
-0.13468
-0.11143
-0.08657
-0.06057
-0.03391
-0.00706
0.01950
0.04532
0.06994
0.09295
0.11398
0.13268
0.14873
0.16191
0.17200
0.17888
0.18245
0.18270
0.17968
0.17348
0.16426
0.15225
0.13771
0.12096
0.10235
0.08226
0.06112
0.03932
0.01731
-0.00451
-0.02572
-0.04595
-0.06486
-0.08213
-0.09749
-0.11074
-0.12169
-0.13026
-0.13636
-0.13999
-0.14121
-0.14008
-0.13673
-0.13132
-0.12405
-0.11512
-0.10475
-0.09317
-0.08064
-0.06737
-0.05360
-0.03954
-0.02539
-0.01134
0.00245
0.01583
0.02866
0.04085
0.05230
0.06294
0.07271
0.08155
0.08944
0.09634
0.10225
0.10716
0.11105
0.11394
0.11582
0.11670
0.11660
0.11551
0.11345
0.11042
0.10643
0.10149
0.09558
0.08870
0.08085
0.07201
0.06218
0.05133
0.03946
0.02656
0.01263
-0.00232
-0.01825
-0.03511
-0.05282
-0.07127
-0.09031
-0.10975
-0.12937
-0.14890
-0.16802
-0.18638
-0.20358
-0.21922
-0.23285
-0.24402
-0.25228
-0.25720
-0.25837
-0.25545
-0.24813
-0.23620
-0.21954
-0.19811
-0.17204
-0.14153
-0.10690
-0.06868
-0.02740
0.01619
0.06129
0.10703
0.15244
0.19655
0.23835
0.27686
0.31117
0.34044
0.36390
0.38098
0.39121
0.39431
0.39020
0.37891
0.36078
0.33618
0.30575
0.27021
0.23039
0.18725
0.14178
0.09499
0.04790
0.00152
-0.04326
-0.08553
-0.12459
-0.15976
-0.19053
-0.21653
-0.23745
-0.25319
-0.26374
-0.26917
-0.26972
-0.26564
-0.25731
-0.24514
-0.22959
-0.21115
-0.19033
-0.16761
-0.14351
-0.11850
-0.09303
-0.06753
-0.04238
-0.01796
0.00543
0.02749
0.04797
0.06664
0.08331
0.09783
0.11005
0.11987
0.12721
0.13202
0.13428
0.13399
0.13121
0.12599
0.11845
0.10873
0.09699
0.08345
0.06835
0.05193
0.03450
0.01636
-0.00218
-0.02079
-0.03913
-0.05689
-0.07376
-0.08945
-0.10367
-0.11620
-0.12683
-0.13536
-0.14167
-0.14566
-0.14726
-0.14645
-0.14324
-0.13768
-0.12985
-0.11988
-0.10791
-0.09410
-0.07867
-0.06183
-0.04382
-0.02490
-0.00535
0.01456
0.03453
0.05426
0.07346
0.09184
0.10910
0.12496
0.13917
0.15148
0.16166
0.16953
0.17492
0.17771
0.17781
0.17518
0.16982
0.16177
0.15114
0.13805
0.12269
0.10529
0.08611
0.06547
0.04367
0.02109
-0.00190
-0.02492
-0.04758
-0.06950
-0.09030
-0.10961
-0.12710
-0.14247
-0.15541
-0.16571
-0.17315
-0.17758
-0.17890
-0.17703
-0.17198
-0.16379
-0.15254
-0.13841
-0.12156
-0.10228
-0.08083
-0.05756
-0.03286
-0.00713
0.01919
0.04564
0.07175
0.09703
0.12100
0.14321
0.16321
0.18060
0.19500
0.20610
0.21366
0.21746
0.21741
0.21347
0.20569
0.19420
0.17921
0.16102
0.13998
0.11651
0.09112
0.06431
0.03663
0.00864
-0.01908
-0.04601
-0.07160
-0.09543
-0.11703
-0.13610
-0.15234
-0.16556
-0.17565
-0.18258
-0.18641
-0.18726
-0.18532
-0.18086
-0.17418
-0.16564
-0.15560
-0.14445
-0.13257
-0.12036
-0.10814
-0.09624
-0.08494
-0.07443
-0.06489
-0.05639
-0.04898
-0.04262
-0.03719
-0.03256
-0.02852
-0.02482
-0.02119
-0.01734
-0.01299
-0.00787
-0.00170
0.00570
0.01450
0.02481
0.03662
0.04990
0.06448
0.08014
0.09659
0.11341
0.13017
0.14637
0.16147
0.17491
0.18615
0.19467
0.20002
0.20177
0.19965
0.19347
0.18313
0.16873
0.15044
0.12861
0.10369
0.07624
0.04693
0.01650
-0.01428
-0.04457
-0.07358
-0.10053
-0.12468
-0.14540
-0.16213
-0.17442
-0.18201
-0.18467
-0.18242
-0.17536
-0.16373
-0.14794
-0.12845
-0.10588
-0.08089
-0.05423
-0.02667
0.00099
0.02798
0.05353
0.07695
0.09760
0.11493
0.12851
0.13799
0.14319
0.14400
0.14046
0.13275
0.12111
0.10594
0.08769
0.06691
0.04419
0.02016
-0.00452
-0.02919
-0.05321
-0.07599
-0.09694
-0.11560
-0.13152
-0.14435
-0.15385
-0.15982
-0.16220
-0.16096
-0.15622
-0.14812
-0.13690
-0.12285
-0.10630
-0.08765
-0.06731
-0.04571
-0.02330
-0.00053
0.02216
0.04434
0.06561
0.08559
0.10391
0.12028
0.13442
0.14608
0.15511
0.16133
0.16469
0.16512
0.16264
0.15732
0.14926
0.13862
0.12558
0.11040
0.09334
0.07471
0.05484
0.03408
0.01278
-0.00870
-0.02998
-0.05073
-0.07059
-0.08925
-0.10643
-0.12186
-0.13531
-0.14659
-0.15557
-0.16210
-0.16614
-0.16765
-0.16663
-0.16314
-0.15723
-0.14904
-0.13869
-0.12635
-0.11222
-0.09650
-0.07941
-0.06121
-0.04214
-0.02245
-0.00243
0.01767
0.03756
0.05698
0.07566
0.09334
0.10976
0.12468
0.13789
0.14917
0.15835
0.16529
0.16984
0.17194
0.17153
0.16859
0.16319
0.15536
0.14525
0.13301
0.11882
0.10293
0.08558
0.06706
0.04768
0.02774
0.00757
-0.01251
-0.03221
-0.05122
-0.06927
-0.08613
-0.10156
-0.11539
-0.12746
-0.13766
-0.14590
-0.15212
-0.15631
-0.15845
-0.15859
-0.15676
-0.15302
-0.14744
-0.14010
-0.13109
-0.12051
-0.10845
-0.09503
-0.08035
-0.06455
-0.04776
-0.03011
-0.01179
0.00704
0.02618
0.04542
0.06451
0.08322
0.10129
0.11845
0.13442
0.14893
0.16173
0.17256
0.18121
0.18748
0.19123
0.19233
0.19072
0.18642
0.17944
0.16992
0.15800
0.14389
0.12785
0.11016
0.09115
0.07115
0.05050
0.02956
0.00865
-0.01193
-0.03191
-0.05105
-0.06917
-0.08613
-0.10184
-0.11626
-0.12940
-0.14129
-0.15199
-0.16161
-0.17022
-0.17792
-0.18479
-0.19089
-0.19622
-0.20078
-0.20449
-0.20724
-0.20887
-0.20918
-0.20795
-0.20489
-0.19975
-0.19224
-0.18213
-0.16917
-0.15322
-0.13415
-0.11195
-0.08671
-0.05858
-0.02786
0.00508
0.03974
0.07551
0.11176
0.14770
0.18258
0.21560
0.24593
0.27283
0.29560
0.31358
0.32631
0.33336
0.33449
0.32964
0.31882
0.30229
0.28037
0.25357
0.22250
0.18786
0.15043
0.11105
0.07057
0.02986
-0.01023
-0.04893
-0.08546
-0.11918
-0.14950
-0.17594
-0.19812
-0.21576
-0.22872
-0.23691
-0.24036
-0.23922
-0.23367
-0.22400
-0.21056
-0.19372
-0.17392
-0.15161
-0.12728
-0.10141
-0.07449
-0.04699
-0.01940
0.00785
0.03432
0.05962
0.08337
0.10526
0.12497
0.14226
0.15690
0.16873
0.17761
0.18347
0.18625
0.18597
0.18267
0.17647
0.16750
0.15594
0.14203
0.12601
0.10818
0.08884
0.06832
0.04694
0.02505
0.00295
-0.01905
-0.04067
-0.06167
-0.08182
-0.10097
-0.11897
-0.13572
-0.15116
-0.16526
-0.17802
-0.18944
-0.19954
-0.20833
-0.21583
-0.22203
-0.22690
-0.23036
-0.23231
-0.23264
-0.23116
-0.22767
-0.22196
-0.21378
-0.20289
-0.18909
-0.17215
-0.15196
-0.12840
-0.10147
-0.07126
-0.03793
-0.00180
0.03673
0.07716
0.11881
0.16098
0.20284
0.24351
0.28207
0.31759
0.34913
0.37587
0.39699
0.41182
0.41988
0.42072
0.41423
0.40035
0.37930
0.35148
0.31740
0.27783
0.23360
0.18569
0.13516
0.08309
0.03060
-0.02122
-0.07133
-0.11875
-0.16263
-0.20223
-0.23692
-0.26626
-0.28992
-0.30772
-0.31967
-0.32582
-0.32645
-0.32187
-0.31248
-0.29880
-0.28134
-0.26068
-0.23739
-0.21206
-0.18523
-0.15745
-0.12918
-0.10089
-0.07294
-0.04568
-0.01939
0.00571
0.02942
0.05160
0.07216
0.09099
0.10805
0.12329
0.13667
0.14817
0.15775
0.16538
0.17104
0.17470
0.17632
0.17589
0.17338
0.16880
0.16215
0.15347
0.14282
0.13028
0.11595
0.09998
0.08255
0.06385
0.04412
0.02360
0.00257
-0.01868
-0.03986
-0.06064
-0.08074
-0.09985
-0.11767
-0.13394
-0.14841
-0.16084
-0.17104
-0.17884
-0.18411
-0.18675
-0.18669
-0.18392
-0.17844
-0.17031
-0.15960
-0.14642
-0.13094
-0.11332
-0.09378
-0.07256
-0.04992
-0.02616
-0.00158
0.02348
0.04867
0.07365
0.09803
0.12147
0.14358
0.16401
0.18242
0.19850
0.21195
0.22252
0.22998
0.23420
0.23505
0.23248
0.22652
0.21721
0.20473
0.18925
0.17104
0.15041
0.12773
0.10339
0.07781
0.05146
0.02478
-0.00177
-0.02775
-0.05272
-0.07631
-0.09815
-0.11794
-0.13541
-0.15035
-0.16260
-0.17208
-0.17871
-0.18250
-0.18350
-0.18180
-0.17751
-0.17079
-0.16183
-0.15083
-0.13801
-0.12363
-0.10792
-0.09114
-0.07357
-0.05546
-0.03708
-0.01869
-0.00056
0.01706
0.03392
0.04978
0.06440
0.07757
0.08909
0.09878
0.10647
0.11204
0.11537
0.11638
0.11505
0.11135
0.10533
0.09706
0.08664
0.07422
0.05998
0.04415
0.02695
0.00865
-0.01045
-0.03006
-0.04988
-0.06958
-0.08887
-0.10745
-0.12501
-0.14130
-0.15605
-0.16904
-0.18006
-0.18895
-0.19554
-0.19973
-0.20142
-0.20057
-0.19715
-0.19117
-0.18266
-0.17171
-0.15842
-0.14292
-0.12537
-0.10596
-0.08491
-0.06247
-0.03891
-0.01451
0.01043
0.03556
0.06057
0.08511
0.10882
0.13137
0.15243
0.17166
0.18878
0.20352
0.21564
0.22495
0.23131
0.23465
0.23492
0.23215
0.22646
0.21797
0.20692
0.19355
0.17820
0.16120
0.14294
0.12382
0.10424
0.08461
0.06532
0.04674
0.02919
0.01297
-0.00167
-0.01453
-0.02548
-0.03443
-0.04132
-0.04617
-0.04901
-0.04994
-0.04904
-0.04646
-0.04233
-0.03678
-0.02997
-0.02201
-0.01304
-0.00315
0.00757
0.01905
0.03123
0.04408
0.05754
0.07159
0.08617
0.10124
0.11670
0.13244
0.14834
0.16419
0.17979
0.19484
0.20905
0.22205
0.23344
0.24279
0.24965
0.25353
0.25397
0.25051
0.24268
0.23011
0.21243
0.18937
0.16077
0.12650
0.08663
0.04131
-0.00921
-0.06446
-0.12392
-0.18687
-0.25249
-0.31988
-0.38796
-0.45564
-0.52174
-0.58504
-0.64433
-0.69842
-0.74613
-0.78644
-0.81836
-0.84109
-0.85398
-0.85651
-0.84845
-0.82967
-0.80033
-0.76079
-0.71154
-0.65339
-0.58720
-0.51404
-0.43512
-0.35168
-0.26508
-0.17671
-0.08790
-0.00001
0.08568
0.16802
0.24590
0.31844
0.38480
0.44437
0.49670
0.54144
0.57850
0.60785
0.62966
0.64422
0.65189
0.65320
0.64869
0.63900
0.62479
0.60674
0.58550
0.56175
0.53609
0.50908
0.48124
0.45297
0.42466
0.39657
0.36892
0.34186
0.31546
0.28976
0.26474
0.24039
0.21665
0.19348
0.17084
0.14871
0.12709
0.10603
0.08560
0.06590
0.04706
0.02921
0.01253
-0.00284
-0.01675
-0.02909
-0.03976
-0.04873
-0.05601
-0.06165
-0.06579
-0.06859
-0.07031
-0.07122
-0.07162
-0.07187
-0.07233
-0.07335
-0.07527
-0.07841
-0.08304
-0.08940
-0.09761
-0.10780
-0.11996
-0.13401
-0.14985
-0.16722
-0.18588
-0.20547
-0.22561
-0.24589
-0.26586
-0.28508
-0.30312
-0.31954
-0.33395
-0.34602
-0.35541
-0.36190
-0.36528
-0.36544
-0.36232
-0.35591
-0.34630
-0.33358
-0.31794
-0.29959
-0.27879
-0.25582
-0.23098
-0.20458
-0.17695
-0.14840
-0.11923
-0.08976
-0.06025
-0.03095
-0.00213
0.02603
0.05330
0.07953
0.10453
0.12817
0.15030
0.17079
0.18951
0.20634
0.22116
0.23386
0.24432
0.25245
0.25814
0.26134
0.26196
0.25997
0.25535
0.24812
0.23832
0.22602
0.21133
0.19442
0.17544
0.15464
0.13225
0.10856
0.08388
0.05853
0.03287
0.00724
-0.01797
-0.04241
-0.06571
-0.08751
-0.10749
-0.12531
-0.14071
-0.15340
-0.16319
-0.16987
-0.17331
-0.17342
-0.17016
-0.16354
-0.15360
-0.14047
-0.12432
-0.10534
-0.08382
-0.06005
-0.03439
-0.00723
0.02102
0.04990
0.07895
0.10769
0.13564
0.16233
0.18730
0.21010
0.23035
0.24767
0.26174
0.27231
0.27917
0.28219
0.28129
0.27649
0.26786
0.25553
0.23972
0.22069
0.19877
0.17434
0.14777
0.11953
0.09005
0.05978
0.02918
-0.00132
-0.03131
-0.06039
-0.08823
-0.11450
-0.13894
-0.16132
-0.18145
-0.19917
-0.21439
-0.22701
-0.23699
-0.24429
-0.24891
-0.25086
-0.25017
-0.24688
-0.24103
-0.23270
-0.22195
-0.20888
-0.19360
-0.17623
-0.15694
-0.13589
-0.11329
-0.08939
-0.06444
-0.03875
-0.01264
0.01354
0.03940
0.06457
0.08863
0.11118
0.13183
0.15019
0.16591
0.17866
0.18815
0.19419
0.19658
0.19524
0.19014
0.18133
0.16895
0.15317
0.13428
0.11261
0.08854
0.06252
0.03502
0.00655
-0.02237
-0.05121
-0.07944
-0.10657
-0.13213
-0.15566
-0.17679
-0.19518
-0.21053
-0.22264
-0.23133
-0.23652
-0.23818
-0.23631
-0.23103
-0.22244
-0.21075
-0.19616
-0.17893
-0.15935
-0.13771
-0.11435
-0.08959
-0.06376
-0.03720
-0.01023
0.01683
0.04367
0.06999
0.09551
0.11996
0.14310
0.16468
0.18448
0.20231
0.21798
0.23133
0.24220
0.25049
0.25609
0.25892
0.25894
0.25615
0.25054
0.24218
0.23113
0.21752
0.20148
0.18320
0.16289
0.14076
0.11709
0.09215
0.06623
0.03964
0.01269
-0.01430
-0.04100
-0.06712
-0.09233
-0.11634
-0.13886
-0.15962
-0.17838
-0.19491
-0.20898
-0.22044
-0.22912
-0.23491
-0.23770
-0.23745
-0.23414
-0.22776
-0.21839
-0.20611
-0.19105
-0.17338
-0.15330
-0.13107
-0.10696
-0.08130
-0.05443
-0.02672
0.00142
0.02959
0.05736
0.08431
0.11001
0.13406
0.15606
0.17567
0.19255
0.20644
0.21709
0.22433
0.22807
0.22824
0.22487
0.21804
0.20789
0.19465
0.17857
0.15998
0.13922
0.11668
0.09279
0.06797
0.04263
0.01722
-0.00786
-0.03224
-0.05556
-0.07751
-0.09780
-0.11622
-0.13258
-0.14673
-0.15861
-0.16815
-0.17533
-0.18019
-0.18277
-0.18315
-0.18141
-0.17765
-0.17199
-0.16452
-0.15536
-0.14462
-0.13238
-0.11875
-0.10381
-0.08767
-0.07042
-0.05217
-0.03302
-0.01311
0.00740
0.02834
0.04950
0.07066
0.09155
0.11187
0.13132
0.14954
0.16619
0.18090
0.19331
0.20305
0.20979
0.21322
0.21308
0.20912
0.20120
0.18923
0.17317
0.15310
0.12916
0.10157
0.07070
0.03691
0.00074
-0.03725
-0.07641
-0.11602
-0.15533
-0.19352
-0.22978
-0.26328
-0.29321
-0.31879
-0.33929
-0.35404
-0.36249
-0.36419
-0.35880
-0.34617
-0.32622
-0.29914
-0.26522
-0.22494
-0.17896
-0.12806
-0.07321
-0.01548
0.04397
0.10389
0.16299
0.21999
0.27361
0.32268
0.36608
0.40282
0.43215
0.45336
0.46606
0.47003
0.46521
0.45186
0.43032
0.40122
0.36529
0.32342
0.27664
0.22602
0.17270
0.11787
0.06266
0.00817
-0.04452
-0.09449
-0.14088
-0.18297
-0.22020
-0.25210
-0.27840
-0.29893
-0.31367
-0.32274
-0.32631
-0.32473
-0.31836
-0.30766
-0.29311
-0.27525
-0.25459
-0.23167
-0.20699
-0.18104
-0.15426
-0.12706
-0.09981
-0.07281
-0.04634
-0.02064
0.00412
0.02776
0.05016
0.07120
0.09078
0.10880
0.12517
0.13981
0.15262
0.16350
0.17236
0.17910
0.18363
0.18584
0.18568
0.18308
0.17801
0.17047
0.16048
0.14812
0.13348
0.11672
0.09803
0.07765
0.05585
0.03294
0.00925
-0.01484
-0.03896
-0.06271
-0.08570
-0.10755
-0.12788
-0.14634
-0.16261
-0.17639
-0.18745
-0.19558
-0.20063
-0.20251
-0.20116
-0.19662
-0.18893
-0.17821
-0.16463
-0.14839
-0.12975
-0.10899
-0.08642
-0.06238
-0.03722
-0.01131
0.01498
0.04125
0.06714
0.09228
0.11630
0.13887
0.15965
0.17835
0.19468
0.20841
0.21933
0.22726
0.23207
0.23366
0.23201
0.22711
0.21902
0.20784
0.19374
0.17692
0.15762
0.13614
0.11283
0.08802
0.06213
0.03555
0.00870
-0.01800
-0.04415
-0.06934
-0.09319
-0.11536
-0.13554
-0.15344
-0.16884
-0.18154
-0.19143
-0.19840
-0.20241
-0.20349
-0.20167
-0.19707
-0.18982
-0.18009
-0.16809
-0.15404
-0.13819
-0.12081
-0.10217
-0.08255
-0.06225
-0.04153
-0.02070
-0.00001
0.02027
0.03988
0.05858
0.07615
0.09238
0.10708
0.12008
0.13124
0.14042
0.14753
0.15248
0.15523
0.15574
0.15402
0.15009
0.14399
0.13582
0.12566
0.11363
0.09987
0.08453
0.06778
0.04979
0.03075
0.01085
-0.00971
-0.03073
-0.05199
-0.07330
-0.09442
-0.11514
-0.13520
-0.15439
-0.17243
-0.18906
-0.20401
-0.21698
-0.22769
-0.23585
-0.24115
-0.24331
-0.24208
-0.23720
-0.22849
-0.21578
-0.19899
-0.17811
-0.15318
-0.12437
-0.09193
-0.05622
-0.01770
0.02309
0.06546
0.10868
0.15193
0.19433
0.23497
0.27294
0.30730
0.33722
0.36190
0.38064
0.39289
0.39818
0.39630
0.38714
0.37079
0.34756
0.31784
0.28230
0.24168
0.19685
0.14881
0.09858
0.04725
-0.00407
-0.05432
-0.10249
-0.14759
-0.18882
-0.22539
-0.25671
-0.28231
-0.30181
-0.31508
-0.32201
-0.32272
-0.31740
-0.30637
-0.29007
-0.26898
-0.24369
-0.21485
-0.18311
-0.14917
-0.11373
-0.07749
-0.04112
-0.00527
0.02947
0.06250
0.09337
0.12159
0.14680
0.16869
0.18700
0.20158
0.21228
0.21909
0.22204
0.22118
0.21670
0.20876
0.19762
0.18358
0.16694
0.14808
0.12735
0.10515
0.08186
0.05787
0.03356
0.00930
-0.01459
-0.03778
-0.06001
-0.08102
-0.10061
-0.11861
-0.13487
-0.14929
-0.16180
-0.17234
-0.18089
-0.18742
-0.19195
-0.19448
-0.19502
-0.19361
-0.19026
-0.18500
-0.17787
-0.16891
-0.15815
-0.14565
-0.13149
-0.11575
-0.09853
-0.07998
-0.06025
-0.03954
-0.01808
0.00389
0.02607
0.04815
0.06979
0.09062
0.11029
0.12841
0.14463
0.15859
0.16997
0.17849
0.18391
0.18604
0.18477
0.18004
0.17188
0.16038
0.14571
0.12812
0.10789
0.08541
0.06108
0.03536
0.00874
-0.01828
-0.04520
-0.07152
-0.09674
-0.12042
-0.14212
-0.16146
-0.17811
-0.19179
-0.20227
-0.20938
-0.21302
-0.21312
-0.20971
-0.20284
-0.19263
-0.17924
-0.16287
-0.14379
-0.12228
-0.09867
-0.07331
-0.04657
-0.01886
0.00941
0.03783
0.06596
0.09339
0.11971
0.14452
0.16746
0.18818
0.20637
0.22179
0.23419
0.24342
0.24938
0.25200
0.25131
0.24736
0.24029
0.23029
0.21759
0.20249
0.18532
0.16646
0.14629
0.12524
0.10373
0.08219
0.06103
0.04065
0.02142
0.00368
-0.01227
-0.02619
-0.03788
-0.04718
-0.05402
-0.05834
-0.06019
-0.05963
-0.05679
-0.05184
-0.04500
-0.03652
-0.02669
-0.01581
-0.00421
0.00778
0.01982
0.03157
0.04271
0.05293
0.06195
0.06951
0.07538
0.07939
0.08137
0.08124
0.07895
0.07446
0.06784
0.05917
0.04856
0.03621
0.02231
0.00713
-0.00908
-0.02602
-0.04337
-0.06080
-0.07801
-0.09468
-0.11052
-0.12525
-0.13866
-0.15055
-0.16077
-0.16925
-0.17595
-0.18089
-0.18416
-0.18587
-0.18622
-0.18539
-0.18363
-0.18117
-0.17826
-0.17512
-0.17196
-0.16894
-0.16620
-0.16380
-0.16174
-0.16002
-0.15853
-0.15713
-0.15566
-0.15391
-0.15166
-0.14870
-0.14481
-0.13981
-0.13357
-0.12595
-0.11695
-0.10655
-0.09485
-0.08199
-0.06816
-0.05364
-0.03874
-0.02378
-0.00916
0.00475
0.01757
0.02892
0.03848
0.04595
0.05108
0.05371
0.05372
0.05108
0.04584
0.03811
0.02811
0.01608
0.00237
-0.01265
-0.02855
-0.04487
-0.06114
-0.07688
-0.09160
-0.10484
-0.11616
-0.12513
-0.13143
-0.13471
-0.13472
-0.13129
-0.12424
-0.11354
-0.09915
-0.08116
-0.05968
-0.03489
-0.00703
0.02361
0.05668
0.09179
0.12851
0.16639
0.20493
0.24362
0.28192
0.31932
0.35527
0.38926
0.42077
0.44933
0.47449
0.49588
0.51313
0.52600
0.53427
0.53782
0.53663
0.53073
0.52031
0.50558
0.48688
0.46464
0.43932
0.41151
0.38179
0.35082
0.31926
0.28778
0.25702
0.22763
0.20014
0.17508
0.15286
0.13380
0.11815
0.10598
0.09735
0.09212
0.09007
0.09093
0.09428
0.09966
0.10654
0.11435
0.12251
0.13043
0.13753
0.14327
0.14715
0.14871
0.14761
0.14352
0.13624
0.12562
0.11160
0.09419
0.07347
0.04958
0.02271
-0.00691
-0.03900
-0.07326
-0.10938
-0.14703
-0.18587
-0.22556
-0.26578
-0.30620
-0.34651
-0.38641
-0.42563
-0.46389
-0.50097
-0.53663
-0.57069
-0.60296
-0.63329
-0.66158
-0.68770
-0.71159
-0.73319
-0.75248
-0.76944
-0.78409
-0.79644
-0.80654
-0.81442
-0.82014
-0.82375
-0.82531
-0.82485
-0.82242
-0.81805
-0.81178
-0.80361
-0.79358
-0.78168
-0.76794
-0.75235
-0.73496
-0.71577
-0.69486
-0.67227
-0.64809
-0.62243
-0.59542
-0.56720
-0.53797
-0.50789
-0.47718
-0.44604
-0.41470
-0.38336
-0.35222
-0.32144
-0.29117
-0.26152
-0.23255
-0.20427
-0.17665
-0.14960
-0.12297
-0.09656
-0.07013
-0.04339
-0.01601
0.01236
0.04209
0.07355
0.10713
0.14316
0.18196
0.22384
0.26900
0.31762
0.36982
0.42559
0.48493
0.54766
0.61359
0.68243
0.75379
0.82726
0.90231
0.97840
1.05491
1.13120
1.20661
1.28047
1.35210
1.42085
1.48608
1.54718
1.60364
1.65495
1.70071
1.74056
1.77425
1.80162
1.82254
1.83704
1.84519
1.84712
1.84310
1.83337
1.81831
1.79829
1.77373
1.74506
1.71274
1.67718
1.63884
1.59808
1.55528
1.51075
1.46475
1.41751
1.36915
1.31977
1.26941
1.21801
1.16550
1.11172
1.05647
0.99951
0.94056
0.87932
0.81544
0.74858
0.67841
0.60457
0.52675
0.44466
0.35803
0.26665
0.17037
0.06907
-0.03724
-0.14855
-0.26471
-0.38553
-0.51071
-0.63988
-0.77262
-0.90840
-1.04665
-1.18674
-1.32802
-1.46977
-1.61129
-1.75184
-1.89072
-2.02723
-2.16070
-2.29051
-2.41606
-2.53685
-2.65242
-2.76235
-2.86634
-2.96411
-3.05548
-3.14031
-3.21853
-3.29013
-3.35513
-3.41360
-3.46565
-3.51140
-3.55099
-3.58457
-3.61227
-3.63422
-3.65055
-3.66132
-3.66659
-3.66635
-3.66058
-3.64918
-3.63202
-3.60892
-3.57964
-3.54391
-3.50142
-3.45183
-3.39476
-3.32986
-3.25672
-3.17498
-3.08428
-2.98429
-2.87474
-2.75538
-2.62602
-2.48655
-2.33690
-2.17710
-2.00720
-1.82735
-1.63775
-1.43863
-1.23030
-1.01307
-0.78730
-0.55334
-0.31157
-0.06234
0.19399
0.45709
0.72663
1.00231
1.28386
1.57100
1.86346
2.16096
2.46319
2.76984
3.08051
3.39472
3.71196
4.03154
4.35269
4.67453
4.99597
5.31587
5.63275
5.94505
6.25119
6.54959
