-0.00970
-0.00607
0.00149
0.00848
0.01203
0.01227
0.01131
0.00941
0.00555
-0.00118
-0.01057
-0.02146
-0.03352
-0.04682
-0.06134
-0.07659
-0.09174
-0.10641
-0.12032
-0.13319
-0.14463
-0.15421
-0.16174
-0.16710
-0.17021
-0.17104
-0.16963
-0.16613
-0.16074
-0.15367
-0.14524
-0.13576
-0.12549
-0.11493
-0.10421
-0.09373
-0.08379
-0.07438
-0.06600
-0.05842
-0.05181
-0.04621
-0.04121
-0.03708
-0.03320
-0.02952
-0.02582
-0.02147
-0.01658
-0.01053
-0.00314
0.00567
0.01639
0.02882
0.04312
0.05938
0.07716
0.09654
0.11703
0.13814
0.15974
0.18086
0.20124
0.22013
0.23675
0.25086
0.26144
0.26831
0.27089
0.26872
0.26186
0.24993
0.23321
0.21179
0.18600
0.15638
0.12352
0.08805
0.05088
0.01279
-0.02535
-0.06244
-0.09798
-0.13070
-0.16013
-0.18545
-0.20593
-0.22154
-0.23138
-0.23578
-0.23433
-0.22720
-0.21482
-0.19714
-0.17516
-0.14896
-0.11953
-0.08748
-0.05356
-0.01878
0.01627
0.05053
0.08343
0.11396
0.14172
0.16583
0.18589
0.20153
0.21215
0.21808
0.21864
0.21432
0.20503
0.19095
0.17284
0.15055
0.12519
0.09691
0.06644
0.03460
0.00175
-0.03113
-0.06362
-0.09505
-0.12483
-0.15243
-0.17754
-0.19959
-0.21842
-0.23378
-0.24532
-0.25343
-0.25754
-0.25812
-0.25510
-0.24849
-0.23899
-0.22621
-0.21094
-0.19319
-0.17320
-0.15164
-0.12837
-0.10407
-0.07889
-0.05306
-0.02709
-0.00108
0.02464
0.04969
0.07401
0.09718
0.11890
0.13929
0.15763
0.17411
0.18832
0.19997
0.20937
0.21577
0.21958
0.22043
0.21826
0.21346
0.20554
0.19510
0.18200
0.16643
0.14889
0.12931
0.10833
0.08612
0.06301
0.03954
0.01595
-0.00735
-0.02992
-0.05160
-0.07191
-0.09062
-0.10770
-0.12262
-0.13558
-0.14627
-0.15460
-0.16090
-0.16468
-0.16647
-0.16605
-0.16350
-0.15929
-0.15300
-0.14529
-0.13594
-0.12508
-0.11313
-0.09977
-0.08553
-0.07027
-0.05407
-0.03725
-0.01967
-0.00162
0.01679
0.03554
0.05430
0.07295
0.09144
0.10925
0.12645
0.14260
0.15736
0.17084
0.18225
0.19179
0.19897
0.20348
0.20554
0.20442
0.20057
0.19360
0.18347
0.17055
0.15452
0.13598
0.11488
0.09151
0.06635
0.03958
0.01172
-0.01680
-0.04564
-0.07423
-0.10206
-0.12895
-0.15406
-0.17732
-0.19815
-0.21604
-0.23114
-0.24253
-0.25056
-0.25468
-0.25471
-0.25100
-0.24291
-0.23112
-0.21531
-0.19571
-0.17278
-0.14648
-0.11753
-0.08610
-0.05275
-0.01802
0.01747
0.05330
0.08856
0.12279
0.15529
0.18517
0.21234
0.23554
0.25476
0.26925
0.27847
0.28266
0.28090
0.27379
0.26091
0.24251
0.21915
0.19076
0.15846
0.12242
0.08356
0.04273
0.00065
-0.04164
-0.08331
-0.12347
-0.16128
-0.19581
-0.22668
-0.25287
-0.27425
-0.29027
-0.30057
-0.30560
-0.30468
-0.29868
-0.28748
-0.27145
-0.25162
-0.22775
-0.20129
-0.17231
-0.14151
-0.10988
-0.07739
-0.04520
-0.01335
0.01781
0.04768
0.07639
0.10365
0.12929
0.15359
0.17627
0.19738
0.21737
0.23556
0.25259
0.26802
0.28156
0.29380
0.30344
0.31114
0.31603
0.31757
0.31617
0.31038
0.30081
0.28661
0.26741
0.24364
0.21454
0.18077
0.14228
0.09926
0.05251
0.00248
-0.05022
-0.10436
-0.15938
-0.21402
-0.26698
-0.31788
-0.36466
-0.40702
-0.44356
-0.47310
-0.49570
-0.50953
-0.51513
-0.51151
-0.49849
-0.47676
-0.44560
-0.40651
-0.35940
-0.30527
-0.24539
-0.18044
-0.11221
-0.04169
0.02965
0.10029
0.16884
0.23414
0.29456
0.34937
0.39726
0.43738
0.46963
0.49271
0.50737
0.51285
0.50951
0.49821
0.47853
0.45235
0.41945
0.38113
0.33860
0.29211
0.24367
0.19342
0.14260
0.09226
0.04281
-0.00463
-0.04963
-0.09183
-0.13049
-0.16552
-0.19688
-0.22392
-0.24733
-0.26649
-0.28169
-0.29349
-0.30112
-0.30586
-0.30697
-0.30491
-0.30023
-0.29217
-0.28198
-0.26885
-0.25316
-0.23524
-0.21458
-0.19196
-0.16695
-0.13976
-0.11072
-0.07982
-0.04731
-0.01367
0.02103
0.05618
0.09114
0.12601
0.15932
0.19121
0.22060
0.24661
0.26940
0.28717
0.30038
0.30782
0.30899
0.30417
0.29216
0.27386
0.24860
0.21676
0.17890
0.13518
0.08666
0.03390
-0.02204
-0.08021
-0.13912
-0.19811
-0.25531
-0.30975
-0.36022
-0.40489
-0.44369
-0.47437
-0.49688
-0.51011
-0.51311
-0.50648
-0.48883
-0.46135
-0.42363
-0.37624
-0.32042
-0.25643
-0.18620
-0.11053
-0.03110
0.05044
0.13245
0.21331
0.29113
0.36445
0.43167
0.49111
0.54228
0.58322
0.61397
0.63353
0.64150
0.63870
0.62422
0.59975
0.56516
0.52161
0.47065
0.41265
0.34999
0.28324
0.21413
0.14423
0.07451
0.00667
-0.05833
-0.11953
-0.17576
-0.22638
-0.27112
-0.30892
-0.34026
-0.36444
-0.38163
-0.39262
-0.39660
-0.39518
-0.38786
-0.37548
-0.35908
-0.33824
-0.31474
-0.28819
-0.25951
-0.22946
-0.19791
-0.16603
-0.13369
-0.10139
-0.06958
-0.03837
-0.00805
0.02098
0.04880
0.07494
0.09917
0.12177
0.14181
0.15980
0.17508
0.18747
0.19733
0.20366
0.20718
0.20719
0.20374
0.19718
0.18691
0.17373
0.15728
0.13794
0.11616
0.09196
0.06612
0.03882
0.01062
-0.01791
-0.04628
-0.07403
-0.10049
-0.12534
-0.14803
-0.16805
-0.18543
-0.19939
-0.21014
-0.21731
-0.22075
-0.22089
-0.21719
-0.21035
-0.20021
-0.18697
-0.17126
-0.15285
-0.13260
-0.11048
-0.08686
-0.06233
-0.03686
-0.01114
0.01471
0.04042
0.06551
0.08985
0.11320
0.13513
0.15567
0.17439
0.19110
0.20592
0.21819
0.22827
0.23571
0.24039
0.24263
0.24176
0.23840
0.23215
0.22303
0.21152
0.19713
0.18061
0.16176
0.14075
0.11814
0.09375
0.06824
0.04171
0.01437
-0.01323
-0.04097
-0.06855
-0.09545
-0.12169
-0.14669
-0.17019
-0.19225
-0.21201
-0.22983
-0.24504
-0.25737
-0.26708
-0.27321
-0.27635
-0.27578
-0.27140
-0.26352
-0.25140
-0.23576
-0.21612
-0.19267
-0.16580
-0.13541
-0.10217
-0.06630
-0.02825
0.01131
0.05173
0.09255
0.13264
0.17161
0.20843
0.24219
0.27265
0.29835
0.31935
0.33465
0.34380
0.34694
0.34315
0.33327
0.31676
0.29412
0.26597
0.23240
0.19474
0.15322
0.10895
0.06284
0.01575
-0.03127
-0.07731
-0.12151
-0.16298
-0.20087
-0.23484
-0.26383
-0.28788
-0.30630
-0.31888
-0.32594
-0.32677
-0.32231
-0.31214
-0.29678
-0.27687
-0.25230
-0.22437
-0.19297
-0.15901
-0.12316
-0.08580
-0.04795
-0.00994
0.02749
0.06375
0.09823
0.13060
0.16005
0.18649
0.20929
0.22810
0.24309
0.25339
0.25959
0.26114
0.25817
0.25113
0.23956
0.22446
0.20554
0.18340
0.15861
0.13126
0.10235
0.07200
0.04092
0.00966
-0.02128
-0.05141
-0.08014
-0.10714
-0.13193
-0.15400
-0.17346
-0.18949
-0.20238
-0.21167
-0.21721
-0.21941
-0.21762
-0.21254
-0.20383
-0.19170
-0.17666
-0.15841
-0.13779
-0.11468
-0.08954
-0.06283
-0.03476
-0.00590
0.02339
0.05268
0.08149
0.10925
0.13582
0.16033
0.18265
0.20225
0.21855
0.23174
0.24087
0.24624
0.24740
0.24416
0.23694
0.22522
0.20969
0.19022
0.16718
0.14115
0.11229
0.08141
0.04889
0.01539
-0.01845
-0.05193
-0.08457
-0.11554
-0.14438
-0.17051
-0.19324
-0.21258
-0.22764
-0.23855
-0.24490
-0.24652
-0.24377
-0.23622
-0.22454
-0.20863
-0.18897
-0.16608
-0.14023
-0.11226
-0.08249
-0.05178
-0.02064
0.01012
0.03996
0.06813
0.09400
0.11711
0.13667
0.15269
0.16435
0.17169
0.17442
0.17241
0.16607
0.15512
0.14028
0.12164
0.09983
0.07551
0.04914
0.02171
-0.00632
-0.03395
-0.06058
-0.08541
-0.10777
-0.12712
-0.14287
-0.15474
-0.16228
-0.16564
-0.16452
-0.15923
-0.15000
-0.13702
-0.12119
-0.10259
-0.08217
-0.06043
-0.03795
-0.01569
0.00616
0.02675
0.04576
0.06291
0.07773
0.09031
0.10050
0.10834
0.11413
0.11794
0.12011
0.12113
0.12107
0.12052
0.11969
0.11871
0.11826
0.11796
0.11821
0.11898
0.11990
0.12138
0.12264
0.12369
0.12427
0.12368
0.12212
0.11879
0.11356
0.10628
0.09641
0.08421
0.06935
0.05187
0.03206
0.00987
-0.01424
-0.03989
-0.06690
-0.09443
-0.12217
-0.14954
-0.17565
-0.20049
-0.22288
-0.24256
-0.25903
-0.27148
-0.28014
-0.28405
-0.28335
-0.27783
-0.26720
-0.25203
-0.23196
-0.20762
-0.17923
-0.14719
-0.11225
-0.07484
-0.03575
0.00430
0.04460
0.08434
0.12265
0.15906
0.19252
0.22262
0.24871
0.27006
0.28687
0.29815
0.30423
0.30482
0.29986
0.29003
0.27495
0.25560
0.23209
0.20502
0.17530
0.14316
0.10974
0.07546
0.04109
0.00743
-0.02506
-0.05567
-0.08387
-0.10937
-0.13163
-0.15047
-0.16589
-0.17748
-0.18567
-0.19022
-0.19146
-0.18987
-0.18531
-0.17869
-0.16996
-0.15973
-0.14860
-0.13659
-0.12458
-0.11258
-0.10103
-0.09036
-0.08049
-0.07189
-0.06447
-0.05817
-0.05322
-0.04920
-0.04614
-0.04381
-0.04173
-0.03994
-0.03786
-0.03526
-0.03197
-0.02741
-0.02166
-0.01435
-0.00529
0.00531
0.01776
0.03168
0.04695
0.06344
0.08048
0.09797
0.11520
0.13164
0.14694
0.16025
0.17132
0.17950
0.18436
0.18570
0.18313
0.17668
0.16628
0.15211
0.13442
0.11370
0.09034
0.06506
0.03853
0.01142
-0.01528
-0.04108
-0.06494
-0.08632
-0.10452
-0.11890
-0.12923
-0.13496
-0.13615
-0.13257
-0.12447
-0.11206
-0.09568
-0.07601
-0.05341
-0.02886
-0.00284
0.02363
0.04986
0.07508
0.09834
0.11924
0.13678
0.15082
0.16065
0.16605
0.16691
0.16296
0.15461
0.14169
0.12477
0.10411
0.08019
0.05370
0.02508
-0.00482
-0.03549
-0.06613
-0.09616
-0.12481
-0.15163
-0.17593
-0.19722
-0.21521
-0.22922
-0.23949
-0.24533
-0.24689
-0.24413
-0.23686
-0.22571
-0.21036
-0.19146
-0.16918
-0.14388
-0.11623
-0.08647
-0.05532
-0.02324
0.00916
0.04135
0.07262
0.10263
0.13060
0.15613
0.17882
0.19792
0.21367
0.22517
0.23254
0.23562
0.23403
0.22846
0.21833
0.20430
0.18647
0.16509
0.14093
0.11407
0.08534
0.05513
0.02407
-0.00722
-0.03814
-0.06817
-0.09667
-0.12309
-0.14713
-0.16800
-0.18584
-0.19986
-0.21002
-0.21626
-0.21804
-0.21612
-0.20977
-0.19953
-0.18554
-0.16779
-0.14715
-0.12342
-0.09738
-0.06936
-0.03980
-0.00940
0.02149
0.05223
0.08231
0.11119
0.13846
0.16343
0.18599
0.20546
0.22160
0.23430
0.24291
0.24798
0.24878
0.24562
0.23864
0.22754
0.21329
0.19542
0.17462
0.15124
0.12540
0.09804
0.06914
0.03938
0.00925
-0.02100
-0.05070
-0.07955
-0.10727
-0.13330
-0.15751
-0.17965
-0.19924
-0.21659
-0.23104
-0.24275
-0.25172
-0.25743
-0.26070
-0.26069
-0.25782
-0.25219
-0.24334
-0.23217
-0.21796
-0.20116
-0.18190
-0.15996
-0.13598
-0.10972
-0.08149
-0.05164
-0.02024
0.01228
0.04547
0.07923
0.11275
0.14569
0.17766
0.20763
0.23575
0.26074
0.28232
0.30008
0.31293
0.32140
0.32419
0.32150
0.31316
0.29877
0.27908
0.25369
0.22334
0.18842
0.14950
0.10745
0.06301
0.01709
-0.02933
-0.07519
-0.11974
-0.16161
-0.20037
-0.23478
-0.26415
-0.28810
-0.30551
-0.31685
-0.32106
-0.31847
-0.30914
-0.29287
-0.27083
-0.24268
-0.20959
-0.17206
-0.13091
-0.08728
-0.04185
0.00413
0.04987
0.09415
0.13627
0.17502
0.20987
0.23990
0.26442
0.28327
0.29551
0.30167
0.30101
0.29387
0.28060
0.26105
0.23653
0.20681
0.17304
0.13587
0.09597
0.05461
0.01225
-0.02994
-0.07125
-0.11077
-0.14785
-0.18163
-0.21173
-0.23750
-0.25847
-0.27470
-0.28544
-0.29128
-0.29169
-0.28696
-0.27752
-0.26308
-0.24479
-0.22232
-0.19648
-0.16778
-0.13644
-0.10352
-0.06911
-0.03400
0.00127
0.03616
0.07016
0.10260
0.13316
0.16125
0.18633
0.20840
0.22655
0.24107
0.25130
0.25715
0.25886
0.25577
0.24869
0.23711
0.22147
0.20218
0.17915
0.15336
0.12477
0.09410
0.06188
0.02862
-0.00501
-0.03843
-0.07108
-0.10235
-0.13154
-0.15849
-0.18224
-0.20277
-0.21949
-0.23198
-0.24050
-0.24421
-0.24372
-0.23855
-0.22886
-0.21513
-0.19703
-0.17551
-0.15045
-0.12245
-0.09208
-0.05966
-0.02601
0.00846
0.04307
0.07722
0.11018
0.14163
0.17064
0.19692
0.21989
0.23890
0.25411
0.26454
0.27053
0.27162
0.26767
0.25920
0.24568
0.22798
0.20596
0.18010
0.15109
0.11908
0.08506
0.04936
0.01272
-0.02416
-0.06064
-0.09615
-0.12990
-0.16148
-0.19027
-0.21563
-0.23763
-0.25532
-0.26893
-0.27803
-0.28236
-0.28246
-0.27763
-0.26868
-0.25535
-0.23793
-0.21711
-0.19266
-0.16559
-0.13594
-0.10428
-0.07126
-0.03717
-0.00273
0.03159
0.06534
0.09790
0.12873
0.15766
0.18382
0.20720
0.22724
0.24352
0.25631
0.26474
0.26932
0.26962
0.26563
0.25792
0.24596
0.23065
0.21184
0.18991
0.16557
0.13876
0.11042
0.08073
0.05017
0.01942
-0.01127
-0.04135
-0.07036
-0.09809
-0.12402
-0.14786
-0.16965
-0.18871
-0.20533
-0.21912
-0.22990
-0.23812
-0.24305
-0.24534
-0.24462
-0.24086
-0.23461
-0.22522
-0.21346
-0.19898
-0.18190
-0.16268
-0.14099
-0.11746
-0.09204
-0.06494
-0.03664
-0.00728
0.02276
0.05297
0.08313
0.11262
0.14095
0.16796
0.19268
0.21512
0.23456
0.25054
0.26316
0.27151
0.27599
0.27608
0.27176
0.26346
0.25073
0.23445
0.21448
0.19128
0.16557
0.13740
0.10781
0.07700
0.04556
0.01424
-0.01671
-0.04660
-0.07504
-0.10182
-0.12638
-0.14860
-0.16842
-0.18539
-0.19991
-0.21158
-0.22056
-0.22722
-0.23109
-0.23299
-0.23252
-0.22992
-0.22567
-0.21920
-0.21139
-0.20170
-0.19028
-0.17745
-0.16264
-0.14646
-0.12847
-0.10865
-0.08728
-0.06406
-0.03925
-0.01299
0.01478
0.04355
0.07310
0.10329
0.13322
0.16289
0.19139
0.21814
0.24290
0.26440
0.28273
0.29681
0.30620
0.31077
0.30962
0.30319
0.29087
0.27291
0.24960
0.22106
0.18813
0.15119
0.11115
0.06884
0.02528
-0.01864
-0.06172
-0.10309
-0.14168
-0.17650
-0.20701
-0.23212
-0.25168
-0.26497
-0.27189
-0.27248
-0.26654
-0.25486
-0.23735
-0.21499
-0.18828
-0.15801
-0.12538
-0.09090
-0.05595
-0.02120
0.01221
0.04344
0.07172
0.09623
0.11647
0.13184
0.14220
0.14717
0.14695
0.14146
0.13113
0.11641
0.09765
0.07589
0.05146
0.02552
-0.00125
-0.02799
-0.05362
-0.07763
-0.09898
-0.11722
-0.13170
-0.14200
-0.14790
-0.14922
-0.14605
-0.13848
-0.12702
-0.11188
-0.09386
-0.07345
-0.05138
-0.02856
-0.00544
0.01695
0.03818
0.05762
0.07467
0.08918
0.10073
0.10929
0.11496
0.11773
0.11796
0.11602
0.11216
0.10702
0.10092
0.09430
0.08787
0.08164
0.07621
0.07172
0.06820
0.06609
0.06495
0.06491
0.06578
0.06706
0.06885
0.07043
0.07159
0.07205
0.07117
0.06899
0.06498
0.05898
0.05100
0.04069
0.02836
0.01395
-0.00241
-0.02029
-0.03957
-0.05978
-0.08044
-0.10135
-0.12175
-0.14136
-0.15971
-0.17615
-0.19069
-0.20251
-0.21158
-0.21759
-0.22008
-0.21942
-0.21497
-0.20716
-0.19585
-0.18104
-0.16327
-0.14235
-0.11893
-0.09316
-0.06536
-0.03615
-0.00577
0.02521
0.05628
0.08707
0.11699
0.14548
0.17238
0.19681
0.21870
0.23751
0.25275
0.26462
0.27226
0.27606
0.27561
0.27082
0.26219
0.24921
0.23270
0.21253
0.18905
0.16295
0.13422
0.10379
0.07190
0.03906
0.00599
-0.02698
-0.05925
-0.09028
-0.11981
-0.14723
-0.17222
-0.19475
-0.21409
-0.23055
-0.24366
-0.25333
-0.25995
-0.26286
-0.26282
-0.25943
-0.25286
-0.24365
-0.23131
-0.21674
-0.19962
-0.18024
-0.15908
-0.13593
-0.11145
-0.08562
-0.05866
-0.03103
-0.00283
0.02566
0.05394
0.08198
0.10920
0.13524
0.16008
0.18279
0.20354
0.22160
0.23658
0.24862
0.25672
0.26134
0.26179
0.25802
0.25031
0.23811
0.22218
0.20223
0.17867
0.15202
0.12243
0.09070
0.05719
0.02253
-0.01261
-0.04756
-0.08186
-0.11458
-0.14538
-0.17357
-0.19848
-0.22011
-0.23746
-0.25078
-0.25947
-0.26334
-0.26279
-0.25713
-0.24721
-0.23266
-0.21389
-0.19147
-0.16533
-0.13650
-0.10504
-0.07166
-0.03700
-0.00153
0.03402
0.06906
0.10305
0.13535
0.16531
0.19274
0.21673
0.23726
0.25378
0.26590
0.27393
0.27703
0.27588
0.27006
0.25972
0.24547
0.22695
0.20521
0.18012
0.15225
0.12230
0.09041
0.05750
0.02383
-0.01003
-0.04347
-0.07605
-0.10742
-0.13689
-0.16433
-0.18923
-0.21115
-0.23028
-0.24574
-0.25795
-0.26638
-0.27088
-0.27190
-0.26868
-0.26200
-0.25142
-0.23714
-0.21965
-0.19864
-0.17494
-0.14845
-0.11962
-0.08898
-0.05676
-0.02358
0.01008
0.04381
0.07695
0.10890
0.13945
0.16759
0.19323
0.21568
0.23440
0.24952
0.26005
0.26641
0.26806
0.26495
0.25754
0.24533
0.22922
0.20904
0.18531
0.15870
0.12934
0.09824
0.06568
0.03235
-0.00107
-0.03406
-0.06606
-0.09644
-0.12486
-0.15080
-0.17380
-0.19394
-0.21046
-0.22367
-0.23318
-0.23887
-0.24125
-0.23965
-0.23488
-0.22661
-0.21504
-0.20077
-0.18338
-0.16377
-0.14175
-0.11766
-0.09199
-0.06472
-0.03647
-0.00740
0.02217
0.05178
0.08104
0.10979
0.13726
0.16335
0.18750
0.20911
0.22834
0.24409
0.25661
0.26526
0.26967
0.27018
0.26594
0.25757
0.24469
0.22742
0.20632
0.18120
0.15292
0.12162
0.08790
0.05244
0.01575
-0.02146
-0.05846
-0.09469
-0.12942
-0.16189
-0.19189
-0.21838
-0.24132
-0.26007
-0.27421
-0.28398
-0.28860
-0.28861
-0.28366
-0.27391
-0.25992
-0.24144
-0.21944
-0.19392
-0.16552
-0.13491
-0.10243
-0.06899
-0.03500
-0.00116
0.03187
0.06351
0.09329
0.12050
0.14490
0.16593
0.18327
0.19697
0.20644
0.21209
0.21362
0.21126
0.20546
0.19604
0.18394
0.16910
0.15218
0.13377
0.11406
0.09395
0.07356
0.05348
0.03413
0.01573
-0.00135
-0.01694
-0.03097
-0.04329
-0.05384
-0.06294
-0.07028
-0.07630
-0.08094
-0.08423
-0.08667
-0.08782
-0.08819
-0.08753
-0.08580
-0.08326
-0.07939
-0.07449
-0.06819
-0.06045
-0.05125
-0.04043
-0.02802
-0.01405
0.00134
0.01812
0.03570
0.05427
0.07298
0.09148
0.10947
0.12584
0.14082
0.15307
0.16235
0.16820
0.16969
0.16711
0.15951
0.14703
0.12955
0.10698
0.07976
0.04808
0.01247
-0.02643
-0.06778
-0.11097
-0.15460
-0.19818
-0.24023
-0.27964
-0.31576
-0.34670
-0.37260
-0.39164
-0.40336
-0.40739
-0.40260
-0.38974
-0.36785
-0.33756
-0.29920
-0.25307
-0.20047
-0.14193
-0.07887
-0.01248
0.05580
0.12454
0.19207
0.25716
0.31808
0.37354
0.42250
0.46334
0.49606
0.51913
0.53256
0.53618
0.52947
0.51384
0.48859
0.45522
0.41432
0.36667
0.31417
0.25717
0.19759
0.13640
0.07481
0.01432
-0.04424
-0.09973
-0.15118
-0.19802
-0.23951
-0.27506
-0.30489
-0.32813
-0.34536
-0.35643
-0.36128
-0.36123
-0.35547
-0.34538
-0.33106
-0.31288
-0.29221
-0.26859
-0.24334
-0.21658
-0.18875
-0.16070
-0.13233
-0.10434
-0.07693
-0.05028
-0.02478
-0.00060
0.02230
0.04341
0.06293
0.08061
0.09618
0.11012
0.12165
0.13125
0.13864
0.14361
0.14680
0.14743
0.14610
0.14259
0.13695
0.12965
0.12037
0.10966
0.09750
0.08416
0.06998
0.05510
0.03989
0.02456
0.00946
-0.00524
-0.01910
-0.03211
-0.04383
-0.05411
-0.06292
-0.06975
-0.07503
-0.07817
-0.07933
-0.07857
-0.07551
-0.07079
-0.06388
-0.05515
-0.04466
-0.03233
-0.01864
-0.00341
0.01302
0.03053
0.04889
0.06792
0.08726
0.10679
0.12612
0.14481
0.16287
0.17938
0.19457
0.20762
0.21807
0.22600
0.23020
0.23130
0.22822
0.22082
0.20922
0.19265
0.17181
0.14617
0.11603
0.08178
0.04360
0.00210
-0.04207
-0.08839
-0.13588
-0.18358
-0.23093
-0.27628
-0.31931
-0.35853
-0.39287
-0.42195
-0.44398
-0.45931
-0.46645
-0.46514
-0.45543
-0.43644
-0.40932
-0.37347
-0.32976
-0.27894
-0.22166
-0.15933
-0.09293
-0.02389
0.04637
0.11624
0.18448
0.24916
0.30936
0.36337
0.41000
0.44868
0.47777
0.49773
0.50727
0.50665
0.49619
0.47552
0.44645
0.40855
0.36347
0.31219
0.25561
0.19577
0.13325
0.06990
0.00685
-0.05460
-0.11322
-0.16790
-0.21785
-0.26209
-0.29997
-0.33133
-0.35522
-0.37230
-0.38181
-0.38419
-0.37993
-0.36862
-0.35192
-0.32921
-0.30173
-0.27007
-0.23445
-0.19649
-0.15600
-0.11420
-0.07165
-0.02897
0.01300
0.05374
0.09266
0.12913
0.16256
0.19278
0.21886
0.24102
0.25846
0.27107
0.27900
0.28149
0.27938
0.27201
0.25986
0.24328
0.22215
0.19759
0.16942
0.13856
0.10551
0.07088
0.03551
-0.00005
-0.03500
-0.06874
-0.10040
-0.12972
-0.15571
-0.17820
-0.19661
-0.21046
-0.21995
-0.22430
-0.22409
-0.21888
-0.20892
-0.19469
-0.17602
-0.15389
-0.12825
-0.09989
-0.06936
-0.03716
-0.00417
0.02919
0.06207
0.09394
0.12398
0.15186
0.17673
0.19826
0.21600
0.22938
0.23859
0.24290
0.24269
0.23770
0.22801
0.21420
0.19602
0.17441
0.14945
0.12175
0.09205
0.06067
0.02857
-0.00385
-0.03589
-0.06690
-0.09637
-0.12381
-0.14864
-0.17065
-0.18939
-0.20460
-0.21642
-0.22435
-0.22882
-0.22962
-0.22694
-0.22128
-0.21243
-0.20120
-0.18755
-0.17195
-0.15498
-0.13663
-0.11770
-0.09825
-0.07867
-0.05944
-0.04057
-0.02253
-0.00544
0.01066
0.02542
0.03895
0.05120
0.06199
0.07167
0.07999
0.08717
0.09345
0.09861
0.10320
0.10698
0.11018
0.11310
0.11542
0.11765
0.11948
0.12093
0.12223
0.12284
0.12310
0.12256
0.12100
0.11848
0.11443
0.10893
0.10164
0.09230
0.08096
0.06742
0.05166
0.03391
0.01415
-0.00724
-0.02981
-0.05346
-0.07721
-0.10084
-0.12356
-0.14454
-0.16358
-0.17945
-0.19206
-0.20061
-0.20458
-0.20397
-0.19812
-0.18742
-0.17162
-0.15102
-0.12603
-0.09705
-0.06482
-0.02995
0.00665
0.04423
0.08164
0.11827
0.15289
0.18477
0.21313
0.23694
0.25610
0.26952
0.27729
0.27896
0.27434
0.26395
0.24742
0.22570
0.19886
0.16762
0.13280
0.09489
0.05506
0.01385
-0.02772
-0.06888
-0.10870
-0.14659
-0.18162
-0.21327
-0.24099
-0.26403
-0.28258
-0.29568
-0.30368
-0.30622
-0.30319
-0.29523
-0.28180
-0.26388
-0.24137
-0.21475
-0.18480
-0.15161
-0.11625
-0.07899
-0.04059
-0.00175
0.03691
0.07477
0.11107
0.14532
0.17690
0.20508
0.22992
0.25035
0.26654
0.27799
0.28437
0.28620
0.28269
0.27463
0.26180
0.24447
0.22341
0.19845
0.17068
0.14025
0.10785
0.07426
0.03985
0.00549
-0.02831
-0.06099
-0.09193
-0.12060
-0.14680
-0.16981
-0.18964
-0.20591
-0.21834
-0.22736
-0.23231
-0.23380
-0.23166
-0.22598
-0.21749
-0.20574
-0.19166
-0.17516
-0.15657
-0.13657
-0.11495
-0.09253
-0.06933
-0.04561
-0.02191
0.00179
0.02508
0.04772
0.06966
0.09050
0.11011
0.12853
0.14524
0.16045
0.17381
0.18515
0.19479
0.20203
0.20736
0.21042
0.21108
0.20984
0.20601
0.20023
0.19223
0.18191
0.16990
0.15558
0.13967
0.12198
0.10246
0.08170
0.05930
0.03581
0.01122
-0.01450
-0.04085
-0.06790
-0.09547
-0.12309
-0.15088
-0.17830
-0.20497
-0.23107
-0.25549
-0.27847
-0.29925
-0.31716
-0.33247
-0.34372
-0.35133
-0.35437
-0.35225
-0.34533
-0.33240
-0.31415
-0.28996
-0.25982
-0.22432
-0.18324
-0.13746
-0.08739
-0.03365
0.02268
0.08068
0.13949
0.19754
0.25405
0.30758
0.35677
0.40110
0.43868
0.46940
0.49198
0.50580
0.51106
0.50668
0.49373
0.47172
0.44136
0.40361
0.35872
0.30852
0.25345
0.19500
0.13448
0.07294
0.01189
-0.04762
-0.10454
-0.15771
-0.20627
-0.24976
-0.28705
-0.31833
-0.34280
-0.36041
-0.37163
-0.37571
-0.37394
-0.36577
-0.35199
-0.33335
-0.30966
-0.28255
-0.25168
-0.21816
-0.18261
-0.14530
-0.10740
-0.06901
-0.03091
0.00638
0.04233
0.07663
0.10852
0.13793
0.16424
0.18703
0.20652
0.22170
0.23311
0.24008
0.24258
0.24105
0.23473
0.22463
0.21022
0.19198
0.17044
0.14547
0.11814
0.08842
0.05703
0.02456
-0.00852
-0.04154
-0.07394
-0.10519
-0.13474
-0.16191
-0.18666
-0.20805
-0.22613
-0.24043
-0.25055
-0.25687
-0.25859
-0.25631
-0.24970
-0.23883
-0.22429
-0.20568
-0.18392
-0.15891
-0.13110
-0.10111
-0.06909
-0.03582
-0.00164
0.03293
0.06728
0.10083
0.13327
0.16375
0.19203
0.21752
0.23958
0.25838
0.27287
0.28334
0.28927
0.29040
0.28722
0.27898
0.26648
0.24945
0.22818
0.20332
0.17481
0.14357
0.10982
0.07419
0.03738
-0.00008
-0.03758
-0.07435
-0.10992
-0.14364
-0.17472
-0.20321
-0.22795
-0.24903
-0.26590
-0.27801
-0.28588
-0.28847
-0.28645
-0.27942
-0.26737
-0.25101
-0.22984
-0.20483
-0.17592
-0.14361
-0.10860
-0.07114
-0.03208
0.00808
0.04868
0.08901
0.12825
0.16605
0.20132
0.23367
0.26244
0.28677
0.30686
0.32147
0.33089
0.33462
0.33234
0.32470
0.31100
0.29216
0.26811
0.23930
0.20666
0.17027
0.13136
0.09037
0.04812
0.00560
-0.03661
-0.07759
-0.11661
-0.15313
-0.18638
-0.21587
-0.24147
-0.26241
-0.27895
-0.29068
-0.29763
-0.30031
-0.29830
-0.29252
-0.28286
-0.26983
-0.25422
-0.23592
-0.21605
-0.19465
-0.17227
-0.14964
-0.12668
-0.10423
-0.08231
-0.06108
-0.04106
-0.02198
-0.00411
0.01252
0.02826
0.04281
0.05655
0.06970
0.08207
0.09430
0.10608
0.11768
0.12943
0.14079
0.15234
0.16354
0.17428
0.18472
0.19396
0.20229
0.20896
0.21358
0.21608
0.21559
0.21224
0.20545
0.19497
0.18086
0.16289
0.14126
0.11621
0.08798
0.05712
0.02431
-0.01007
-0.04483
-0.07944
-0.11291
-0.14418
-0.17285
-0.19754
-0.21799
-0.23332
-0.24296
-0.24689
-0.24444
-0.23608
-0.22154
-0.20133
-0.17591
-0.14578
-0.11192
-0.07493
-0.03603
0.00402
0.04391
0.08283
0.11959
0.15320
0.18295
0.20768
0.22727
0.24069
0.24791
0.24863
0.24270
0.23065
0.21232
0.18867
0.15992
0.12700
0.09075
0.05191
0.01171
-0.02918
-0.06951
-0.10857
-0.14524
-0.17892
-0.20871
-0.23398
-0.25437
-0.26910
-0.27853
-0.28189
-0.27955
-0.27153
-0.25783
-0.23934
-0.21584
-0.18838
-0.15724
-0.12308
-0.08681
-0.04884
-0.01018
0.02864
0.06681
0.10369
0.13849
0.17085
0.19995
0.22540
0.24688
0.26362
0.27613
0.28341
0.28583
0.28331
0.27558
0.26357
0.24667
0.22581
0.20113
0.17297
0.14228
0.10909
0.07439
0.03859
0.00229
-0.03378
-0.06909
-0.10316
-0.13529
-0.16512
-0.19224
-0.21597
-0.23658
-0.25319
-0.26596
-0.27475
-0.27905
-0.27975
-0.27594
-0.26830
-0.25685
-0.24145
-0.22307
-0.20122
-0.17671
-0.14971
-0.12044
-0.08966
-0.05744
-0.02437
0.00909
0.04261
0.07563
0.10763
0.13844
0.16725
0.19387
0.21790
0.23861
0.25639
0.27017
0.28016
0.28611
0.28753
0.28516
0.27815
0.26715
0.25216
0.23317
0.21106
0.18557
0.15754
0.12730
0.09522
0.06212
0.02828
-0.00566
-0.03910
-0.07170
-0.10284
-0.13204
-0.15921
-0.18359
-0.20521
-0.22376
-0.23876
-0.25084
-0.25910
-0.26404
-0.26556
-0.26338
-0.25838
-0.24981
-0.23839
-0.22410
-0.20686
-0.18749
-0.16552
-0.14162
-0.11590
-0.08844
-0.05986
-0.03015
0.00026
0.03095
0.06177
0.09218
0.12176
0.15043
0.17733
0.20243
0.22518
0.24499
0.26215
0.27560
0.28559
0.29172
0.29362
0.29186
0.28567
0.27570
0.26185
0.24418
0.22354
0.19963
0.17338
0.14503
0.11488
0.08390
0.05208
0.02025
-0.01120
-0.04210
-0.07168
-0.09995
-0.12661
-0.15124
-0.17412
-0.19481
-0.21339
-0.23021
-0.24472
-0.25758
-0.26851
-0.27748
-0.28514
-0.29066
-0.29476
-0.29699
-0.29705
-0.29551
-0.29125
-0.28483
-0.27563
-0.26320
-0.24793
-0.22888
-0.20646
-0.18037
-0.15037
-0.11698
-0.08006
-0.03999
0.00259
0.04747
0.09368
0.14042
0.18727
0.23262
0.27612
0.31643
0.35246
0.38394
0.40918
0.42828
0.44016
0.44440
0.44130
0.43004
0.41159
0.38571
0.35305
0.31455
0.27056
0.22256
0.17115
0.11755
0.06291
0.00827
-0.04533
-0.09673
-0.14520
-0.18974
-0.22951
-0.26439
-0.29318
-0.31623
-0.33284
-0.34293
-0.34705
-0.34446
-0.33639
-0.32239
-0.30312
-0.27937
-0.25097
-0.21942
-0.18454
-0.14731
-0.10844
-0.06827
-0.02785
0.01248
0.05203
0.09017
0.12629
0.16013
0.19080
0.21826
0.24189
0.26124
0.27662
0.28701
0.29307
0.29423
0.29051
0.28255
0.26965
0.25299
0.23221
0.20780
0.18060
0.15036
0.11842
0.08473
0.04991
0.01481
-0.02054
-0.05518
-0.08889
-0.12142
-0.15208
-0.18085
-0.20753
-0.23165
-0.25357
-0.27283
-0.28946
-0.30389
-0.31539
-0.32481
-0.33160
-0.33573
-0.33784
-0.33683
-0.33370
-0.32761
-0.31836
-0.30645
-0.29066
-0.27183
-0.24912
-0.22232
-0.19188
-0.15707
-0.11851
-0.07616
-0.03007
0.01894
0.07057
0.12425
0.17874
0.23370
0.28764
0.33948
0.38861
0.43301
0.47250
0.50535
0.53066
0.54820
0.55634
0.55580
0.54548
0.52564
0.49690
0.45899
0.41365
0.36097
0.30235
0.23914
0.17234
0.10378
0.03460
-0.03383
-0.09996
-0.16271
-0.22102
-0.27358
-0.32014
-0.35953
-0.39154
-0.41617
-0.43263
-0.44207
-0.44373
-0.43849
-0.42700
-0.40908
-0.38666
-0.35919
-0.32806
-0.29399
-0.25710
-0.21915
-0.17976
-0.13999
-0.10039
-0.06113
-0.02299
0.01386
0.04926
0.08263
0.11400
0.14322
0.16974
0.19410
0.21547
0.23407
0.24997
0.26238
0.27220
0.27841
0.28134
0.28110
0.27694
0.26995
0.25915
0.24505
0.22785
0.20720
0.18410
0.15812
0.12981
0.09964
0.06768
0.03469
0.00095
-0.03317
-0.06696
-0.10011
-0.13219
-0.16246
-0.19096
-0.21682
-0.23986
-0.25994
-0.27621
-0.28925
-0.29814
-0.30301
-0.30398
-0.30036
-0.29318
-0.28157
-0.26604
-0.24686
-0.22375
-0.19772
-0.16843
-0.13647
-0.10233
-0.06616
-0.02874
0.00959
0.04838
0.08687
0.12463
0.16116
0.19556
0.22780
0.25682
0.28235
0.30407
0.32104
0.33378
0.34120
0.34352
0.34073
0.33229
0.31927
0.30096
0.27812
0.25112
0.22013
0.18625
0.14959
0.11105
0.07131
0.03095
-0.00920
-0.04847
-0.08636
-0.12204
-0.15510
-0.18512
-0.21136
-0.23406
-0.25238
-0.26646
-0.27627
-0.28129
-0.28246
-0.27899
-0.27156
-0.26032
-0.24515
-0.22716
-0.20584
-0.18206
-0.15605
-0.12806
-0.09885
-0.06851
-0.03760
-0.00657
0.02422
0.05437
0.08329
0.11091
0.13650
0.15984
0.18073
0.19838
0.21324
0.22438
0.23190
0.23580
0.23540
0.23163
0.22361
0.21187
0.19659
0.17757
0.15581
0.13095
0.10372
0.07452
0.04360
0.01175
-0.02077
-0.05341
-0.08558
-0.11690
-0.14691
-0.17496
-0.20100
-0.22430
-0.24465
-0.26194
-0.27541
-0.28563
-0.29174
-0.29392
-0.29229
-0.28623
-0.27677
-0.26311
-0.24578
-0.22503
-0.20069
-0.17370
-0.14379
-0.11158
-0.07753
-0.04184
-0.00526
0.03185
0.06906
0.10562
0.14117
0.17516
0.20681
0.23611
0.26205
0.28448
0.30307
0.31707
0.32699
0.33188
0.33209
0.32757
0.31806
0.30447
0.28633
0.26443
0.23910
0.21064
0.18001
0.14739
0.11358
0.07920
0.04474
0.01089
-0.02180
-0.05302
-0.08204
-0.10867
-0.13264
-0.15332
-0.17121
-0.18548
-0.19643
-0.20412
-0.20800
-0.20918
-0.20671
-0.20126
-0.19294
-0.18139
-0.16770
-0.15109
-0.13223
-0.11120
-0.08791
-0.06299
-0.03624
-0.00805
0.02135
0.05169
0.08278
0.11393
0.14524
0.17587
0.20533
0.23359
0.25914
0.28264
0.30250
0.31831
0.33006
0.33593
0.33715
0.33179
0.31993
0.30169
0.27589
0.24384
0.20452
0.15859
0.10661
0.04867
-0.01398
-0.08078
-0.15074
-0.22253
-0.29497
-0.36697
-0.43653
-0.50309
-0.56452
-0.61953
-0.66741
-0.70573
-0.73512
-0.75324
-0.75987
-0.75499
-0.73711
-0.70812
-0.66662
-0.61384
-0.55074
-0.47747
-0.39651
-0.30817
-0.21444
-0.11710
-0.01745
0.08232
0.18060
0.27602
0.36640
0.45069
0.52758
0.59526
0.65410
0.70191
0.73899
0.76502
0.77885
0.78261
0.77440
0.75592
0.72749
0.68902
0.64309
0.58874
0.52809
0.46185
0.39067
0.31655
0.23972
0.16164
0.08344
0.00585
-0.06994
-0.14278
-0.21253
-0.27742
-0.33726
-0.39144
-0.43837
-0.47929
-0.51184
-0.53666
-0.55340
-0.56069
-0.56067
-0.55094
-0.53293
-0.50650
-0.47128
-0.42918
-0.37915
-0.32285
-0.26071
-0.19344
-0.12258
-0.04875
0.02669
0.10241
0.17719
0.24986
0.31861
0.38304
0.44108
0.49200
0.53509
0.56849
0.59319
0.60708
0.61067
0.60392
0.58601
0.55901
0.52168
0.47574
0.42187
0.36058
0.29414
0.22269
0.14823
0.07196
-0.00498
-0.08082
-0.15456
-0.22505
-0.29086
-0.35136
-0.40560
-0.45255
-0.49256
-0.52423
-0.54807
-0.56387
-0.57110
-0.57146
-0.56365
-0.54917
-0.52824
-0.50096
-0.46926
-0.43239
-0.39197
-0.34843
-0.30211
-0.25448
-0.20538
-0.15581
-0.10638
-0.05723
-0.00928
0.03723
0.08219
0.12465
0.16488
0.20230
0.23637
0.26778
0.29515
0.31912
0.33920
0.35477
0.36698
0.37423
0.37742
0.37617
0.37008
0.36026
0.34558
0.32701
0.30445
0.27787
0.24827
0.21527
0.17971
0.14196
0.10225
0.06146
0.01990
-0.02196
-0.06328
-0.10383
-0.14292
-0.17978
-0.21462
-0.24612
-0.27441
-0.29898
-0.31899
-0.33526
-0.34631
-0.35274
-0.35421
-0.35021
-0.34178
-0.32781
-0.30926
-0.28599
-0.25800
-0.22632
-0.19054
-0.15168
-0.11001
-0.06594
-0.02040
0.02624
0.07328
0.11987
0.16555
0.20948
0.25080
0.28945
0.32405
0.35456
0.38029
0.40045
0.41561
0.42441
0.42746
0.42439
0.41496
0.40017
0.37925
0.35337
0.32257
0.28726
0.24859
0.20654
0.16233
0.11645
0.06948
0.02248
-0.02411
-0.06966
-0.11328
-0.15478
-0.19339
-0.22856
-0.26056
-0.28820
-0.31195
-0.33128
-0.34582
-0.35639
-0.36182
-0.36305
-0.35964
-0.35154
-0.33962
-0.32305
-0.30289
-0.27885
-0.25115
-0.22056
-0.18681
-0.15075
-0.11257
-0.07265
-0.03168
0.00989
0.05169
0.09277
0.13285
0.17119
0.20688
0.24010
0.26933
0.29471
0.31548
0.33090
0.34152
0.34598
0.34500
0.33808
0.32510
0.30694
0.28294
0.25431
0.22103
0.18364
0.14319
0.09983
0.05477
0.00854
-0.03811
-0.08424
-0.12917
-0.17231
-0.21270
-0.25001
-0.28354
-0.31261
-0.33750
-0.35705
-0.37172
-0.38104
-0.38474
-0.38366
-0.37684
-0.36536
-0.34895
-0.32780
-0.30291
-0.27376
-0.24158
-0.20636
-0.16848
-0.12889
-0.08750
-0.04526
-0.00250
0.04047
0.08282
0.12427
0.16451
0.20263
0.23873
0.27199
0.30199
0.32893
0.35161
0.37053
0.38492
0.39452
0.39982
0.39975
0.39521
0.38561
0.37105
0.35225
0.32860
0.30122
0.26995
0.23519
0.19781
0.15776
0.11605
0.07304
0.02914
-0.01474
-0.05826
-0.10092
-0.14184
-0.18100
-0.21749
-0.25095
-0.28140
-0.30774
-0.33046
-0.34872
-0.36237
-0.37182
-0.37602
-0.37595
-0.37088
-0.36099
-0.34687
-0.32784
-0.30509
-0.27818
-0.24758
-0.21397
-0.17722
-0.13836
-0.09754
-0.05527
-0.01235
0.03085
0.07374
0.11545
0.15580
0.19382
0.22901
0.26120
0.28922
0.31339
0.33273
0.34707
0.35659
0.36035
0.35925
0.35257
0.34069
0.32411
0.30248
0.27708
0.24766
0.21498
0.17980
0.14230
0.10366
0.06412
0.02439
-0.01476
-0.05293
-0.08952
-0.12389
-0.15595
-0.18496
-0.21075
-0.23332
-0.25193
-0.26721
-0.27846
-0.28587
-0.28982
-0.28963
-0.28640
-0.27944
-0.26920
-0.25610
-0.23965
-0.22099
-0.19952
-0.17573
-0.14999
-0.12212
-0.09283
-0.06207
-0.03010
0.00259
0.03582
0.06932
0.10240
0.13508
0.16659
0.19643
0.22464
0.24988
0.27258
0.29161
0.30652
0.31751
0.32312
0.32425
0.31973
0.30954
0.29403
0.27236
0.24567
0.21338
0.17602
0.13421
0.08816
0.03879
-0.01327
-0.06729
-0.12229
-0.17714
-0.23137
-0.28320
-0.33228
-0.37721
-0.41672
-0.45074
-0.47714
-0.49636
-0.50693
-0.50832
-0.50086
-0.48320
-0.45668
-0.42046
-0.37526
-0.32196
-0.26078
-0.19352
-0.12075
-0.04405
0.03509
0.11509
0.19448
0.27130
0.34429
0.41167
0.47183
0.52415
0.56655
0.59917
0.62061
0.63060
0.62960
0.61664
0.59350
0.55966
0.51642
0.46509
0.40605
0.34184
0.27280
0.20087
0.12756
0.05395
-0.01811
-0.08764
-0.15353
-0.21450
-0.26984
-0.31905
-0.36104
-0.39623
-0.42371
-0.44370
-0.45670
-0.46197
-0.46115
-0.45349
-0.44000
-0.42149
-0.39759
-0.37030
-0.33895
-0.30470
-0.26824
-0.22946
-0.18984
-0.14908
-0.10785
-0.06676
-0.02589
0.01420
0.05309
0.09080
0.12657
0.16026
0.19185
0.22035
0.24634
0.26878
0.28762
0.30302
0.31384
0.32103
0.32348
0.32141
0.31506
0.30368
0.28841
0.26850
0.24451
0.21689
0.18555
0.15156
0.11492
0.07631
0.03645
-0.00421
-0.04497
-0.08505
-0.12408
-0.16117
-0.19573
-0.22754
-0.25549
-0.27982
-0.29959
-0.31460
-0.32501
-0.32988
-0.33011
-0.32491
-0.31462
-0.29969
-0.27964
-0.25579
-0.22764
-0.19593
-0.16128
-0.12378
-0.08454
-0.04370
-0.00194
0.04000
0.08166
0.12244
0.16155
0.19878
0.23325
0.26452
0.29241
0.31589
0.33537
0.34988
0.35937
0.36398
0.36289
0.35707
0.34573
0.32934
0.30835
0.28245
0.25293
0.21949
0.18295
0.14399
0.10292
0.06076
0.01795
-0.02487
-0.06685
-0.10747
-0.14620
-0.18216
-0.21531
-0.24473
-0.27021
-0.29167
-0.30825
-0.32064
-0.32797
-0.33054
-0.32861
-0.32163
-0.31079
-0.29541
-0.27622
-0.25360
-0.22748
-0.19902
-0.16799
-0.13512
-0.10095
-0.06572
-0.03017
0.00532
0.04037
0.07432
0.10684
0.13760
0.16584
0.19174
0.21445
0.23385
0.24995
0.26188
0.27041
0.27462
0.27478
0.27112
0.26299
0.25159
0.23612
0.21719
0.19521
0.16991
0.14247
0.11252
0.08071
0.04755
0.01312
-0.02185
-0.05709
-0.09233
-0.12693
-0.16060
-0.19315
-0.22371
-0.25257
-0.27879
-0.30211
-0.32260
-0.33900
-0.35212
-0.36067
-0.36457
-0.36396
-0.35757
-0.34658
-0.32967
-0.30713
-0.27923
-0.24540
-0.20666
-0.16273
-0.11419
-0.06177
-0.00597
0.05233
0.11202
0.17243
0.23209
0.28986
0.34493
0.39533
0.44083
0.47957
0.51072
0.53387
0.54738
0.55205
0.54648
0.53108
0.50620
0.47160
0.42900
0.37826
0.32092
0.25811
0.19094
0.12116
0.04995
-0.02117
-0.09072
-0.15732
-0.21991
-0.27691
-0.32792
-0.37155
-0.40731
-0.43505
-0.45364
-0.46419
-0.46561
-0.45869
-0.44391
-0.42104
-0.39207
-0.35637
-0.31556
-0.27034
-0.22129
-0.17016
-0.11711
-0.06356
-0.01029
0.04182
0.09188
0.13906
0.18286
0.22238
0.25717
0.28704
0.31102
0.32972
0.34220
0.34873
0.34961
0.34420
0.33393
0.31798
0.29731
0.27246
0.24329
0.21148
0.17659
0.13973
0.10153
0.06227
0.02306
-0.01591
-0.05404
-0.09068
-0.12557
-0.15829
-0.18830
-0.21576
-0.23998
-0.26099
-0.27886
-0.29292
-0.30395
-0.31116
-0.31486
-0.31528
-0.31179
-0.30543
-0.29538
-0.28209
-0.26579
-0.24609
-0.22391
-0.19877
-0.17108
-0.14123
-0.10922
-0.07562
-0.04074
-0.00483
0.03140
0.06757
0.10332
0.13764
0.17055
0.20098
0.22848
0.25283
0.27281
0.28889
0.29988
0.30574
0.30650
0.30133
0.29126
0.27545
0.25452
0.22886
0.19848
0.16456
0.12712
0.08710
0.04524
0.00220
-0.04114
-0.08397
-0.12564
-0.16526
-0.20209
-0.23580
-0.26527
-0.29065
-0.31101
-0.32612
-0.33612
-0.34009
-0.33903
-0.33209
-0.31971
-0.30235
-0.27958
-0.25284
-0.22159
-0.18673
-0.14886
-0.10817
-0.06585
-0.02207
0.02236
0.06667
0.11039
0.15274
0.19301
0.23088
0.26545
0.29639
0.32335
0.34553
0.36329
0.37574
0.38308
0.38531
0.38203
0.37413
0.36107
0.34358
0.32197
0.29646
0.26805
0.23683
0.20365
0.16909
0.13376
0.09833
0.06348
0.02966
-0.00239
-0.03221
-0.05951
-0.08351
-0.10441
-0.12146
-0.13472
-0.14420
-0.14941
-0.15116
-0.14880
-0.14299
-0.13386
-0.12146
-0.10675
-0.08944
-0.07045
-0.04996
-0.02849
-0.00668
0.01524
0.03656
0.05703
0.07599
0.09330
0.10833
0.12094
0.13081
0.13754
0.14137
0.14168
0.13893
0.13283
0.12344
0.11126
0.09593
0.07840
0.05845
0.03658
0.01340
-0.01116
-0.03602
-0.06127
-0.08637
-0.11071
-0.13433
-0.15646
-0.17712
-0.19611
-0.21306
-0.22820
-0.24125
-0.25233
-0.26166
-0.26911
-0.27503
-0.27953
-0.28265
-0.28480
-0.28583
-0.28594
-0.28526
-0.28356
-0.28109
-0.27755
-0.27283
-0.26693
-0.25947
-0.25044
-0.23969
-0.22691
-0.21227
-0.19558
-0.17680
-0.15632
-0.13391
-0.11018
-0.08535
-0.05959
-0.03385
-0.00801
0.01688
0.04043
0.06232
0.08148
0.09815
0.11124
0.12068
0.12626
0.12740
0.12469
0.11749
0.10635
0.09134
0.07279
0.05133
0.02722
0.00133
-0.02600
-0.05369
-0.08151
-0.10832
-0.13360
-0.15682
-0.17676
-0.19376
-0.20629
-0.21468
-0.21824
-0.21627
-0.20956
-0.19671
-0.17899
-0.15562
-0.12675
-0.09334
-0.05454
-0.01219
0.03430
0.08415
0.13632
0.19090
0.24628
0.30234
0.35818
0.41273
0.46561
0.51564
0.56222
0.60475
0.64224
0.67438
0.70048
0.72005
0.73304
0.73888
0.73779
0.72967
0.71473
0.69342
0.66604
0.63333
0.59587
0.55462
0.51020
0.46385
0.41629
0.36864
0.32194
0.27668
0.23436
0.19501
0.15991
0.12928
0.10330
0.08283
0.06697
0.05671
0.05103
0.04991
0.05311
0.05921
0.06868
0.07972
0.09241
0.10554
0.11819
0.13023
0.14004
0.14804
0.15266
0.15424
0.15202
0.14546
0.13519
0.11986
0.10094
0.07730
0.04957
0.01825
-0.01749
-0.05568
-0.09764
-0.14187
-0.18826
-0.23719
-0.28667
-0.33811
-0.38952
-0.44127
-0.49339
-0.54420
-0.59505
-0.64383
-0.69133
-0.73735
-0.78065
-0.82239
-0.86086
-0.89690
-0.93020
-0.96010
-0.98744
-1.01105
-1.03171
-1.04899
-1.06282
-1.07357
-1.08059
-1.08456
-1.08480
-1.08182
-1.07542
-1.06549
-1.05251
-1.03561
-1.01588
-0.99258
-0.96625
-0.93716
-0.90454
-0.86993
-0.83229
-0.79291
-0.75172
-0.70859
-0.66505
-0.62004
-0.57546
-0.53071
-0.48651
-0.44374
-0.40155
-0.36189
-0.32345
-0.28763
-0.25400
-0.22217
-0.19332
-0.16546
-0.14036
-0.11590
-0.09267
-0.07024
-0.04659
-0.02349
0.00253
0.02950
0.05961
0.09393
0.13102
0.17460
0.22152
0.27495
0.33431
0.39867
0.47088
0.54701
0.63037
0.71848
0.81107
0.90946
1.00957
1.11424
1.21951
1.32586
1.43307
1.53763
1.64175
1.74077
1.83612
1.92655
2.00966
2.08708
2.15504
2.21532
2.26648
2.30774
2.34038
2.36202
2.37498
2.37787
2.37170
2.35733
2.33394
2.30409
2.26634
2.22328
2.17482
2.12166
2.06574
2.00550
1.94439
1.88082
1.81686
1.75271
1.68730
1.62351
1.55852
1.49533
1.43169
1.36814
1.30540
1.24046
1.17663
1.10951
1.04160
0.97099
0.89587
0.81888
0.73471
0.64769
0.55348
0.45288
0.34696
0.23110
0.11086
-0.01966
-0.15614
-0.29980
-0.45309
-0.61007
-0.77699
-0.94663
-1.12216
-1.30330
-1.48481
-1.67227
-1.85716
-2.04393
-2.22986
-2.41153
-2.59338
-2.76704
-2.93809
-3.10179
-3.25754
-3.40836
-3.54725
-3.68068
-3.80228
-3.91483
-4.01947
-4.11157
-4.19774
-4.27037
-4.33559
-4.39209
-4.43821
-4.47894
-4.50790
-4.53182
-4.54732
-4.55580
-4.55933
-4.55376
-4.54476
-4.52727
-4.50525
-4.47708
-4.44163
-4.40186
-4.35234
-4.29836
-4.23492
-4.16431
-4.08569
-3.99540
-3.89824
-3.78739
-3.66842
-3.53629
-3.39184
-3.23699
-3.06563
-2.88564
-2.68843
-2.48069
-2.25983
-2.02288
-1.77810
-1.51477
-1.24473
-0.96038
-0.66361
-0.36043
-0.03476
0.30290
0.62571
0.94464
1.29649
1.70631
2.10799
2.42787
2.72372
3.13106
3.67010
4.13490
4.37065
4.56805
5.06664
5.83742
6.36025
6.31767
6.22406
6.93802
8.38924
9.12497
7.62697
4.08395
0.50556
