Filtered Signals
5.048523314583747146e-03
2.479160945754195489e-01
3.260824338739517492e-01
2.400791061884022803e-01
1.199008217742102284e-01
5.800477560142758282e-02
3.487905953595232811e-02
4.205497603512277360e-03
-2.288893629541585706e-02
-3.117927997955968755e-02
-9.732376978418638691e-02
-3.321196829985773591e-01
-6.771805181337140489e-01
-8.267421497550951903e-01
-4.762751963068067584e-01
3.027041139187018892e-01
1.010560610506576307e+00
1.138681782189462366e+00
6.503935225096990624e-01
-8.923914179305159067e-04
-3.274543661700622943e-01
-2.318766897247710457e-01
9.838783061761557924e-03
9.503091087744743037e-02
-3.724695836442398766e-02
-2.340407722457520656e-01
-3.261639605004681974e-01
-2.654962480781792866e-01
-1.204576499779200227e-01
3.274660854304112245e-04
1.928233080033661673e-02
-6.295329630741355875e-02
-1.584729009919679521e-01
-1.527389880513671527e-01
-1.178885260427550707e-02
1.706409133339354123e-01
2.591377284561617866e-01
2.161148380061567453e-01
1.351588654437198556e-01
1.253161599478843369e-01
1.825369155253693532e-01
1.998942440480923066e-01
9.868914801260897374e-02
-7.909169815529226710e-02
-2.184616503987942548e-01
-2.486933494417221113e-01
-1.927376769440717064e-01
-1.144054752600533464e-01
-5.003184786820773222e-02
-3.571678672448896918e-03
1.728556117968649275e-02
-3.928023392599372388e-04
-2.731433253169916059e-02
2.301412145097225803e-02
2.030352538828831266e-01
4.012748990374391256e-01
3.570704935933622926e-01
-9.957788354716091972e-02
-7.766189628226058961e-01
-1.146892632445559723e+00
-7.671599377877134085e-01
2.548899682717272741e-01
1.246508598246936828e+00
1.508402596085631320e+00
9.093868718787631034e-01
-5.024698164018331914e-02
-7.269065576197344392e-01
-8.421166982237290322e-01
-5.658487320494447470e-01
-2.338652847668231116e-01
-4.987531347948906402e-02
-1.982484940816597874e-03
3.034310875617970971e-02
1.264124996049864058e-01
2.537020829390561616e-01
3.104631541686322382e-01
2.307654826246496593e-01
5.706967630234438538e-02
-8.921933071882481858e-02
-1.166911335081187717e-01
-4.570331012666732640e-02
2.082465399922896199e-02
1.033881452797397182e-03
-1.016275362802993298e-01
-2.257518884984184293e-01
-3.107462684007211706e-01
-3.140670981507807102e-01
-2.005523580193680488e-01
3.721846429254743738e-02
3.319574850735467764e-01
5.430845753772057805e-01
5.450662153852218195e-01
3.338753799179294823e-01
4.024734248957720362e-02
-1.754362028990204547e-01
-2.461237471015048084e-01
-2.194040031418947601e-01
-1.724570159229407151e-01
-1.293834667889688927e-01
-6.935602094685536234e-02
5.415192799789483868e-03
4.363377972178830722e-02
5.486889931011207366e-03
-6.176114910102371847e-02
-4.586638136121543030e-02
9.607294501270077780e-02
2.285059639037079482e-01
1.206727616633274103e-01
-2.900576402524425723e-01
-7.148520084073706204e-01
-6.900876306594073695e-01
-4.415898495702486048e-02
8.232143174948054476e-01
1.238545966178220326e+00
8.880587741794397916e-01
1.097162089914565930e-01
-4.697579088152495919e-01
-5.326200268115238723e-01
-2.798989172890081201e-01
-1.208737230396941809e-01
-2.386892142337562750e-01
-4.590577894487017363e-01
-4.818409019662667769e-01
-1.971604594541565003e-01
2.203639314185005249e-01
4.959093317357497477e-01
5.043054055473965569e-01
3.393043527754787680e-01
1.720704027075940223e-01
8.334259547765734966e-02
3.712312886630148023e-02
-2.527082843986977467e-02
-1.069415618457055239e-01
-1.629634161777929191e-01
-1.514365138630869578e-01
-7.540940852832631047e-02
-9.985373258087459902e-03
-9.083067900315539012e-02
-4.021152417092763165e-01
-8.004863272582030120e-01
-8.931595993032593883e-01
-3.430224229650490342e-01
7.089589395246633785e-01
1.601544891990309694e+00
1.675743817069123676e+00
8.804244966157580565e-01
-1.863739542813942496e-01
-8.353299947848114027e-01
-8.430458241411183939e-01
-4.964056916603371006e-01
-2.068869588874442111e-01
-1.482424290019778990e-01
-2.160079928006249372e-01
-2.329663668488425876e-01
-1.387297525279169719e-01
-3.540845239247303322e-03
8.702781048690827470e-02
1.278962840926958777e-01
1.803785843872481309e-01
2.843407671593543018e-01
4.000784527212239983e-01
4.372394731197581930e-01
3.335828335619634988e-01
1.108295515192198877e-01
-1.271178442825409705e-01
-2.522252845036739299e-01
-2.132157623107043543e-01
-1.214520691964628973e-01
-2.070710043796881727e-01
-5.959463062095993191e-01
-1.075195868232754259e+00
-1.148706737734241923e+00
-4.658515146509903948e-01
7.419100829859528456e-01
1.728528830289576490e+00
1.844481320658999168e+00
1.102419373406707148e+00
1.150684160108740306e-01
-4.933483147964464188e-01
-5.706243856721915364e-01
-3.931481187173755387e-01
-2.699455143329460571e-01
-2.588852570557496069e-01
-2.368078421484272056e-01
-1.605687289613976221e-01
-1.820942218416768399e-01
-4.668435208853056739e-01
-9.072117465381696055e-01
-1.081635967348650640e+00
-5.979286991097793047e-01
4.647855664141056220e-01
1.495782579404086876e+00
1.821141013085952443e+00
1.276514661358583602e+00
3.157276589062349981e-01
-4.226229971164824906e-01
-6.231006352506063273e-01
-4.222117805145987335e-01
-1.568350792387275816e-01
-5.354023459992440781e-02
-1.138885828139942213e-01
-2.061721557091205914e-01
-2.232036346832103613e-01
-1.688845444223720516e-01
-1.208690219199166915e-01
-1.196401541149282322e-01
-1.059146310963696158e-01
2.962312789075299824e-03
1.599697326417063581e-01
1.584192928003800294e-01
-1.562590308914283410e-01
-6.087931123078660356e-01
-7.135887663827682470e-01
-1.140830296889687734e-01
9.493242799814346489e-01
1.708066784073176692e+00
1.521905501509004832e+00
4.851613446188224321e-01
-6.598560629263340305e-01
-1.201582614155956019e+00
-1.019760515898923137e+00
-5.261807368276905095e-01
-1.739499963701434115e-01
-8.378583195267746975e-02
-8.074657931650522369e-02
2.353274276403372056e-02
2.345363704975116925e-01
4.078307025446157308e-01
4.071882663674109004e-01
2.211112349769889796e-01
-3.422001481659520117e-02
-1.995523183578321036e-01
-1.830524491351955829e-01
-2.980529367048288802e-02
1.057800241307442907e-01
8.376182832545236989e-02
-9.394135912693546420e-02
-2.758874800248850567e-01
-2.950437380506476526e-01
-1.165546387089915065e-01
1.494877109973767049e-01
3.669917414271618994e-01
4.745947186349253055e-01
4.661941110184099624e-01
3.265601638796424844e-01
5.311578888127391207e-02
-2.569851163335397093e-01
-4.164167507856570971e-01
-3.209521222488475045e-01
-1.180134414861260805e-01
-1.321831231311728638e-01
-5.366660229633647416e-01
-1.072994385718885724e+00
-1.169177395650624840e+00
-4.528418677203681630e-01
8.052137138599895216e-01
1.820705737980477856e+00
1.950024737055812807e+00
1.231685908440662613e+00
2.753764434112202508e-01
-3.345727222778347998e-01
-4.821443660578679791e-01
-4.369380993436329241e-01
-4.632441662481234790e-01
-5.729900363641529104e-01
-6.162994148633134106e-01
-5.268765369754380146e-01
-4.211284119479727917e-01
-4.468453343765383945e-01
-5.625440882495001960e-01
-5.175087215993571244e-01
-9.637370334405637173e-02
6.112914950823282734e-01
1.221443176083937487e+00
1.369578222810916346e+00
1.018650229141805807e+00
4.550291754672823874e-01
5.835049344439124930e-03
-2.145503523103408638e-01
-3.040120110541829068e-01
-3.864114174033114191e-01
-4.687906703618904269e-01
-4.732987404745445659e-01
-3.689033574893659795e-01
-2.320363387078784312e-01
-1.652290887340729930e-01
-1.787279175725427494e-01
-1.826711511759899764e-01
-9.611225062433581545e-02
6.253725382745145556e-02
2.049925547084302524e-01
2.729460763339189855e-01
2.855464821396208608e-01
2.911752555151163602e-01
2.978551537103482638e-01
2.690296753169481025e-01
1.774377978744419160e-01
3.967986377493210037e-02
-1.051042304264927507e-01
-2.275873773786389886e-01
-3.051004949742308070e-01
-3.072336763352365718e-01
-2.188128433778596671e-01
-8.193269994664015288e-02
1.567488677480995130e-02
2.222910851726267456e-02
-1.314573619634507723e-02
1.757955726715076938e-02
1.597936278877335470e-01
3.263129226865988941e-01
3.700585477436006410e-01
2.335045841506236952e-01
9.463877955429328415e-03
-1.593688392901223549e-01
-2.228327915944262883e-01
-2.398332748079671228e-01
-2.680781136366864326e-01
-2.870636954816543351e-01
-2.508073675087267862e-01
-1.750792211997442838e-01
-1.185189041863193293e-01
-8.038871183291761147e-02
2.568207055143412187e-02
2.567316132769614789e-01
5.263666272460183482e-01
6.603613326305750597e-01
5.749694756896650549e-01
3.585915318161053134e-01
1.578099506250784101e-01
2.447893447681454004e-02
-8.368105426892624710e-02
-1.847589709506343714e-01
-2.360800879865436186e-01
-2.434333750136383756e-01
-3.353268347229840796e-01
-6.305495921180280794e-01
-1.019442541550534376e+00
-1.165115149923292126e+00
-8.094655034148733330e-01
-7.425736780302794049e-02
6.095082494321676370e-01
9.077859957493065179e-01
8.887398615069456165e-01
8.869904014503675604e-01
1.085379060161208553e+00
1.287858164052490650e+00
1.126042652467012406e+00
4.561143691279327950e-01
-4.771428087146327712e-01
-1.244909330261414704e+00
-1.558380683601057859e+00
-1.404181963955709156e+00
-9.479785941896189394e-01
-3.894150525574082700e-01
9.692559529988642453e-02
3.748399623576182949e-01
3.959804137119457002e-01
2.548350772990400359e-01
1.442933759352076351e-01
1.982765250367399257e-01
3.625957692661119225e-01
4.427434667551890524e-01
2.962211224032151868e-01
-2.359516933025557206e-02
-3.084692104007086266e-01
-3.619305537161731645e-01
-1.349357447040800961e-01
2.503497756415914433e-01
5.686689656341701316e-01
6.146324826844848932e-01
3.379535036173914042e-01
-1.033533063503891403e-01
-4.531137698049160223e-01
-5.589979843262382619e-01
-4.711845446516358393e-01
-3.429104835893441727e-01
-2.592943000932046438e-01
-1.841297673478362595e-01
-5.579751008750116759e-02
1.044652783638185534e-01
2.000909694282928808e-01
1.677035847619740005e-01
6.135818973362047735e-02
1.380148586251589427e-02
1.067448740843592314e-01
2.837993162448968487e-01
4.000056839288699262e-01
3.573138837959967118e-01
1.867988167398068611e-01
3.472731724146360666e-03
-1.052852231686491336e-01
-1.438778150234703845e-01
-1.779871159035202877e-01
-2.553158096171410651e-01
-3.542055936742128375e-01
-3.999617984058628783e-01
-3.298271577241925767e-01
-1.502673316617192667e-01
6.283869167902894626e-02
2.224350972685796846e-01
2.940528824844240718e-01
3.048111500183831035e-01
2.933311858137920836e-01
2.603595969259384080e-01
1.782600233791942768e-01
4.594939224785159204e-02
-8.430517053728472932e-02
-1.507641689514676586e-01
-1.468679338215833352e-01
-1.242029504611452395e-01
-1.291950978144365825e-01
-1.536696050871708685e-01
-1.564520384793873231e-01
-1.193946952112461407e-01
-6.380548712078359941e-02
-1.331046400900305626e-02
3.803168096222325767e-02
1.019389131095442685e-01
1.482341568433749313e-01
1.162188097114628255e-01
2.960775260891224114e-03
-7.615196829923887023e-02
2.729960113670862332e-02
3.079170484016971465e-01
5.309762366704731118e-01
4.146243750859877064e-01
-7.029418457381741980e-02
-6.050338147000271505e-01
-7.771149519286647545e-01
-4.559063050511056314e-01
8.669343284808844752e-02
4.333148259673555991e-01
3.962996890510157577e-01
1.446176904001821306e-01
-2.043660011191131276e-02
4.812418798980533374e-03
2.887620317955048865e-02
-1.975404393151644622e-01
-6.439865679801619613e-01
-9.242948823254768520e-01
-6.176168062567675143e-01
2.840866580568308652e-01
1.257994231522251205e+00
1.633087610345715035e+00
1.140482837441283870e+00
1.221353128202073424e-01
-7.675260773677389237e-01
-1.065201310776353827e+00
-7.795104394703638029e-01
-2.753487196519739943e-01
6.897742999831621424e-02
1.211615594920024130e-01
-2.520203877478921495e-03
-1.161217012503614754e-01
-1.271213818676914520e-01
-6.359050996285292578e-02
4.090603394298800155e-03
4.438851717188799229e-02
8.306119637402720191e-02
1.650460258711969885e-01
3.028030523952476294e-01
4.492447429930372937e-01
5.131446456087153107e-01
4.144425015852873928e-01
1.539806112972579855e-01
-1.532589724891165739e-01
-3.393858446406541329e-01
-3.383807321443717542e-01
-3.031807051707996470e-01
-4.968359936581231429e-01
-9.651707124710779961e-01
-1.323661817670962693e+00
-1.011024385525899127e+00
1.172189391576845541e-01
1.478204867696228053e+00
2.174666903891268710e+00
1.780379663480188279e+00
6.864925595305302330e-01
-3.215348026486262167e-01
-7.544548130448787138e-01
-6.884389941583306527e-01
-4.867913921166105995e-01
-3.952261146948171655e-01
-4.060380685816782353e-01
-3.956361680076150855e-01
-2.946042591667852317e-01
-1.282847213672417830e-01
4.217455576223669289e-02
1.771048333670822150e-01
2.706031364563153407e-01
3.334251899961441779e-01
3.663790597306069152e-01
3.423813345853996548e-01
2.260666262759581102e-01
3.189976336797220591e-02
-1.441273280256674671e-01
-1.884153635374771207e-01
-9.088684308471822737e-02
1.603731941090022484e-02
-2.237274556521634539e-02
-2.138116076674684840e-01
-3.940255299735210270e-01
-3.906283838951435938e-01
-2.003241565393584500e-01
1.950671491550326486e-02
1.327094186222834982e-01
1.638507801388149887e-01
2.301176101670163177e-01
3.582025854690052968e-01
4.281061518216051076e-01
3.247698419473512566e-01
1.041040523356413922e-01
-4.841909940378036348e-02
-2.763391346108320934e-02
6.821554765867321457e-02
5.475331948609934996e-02
-1.186598420788117503e-01
-3.103668162563166799e-01
-3.634512237953501645e-01
-3.085489661906985481e-01
-3.354516066365073046e-01
-5.349721698681267901e-01
-7.024673146378274113e-01
-4.800997300717632643e-01
2.413106384753938016e-01
1.083497516467545996e+00
1.432536600088630596e+00
9.918634527950190849e-01
7.544128493672885849e-02
-6.669257732048595733e-01
-7.977583252253528379e-01
-3.808536295936899574e-01
1.791262561538351505e-01
4.965478773588415384e-01
4.384059119836013485e-01
1.246996783616746152e-01
-2.171928471882997869e-01
-4.137317480549154713e-01
-4.269135437406850753e-01
-3.235147043928071064e-01
-1.833864917592622767e-01
-4.348046860581739059e-02
8.480251198706120763e-02
1.814759220116645977e-01
2.232500304517926470e-01
2.061876999865293603e-01
1.431454199763211588e-01
5.265788318114159733e-02
-2.798386889305852152e-02
-4.102416870836794738e-02
2.493306458278067572e-02
5.534163558244240000e-02
-1.275536547837032852e-01
-5.321718878931980257e-01
-8.412186277710820281e-01
-6.164049728362497316e-01
2.313957997799532262e-01
1.210325500204146643e+00
1.607466206468898484e+00
1.133990545427731256e+00
1.728542238001448683e-01
-6.206563314319556435e-01
-8.979603215266885874e-01
-7.877573298921917155e-01
-6.054664096949612384e-01
-5.168874284516412621e-01
-4.828063291031898241e-01
-4.132077455871947524e-01
-2.692488753911715382e-01
-1.960835694491225301e-02
4.032171392980299363e-01
1.006931766019085295e+00
1.593094124015028257e+00
1.791099621194968794e+00
1.332093872963958425e+00
3.090419338505282498e-01
-8.706542576888240959e-01
-1.787388846024696054e+00
-2.218335040081527154e+00
-2.082319306580602269e+00
-1.348405639016391877e+00
-1.500601774505868624e-01
1.062553554953252544e+00
1.692032455528118096e+00
1.456047110953951007e+00
6.586570519832686266e-01
-6.627002960665895337e-02
-2.898227708422987936e-01
-6.849282044886056964e-02
2.422296935608986290e-01
3.686930170418819541e-01
3.007593959583700904e-01
1.678136182481975158e-01
3.135912359306453068e-02
-1.507219975682629887e-01
-3.834503542455694469e-01
-5.358820801177910376e-01
-4.449112962634215185e-01
-1.259898133556003330e-01
1.582247856896448202e-01
9.602636075147741312e-02
-3.614860057971563956e-01
-8.807703383816292142e-01
-9.808366647641086900e-01
-4.488532089556712679e-01
4.449250350772084861e-01
1.149851324639166616e+00
1.272720488119023496e+00
8.529512458203434289e-01
2.651808289764541193e-01
-1.097476618015363892e-01
-1.529026551539324208e-01
-3.419769479872308837e-02
-1.783582177863540785e-02
-2.135577024956508141e-01
-4.773272115535448501e-01
-5.514386670364584964e-01
-3.218470878157901893e-01
5.552035476506367306e-02
2.939178502665550918e-01
2.454337721992730925e-01
2.427757099727541334e-02
-1.357603235265983921e-01
-1.215573093729820642e-01
-2.121758486340707961e-02
1.387712331236913565e-02
-5.383306304616251869e-02
-1.244865920539127702e-01
-9.367034439656832245e-02
1.795305373066820309e-02
7.963790142417985496e-02
3.881923021339939162e-05
-1.340586790419564245e-01
-8.517816165364300307e-02
3.151085192310647543e-01
9.205715785553882924e-01
1.261115332216182328e+00
8.794720503218752539e-01
-2.167240386597093504e-01
-1.420285532423342767e+00
-1.926123954146913952e+00
-1.385523500320295920e+00
-2.223361054381408630e-01
7.198514895332470687e-01
8.932684391463687756e-01
4.507051997353873629e-01
-1.386227271567036512e-02
-6.961885397021672084e-02
2.170171150359391232e-01
4.766765298334221246e-01
4.598964165855495834e-01
2.324065733307389414e-01
1.598912236424199218e-02
-7.176646257191948708e-02
-9.299136736790869495e-02
-1.589478461546221522e-01
-2.868176730550869857e-01
-3.968387133289967283e-01
-4.164301091849263448e-01
-3.524612909781309478e-01
-2.576296075901888805e-01
-1.508039432341172492e-01
1.803569200306776033e-03
2.215913268078504306e-01
4.536381577033682388e-01
5.896577070165454071e-01
5.571664805696053824e-01
3.758832897686644747e-01
1.298962519314323105e-01
-9.533484866141123115e-02
-2.454150639610608864e-01
-3.020122454505554388e-01
-2.947707050090473957e-01
-3.005882388602822974e-01
-3.782466439300993244e-01
-4.677560156302295602e-01
-3.861586750103944699e-01
4.105271562764523097e-03
5.863398533410646429e-01
9.870985313926294857e-01
8.583740391904264300e-01
2.132644931217991813e-01
-5.232450966703299233e-01
-8.402322289465109506e-01
-5.642046389067092438e-01
1.223663546464048846e-02
4.100807000914932221e-01
3.738260974201319531e-01
3.505287309854446254e-02
-2.698050223875091413e-01
-3.021425940948793132e-01
-7.421223177823590977e-02
2.177697149942081634e-01
3.670647260936727441e-01
2.941171884304567552e-01
7.514751150640053279e-02
-1.337525143387620907e-01
-2.155707306330631456e-01
-1.681497454608921749e-01
-8.045905292127872310e-02
-3.685079725492279579e-02
-4.625324361333472967e-02
-6.208548497778469677e-02
-5.156720234581502194e-02
-2.467314855020882880e-02
-1.681232992743433852e-03
1.981128876516977111e-02
5.086631288893228575e-02
7.832762143633695273e-02
7.104370568463164171e-02
2.773558842470486008e-02
3.694158591845408957e-04
4.467109717771554356e-02
1.468676967462952676e-01
2.213136676910373024e-01
1.906836651873070054e-01
5.707596139847456729e-02
-1.099584457464263254e-01
-2.364198234304782376e-01
-2.798200037028469866e-01
-2.216864746246719198e-01
-6.558299639858651553e-02
1.348635301985307844e-01
2.636948419253186682e-01
2.004510026448443893e-01
-7.291009008724352869e-02
-4.127157156726012355e-01
-5.853271105986416201e-01
-4.430599391647271346e-01
-6.125505219003875290e-02
3.035934403044194818e-01
4.243143319658743140e-01
3.021369462919110127e-01
1.602446841156843771e-01
2.211116399693922596e-01
4.766633528153544908e-01
6.829117730342935122e-01
5.876288990561783221e-01
1.640768940954838717e-01
-3.669360815613011972e-01
-7.217728142488550880e-01
-7.600320648807310508e-01
-5.488723772881851648e-01
-2.773137750558913872e-01
-1.269894464701752934e-01
-1.874036585434483149e-01
-4.171036587137694207e-01
-6.321145385108197789e-01
-5.666246225940719805e-01
-5.409457075417911653e-02
7.689806143549791084e-01
1.464737814707690378e+00
1.595868465935053049e+00
1.090063145197115446e+00
3.017629741600337256e-01
-2.999435479995878340e-01
-5.028594829983437098e-01
-4.435056471812428014e-01
-3.948337053934368734e-01
-4.919561406813247606e-01
-6.319075471397043176e-01
-6.012348599700753082e-01
-3.064341134295909819e-01
9.286058643846667460e-02
2.818072108339722548e-01
6.892405283173030917e-02
-3.879441540365030083e-01
-6.508811986962721452e-01
-3.697196150295574135e-01
3.668598005670473672e-01
1.063444877520283161e+00
1.240435946158333191e+00
8.364842055213351779e-01
2.040672065149711778e-01
-2.435592080021937722e-01
-3.502482123345407872e-01
-2.418659286960834487e-01
-1.324223115835790332e-01
-1.382527949126217126e-01
-2.340051563394743295e-01
-3.252373668751988300e-01
-3.388082245833617390e-01
-2.629110464097478284e-01
-1.350801362364706104e-01
-9.609491852374363319e-03
7.130312898210205974e-02
9.191795854740830718e-02
6.061001127846834396e-02
1.807534761458659545e-03
-4.344966191858240512e-02
-1.915353217654064411e-02
1.131533811245458709e-01
3.212088962341316245e-01
4.928745334423927371e-01
5.094579337991844703e-01
3.421250819498297124e-01
7.218238093737799899e-02
-1.816830160762981095e-01
-3.462606637686049815e-01
-4.123972141379080858e-01
-4.037546083065073343e-01
-3.523482244970691513e-01
-2.936493820409413202e-01
-2.506075072981924778e-01
-2.034003412149518741e-01
-9.268551479917716551e-02
1.155322654222976642e-01
3.624407275151632635e-01
5.202027622977760668e-01
5.067550700226211013e-01
3.695959519320089481e-01
2.346439983974960564e-01
1.721299725570146211e-01
1.328672971366327560e-01
2.436040222760271767e-02
-1.660827391711335310e-01
-3.400153009222522393e-01
-3.828151339022332067e-01
-2.936555540086554505e-01
-2.214767141390122096e-01
-3.438769929103410172e-01
-6.613269668689425451e-01
-8.990083843463352320e-01
-6.757457841486441685e-01
1.361616039267541378e-01
1.186783243656100106e+00
1.842040033766721763e+00
1.682321075581591163e+00
8.429299756443314751e-01
-1.330208747515857493e-01
-7.569969266595051316e-01
-9.130661220232622055e-01
-7.946006693948350907e-01
-6.294531095850474101e-01
-4.970425815945469505e-01
-3.525479539926494876e-01
-1.518024223136431039e-01
7.305576932139618007e-02
2.415895468724887918e-01
3.081769580235029782e-01
3.101590833718923523e-01
3.249082879083249331e-01
3.723138256751076236e-01
3.725721648962088683e-01
2.269096367194479713e-01
-5.124773581308242343e-02
-3.062875513434222263e-01
-3.660375065005783135e-01
-2.038392771758509303e-01
2.941107510678996062e-02
1.408226780162445402e-01
7.237977178174639925e-02
-5.130503296108617634e-02
-6.132880211271788534e-02
5.469863517065318148e-02
9.840573338406599646e-02
-1.528479321588289697e-01
-6.649608910463096212e-01
-1.060595537045431858e+00
-8.831707316881012293e-01
-2.720543599483393749e-02
1.074211674794569804e+00
1.737153321042790299e+00
1.560705700701499721e+00
7.202969189547759887e-01
-2.217236119473602329e-01
-7.685282337942820341e-01
-7.984429621292592483e-01
-5.282715903752546183e-01
-2.437454596383460959e-01
-6.595793489440907043e-02
5.912574586439375834e-02
1.822204960228596127e-01
1.960974825988087145e-01
-9.643739987448041173e-02
-7.119533110508684537e-01
-1.290534875240882950e+00
-1.273560393845299288e+00
-4.064793894112237460e-01
9.099714283632482914e-01
1.859324680974370647e+00
1.876816417054119945e+00
1.085772947533664823e+00
9.611325151803373767e-02
-5.487594795077477272e-01
-7.056496701768649737e-01
-5.415112413787123158e-01
-2.759111658135198208e-01
-5.331512390663623036e-02
3.572707732412591652e-02
-5.774375900038952736e-02
-2.858324101085329971e-01
-4.857220726729988280e-01
-4.824018492996876573e-01
-2.352534896301038403e-01
1.173142702716752361e-01
3.597870131445553010e-01
3.604179197883893848e-01
1.689270469946914655e-01
-1.848477910213361386e-02
-1.248377401882078130e-02
2.018386562721190269e-01
4.314191507337699072e-01
4.371594883111423746e-01
1.616665577327319192e-01
-2.041529812406666644e-01
-3.961687995070412027e-01
-3.195485379967654693e-01
-1.130860609643489501e-01
1.318936233346272580e-02
-2.068180943361447310e-02
-1.263035406316302400e-01
-1.745428213162709130e-01
-1.239991958636735697e-01
-2.421265891992603614e-02
6.939812910561959924e-02
1.480604710751637909e-01
2.192701119127584974e-01
2.580360269698150355e-01
2.194184979249284018e-01
9.811300323085821173e-02
-4.974861577221686981e-02
-1.574072192810456738e-01
-2.072262858353631221e-01
-2.253693273072976400e-01
-2.255768527923472933e-01
-1.811028922157106869e-01
-6.243594038595964846e-02
1.080964667404482327e-01
2.541100637783775817e-01
3.036519597695401806e-01
2.517821932509045624e-01
1.634081699539553512e-01
1.035118946801056872e-01
5.464438951311637038e-02
-8.295178276910308846e-02
-3.715181675486869395e-01
-6.929060973366240050e-01
-7.596706860142157236e-01
-3.487703969670977733e-01
4.262700156713696842e-01
1.114268466999407181e+00
1.274742518943932090e+00
8.512840962485659357e-01
1.684596641280867724e-01
-4.329309884367948946e-01
-8.799615644623146604e-01
-1.243589728415100737e+00
-1.417812837191619879e+00
-1.094257192311747229e+00
-1.524154314953052314e-01
1.002022917906998600e+00
1.646870948666397494e+00
1.367721392055519569e+00
4.443374053427691095e-01
-4.102722530114159549e-01
-6.709907355569940668e-01
-3.676771035890741279e-01
7.807054380547365224e-02
2.877745717198325059e-01
1.994860214120147135e-01
1.103283907890981186e-03
-1.136145050759162223e-01
-1.009138668674177258e-01
-3.181295282210133690e-02
2.746691599982130361e-02
6.082498762066687603e-02
4.033068189163671602e-02
-1.196823869435585941e-01
-4.677749486146712821e-01
-8.506841492704326768e-01
-9.212033370057989279e-01
-4.288803809758644503e-01
4.567471661091209167e-01
1.180197385074946759e+00
1.242518871361111721e+00
6.381891861918704834e-01
-1.522905884481913219e-01
-5.902974727627543494e-01
-4.946986375873865249e-01
-9.221418129216685244e-02
2.511001307595893683e-01
3.201535510590531874e-01
1.463844084580840643e-01
-9.098459237410647105e-02
-2.282221550493924167e-01
-2.160501079617871967e-01
-1.056381299389807515e-01
2.828121982324352524e-02
1.380444811869096233e-01
1.959869147338942075e-01
1.769341331814785478e-01
7.411167894407197365e-02
-7.645390977151725331e-02
-2.129042439049193547e-01
-3.013876502146670688e-01
-3.661544382329218750e-01
-4.482446954171768194e-01
-5.204696438254587942e-01
-4.578404557335188363e-01
-1.382814826648145479e-01
3.925159863124443316e-01
8.743235566260461056e-01
1.005115036772739057e+00
7.056322459006547643e-01
2.200365225340171205e-01
-7.458731650655325840e-02
-8.084154856015102197e-04
2.565152378871328742e-01
3.348368135004038404e-01
5.759556227044326793e-02
-3.984722326854885921e-01
-7.112575932649012334e-01
-7.594059032622814120e-01
-7.123912776162363292e-01
-7.668396406051076752e-01
-8.455783017009805835e-01
-6.335639680322935341e-01
5.260333590529642223e-02
9.662342833142543164e-01
1.565157788344311740e+00
1.473242499490898139e+00
8.004846789957209552e-01
1.809688814751397867e-02
-4.406348850657239025e-01
-4.600026833799443216e-01
-2.198994144292618358e-01
5.424142185491226398e-03
3.441433838013735480e-02
-1.374471123286982177e-01
-3.645828243697266102e-01
-4.683256929668553337e-01
-3.725392017992091853e-01
-1.525257398238775708e-01
4.240968646560186461e-02
1.129360472685916883e-01
6.553335878109486923e-02
-2.790580111469435909e-02
-9.933056659777639297e-02
-1.146370214427874790e-01
-6.377830823702709817e-02
5.042990191278501344e-02
2.089239212894179465e-01
3.744232449020284403e-01
5.003500050571955127e-01
5.422606099450428818e-01
4.709882097950306989e-01
2.939497204916795003e-01
6.775678366643816952e-02
-1.328375005003896714e-01
-2.870365732787070190e-01
-4.672776630748729509e-01
-7.606483742436129791e-01
-1.102527520634887681e+00
-1.208785130115701101e+00
-7.727364384892638771e-01
1.863460060355328629e-01
1.194005528218049950e+00
1.635032479605689426e+00
1.261946848842982583e+00
3.998924500415764749e-01
-3.484186604028634560e-01
-5.934354411800520923e-01
-3.936415438315991056e-01
-8.438244941183802028e-02
6.466669526723023420e-02
2.825576263984511116e-02
-6.715692988763447002e-02
-1.297292501732606462e-01
-1.613300967730213753e-01
-1.778963739961685331e-01
-1.529093520811945217e-01
-6.826159817634946947e-02
2.853903779905228588e-02
7.122425626323593273e-02
6.509676105228744125e-02
7.989194411510178173e-02
1.432299257372111334e-01
1.851084353264673688e-01
1.211903003018305613e-01
-2.933423817143060441e-02
-1.469835349957409887e-01
-1.356704370922686143e-01
-1.764640017598223531e-02
1.025663286004691449e-01
1.453354115593554763e-01
1.084806136331467052e-01
3.053806833692326861e-02
-6.185039097714889467e-02
-1.556353550696412680e-01
-2.218319105040770789e-01
-2.155055157132121368e-01
-1.176740055769619347e-01
3.000567349405237894e-02
1.435654584192277428e-01
1.594688621963084862e-01
8.903174953441013451e-02
1.310948858281937857e-02
1.341857808982241385e-02
9.804171696251126611e-02
1.915463580605207827e-01
2.001104731574379902e-01
8.985541291852919277e-02
-8.923394381880450643e-02
-2.440925004733472126e-01
-3.034232741702200808e-01
-2.599843515121286197e-01
-1.649919666394163709e-01
-7.940795698901724486e-02
-2.070453229435355313e-02
4.399967444612246092e-02
1.461288078551652991e-01
2.576925602373298929e-01
2.988119730831687582e-01
2.206051462207965219e-01
8.472375952181426806e-02
3.914416745675994291e-02
1.742955104308643310e-01
3.758798476834654401e-01
3.477190008065371152e-01
-1.373828398377234805e-01
-9.398823318112722314e-01
-1.526639003517237025e+00
-1.350763536158724243e+00
-3.603452136788068971e-01
8.653708703497906551e-01
1.553594469090965990e+00
1.365042879935337794e+00
6.109152542675770903e-01
-1.066126533287532485e-01
-4.176254824490133188e-01
-3.793866032047392700e-01
-2.653553215709467672e-01
-2.492831086019619558e-01
-2.848700326654080572e-01
-2.260804496437469613e-01
-1.757007417709210984e-02
2.355635423500231362e-01
3.663427303262132839e-01
2.983560130504931962e-01
1.029213639262749336e-01
-7.698438175227724500e-02
-1.447346239324319717e-01
-1.009175472927428818e-01
-1.024742442804001119e-02
4.462174597402615572e-02
-2.566283907914990170e-02
-2.901195181661010980e-01
-6.959733054209269465e-01
-9.836492531209293233e-01
-8.067013213150193707e-01
-5.525589456789048448e-02
9.340734927894025486e-01
1.582581000168503227e+00
1.544444065552711631e+00
9.658418297579366429e-01
2.761132953474818574e-01
-2.130507640687884230e-01
-4.692595155948907637e-01
-5.884724435866753867e-01
-6.197701601893947920e-01
-5.864993989734305080e-01
-5.874623681946045117e-01
-7.369584866577586491e-01
-9.586706515494014536e-01
-9.309853851058699226e-01
-3.679266778598473397e-01
6.106112995065258175e-01
1.467911488288721644e+00
1.688995024318912463e+00
1.228626231241700228e+00
4.995140438495148105e-01
-4.587720977818832147e-02
-2.685823716407150230e-01
-3.186840405756181105e-01
-3.722999763425856590e-01
-4.570354096138958266e-01
-4.959634426240112082e-01
-4.417193695209015170e-01
-3.300046693723014402e-01
-2.239529414321001499e-01
-1.475373529788589766e-01
-8.825943868685431903e-02
-3.778400220311481372e-02
7.663538889002619037e-03
8.336415441430433670e-02
2.432815428737582497e-01
4.746782180863040601e-01
6.485469675741910578e-01
6.098374213252870657e-01
3.382593264671141520e-01
-7.853712774871068891e-03
-2.344270507479440380e-01
-2.882054143220996179e-01
-2.706428713176548539e-01
-2.889271259532301128e-01
-3.334924595911824552e-01
-3.208763585859441547e-01
-2.244506539969382264e-01
-1.139034371420922787e-01
-5.902706116536199366e-02
-3.365755630308517321e-02
5.334430857033306550e-02
2.396826398465026764e-01
4.458451542301257731e-01
5.370235515988264208e-01
4.412962693447112228e-01
2.048031405359793666e-01
-5.603324504429313402e-02
-2.424213862347478488e-01
-3.231532568227449831e-01
-3.272701473894738533e-01
-3.056238660340440116e-01
-2.901545343955719281e-01
-2.718267358429833358e-01
-2.122677264356346016e-01
-8.489351027884019241e-02
8.823074275483133722e-02
2.459840556100757469e-01
3.460298055440622078e-01
4.087257595063866766e-01
4.810217476022506378e-01
5.492342576602112780e-01
5.177710182267347694e-01
3.080144212761400935e-01
-3.547761353776957005e-02
-3.821178091924228859e-01
-6.594158626182037297e-01
-8.967100055985216533e-01
-1.083447083724862203e+00
-1.047413241344195445e+00
-5.922020295666351464e-01
2.089329124669907500e-01
9.436578534951550745e-01
1.180917673248442989e+00
8.674068970197390538e-01
3.639326626125674591e-01
8.288474080434837798e-02
1.159149858777375475e-01
2.190889664543530513e-01
1.242975291807624227e-01
-1.747898439989468145e-01
-4.430748227170635545e-01
-4.669981811764881696e-01
-2.616665626147287593e-01
-2.664954901792782049e-02
6.111191186851910873e-02
-1.182267564393157944e-02
-1.337982337585619241e-01
-2.007340440952328497e-01
-1.939527070654457619e-01
-1.521593200479074148e-01
-1.037503992797380314e-01
-3.893280381803014556e-02
6.613834602231583037e-02
2.115656070096670893e-01
3.571044776365648321e-01
4.371024730255747559e-01
3.992055435912028605e-01
2.443322334801278362e-01
3.628862078384900713e-02
-1.356142225469493534e-01
-2.168197855211084490e-01
-2.173473410379215820e-01
-1.832023486422892367e-01
-1.455268105274868939e-01
-1.083621112844642131e-01
-8.015036082091456238e-02
-8.911908724297235018e-02
-1.445296885934388986e-01
-1.918284158424644059e-01
-1.388664865684168803e-01
5.065722966587210552e-02
2.958868302938853501e-01
4.503963878489596340e-01
4.239988829269648596e-01
2.518973529449707871e-01
4.761183976430874432e-02
-1.010286531418303213e-01
-1.847720614917566229e-01
-2.344909201219310124e-01
-2.572372229770569785e-01
-2.350498800988409520e-01
-1.787636244610810721e-01
-1.392354180328902458e-01
-1.351923573082340901e-01
-9.666406832620946799e-02
6.618898926670446770e-02
3.258672947358441374e-01
5.115697717709992709e-01
4.606734131710601421e-01
1.910672094898263340e-01
-1.047818261762485936e-01
-2.409242114942762303e-01
-1.939881151753355404e-01
-8.143281582944406072e-02
-2.205278233040311453e-02
-4.301398489895984223e-02
-9.731697028896542367e-02
-1.230811512495446208e-01
-7.592616123604242762e-02
5.411009187654880481e-02
2.153087994711378461e-01
2.937681177295876633e-01
1.900722932628218231e-01
-7.085176657349523399e-02
-3.246315683147897868e-01
-4.068180639232001905e-01
-3.273521533005404605e-01
-2.767172570342771865e-01
-4.068013992288492808e-01
-5.905361536980472392e-01
-4.553206816489904774e-01
2.578182109965563296e-01
1.337938155822666619e+00
2.159140793880325759e+00
2.157057514504230333e+00
1.269860814826619055e+00
-8.032465016391676649e-02
-1.373776246874353735e+00
-2.287455604140731680e+00
-2.653121348693257442e+00
-2.311017177408881018e+00
-1.190238458403557020e+00
4.358286279945036146e-01
1.896348040120924505e+00
2.473786253969592064e+00
1.905483612760585643e+00
5.969867038730201081e-01
-6.391286132540773268e-01
-1.120506029893636457e+00
-7.218117675148062462e-01
1.030178453602558220e-01
7.026946436880339153e-01
7.033600728918036893e-01
2.024626274715298768e-01
-4.154034174267565716e-01
-8.035019058486104759e-01
-8.365968654827712347e-01
-5.883382824887339879e-01
-2.179980398906787853e-01
1.218111393598926839e-01
3.321042480892610338e-01
3.870109105569716768e-01
3.293887653581374364e-01
2.357213326574757462e-01
1.648135166589585754e-01
1.262249628914133559e-01
9.296266397695089612e-02
4.574132504587039016e-02
3.292306154083962655e-03
-8.774951171937328542e-04
2.382695656630068326e-02
9.995061641339564318e-03
-9.708244300873142274e-02
-2.542594443099190915e-01
-3.377508645080760097e-01
-2.655747689586601679e-01
-8.759566198657101066e-02
6.688055109723499425e-02
1.223481774176560510e-01
1.143609928922874330e-01
1.134729609881195145e-01
1.212688127709240504e-01
7.202915754779692925e-02
-6.010843276921494505e-02
-1.848106420369911573e-01
-1.624868652522137857e-01
3.751968923827606051e-02
2.589605441640077110e-01
2.700800588932979474e-01
-1.075072500037943524e-02
-3.818738289036294753e-01
-4.766482713923680947e-01
-7.944617019965467819e-02
6.265670096572607539e-01
1.139785907467377069e+00
1.027781242621281343e+00
2.885786922396737508e-01
-6.472749647423292618e-01
-1.262336034259486706e+00
-1.314123946894698136e+00
-9.166687535193609460e-01
-3.505652844124065859e-01
1.613744442367074372e-01
5.250238050158931857e-01
7.127896930537847009e-01
7.057767935511292112e-01
5.094121780264813104e-01
1.924944113817865787e-01
-1.150569742026549547e-01
-2.688294131790163188e-01
-1.821136995290854044e-01
9.488945614123017736e-02
3.589505330743986145e-01
3.798276513882682393e-01
1.000348106816128513e-01
-2.983653760636166830e-01
-5.526050293143264236e-01
-5.398349770330617137e-01
-3.369473928508139871e-01
-1.008635464691682027e-01
6.615423335481623868e-02
1.452238863003159630e-01
1.565112857086723430e-01
1.277884989740200039e-01
9.502312360914391687e-02
9.684771734294053691e-02
1.454409477020606190e-01
2.050439203651949205e-01
2.141923251717526844e-01
1.405038733183894828e-01
1.358564480078394698e-02
-1.015963926593816125e-01
-1.639423147082025023e-01
-1.841964300175134017e-01
-1.958541875402289856e-01
-2.100426455392862823e-01
-2.095454138974024716e-01
-1.823880169847690302e-01
-1.410020267269725958e-01
-9.460210413872413571e-02
-1.851309784982105300e-02
1.171002321714221805e-01
2.823453351465655126e-01
3.846129842329665816e-01
3.607961123526090552e-01
2.616860593364765952e-01
2.103631222534771694e-01
2.601516974421785866e-01
3.050089335686468339e-01
1.577854279439428464e-01
-2.493749496283936828e-01
-7.255754734958156371e-01
-9.131552911381174420e-01
-5.883120687667257043e-01
8.764993474183491173e-02
6.402052605746875180e-01
6.576884061072979515e-01
1.373229191655743753e-01
-5.137335871813494270e-01
-8.110036917147209756e-01
-5.641201910864480640e-01
1.032365692823677961e-02
4.997551333596394474e-01
6.278588179474717812e-01
4.183691818923149230e-01
8.364441178339304672e-02
-1.918037978160868628e-01
-3.370955200638190430e-01
-3.254252750671789984e-01
-1.260769036041651803e-01
2.222154643642099137e-01
5.465965144323107205e-01
6.429828354875383178e-01
4.707686260466468764e-01
2.027516370338119378e-01
5.061657993146834178e-02
5.774706924034905819e-02
8.694042453099309897e-02
-2.161642378246952934e-04
-1.873425058830952006e-01
-3.453542559808213674e-01
-4.172205278525047967e-01
-5.239797991135300981e-01
-8.409308131463193448e-01
-1.336185586623312327e+00
-1.649716202952914879e+00
-1.314043735406883240e+00
-1.904115714754452959e-01
1.287537376978851178e+00
2.360343667291625369e+00
2.506005110357066634e+00
1.806722885754636909e+00
8.026522691256215980e-01
2.725108901482986568e-02
-3.323300478418085291e-01
-4.224154091897383001e-01
-4.812619922422385343e-01
-6.238401463432169392e-01
-7.982964401146399602e-01
-8.857189292436939976e-01
-8.184905128594912593e-01
-6.176674272012296907e-01
-3.501267344135227666e-01
-7.715985692946658592e-02
1.550675271928456667e-01
3.016206523563432218e-01
3.289248883143621738e-01
2.550585901173714753e-01
1.668477137397619825e-01
1.658690284916635727e-01
2.784278161516208772e-01
4.239378013382820720e-01
4.822285228280714930e-01
3.926916754017415467e-01
1.896540364673421908e-01
-4.347158826878777527e-02
-2.355596757569939914e-01
-3.470659587001848068e-01
-3.632999344294052246e-01
-3.037186547042478035e-01
-2.298811717970687674e-01
-2.002810205333898641e-01
-1.969823407734686838e-01
-1.273087364047452708e-01
6.860748922108383940e-02
3.219148929411806415e-01
4.747019459144372622e-01
4.201354217322693652e-01
1.927482234326198252e-01
-7.624220288685662483e-02
-2.747213070821078462e-01
-3.723745274368741032e-01
-3.854103190973767745e-01
-3.164355684294580806e-01
-1.606257120698917351e-01
3.599101107069171968e-02
1.728621985645981962e-01
1.923125451016450826e-01
1.683369061703227088e-01
2.413541476339592373e-01
4.322527978440579566e-01
5.601388150745909567e-01
4.094074648477290523e-01
-1.421138651148445842e-02
-4.443792734655050980e-01
-6.003970260797467651e-01
-4.513428746033889549e-01
-2.128824175149490461e-01
-1.007402307046571521e-01
-1.229425100321882985e-01
-1.194185849107880226e-01
2.906239514175340544e-02
2.662045179459470168e-01
4.283335151609005687e-01
4.113758141095055776e-01
2.493033321933353086e-01
4.781456519603380362e-02
-1.195898588967475584e-01
-2.378539359253846741e-01
-3.063443376813525520e-01
-3.140086724918272898e-01
-2.724696452405994673e-01
-2.431759375531807876e-01
-2.813299705396911099e-01
-3.317842202995788803e-01
-2.207348840044410510e-01
1.798072936972995306e-01
7.567115516341151871e-01
1.173967511790862339e+00
1.142734142251332186e+00
6.773035136879493878e-01
6.585689102934977335e-02
-3.924085175853654350e-01
-5.899805883098634407e-01
-5.840971735556368394e-01
-4.576123606772615204e-01
-2.630202682685132132e-01
-6.955509791556518939e-02
1.616730975390795466e-02
-7.853543492484899025e-02
-3.129891466127083799e-01
-5.489380874556515355e-01
-6.504679418795893397e-01
-5.729132703935382320e-01
-3.753376057051201475e-01
-1.650383637545239923e-01
-1.853191289689157598e-02
7.637590576942765441e-02
2.183383137137759611e-01
5.124453271471618443e-01
9.553420178314778743e-01
1.389715773413940259e+00
1.601089250562427235e+00
1.490221371608168033e+00
1.151861623852566741e+00
7.728881868972637958e-01
4.577185874347199368e-01
1.633042554581288219e-01
-2.136102000718860250e-01
-7.251488877391825127e-01
-1.347120797561682348e+00
-1.997631987729273195e+00
-2.521678605237853255e+00
-2.698862490690342675e+00
-2.381792190490821248e+00
-1.687371562933019487e+00
-9.965679696308598068e-01
-6.713455156121663769e-01
-7.257137413634735523e-01
-7.787981069060925243e-01
-3.567729017048786311e-01
7.135053289223192152e-01
2.156014721880912255e+00
3.468586156255791586e+00
4.326132039911215088e+00
4.804228681432656245e+00
5.201594303238287864e+00
5.607880497169396961e+00
5.650105423137988581e+00
4.732521179602084516e+00
2.581580043724834184e+00
-4.797854143257529458e-01
-3.858952599896674940e+00
-7.242226577242605323e+00
-1.064120945531067441e+01
-1.375955520113097919e+01
-1.541120043685835661e+01
-1.390752123303310839e+01
-8.407790168130777175e+00
-6.942248655998639606e-02
