77.61
70.46
70.22
68.94
61.59
70.66
64.72
64.40
85.76
64.09
69.95
67.83
78.10
70.61
68.78
63.34
88.05
71.60
68.85
63.65
77.46
67.39
77.28
71.33
84.83
84.64
80.79
71.73
74.82
69.79
74.00
73.47
69.99
67.98
70.77
66.77
73.37
60.49
71.12
63.34
78.11
81.67
70.83
62.77
77.55
66.04
70.76
58.44
71.34
67.47
74.72
65.18
63.95
76.93
74.80
66.23
68.96
74.04
78.52
66.63
67.11
64.78
67.89
62.74
96.93
70.41
72.12
72.83
65.03
66.09
66.00
70.28
77.15
64.09
72.78
67.31
76.29
87.19
73.94
76.78
85.19
74.22
76.39
63.86
70.67
54.44
72.75
70.86
72.66
64.07
80.71
58.47
76.40
95.39
74.11
65.20
61.68
62.73
69.97
70.67
69.05
65.76
70.65
70.41
74.13
61.80
64.91
71.34
64.88
66.38
70.03
62.76
78.44
67.96
72.23
67.41
82.15
70.68
71.86
75.63
81.56
68.93
70.65
76.53
68.74
68.97
64.88
63.95
84.24
75.82
71.25
72.15
66.09
68.56
115.35
73.18
64.34
66.38
52.19
70.40
63.02
