-8.463133126497268677e-02
-7.596038281917572021e-02
-1.054990738630294800e-01
-2.559345960617065430e-02
1.747107016853988171e-03
-4.853432998061180115e-03
2.245964948087930679e-03
3.324594348669052124e-02
5.101816728711128235e-02
1.045417599380016327e-02
1.551111228764057159e-02
1.062310263514518738e-01
5.228522419929504395e-02
-3.803842514753341675e-02
-5.047974362969398499e-02
-7.229712605476379395e-02
-5.038959905505180359e-02
-6.482765078544616699e-02
6.583419162780046463e-03
5.482430756092071533e-02
5.030393227934837341e-02
7.395555824041366577e-02
2.468673512339591980e-02
9.899767488241195679e-02
-2.149626240134239197e-02
3.750354796648025513e-02
1.082503125071525574e-01
1.108052581548690796e-01
6.971725076436996460e-02
4.416811093688011169e-02
8.939524739980697632e-02
8.310069143772125244e-02
6.538955122232437134e-02
3.982254117727279663e-02
3.243218734860420227e-02
-2.508106455206871033e-02
-7.577009499073028564e-02
-1.875621639192104340e-02
8.554491400718688965e-02
-3.261298313736915588e-02
-8.314190059900283813e-02
-1.014782935380935669e-01
-2.796022221446037292e-02
2.781908959150314331e-02
1.229975931346416473e-02
5.070043355226516724e-02
-2.499736100435256958e-02
7.238345593214035034e-02
2.688021063804626465e-01
2.374353855848312378e-01
2.133992165327072144e-01
9.391818940639495850e-02
5.232512950897216797e-03
1.193586643785238266e-02
1.574093848466873169e-01
1.211048364639282227e-01
-3.893669694662094116e-02
-2.051460891962051392e-01
-2.500829100608825684e-01
-1.734361201524734497e-01
-1.550445407629013062e-01
-1.067745089530944824e-01
-4.797777533531188965e-02
1.337584014981985092e-02
-4.725109785795211792e-03
-7.451889663934707642e-02
2.148717083036899567e-02
-1.969735836610198021e-03
1.989903487265110016e-02
5.863441154360771179e-02
4.653311148285865784e-02
5.051290499977767467e-04
-4.486823920160531998e-03
1.597941480576992035e-02
-7.189455442130565643e-03
-4.205670580267906189e-02
-2.644262276589870453e-02
-9.089928120374679565e-03
4.991021705791354179e-04
3.537384048104286194e-02
3.000058000907301903e-03
-2.091703563928604126e-02
1.173720788210630417e-02
3.078683512285351753e-04
2.978947712108492851e-03
-1.022535040974617004e-01
-9.265807457268238068e-03
-5.093163251876831055e-02
-6.140645965933799744e-02
-1.024733018130064011e-02
9.227113798260688782e-03
1.217030547559261322e-02
-2.147868974134325981e-03
8.513326756656169891e-03
2.135206572711467743e-02
4.630518611520528793e-03
-3.312558308243751526e-02
-4.228005185723304749e-02
-5.835751816630363464e-02
-8.917481452226638794e-02
-1.143170297145843506e-01
-1.068347841501235962e-01
-1.127031072974205017e-01
-4.895481839776039124e-02
3.573220968246459961e-02
9.815578348934650421e-03
-2.702054381370544434e-02
1.586092077195644379e-02
2.933143638074398041e-02
3.432122245430946350e-02
-8.658163249492645264e-02
2.670325897634029388e-02
-3.771607531234622002e-03
-1.907123439013957977e-02
3.539098799228668213e-02
3.267733007669448853e-02
1.703348197042942047e-02
2.805338613688945770e-02
5.292387679219245911e-02
3.950385376811027527e-02
9.277406148612499237e-03
8.394388481974601746e-03
2.784044295549392700e-02
3.440273180603981018e-02
1.809985749423503876e-02
3.267192468047142029e-02
5.588642880320549011e-02
1.829571090638637543e-02
4.614036530256271362e-02
-3.878537937998771667e-02
-1.894719433039426804e-03
-4.349998384714126587e-02
2.519265748560428619e-02
-5.742119997739791870e-02
6.781083531677722931e-03
-2.284703217446804047e-02
-2.623418346047401428e-02
2.953078038990497589e-02
3.961635380983352661e-02
1.754593662917613983e-02
2.029936015605926514e-02
6.417263299226760864e-02
6.217566505074501038e-02
2.553009241819381714e-02
1.704175211489200592e-02
3.752756863832473755e-02
3.004072420299053192e-02
-1.392002799548208714e-03
-5.242543295025825500e-03
2.426063828170299530e-02
1.385514438152313232e-02
7.065821439027786255e-02
-5.553288385272026062e-02
-1.012001559138298035e-01
-6.515342742204666138e-02
2.838244475424289703e-02
1.247155293822288513e-02
-1.584689319133758545e-02
2.802824042737483978e-02
-8.339892141520977020e-03
1.130770798772573471e-02
4.803526401519775391e-02
4.253463447093963623e-02
4.677841067314147949e-02
7.166244089603424072e-02
8.236381411552429199e-02
3.766912594437599182e-02
4.996738280169665813e-04
8.999439160106703639e-06
-6.708501838147640228e-03
4.646072629839181900e-03
-1.811774633824825287e-02
-3.121186234056949615e-02
-5.212027463130652905e-04
1.443023886531591415e-02
7.978702336549758911e-02
-5.595861375331878662e-02
-2.738015539944171906e-02
-7.076466083526611328e-02
-7.727242261171340942e-02
-9.347890317440032959e-02
-1.833081692457199097e-01
-8.908442407846450806e-02
-1.049169078469276428e-01
-4.834075272083282471e-02
3.372375294566154480e-02
5.119753256440162659e-02
5.581325665116310120e-02
3.919259086251258850e-02
1.857856102287769318e-02
-2.302486635744571686e-02
-8.275423943996429443e-02
-8.201786875724792480e-02
-4.738106578588485718e-02
-1.844627782702445984e-02
-5.275211483240127563e-02
-3.484607487916946411e-02
2.762007154524326324e-02
5.241330340504646301e-02
5.379226803779602051e-02
1.107569783926010132e-02
-3.255034238100051880e-02
2.139399945735931396e-02
-5.346318334341049194e-02
-1.347585320472717285e-01
-2.475625574588775635e-01
-1.076507791876792908e-01
-9.888117760419845581e-02
4.255632869899272919e-03
8.283045142889022827e-02
1.246017143130302429e-01
1.283743679523468018e-01
1.734999418258666992e-01
1.152558848261833191e-01
2.341067977249622345e-02
-4.801930859684944153e-02
-6.011570245027542114e-02
-3.213448449969291687e-02
-3.501584753394126892e-02
-6.439213454723358154e-02
-4.590927064418792725e-02
-6.352761294692754745e-03
2.584700472652912140e-02
1.819852553308010101e-02
1.274605165235698223e-03
8.084724843502044678e-02
8.025128394365310669e-02
1.110860034823417664e-01
6.583392969332635403e-04
7.965358346700668335e-02
3.870297968387603760e-02
4.227130487561225891e-02
3.894394636154174805e-02
1.798035018146038055e-02
-1.450538448989391327e-02
-2.793974801898002625e-02
1.094420347362756729e-02
-1.336113084107637405e-03
-5.576480180025100708e-02
-3.260961547493934631e-02
1.498967222869396210e-02
6.563432049006223679e-03
2.280523767694830894e-03
-1.512474939227104187e-02
-2.062395028769969940e-02
-1.966153271496295929e-02
-6.750795990228652954e-03
-1.036367267370223999e-01
-2.540775574743747711e-02
-4.529312998056411743e-02
7.293435186147689819e-02
3.089349903166294098e-02
2.223382517695426941e-02
-1.404195185750722885e-02
-2.372623654082417488e-03
6.625436991453170776e-02
3.203802928328514099e-02
-2.625890634953975677e-02
-4.976753517985343933e-02
-3.671304089948534966e-03
-8.652512915432453156e-03
-3.397102653980255127e-02
-2.767218835651874542e-02
2.326629683375358582e-02
6.341193616390228271e-02
5.886448174715042114e-02
6.690511852502822876e-02
7.264603674411773682e-02
6.162985414266586304e-02
1.005313247442245483e-01
-4.434960335493087769e-02
5.597707256674766541e-02
2.826140727847814560e-03
-6.794425100088119507e-02
-1.488175094127655029e-01
-8.193114399909973145e-02
-4.577424377202987671e-02
-7.512556016445159912e-02
-1.145274192094802856e-02
3.429897502064704895e-02
3.668061643838882446e-02
-1.175834424793720245e-02
-2.980095706880092621e-02
5.064913071691989899e-03
2.566946297883987427e-02
-9.801804088056087494e-03
7.402169052511453629e-03
2.764332108199596405e-02
3.580560535192489624e-02
3.521179780364036560e-02
1.427435129880905151e-02
5.066592246294021606e-02
-5.614593159407377243e-03
-1.840866543352603912e-02
3.173743933439254761e-02
-4.985942970961332321e-03
-1.374393999576568604e-01
-1.559951752424240112e-01
2.427870221436023712e-02
3.885937109589576721e-02
7.624235004186630249e-02
7.474167644977569580e-02
1.137571632862091064e-01
8.325228095054626465e-02
6.600194424390792847e-02
6.294441968202590942e-02
5.541359633207321167e-02
4.450438916683197021e-02
3.992733359336853027e-02
6.119256466627120972e-02
4.901324212551116943e-02
8.509719744324684143e-03
-2.275181747972965240e-02
-3.549960628151893616e-02
5.820059776306152344e-02
-7.958130538463592529e-02
-6.601449847221374512e-02
-3.956803679466247559e-02
1.286080456338822842e-03
-4.468386620283126831e-02
-7.963047921657562256e-02
-3.877137973904609680e-02
-4.371347278356552124e-02
2.384274266660213470e-02
4.204453527927398682e-02
6.109498068690299988e-02
6.086596101522445679e-02
9.736924618482589722e-02
9.138302505016326904e-02
3.557807207107543945e-02
-1.557353138923645020e-02
-2.108404412865638733e-03
-1.567398756742477417e-02
-6.923876702785491943e-02
-1.272939592599868774e-01
-1.163248717784881592e-01
-6.322004646062850952e-02
-2.154664602130651474e-03
-1.267450600862503052e-01
-1.836777664721012115e-02
-1.674797385931015015e-02
2.164484746754169464e-02
-3.648901730775833130e-02
5.314484238624572754e-02
-1.036428147926926613e-03
-1.006847713142633438e-02
3.523829206824302673e-02
7.966761477291584015e-03
-5.513025075197219849e-02
-7.718141376972198486e-02
-1.319497730582952499e-02
2.985445316880941391e-03
-2.759825438261032104e-02
-2.323031425476074219e-02
4.081876482814550400e-03
1.492974720895290375e-02
-1.047488674521446228e-02
4.737094976007938385e-03
-2.478289243299514055e-04
3.054672479629516602e-02
-1.069476231932640076e-01
-1.815580326365306973e-04
-2.371392399072647095e-02
4.027034621685743332e-03
-3.021970205008983612e-02
7.804545015096664429e-02
1.219949219375848770e-02
5.777549371123313904e-02
6.042502820491790771e-02
8.202469348907470703e-02
8.229854702949523926e-02
4.192031547427177429e-02
8.888644725084304810e-02
1.099234893918037415e-01
7.120022177696228027e-02
3.337428718805313110e-02
-2.578487060964107513e-02
-5.661087855696678162e-02
-6.130021438002586365e-02
-5.028375610709190369e-02
2.938265353441238403e-02
-4.642570018768310547e-02
1.038193404674530029e-01
1.647219061851501465e-01
9.028713405132293701e-02
1.074205269105732441e-03
3.039409779012203217e-02
-4.507029056549072266e-02
-7.445117831230163574e-02
-6.188393011689186096e-02
-5.206665024161338806e-02
-6.979058682918548584e-02
-7.337045669555664062e-02
3.033533133566379547e-02
7.466943562030792236e-02
4.701125249266624451e-02
5.409562215209007263e-02
4.824199154973030090e-02
2.039609290659427643e-02
1.733678951859474182e-02
5.581682547926902771e-02
1.584347933530807495e-01
7.078328728675842285e-02
1.119956076145172119e-01
5.296731740236282349e-02
2.375042438507080078e-02
-1.283237487077713013e-01
-9.949441254138946533e-02
-1.578156650066375732e-01
-3.003151714801788330e-02
6.617684662342071533e-02
-2.780559286475181580e-02
-1.684668809175491333e-01
-1.590139418840408325e-01
-2.881009131669998169e-02
7.015741616487503052e-02
7.432550936937332153e-02
9.857735782861709595e-02
8.657847344875335693e-02
6.673745810985565186e-02
-1.042120438069105148e-02
-7.142115384340286255e-02
7.989577017724514008e-03
-1.223819702863693237e-01
-1.450158953666687012e-01
-8.051089942455291748e-02
-2.495771646499633789e-02
-1.377039682120084763e-02
-1.152923796325922012e-02
-9.907520376145839691e-03
-1.552025508135557175e-02
8.402146399021148682e-02
1.218848228454589844e-01
1.810133457183837891e-02
-2.716332674026489258e-02
2.838570438325405121e-02
4.951830953359603882e-02
-2.799326181411743164e-02
-5.366696044802665710e-02
-6.177828088402748108e-02
-9.292579442262649536e-02
-6.544225662946701050e-02
-4.548247531056404114e-02
2.373446337878704071e-02
-7.078172639012336731e-03
-5.415037274360656738e-02
5.966427922248840332e-02
2.226740494370460510e-02
3.938688337802886963e-02
1.247599571943283081e-01
1.498707532882690430e-01
6.655071675777435303e-02
1.117634922266006470e-01
1.116970404982566833e-01
2.849037572741508484e-02
-4.667958989739418030e-02
4.122084355913102627e-04
-2.827852033078670502e-03
-2.248816378414630890e-02
-5.098657682538032532e-02
-5.914651229977607727e-02
-4.508500173687934875e-02
-2.530357800424098969e-02
-1.501601771451532841e-03
7.665082812309265137e-04
-3.273364156484603882e-02
1.168334111571311951e-01
1.383119374513626099e-01
1.447456777095794678e-01
4.601059108972549438e-02
5.596314370632171631e-02
-2.829686924815177917e-02
-3.394200652837753296e-02
-7.934031635522842407e-02
-7.113210111856460571e-02
-7.933863252401351929e-02
-1.321043260395526886e-02
2.850901708006858826e-02
3.511690348386764526e-02
3.310110419988632202e-02
4.581538587808609009e-02
4.991446807980537415e-02
8.750045672059059143e-03
-6.870417855679988861e-03
6.575700640678405762e-02
-2.224997803568840027e-02
-6.193245574831962585e-02
-2.248672209680080414e-02
3.686899319291114807e-02
1.327774524688720703e-01
1.330545544624328613e-01
1.339485645294189453e-01
6.154900044202804565e-02
8.410716801881790161e-02
6.433318555355072021e-02
3.316625207662582397e-02
-5.821474641561508179e-02
-8.421611040830612183e-02
-3.715260699391365051e-02
-4.393655061721801758e-02
-5.894272029399871826e-02
-3.437144681811332703e-02
6.220595678314566612e-04
1.271006371825933456e-02
-2.934660576283931732e-02
-7.418039441108703613e-02
-2.656424976885318756e-02
-7.345876097679138184e-02
-1.828652471303939819e-01
-8.571656793355941772e-02
-8.496232330799102783e-02
-2.905213460326194763e-02
-6.958425045013427734e-02
2.016792260110378265e-02
-4.521201550960540771e-02
2.369671314954757690e-02
4.744343832135200500e-02
2.076546102762222290e-02
-2.139391563832759857e-02
-1.850776001811027527e-02
-7.237055338919162750e-03
-2.592161856591701508e-02
-4.505220800638198853e-02
-3.203538432717323303e-02
-5.823467392474412918e-03
-1.280272006988525391e-02
1.774967764504253864e-03
6.243105977773666382e-02
1.411778330802917480e-01
4.532589763402938843e-02
-1.068482547998428345e-02
8.353966474533081055e-02
5.025940760970115662e-02
2.293899096548557281e-02
-4.304710775613784790e-02
-3.343243524432182312e-02
-6.997448951005935669e-02
2.375206351280212402e-02
4.763413593173027039e-02
2.470231801271438599e-02
-3.701639175415039062e-02
1.123136607930064201e-04
4.082573205232620239e-02
1.045458391308784485e-02
-2.392764389514923096e-02
-1.726150326430797577e-02
-4.763494711369276047e-03
-2.294492535293102264e-02
-1.927563175559043884e-02
2.280866168439388275e-02
1.338191926479339600e-01
1.666819676756858826e-02
2.478237450122833252e-02
4.538115113973617554e-02
6.231679394841194153e-02
4.171090573072433472e-02
1.695557683706283569e-02
2.560385502874851227e-02
-1.138846576213836670e-02
3.710399195551872253e-02
1.962212845683097839e-02
1.554533839225769043e-02
-1.197993289679288864e-02
-1.966853160411119461e-03
2.080361545085906982e-02
8.246826939284801483e-03
1.181233301758766174e-02
3.170067444443702698e-02
5.852170288562774658e-02
5.403415113687515259e-02
3.061687946319580078e-02
5.868148989975452423e-03
8.748859167098999023e-02
4.974182695150375366e-03
-3.763029351830482483e-02
2.457436732947826385e-02
-1.918925717473030090e-02
-1.594403013586997986e-02
-7.357326149940490723e-02
1.806804724037647247e-02
-5.208199098706245422e-02
-2.439461089670658112e-02
-2.708729729056358337e-02
-2.963026240468025208e-02
-4.151295870542526245e-02
-1.858475431799888611e-02
-2.185859903693199158e-02
-5.563557893037796021e-02
-7.511584460735321045e-02
-4.326277598738670349e-02
-3.809872781857848167e-03
-1.563343778252601624e-02
-5.118503421545028687e-02
-5.843406543135643005e-02
-6.018075719475746155e-02
4.657080024480819702e-02
-1.182360127568244934e-01
-8.980844169855117798e-02
-1.920527778565883636e-02
-3.595476597547531128e-02
-4.570208489894866943e-02
8.421354740858078003e-02
1.801557093858718872e-01
1.811513155698776245e-01
2.177427262067794800e-01
1.802474111318588257e-01
8.930090814828872681e-02
-5.331383273005485535e-02
-1.315883845090866089e-01
-1.678440272808074951e-01
-2.088534384965896606e-01
-1.810117065906524658e-01
-1.045765131711959839e-01
-1.802051998674869537e-02
2.763678319752216339e-02
9.795541316270828247e-02
4.045479372143745422e-02
1.401951164007186890e-01
2.767378687858581543e-01
1.767253875732421875e-01
1.360786706209182739e-01
2.778655849397182465e-02
-5.340472795069217682e-03
-9.762121737003326416e-02
-8.672259747982025146e-02
-1.346716880798339844e-01
-5.333065241575241089e-02
-3.205367922782897949e-02
1.250589452683925629e-02
1.280312519520521164e-02
2.482620067894458771e-02
6.823503226041793823e-02
4.069437831640243530e-02
1.469577569514513016e-02
2.577784471213817596e-02
6.604151427745819092e-02
8.370777219533920288e-02
5.081967636942863464e-02
-2.144305408000946045e-02
-9.435294196009635925e-03
7.778454571962356567e-02
-1.879282668232917786e-02
5.132491700351238251e-03
-4.238134995102882385e-02
-8.608356583863496780e-04
-8.111634850502014160e-02
-4.318638518452644348e-02
-1.172499731183052063e-01
-5.981102585792541504e-02
-3.174962010234594345e-03
2.727337181568145752e-02
9.241871535778045654e-03
2.659424208104610443e-02
6.326491385698318481e-02
3.078729659318923950e-02
-4.215657338500022888e-02
-5.294186994433403015e-02
-1.607240363955497742e-02
-5.246869847178459167e-02
-8.093024045228958130e-02
-6.954747438430786133e-02
8.156540803611278534e-03
2.964211627840995789e-02
-8.894503116607666016e-02
1.368942856788635254e-02
1.880077645182609558e-02
3.223668038845062256e-02
-5.542627722024917603e-02
-1.768227433785796165e-03
-8.361955732107162476e-02
2.378440229222178459e-03
-1.475558150559663773e-02
-2.540227398276329041e-02
-3.522586077451705933e-02
-1.390318572521209717e-02
1.916094310581684113e-02
3.022612771019339561e-03
3.053019568324089050e-02
3.913446143269538879e-02
2.674928866326808929e-02
8.807020261883735657e-03
4.218088090419769287e-02
4.399137571454048157e-02
-1.059708185493946075e-02
-9.783880412578582764e-02
2.953997813165187836e-02
-1.336258463561534882e-02
-2.732433937489986420e-02
-2.229603566229343414e-02
-2.562253735959529877e-02
-9.182836115360260010e-02
-4.214011505246162415e-02
2.245855517685413361e-03
3.814868628978729248e-02
1.131418626755475998e-02
9.765990823507308960e-02
1.332770138978958130e-01
8.230785280466079712e-02
5.855689197778701782e-02
5.910014361143112183e-02
5.920366570353507996e-02
3.772687911987304688e-02
1.026025936007499695e-01
-4.448324814438819885e-02
1.433668658137321472e-02
3.292528912425041199e-02
3.062270581722259521e-02
-4.074707999825477600e-02
2.021013759076595306e-02
-3.101643361151218414e-02
3.732846817001700401e-03
4.226040560752153397e-03
2.936223521828651428e-03
-1.310229394584894180e-02
-1.518283318728208542e-02
2.669713646173477173e-02
3.943986818194389343e-02
1.146591641008853912e-02
2.033686451613903046e-02
2.860122546553611755e-02
-7.209564093500375748e-03
8.237063139677047729e-02
-7.617733627557754517e-02
-4.303415492177009583e-02
-2.296436391770839691e-02
-1.438401266932487488e-02
-5.204676836729049683e-02
2.913547866046428680e-02
-4.394494369626045227e-02
-3.269293345510959625e-03
5.004046112298965454e-02
2.572561241686344147e-02
-2.117177471518516541e-02
-6.077022105455398560e-02
-4.335913807153701782e-02
-4.127866029739379883e-02
-8.354989439249038696e-02
-9.913399070501327515e-02
-7.549603283405303955e-02
-3.459442406892776489e-02
5.564727634191513062e-02
-7.580228149890899658e-02
-5.272632092237472534e-02
4.900627955794334412e-02
1.311795562505722046e-01
1.296339333057403564e-01
3.181742876768112183e-02
-7.173728197813034058e-02
-1.329822186380624771e-02
5.212981253862380981e-02
6.149043329060077667e-04
-3.105330280959606171e-02
-4.326144978404045105e-02
-4.177085310220718384e-02
-5.148665606975555420e-02
-5.305793136358261108e-02
-3.305821493268013000e-02
-7.626625895500183105e-02
-7.655384391546249390e-02
1.611986942589282990e-02
-7.625328004360198975e-02
-8.133000880479812622e-02
1.649794355034828186e-02
2.505969256162643433e-02
2.166868187487125397e-02
1.240105926990509033e-01
4.795361310243606567e-02
1.991240307688713074e-02
9.206861257553100586e-03
2.136285975575447083e-02
1.403267029672861099e-02
-2.972672320902347565e-02
9.247942827641963959e-03
1.605424843728542328e-02
4.362664744257926941e-02
-9.765049442648887634e-03
-6.426561623811721802e-02
-6.682871282100677490e-02
-2.582944184541702271e-02
2.202261053025722504e-02
-8.599413931369781494e-02
-2.132436446845531464e-02
-1.193845644593238831e-02
6.207785010337829590e-02
2.116119302809238434e-02
6.844999641180038452e-02
1.337674818933010101e-02
6.514085829257965088e-02
4.723635688424110413e-02
4.567459970712661743e-02
7.812438532710075378e-03
-8.833220228552818298e-03
1.248238980770111084e-02
-1.247202977538108826e-02
-1.126685366034507751e-02
-5.842607002705335617e-03
2.094911178573966026e-03
-6.219306960701942444e-03
2.569025941193103790e-02
9.378544241189956665e-02
-4.799931868910789490e-02
8.496475405991077423e-03
-1.418449264019727707e-02
1.875157095491886139e-02
-7.280207425355911255e-02
6.490292958915233612e-03
-5.144138261675834656e-02
9.627464227378368378e-03
3.502650186419487000e-02
2.497921511530876160e-02
1.789425313472747803e-02
6.053584162145853043e-03
1.078528445214033127e-02
-2.422402985394001007e-02
-7.712513953447341919e-02
-6.867274641990661621e-02
-6.603127717971801758e-02
-8.992288261651992798e-02
-1.172154098749160767e-01
-8.983407169580459595e-02
1.046027913689613342e-01
-6.187278777360916138e-03
-2.122372202575206757e-02
4.212549701333045959e-02
4.378142207860946655e-02
-2.485087886452674866e-02
-1.996559090912342072e-02
-3.147900849580764771e-02
-4.155111312866210938e-02
1.417530793696641922e-02
1.082697324454784393e-02
-2.149544470012187958e-02
-1.378974877297878265e-02
2.885810844600200653e-02
1.974134519696235657e-02
-1.111252699047327042e-02
2.208952419459819794e-02
6.425982806831598282e-03
-1.593533344566822052e-02
-1.452051009982824326e-02
-2.143731154501438141e-02
4.201372712850570679e-02
-9.729471057653427124e-02
-7.452248781919479370e-02
1.516172289848327637e-02
6.843106821179389954e-04
-8.764072507619857788e-02
-3.984837979078292847e-02
4.529418423771858215e-02
2.522385865449905396e-02
6.050590425729751587e-03
1.414199126884341240e-03
-5.679402127861976624e-02
-1.151618361473083496e-01
-5.015511438250541687e-02
-1.545987557619810104e-02
-2.511245012283325195e-02
1.196705969050526619e-03
5.435598641633987427e-02
3.120153397321701050e-02
-3.301551565527915955e-02
-2.489965595304965973e-02
8.086116611957550049e-02
-6.014810875058174133e-02
-3.859342075884342194e-03
5.873930081725120544e-02
9.299124777317047119e-02
4.740982502698898315e-02
9.801203012466430664e-02
8.588273823261260986e-02
7.450689375400543213e-02
9.036404639482498169e-02
7.267256081104278564e-02
5.101568624377250671e-02
1.062906254082918167e-02
3.238870203495025635e-02
2.164812944829463959e-02
-2.663405053317546844e-02
-6.437445990741252899e-03
1.417960692197084427e-02
8.873470127582550049e-03
-1.086308341473340988e-02
-2.400869503617286682e-02
9.801021963357925415e-02
-1.834552735090255737e-02
-1.599505171179771423e-02
3.289677947759628296e-02
4.641154035925865173e-02
1.695683598518371582e-02
3.651340678334236145e-02
6.751806475222110748e-03
-5.007754638791084290e-02
-1.048557925969362259e-02
7.129377219825983047e-03
2.845353446900844574e-03
-7.133875973522663116e-03
2.133422531187534332e-02
3.800012916326522827e-02
3.539054468274116516e-02
1.822884939610958099e-02
2.876524813473224640e-02
3.364635631442070007e-02
-1.667295210063457489e-02
-4.435218125581741333e-02
-3.875796496868133545e-02
-2.538781985640525818e-02
-1.713809520006179810e-01
-7.905253022909164429e-02
-1.031757071614265442e-01
-6.439547240734100342e-02
-1.128555834293365479e-01
-1.503426861017942429e-02
-5.336281284689903259e-02
1.327903289347887039e-02
1.910395361483097076e-02
4.138946067541837692e-03
3.020940814167261124e-03
1.176650077104568481e-02
1.656123250722885132e-02
-1.247653085738420486e-02
-2.089763432741165161e-02
8.862370625138282776e-03
-2.094818046316504478e-03
-2.537167817354202271e-02
-1.069600810296833515e-03
3.418045351281762123e-03
3.510228917002677917e-02
-9.595344960689544678e-02
-4.686417523771524429e-03
-6.314075738191604614e-02
-5.903271585702896118e-02
-1.048892140388488770e-01
9.154785424470901489e-03
-3.154545277357101440e-02
1.023528724908828735e-02
3.624367713928222656e-02
3.706436231732368469e-02
8.198567229555919766e-05
1.455883774906396866e-02
1.627646945416927338e-02
-6.377307698130607605e-03
-9.018660522997379303e-03
-6.292247213423252106e-03
-3.123196028172969818e-02
-2.136911824345588684e-02
-1.511054206639528275e-02
5.488172918558120728e-02
1.640698872506618500e-02
-1.842079125344753265e-02
5.097373947501182556e-02
2.419324405491352081e-02
2.895476482808589935e-02
-3.902143565937876701e-03
7.378827780485153198e-03
-3.512069210410118103e-02
2.144802175462245941e-02
5.087837204337120056e-02
6.970490515232086182e-02
2.176873944699764252e-02
3.893167898058891296e-02
6.222164258360862732e-02
2.339520491659641266e-02
-1.139917504042387009e-02
3.541762707754969597e-03
1.470007654279470444e-02
-1.228785421699285507e-02
-2.744733355939388275e-03
6.649061292409896851e-02
3.068904578685760498e-02
-1.628207229077816010e-02
5.475692823529243469e-02
-2.107611508108675480e-04
1.640627905726432800e-02
-5.554573982954025269e-02
2.176559716463088989e-02
-4.710761457681655884e-02
1.481928955763578415e-02
2.428840473294258118e-02
3.093485161662101746e-02
-1.483073830604553223e-02
-5.250217858701944351e-03
3.985676169395446777e-02
1.002339646220207214e-02
-1.886002533137798309e-02
9.397814981639385223e-03
1.084249000996351242e-02
-7.717628497630357742e-03
-3.998671844601631165e-02
-3.660102561116218567e-02
5.635985359549522400e-02
-1.128129214048385620e-01
-6.246838718652725220e-02
-3.552401438355445862e-02
-3.231489285826683044e-02
-8.865390717983245850e-02
-9.177432954311370850e-02
-5.732453987002372742e-02
-5.529056489467620850e-02
4.556364845484495163e-03
-7.160590961575508118e-03
-1.407549995929002762e-02
1.869418285787105560e-02
4.885580390691757202e-02
3.937839344143867493e-02
-1.304654870182275772e-02
-1.815241575241088867e-02
-4.367606714367866516e-03
-4.172212909907102585e-03
2.001737989485263824e-02
6.450378149747848511e-02
1.335894167423248291e-01
3.228394314646720886e-02
4.665427375584840775e-03
5.781086534261703491e-02
-2.463723160326480865e-02
-1.059600785374641418e-01
-1.306622326374053955e-01
-1.126545295119285583e-01
-1.421567201614379883e-01
-4.517124220728874207e-02
8.879973553121089935e-03
2.839465998113155365e-02
4.055108502507209778e-02
7.149778306484222412e-02
7.780623435974121094e-02
2.167250774800777435e-02
-1.260519726201891899e-03
3.694115905091166496e-03
-5.215336102992296219e-03
-1.898004859685897827e-02
-3.361417353153228760e-02
5.533830076456069946e-02
-3.848238289356231689e-02
-1.560275163501501083e-02
2.061164379119873047e-02
8.086634427309036255e-02
2.891022153198719025e-02
4.488949105143547058e-02
2.926953509449958801e-02
2.393362857401371002e-02
5.711116641759872437e-02
3.930000215768814087e-02
1.415596622973680496e-02
-7.528987713158130646e-03
3.658365085721015930e-02
1.495545823127031326e-02
-9.818091057240962982e-03
3.152325982227921486e-03
1.816368103027343750e-02
4.891227930784225464e-03
-3.342169895768165588e-02
-4.092156514525413513e-02
1.798241399228572845e-02
2.533184736967086792e-02
-6.155090779066085815e-02
-4.476496018469333649e-03
-4.867274686694145203e-02
1.985774002969264984e-02
-8.106978237628936768e-02
-3.535884991288185120e-02
-6.818290054798126221e-02
-1.141051296144723892e-02
1.948702521622180939e-02
1.744276285171508789e-02
2.109231986105442047e-02
4.670676216483116150e-02
1.354213431477546692e-02
-1.322646625339984894e-02
-1.642170175909996033e-02
-3.329600440338253975e-03
-5.774928629398345947e-02
-3.166174516081809998e-02
-2.736530266702175140e-02
-7.240875065326690674e-02
-1.464143395423889160e-02
1.169198825955390930e-01
-2.721028169617056847e-03
4.480703547596931458e-02
3.239892423152923584e-02
6.152345612645149231e-02
-4.373196884989738464e-02
2.550961636006832123e-02
1.306194067001342773e-02
-6.086300686001777649e-02
-4.211938008666038513e-03
8.446434140205383301e-02
5.977508053183555603e-02
-1.471784990280866623e-02
-4.797875508666038513e-02
-6.527103483676910400e-02
-6.692726910114288330e-02
-7.404473423957824707e-02
-5.759565904736518860e-02
-5.373257398605346680e-02
-6.353152543306350708e-02
-1.295879762619733810e-02
3.652618452906608582e-02
2.440028637647628784e-02
-5.983924865722656250e-02
1.842126436531543732e-02
-2.292627468705177307e-02
-2.382349781692028046e-02
-7.557398080825805664e-02
-3.132493235170841217e-03
-2.369402348995208740e-02
3.931311517953872681e-02
3.070473670959472656e-02
1.023243591189384460e-01
3.869032263755798340e-01
3.444725275039672852e-01
2.957803308963775635e-01
2.297345101833343506e-01
8.941056579351425171e-02
-9.616257622838020325e-03
-1.461638957262039185e-01
-3.087509572505950928e-01
-3.790161013603210449e-01
-3.142763078212738037e-01
-1.942855417728424072e-01
-2.133770883083343506e-01
-5.386600643396377563e-02
1.852934947237372398e-03
9.148088842630386353e-02
5.583333596587181091e-02
1.249094232916831970e-01
3.235744684934616089e-02
3.322795778512954712e-02
3.509603068232536316e-02
4.031320661306381226e-02
5.290952045470476151e-03
-5.999352782964706421e-03
2.323627658188343048e-02
3.065183013677597046e-02
1.996289566159248352e-02
3.557969629764556885e-02
5.260806530714035034e-02
3.062754683196544647e-02
8.270696736872196198e-03
-6.919680628925561905e-03
9.345488250255584717e-02
-1.878727041184902191e-02
-2.166778035461902618e-02
-2.714610192924737930e-03
6.802892312407493591e-03
-3.273224085569381714e-02
-3.583457320928573608e-02
-9.943931363523006439e-03
-2.277229353785514832e-02
9.038965217769145966e-03
8.923760615289211273e-03
-2.073798142373561859e-02
-3.805082663893699646e-02
-3.290263563394546509e-02
-3.470848873257637024e-02
-6.448407471179962158e-02
-7.813795655965805054e-02
-3.056650608777999878e-02
7.917324081063270569e-03
-6.331010721623897552e-03
-2.725067920982837677e-02
-2.674093237146735191e-03
7.916185073554515839e-03
8.052068948745727539e-02
-1.822188496589660645e-02
7.791525125503540039e-02
1.989637129008769989e-02
-3.515220806002616882e-02
-1.127088963985443115e-01
1.210816856473684311e-02
-1.763504371047019958e-02
-7.504077162593603134e-03
3.815543279051780701e-02
3.713229671120643616e-02
-1.163644436746835709e-02
-3.848588094115257263e-02
-1.649431698024272919e-02
1.264015305787324905e-02
-1.558597479015588760e-02
-2.489014156162738800e-02
9.179376065731048584e-03
3.291297703981399536e-02
2.716634795069694519e-02
1.875810325145721436e-02
-6.422266364097595215e-03
5.434690788388252258e-02
-1.320502022281289101e-03
-1.817944645881652832e-02
3.049498051404953003e-02
4.250244423747062683e-02
8.447190374135971069e-02
8.716183900833129883e-02
1.035957857966423035e-01
-5.614462308585643768e-03
1.707794703543186188e-02
3.555252775549888611e-02
3.561097756028175354e-02
-2.207189798355102539e-02
-2.570248208940029144e-02
-4.238805547356605530e-02
-4.061071202158927917e-02
-5.980362650007009506e-03
1.787842623889446259e-02
2.978501841425895691e-02
2.937653101980686188e-02
3.990220278501510620e-02
2.690915018320083618e-02
2.350124716758728027e-02
1.038443073630332947e-01
-2.337108552455902100e-02
2.494354546070098877e-02
8.975463919341564178e-03
9.208596311509609222e-03
-4.804512485861778259e-02
-4.511246457695960999e-03
-1.651862449944019318e-02
-2.086860127747058868e-02
2.384379506111145020e-02
3.316187113523483276e-02
1.027368381619453430e-02
-8.495002985000610352e-03
-1.289207767695188522e-02
-4.630323871970176697e-02
-9.150683879852294922e-02
-1.082059219479560852e-01
-7.335761934518814087e-02
-8.771330863237380981e-02
-1.066336631774902344e-01
-9.737370163202285767e-02
-8.796591311693191528e-02
1.644977740943431854e-02
-5.816786363720893860e-02
-7.719946652650833130e-02
5.531925708055496216e-03
-2.487220056354999542e-02
-3.838310018181800842e-02
-6.849551200866699219e-02
-7.979872077703475952e-02
-1.432320773601531982e-01
-4.950881749391555786e-02
6.370272487401962280e-03
1.318453345447778702e-02
-4.465648438781499863e-03
3.483538329601287842e-02
7.302736490964889526e-02
4.293340072035789490e-02
-3.305527614429593086e-03
-6.859729066491127014e-03
-1.606778614223003387e-02
-4.959457740187644958e-02
-3.002250380814075470e-02
-3.104604035615921021e-02
7.258206605911254883e-02
-2.420791052281856537e-02
7.510771602392196655e-02
2.026548422873020172e-02
7.361298054456710815e-02
5.279591679573059082e-02
1.177485138177871704e-01
-1.873945631086826324e-02
-1.197884231805801392e-02
-1.553794089704751968e-02
-2.057421766221523285e-02
-5.761943012475967407e-02
-6.149965524673461914e-02
-7.587090134620666504e-03
8.094693534076213837e-03
-6.268770433962345123e-03
2.624880336225032806e-02
5.010999366641044617e-02
1.159728132188320160e-02
4.776594694703817368e-03
2.322912029922008514e-02
8.095251768827438354e-02
-4.992710053920745850e-02
3.483231738209724426e-02
1.425863709300756454e-02
5.357639119029045105e-02
-2.646540291607379913e-02
6.565243750810623169e-02
1.673148758709430695e-02
3.589943796396255493e-02
4.730051383376121521e-02
6.583258509635925293e-02
5.908099189400672913e-02
3.816015645861625671e-02
6.657183170318603516e-02
4.557982087135314941e-02
1.181982737034559250e-02
2.893823431804776192e-03
2.030836045742034912e-02
-4.118875134736299515e-03
-2.583387680351734161e-02
4.695224016904830933e-02
-6.899569183588027954e-03
-6.359566748142242432e-02
-5.129803903400897980e-03
-1.367599144577980042e-02
4.410621768329292536e-04
-6.355699151754379272e-02
-1.104608061723411083e-03
-2.932618744671344757e-02
3.115703724324703217e-02
2.208855561912059784e-02
-8.884028531610965729e-03
-1.560930907726287842e-02
-1.347657851874828339e-02
-1.307028345763683319e-02
-5.189254879951477051e-02
-8.353640139102935791e-02
-6.788285076618194580e-02
-5.558712407946586609e-02
-6.688016653060913086e-02
-8.451855927705764771e-02
-3.892932087182998657e-02
8.615532517433166504e-02
-5.730183422565460205e-02
-4.327424243092536926e-02
2.885224530473351479e-03
1.163285691291093826e-02
-8.536545932292938232e-02
-5.706837773323059082e-02
-7.547304034233093262e-02
-1.026053801178932190e-01
-7.597055286169052124e-02
8.134561590850353241e-03
6.874445080757141113e-02
6.580917537212371826e-02
1.618592254817485809e-02
7.176351267844438553e-03
-4.169865977019071579e-03
-2.178370719775557518e-03
-2.128334715962409973e-02
-1.158877462148666382e-01
-1.214630827307701111e-01
-5.293802917003631592e-02
2.172043733298778534e-02
9.593477100133895874e-02
1.248815376311540604e-02
-7.272867113351821899e-02
-4.420338198542594910e-02
-1.032546311616897583e-01
-1.323575824499130249e-01
-1.121352165937423706e-01
-1.350679248571395874e-01
-8.208460360765457153e-02
2.059891633689403534e-02
7.776214182376861572e-02
9.802011400461196899e-02
5.665712058544158936e-02
3.744827955961227417e-02
5.535057559609413147e-02
1.242815032601356506e-01
1.682698726654052734e-01
7.315965741872787476e-02
7.964964956045150757e-02
1.175428852438926697e-01
6.219971552491188049e-02
7.632821798324584961e-02
1.097635105252265930e-01
-3.164312615990638733e-02
-1.125901341438293457e-01
-1.969590485095977783e-01
-2.369530200958251953e-01
-2.418967485427856445e-01
-1.575466692447662354e-01
-1.517294645309448242e-01
-6.850043684244155884e-02
4.548090323805809021e-02
1.170251965522766113e-01
1.399935483932495117e-01
1.295678615570068359e-01
1.421861648559570312e-01
1.292985975742340088e-01
7.018578052520751953e-02
8.102389052510261536e-03
-7.665137294679880142e-03
-2.563519775867462158e-02
-5.631101783365011215e-03
5.966711416840553284e-02
-7.139950990676879883e-02
-1.104053761810064316e-02
-2.286652475595474243e-02
2.982484549283981323e-02
-4.192121699452400208e-02
2.500489167869091034e-02
-3.484142571687698364e-02
2.502189390361309052e-02
2.542930655181407928e-02
6.524333357810974121e-02
6.175712868571281433e-02
-2.192054130136966705e-02
-4.781782254576683044e-02
-2.644080109894275665e-02
-6.252391729503870010e-03
9.105390869081020355e-03
4.968441557139158249e-03
-2.323854342103004456e-02
-3.415358439087867737e-02
-2.476616203784942627e-02
9.837453067302703857e-02
2.104484289884567261e-02
-3.641514107584953308e-02
-1.396479457616806030e-02
6.307145114988088608e-03
-2.412625961005687714e-02
-3.102961555123329163e-02
-2.772001922130584717e-02
-6.610816717147827148e-02
-1.165516674518585205e-02
4.058682359755039215e-03
7.713824044913053513e-03
-3.289341460913419724e-03
2.852942049503326416e-02
6.544956564903259277e-02
2.008802816271781921e-02
-3.187620313838124275e-03
-9.559064055792987347e-04
-6.197923794388771057e-03
-3.025612048804759979e-02
-9.145656228065490723e-02
-1.050153225660324097e-01
-4.121048748493194580e-02
-4.697653651237487793e-02
-1.482544690370559692e-01
-5.473827570676803589e-02
-6.468077003955841064e-02
-4.563329368829727173e-02
-7.245863974094390869e-02
-2.410119213163852692e-02
-8.538299053907394409e-02
-1.184948813170194626e-02
2.560089528560638428e-02
2.442215941846370697e-02
-6.944952998310327530e-03
1.143741793930530548e-02
3.077397868037223816e-02
1.151013281196355820e-02
-2.636841870844364166e-02
-1.202219631522893906e-02
1.477316021919250488e-02
-4.681061953306198120e-03
-3.191804513335227966e-02
-4.920320934616029263e-04
1.293047051876783371e-02
2.690394409000873566e-02
-9.468965977430343628e-02
-4.343045409768819809e-03
-3.365851566195487976e-02
-1.736488565802574158e-02
-2.772547304630279541e-02
-1.446476322598755360e-03
-5.436258763074874878e-02
-2.276464737951755524e-02
3.355488413944840431e-03
2.084968052804470062e-02
-1.018979470245540142e-03
5.491869058459997177e-03
3.851289674639701843e-02
3.140924125909805298e-02
9.883945807814598083e-03
2.108348906040191650e-02
2.807629480957984924e-02
2.050798200070858002e-02
8.124139159917831421e-03
1.248093787580728531e-02
9.380165487527847290e-02
3.378692641854286194e-02
8.464804850518703461e-03
5.122163146734237671e-02
2.965254709124565125e-03
6.024674046784639359e-03
-2.732913941144943237e-02
-1.457361225038766861e-02
-5.758117884397506714e-02
-7.015220355242490768e-03
8.746604435145854950e-04
-6.703596562147140503e-03
-2.365103177726268768e-02
-1.123198773711919785e-02
2.434683963656425476e-02
1.609249971807003021e-03
-4.513956233859062195e-02
-4.406612366437911987e-02
-2.874992601573467255e-02
-3.536701947450637817e-02
-5.723060294985771179e-02
-4.594247788190841675e-02
5.232686549425125122e-02
3.786123916506767273e-02
-3.480958566069602966e-02
3.235012292861938477e-02
-2.415201067924499512e-02
1.491184229962527752e-03
-5.802306532859802246e-02
-6.200162228196859360e-03
-5.673426017165184021e-02
-1.245426665991544724e-02
-1.838503638282418251e-03
-7.707884535193443298e-03
-2.185481786727905273e-02
-5.511905997991561890e-03
5.603016354143619537e-03
-6.104004569351673126e-03
-3.646704182028770447e-02
-3.047533892095088959e-02
-2.371237240731716156e-02
-4.366543516516685486e-02
-5.911682173609733582e-02
-7.274816930294036865e-02
2.913104183971881866e-02
-2.023835666477680206e-02
-9.830616414546966553e-02
-5.912125110626220703e-03
-3.537896648049354553e-02
-2.695038355886936188e-02
-3.283945843577384949e-02
2.720576012507081032e-03
-3.109258413314819336e-02
3.460137173533439636e-02
2.013905346393585205e-02
9.698661975562572479e-03
-1.281727221794426441e-03
1.609592512249946594e-02
1.455258391797542572e-02
-1.536262128502130508e-02
-1.269720308482646942e-02
-1.156708225607872009e-02
-4.102354124188423157e-02
-3.996055573225021362e-02
-1.824429444968700409e-02
7.032603491097688675e-03
2.204593271017074585e-03
-9.103848785161972046e-02
-6.572119425982236862e-03
-5.735415592789649963e-02
-9.259007126092910767e-02
-1.158754453063011169e-01
-7.014537602663040161e-02
-3.800285980105400085e-02
5.583133921027183533e-02
6.426323205232620239e-02
4.273674637079238892e-02
-9.219604544341564178e-03
-8.606330491602420807e-03
-7.904294878244400024e-03
-2.465294301509857178e-02
-1.382136344909667969e-02
1.626464538276195526e-02
3.521772474050521851e-02
3.212505951523780823e-02
3.896008804440498352e-02
8.629667013883590698e-02
5.978794768452644348e-03
-6.294129043817520142e-02
-1.884916611015796661e-02
-5.616684257984161377e-02
-3.766059502959251404e-02
-2.142619155347347260e-02
2.634148858487606049e-02
-8.235969580709934235e-03
5.527132377028465271e-02
6.192796677350997925e-02
6.855325400829315186e-02
2.815032936632633209e-02
3.960877284407615662e-02
4.453097283840179443e-02
2.554052881896495819e-02
2.760599367320537567e-03
1.096033491194248199e-02
2.084497176110744476e-02
-1.598124578595161438e-02
-4.530177637934684753e-02
5.543518066406250000e-02
-4.465270787477493286e-03
-6.595776975154876709e-02
1.539868209511041641e-02
-1.933885179460048676e-02
1.073453016579151154e-02
-3.601517528295516968e-02
2.930671162903308868e-02
-3.046299889683723450e-02
2.662057429552078247e-02
2.275146730244159698e-02
1.099206227809190750e-02
-1.893921196460723877e-02
-9.334526024758815765e-03
1.045707426965236664e-02
-2.291847579181194305e-02
-6.181713566184043884e-02
-6.146686151623725891e-02
-6.006276980042457581e-02
-6.444016844034194946e-02
-9.507200121879577637e-02
-4.929821938276290894e-03
-3.325733169913291931e-02
-1.052357181906700134e-01
-2.119789458811283112e-02
-3.032482042908668518e-02
-1.975342072546482086e-02
-5.453528091311454773e-02
-7.269173860549926758e-03
-3.651836887001991272e-02
3.199292719364166260e-02
1.424306910485029221e-02
5.713572725653648376e-03
-1.374412234872579575e-02
3.491205570753663778e-04
1.893743872642517090e-02
1.402136776596307755e-02
2.736232988536357880e-02
2.609986811876296997e-02
2.540470845997333527e-02
2.009285427629947662e-02
-9.894528426229953766e-03
4.736281558871269226e-02
-5.515912920236587524e-02
-6.275755167007446289e-02
-2.099534263834357262e-03
-4.055782407522201538e-02
-6.249625980854034424e-02
-1.510857255198061466e-03
-2.966598980128765106e-02
-2.971617877483367920e-02
2.845770120620727539e-02
4.126854613423347473e-02
2.050680667161941528e-02
1.368282362818717957e-02
6.273201853036880493e-02
6.599189341068267822e-02
-1.191643881611526012e-03
-3.965494409203529358e-02
-3.889238834381103516e-02
3.759699640795588493e-03
1.244397554546594620e-02
1.009172052145004272e-01
-1.624658145010471344e-02
4.481730982661247253e-02
5.429923534393310547e-02
8.768983930349349976e-02
1.697315718047320843e-03
5.876304954290390015e-02
-1.193322613835334778e-02
1.737378351390361786e-02
1.448611728847026825e-02
1.771040074527263641e-02
-3.611034015193581581e-03
5.116470158100128174e-03
3.221863135695457458e-02
1.885664835572242737e-02
2.292283438146114349e-02
8.577461354434490204e-03
2.680971287190914154e-02
3.816187614575028419e-03
-1.480611599981784821e-02
4.235342890024185181e-02
1.054007094353437424e-02
-7.089674472808837891e-02
3.700672416016459465e-03
-1.396131142973899841e-02
1.646777428686618805e-02
-7.269865274429321289e-02
2.378878183662891388e-02
-1.796315982937812805e-02
9.326552040874958038e-03
2.167943120002746582e-02
2.830875851213932037e-02
1.254172436892986298e-02
2.160530909895896912e-02
3.359837085008621216e-02
2.048578858375549316e-02
-7.467303425073623657e-03
1.196274650283157825e-03
1.004522666335105896e-02
-5.631943349726498127e-04
-3.956751152873039246e-02
-3.216762840747833252e-02
3.824493661522865295e-02
-5.913847312331199646e-02
-8.586870133876800537e-02
-3.711290284991264343e-02
-5.645228549838066101e-02
-5.632678046822547913e-02
-1.025691032409667969e-01
-1.878363452851772308e-02
-4.626705124974250793e-02
6.061878520995378494e-04
2.222848311066627502e-02
1.952349580824375153e-02
1.177827827632427216e-02
2.662706002593040466e-02
8.455269969999790192e-03
-1.126626227051019669e-02
-1.240293402224779129e-02
-8.548502810299396515e-03
2.574168145656585693e-02
7.194194011390209198e-03
-1.135945972055196762e-02
9.286425076425075531e-03
2.740588411688804626e-02
5.122791975736618042e-02
-1.330035389401018620e-03
-4.557038471102714539e-02
-2.387149259448051453e-03
-4.043501615524291992e-02
-3.624380752444267273e-02
-7.881666719913482666e-02
-6.232678890228271484e-03
-6.549657881259918213e-02
-7.894521579146385193e-03
9.697990491986274719e-03
1.487797219306230545e-02
-2.389465458691120148e-02
1.761140488088130951e-02
5.656566098332405090e-02
3.551372885704040527e-02
2.555173635482788086e-02
5.150349065661430359e-02
8.356278389692306519e-02
4.335296899080276489e-02
-6.046861410140991211e-03
-5.922379437834024429e-03
2.905153669416904449e-02
5.485235527157783508e-02
5.214840918779373169e-02
-6.524230819195508957e-03
1.751749590039253235e-02
3.489867318421602249e-03
1.784401945769786835e-02
-6.725395470857620239e-02
2.148049138486385345e-02
-3.996955603361129761e-02
1.366588566452264786e-02
1.691103726625442505e-02
2.519392594695091248e-02
6.787949707359075546e-03
2.602253668010234833e-02
3.696919232606887817e-02
1.428600400686264038e-02
-5.092562176287174225e-03
7.386133540421724319e-03
1.665598526597023010e-02
2.278103679418563843e-02
8.663523942232131958e-03
5.769715178757905960e-03
-1.279741153120994568e-02
1.428055297583341599e-02
3.440923988819122314e-02
7.857573777437210083e-02
-2.200218848884105682e-02
4.030281305313110352e-02
2.338044578209519386e-03
5.671413615345954895e-02
-3.326955810189247131e-02
1.479752082377672195e-02
3.757440426852554083e-04
-1.646646112203598022e-02
1.459940150380134583e-02
7.560225203633308411e-03
-1.480518653988838196e-02
-1.986494660377502441e-02
-7.124685216695070267e-03
-1.787815243005752563e-02
-3.963840752840042114e-02
-6.158526241779327393e-02
-3.991870582103729248e-02
-3.295578807592391968e-02
-3.581904992461204529e-02
-3.406400606036186218e-02
-2.938145585358142853e-02
-3.774204477667808533e-02
-1.554538123309612274e-02
1.921733655035495758e-02
4.974905401468276978e-02
-8.077564090490341187e-02
-2.998242340981960297e-02
-4.799472540616989136e-02
-1.342537440359592438e-02
-1.166828423738479614e-01
-4.841990396380424500e-02
-7.123579084873199463e-02
-4.189271852374076843e-02
3.237345069646835327e-02
4.988879710435867310e-02
1.712103188037872314e-02
2.163664996623992920e-02
5.163053423166275024e-02
3.495991975069046021e-02
9.373609907925128937e-03
3.081330331042408943e-03
2.552781999111175537e-02
3.171009570360183716e-02
2.150699310004711151e-02
6.117953918874263763e-03
-9.105836041271686554e-03
-2.329171448945999146e-02
-1.607253961265087128e-02
4.182346630841493607e-03
-8.172178268432617188e-02
1.718963962048292160e-03
-2.834380604326725006e-02
1.298757083714008331e-02
-7.018738985061645508e-02
-1.112965773791074753e-02
-4.129231348633766174e-02
6.992455571889877319e-02
1.640615165233612061e-01
1.515198945999145508e-01
5.955470353364944458e-02
2.252828516066074371e-02
2.327561564743518829e-02
-4.499604552984237671e-02
-1.219906061887741089e-01
-1.225465089082717896e-01
-6.669002026319503784e-02
-2.073754742741584778e-02
7.901323027908802032e-03
4.675314202904701233e-02
5.588512867689132690e-02
7.801742106676101685e-02
1.121882274746894836e-01
1.306239813566207886e-01
3.281118348240852356e-03
9.787047281861305237e-03
-4.956945776939392090e-02
-8.560870774090290070e-03
-8.492439240217208862e-02
-9.541636100038886070e-04
-2.649888209998607635e-02
-2.878898812923580408e-04
4.618950933218002319e-02
6.360109150409698486e-02
4.088171944022178650e-02
2.334951236844062805e-02
6.266754120588302612e-02
3.452322259545326233e-02
-1.452165935188531876e-02
-2.068625763058662415e-02
-1.296481862664222717e-02
-2.676374744623899460e-03
-9.131706319749355316e-03
-1.213692408055067062e-02
-5.998330656439065933e-03
-2.250685356557369232e-03
6.801226735115051270e-02
3.455272689461708069e-02
-3.265587240457534790e-02
3.617911040782928467e-02
-2.194749377667903900e-02
-2.975759329274296761e-03
-8.945427834987640381e-02
-4.723364487290382385e-03
