0.01793
0.02511
0.03082
0.03643
0.04306
0.05087
0.05891
0.06710
0.07588
0.08560
0.09617
0.10714
0.11820
0.12945
0.14078
0.15178
0.16224
0.17161
0.17985
0.18662
0.19149
0.19443
0.19487
0.19296
0.18839
0.18101
0.17105
0.15827
0.14305
0.12545
0.10565
0.08412
0.06107
0.03693
0.01220
-0.01285
-0.03760
-0.06167
-0.08474
-0.10615
-0.12583
-0.14320
-0.15804
-0.17027
-0.17938
-0.18567
-0.18870
-0.18864
-0.18560
-0.17942
-0.17067
-0.15916
-0.14536
-0.12952
-0.11187
-0.09295
-0.07294
-0.05236
-0.03154
-0.01096
0.00910
0.02811
0.04582
0.06184
0.07578
0.08761
0.09679
0.10345
0.10725
0.10819
0.10641
0.10169
0.09451
0.08473
0.07278
0.05892
0.04341
0.02681
0.00932
-0.00843
-0.02617
-0.04330
-0.05948
-0.07424
-0.08715
-0.09797
-0.10620
-0.11183
-0.11447
-0.11411
-0.11067
-0.10417
-0.09481
-0.08266
-0.06814
-0.05143
-0.03311
-0.01347
0.00685
0.02734
0.04753
0.06666
0.08443
0.10004
0.11322
0.12341
0.13022
0.13347
0.13281
0.12831
0.11983
0.10761
0.09176
0.07277
0.05094
0.02689
0.00132
-0.02532
-0.05187
-0.07805
-0.10268
-0.12509
-0.14468
-0.16035
-0.17202
-0.17866
-0.18018
-0.17617
-0.16640
-0.15110
-0.13021
-0.10429
-0.07364
-0.03905
-0.00115
0.03898
0.08052
0.12233
0.16315
0.20221
0.23787
0.26971
0.29625
0.31677
0.33073
0.33713
0.33627
0.32736
0.31084
0.28684
0.25570
0.21844
0.17548
0.12816
0.07735
0.02436
-0.02959
-0.08322
-0.13532
-0.18467
-0.23010
-0.27080
-0.30555
-0.33420
-0.35568
-0.36992
-0.37676
-0.37585
-0.36815
-0.35317
-0.33199
-0.30499
-0.27280
-0.23674
-0.19709
-0.15528
-0.11194
-0.06811
-0.02477
0.01733
0.05733
0.09452
0.12826
0.15811
0.18338
0.20420
0.21988
0.23060
0.23635
0.23687
0.23308
0.22443
0.21182
0.19545
0.17560
0.15339
0.12865
0.10248
0.07520
0.04744
0.01995
-0.00695
-0.03254
-0.05644
-0.07815
-0.09738
-0.11367
-0.12701
-0.13701
-0.14368
-0.14711
-0.14707
-0.14415
-0.13809
-0.12941
-0.11840
-0.10517
-0.09056
-0.07447
-0.05760
-0.04029
-0.02278
-0.00575
0.01078
0.02634
0.04069
0.05369
0.06509
0.07481
0.08283
0.08903
0.09353
0.09639
0.09760
0.09752
0.09606
0.09356
0.09020
0.08603
0.08148
0.07647
0.07130
0.06611
0.06090
0.05594
0.05112
0.04654
0.04223
0.03814
0.03427
0.03058
0.02698
0.02350
0.02003
0.01654
0.01307
0.00948
0.00593
0.00232
-0.00126
-0.00473
-0.00813
-0.01126
-0.01419
-0.01674
-0.01896
-0.02081
-0.02222
-0.02335
-0.02407
-0.02460
-0.02495
-0.02522
-0.02562
-0.02612
-0.02700
-0.02827
-0.03006
-0.03250
-0.03557
-0.03935
-0.04385
-0.04898
-0.05472
-0.06095
-0.06747
-0.07425
-0.08095
-0.08744
-0.09352
-0.09881
-0.10333
-0.10660
-0.10857
-0.10905
-0.10771
-0.10469
-0.09964
-0.09268
-0.08376
-0.07285
-0.06019
-0.04580
-0.02993
-0.01285
0.00523
0.02394
0.04289
0.06187
0.08029
0.09791
0.11431
0.12898
0.14190
0.15237
0.16042
0.16569
0.16793
0.16730
0.16340
0.15659
0.14674
0.13405
0.11885
0.10123
0.08173
0.06056
0.03821
0.01510
-0.00829
-0.03159
-0.05421
-0.07578
-0.09591
-0.11399
-0.13006
-0.14336
-0.15390
-0.16140
-0.16550
-0.16656
-0.16402
-0.15832
-0.14933
-0.13715
-0.12228
-0.10461
-0.08480
-0.06297
-0.03959
-0.01514
0.01002
0.03535
0.06041
0.08471
0.10786
0.12922
0.14874
0.16570
0.17994
0.19124
0.19907
0.20384
0.20487
0.20246
0.19656
0.18706
0.17453
0.15871
0.14017
0.11907
0.09572
0.07068
0.04419
0.01682
-0.01099
-0.03875
-0.06600
-0.09211
-0.11682
-0.13945
-0.15965
-0.17708
-0.19113
-0.20197
-0.20889
-0.21202
-0.21119
-0.20629
-0.19776
-0.18536
-0.16968
-0.15087
-0.12943
-0.10591
-0.08073
-0.05464
-0.02811
-0.00195
0.02339
0.04710
0.06875
0.08771
0.10348
0.11580
0.12415
0.12863
0.12885
0.12503
0.11722
0.10563
0.09081
0.07293
0.05282
0.03080
0.00776
-0.01571
-0.03894
-0.06103
-0.08158
-0.09961
-0.11489
-0.12666
-0.13457
-0.13841
-0.13775
-0.13283
-0.12338
-0.10979
-0.09220
-0.07101
-0.04677
-0.01994
0.00871
0.03864
0.06895
0.09908
0.12808
0.15539
0.18024
0.20192
0.22005
0.23385
0.24336
0.24793
0.24758
0.24232
0.23201
0.21727
0.19800
0.17493
0.14844
0.11909
0.08773
0.05484
0.02132
-0.01220
-0.04498
-0.07634
-0.10560
-0.13233
-0.15589
-0.17600
-0.19236
-0.20460
-0.21303
-0.21719
-0.21749
-0.21400
-0.20680
-0.19670
-0.18348
-0.16796
-0.15037
-0.13111
-0.11092
-0.08987
-0.06867
-0.04758
-0.02699
-0.00730
0.01124
0.02838
0.04385
0.05751
0.06928
0.07890
0.08663
0.09211
0.09559
0.09710
0.09653
0.09440
0.09039
0.08497
0.07819
0.07014
0.06132
0.05157
0.04135
0.03073
0.01993
0.00921
-0.00133
-0.01144
-0.02099
-0.02975
-0.03769
-0.04451
-0.05024
-0.05468
-0.05772
-0.05943
-0.05957
-0.05835
-0.05560
-0.05144
-0.04598
-0.03919
-0.03139
-0.02255
-0.01297
-0.00280
0.00775
0.01842
0.02900
0.03924
0.04894
0.05779
0.06572
0.07241
0.07778
0.08170
0.08398
0.08474
0.08375
0.08119
0.07702
0.07131
0.06428
0.05592
0.04655
0.03626
0.02526
0.01382
0.00211
-0.00961
-0.02113
-0.03225
-0.04276
-0.05242
-0.06119
-0.06879
-0.07517
-0.08023
-0.08380
-0.08603
-0.08668
-0.08591
-0.08367
-0.07998
-0.07508
-0.06886
-0.06162
-0.05340
-0.04437
-0.03477
-0.02468
-0.01438
-0.00401
0.00622
0.01613
0.02551
0.03427
0.04217
0.04914
0.05505
0.05976
0.06337
0.06565
0.06674
0.06659
0.06522
0.06284
0.05935
0.05502
0.04988
0.04408
0.03781
0.03113
0.02427
0.01732
0.01045
0.00378
-0.00255
-0.00844
-0.01376
-0.01844
-0.02239
-0.02553
-0.02787
-0.02932
-0.02991
-0.02964
-0.02850
-0.02663
-0.02397
-0.02072
-0.01687
-0.01260
-0.00801
-0.00322
0.00157
0.00630
0.01073
0.01478
0.01828
0.02108
0.02313
0.02424
0.02446
0.02364
0.02183
0.01902
0.01523
0.01058
0.00511
-0.00101
-0.00768
-0.01470
-0.02195
-0.02919
-0.03631
-0.04308
-0.04932
-0.05494
-0.05966
-0.06351
-0.06626
-0.06786
-0.06828
-0.06737
-0.06528
-0.06187
-0.05725
-0.05147
-0.04454
-0.03667
-0.02788
-0.01838
-0.00829
0.00220
0.01293
0.02366
0.03427
0.04448
0.05412
0.06304
0.07094
0.07784
0.08341
0.08760
0.09033
0.09139
0.09098
0.08883
0.08511
0.07986
0.07309
0.06508
0.05583
0.04562
0.03461
0.02303
0.01111
-0.00091
-0.01282
-0.02437
-0.03532
-0.04554
-0.05472
-0.06285
-0.06967
-0.07508
-0.07907
-0.08140
-0.08230
-0.08151
-0.07916
-0.07530
-0.06987
-0.06318
-0.05512
-0.04594
-0.03576
-0.02473
-0.01309
-0.00100
0.01129
0.02359
0.03556
0.04712
0.05784
0.06764
0.07622
0.08331
0.08892
0.09261
0.09454
0.09443
0.09223
0.08806
0.08173
0.07357
0.06349
0.05173
0.03850
0.02399
0.00852
-0.00765
-0.02418
-0.04076
-0.05695
-0.07257
-0.08710
-0.10034
-0.11195
-0.12152
-0.12909
-0.13413
-0.13674
-0.13668
-0.13384
-0.12843
-0.12023
-0.10963
-0.09662
-0.08145
-0.06449
-0.04591
-0.02622
-0.00569
0.01523
0.03615
0.05657
0.07624
0.09458
0.11133
0.12614
0.13855
0.14863
0.15582
0.16022
0.16164
0.15997
0.15553
0.14805
0.13802
0.12544
0.11059
0.09392
0.07556
0.05606
0.03568
0.01488
-0.00596
-0.02641
-0.04616
-0.06476
-0.08190
-0.09732
-0.11057
-0.12175
-0.13033
-0.13638
-0.13976
-0.14028
-0.13832
-0.13351
-0.12629
-0.11663
-0.10472
-0.09098
-0.07544
-0.05861
-0.04067
-0.02207
-0.00312
0.01576
0.03423
0.05191
0.06838
0.08345
0.09656
0.10775
0.11651
0.12274
0.12637
0.12705
0.12516
0.12033
0.11285
0.10282
0.09034
0.07589
0.05952
0.04176
0.02287
0.00332
-0.01650
-0.03615
-0.05520
-0.07326
-0.08986
-0.10479
-0.11751
-0.12797
-0.13578
-0.14077
-0.14298
-0.14209
-0.13846
-0.13188
-0.12262
-0.11090
-0.09683
-0.08097
-0.06341
-0.04468
-0.02511
-0.00512
0.01484
0.03438
0.05308
0.07060
0.08648
0.10059
0.11243
0.12197
0.12892
0.13313
0.13475
0.13345
0.12963
0.12313
0.11420
0.10314
0.08999
0.07529
0.05912
0.04194
0.02406
0.00583
-0.01238
-0.03023
-0.04735
-0.06350
-0.07821
-0.09151
-0.10283
-0.11216
-0.11930
-0.12392
-0.12629
-0.12593
-0.12312
-0.11771
-0.10971
-0.09944
-0.08672
-0.07201
-0.05535
-0.03706
-0.01745
0.00315
0.02435
0.04575
0.06687
0.08738
0.10659
0.12437
0.14001
0.15319
0.16363
0.17073
0.17472
0.17496
0.17163
0.16467
0.15405
0.14026
0.12324
0.10360
0.08164
0.05784
0.03283
0.00705
-0.01886
-0.04438
-0.06892
-0.09205
-0.11315
-0.13203
-0.14813
-0.16123
-0.17120
-0.17763
-0.18089
-0.18054
-0.17689
-0.17004
-0.15999
-0.14739
-0.13210
-0.11474
-0.09553
-0.07486
-0.05326
-0.03101
-0.00863
0.01353
0.03497
0.05541
0.07431
0.09152
0.10659
0.11923
0.12940
0.13661
0.14114
0.14256
0.14102
0.13662
0.12920
0.11934
0.10682
0.09214
0.07552
0.05724
0.03783
0.01750
-0.00319
-0.02393
-0.04415
-0.06361
-0.08172
-0.09820
-0.11268
-0.12469
-0.13426
-0.14079
-0.14442
-0.14486
-0.14203
-0.13616
-0.12702
-0.11511
-0.10036
-0.08319
-0.06394
-0.04293
-0.02071
0.00236
0.02569
0.04887
0.07124
0.09249
0.11196
0.12925
0.14403
0.15571
0.16437
0.16940
0.17092
0.16874
0.16282
0.15351
0.14067
0.12487
0.10624
0.08528
0.06247
0.03825
0.01327
-0.01201
-0.03692
-0.06101
-0.08357
-0.10430
-0.12255
-0.13796
-0.15027
-0.15898
-0.16430
-0.16572
-0.16348
-0.15757
-0.14806
-0.13547
-0.11979
-0.10170
-0.08144
-0.05958
-0.03669
-0.01322
0.01016
0.03302
0.05473
0.07489
0.09294
0.10862
0.12148
0.13129
0.13795
0.14117
0.14122
0.13785
0.13140
0.12202
0.10989
0.09561
0.07925
0.06148
0.04259
0.02312
0.00358
-0.01564
-0.03397
-0.05111
-0.06652
-0.07999
-0.09111
-0.09972
-0.10560
-0.10864
-0.10887
-0.10619
-0.10089
-0.09294
-0.08271
-0.07043
-0.05640
-0.04114
-0.02486
-0.00821
0.00854
0.02481
0.04023
0.05438
0.06682
0.07733
0.08549
0.09126
0.09434
0.09475
0.09247
0.08752
0.08019
0.07051
0.05892
0.04559
0.03097
0.01544
-0.00064
-0.01677
-0.03263
-0.04772
-0.06177
-0.07433
-0.08520
-0.09407
-0.10072
-0.10510
-0.10697
-0.10652
-0.10360
-0.09839
-0.09103
-0.08164
-0.07062
-0.05806
-0.04440
-0.02988
-0.01488
0.00026
0.01522
0.02965
0.04327
0.05573
0.06688
0.07638
0.08418
0.09003
0.09386
0.09570
0.09538
0.09317
0.08893
0.08290
0.07523
0.06600
0.05565
0.04418
0.03201
0.01933
0.00643
-0.00641
-0.01895
-0.03092
-0.04212
-0.05226
-0.06131
-0.06895
-0.07518
-0.07983
-0.08280
-0.08424
-0.08388
-0.08199
-0.07847
-0.07338
-0.06697
-0.05912
-0.05021
-0.04020
-0.02930
-0.01772
-0.00555
0.00692
0.01956
0.03216
0.04450
0.05635
0.06760
0.07792
0.08720
0.09525
0.10181
0.10694
0.11029
0.11194
0.11176
0.10966
0.10584
0.10011
0.09278
0.08383
0.07344
0.06188
0.04925
0.03589
0.02200
0.00785
-0.00627
-0.02012
-0.03347
-0.04601
-0.05761
-0.06804
-0.07707
-0.08476
-0.09077
-0.09522
-0.09796
-0.09897
-0.09843
-0.09617
-0.09246
-0.08726
-0.08074
-0.07310
-0.06439
-0.05491
-0.04473
-0.03413
-0.02325
-0.01237
-0.00164
0.00870
0.01841
0.02738
0.03525
0.04209
0.04752
0.05149
0.05393
0.05462
0.05378
0.05113
0.04687
0.04101
0.03362
0.02497
0.01509
0.00431
-0.00723
-0.01918
-0.03136
-0.04340
-0.05506
-0.06609
-0.07607
-0.08495
-0.09226
-0.09798
-0.10183
-0.10361
-0.10338
-0.10082
-0.09619
-0.08930
-0.08025
-0.06925
-0.05629
-0.04177
-0.02577
-0.00864
0.00932
0.02779
0.04639
0.06475
0.08254
0.09935
0.11481
0.12871
0.14057
0.15032
0.15763
0.16232
0.16443
0.16367
0.16033
0.15426
0.14565
0.13477
0.12167
0.10685
0.09045
0.07288
0.05453
0.03572
0.01687
-0.00165
-0.01950
-0.03632
-0.05178
-0.06572
-0.07773
-0.08780
-0.09565
-0.10122
-0.10457
-0.10550
-0.10433
-0.10092
-0.09555
-0.08841
-0.07960
-0.06959
-0.05842
-0.04657
-0.03424
-0.02178
-0.00953
0.00229
0.01328
0.02330
0.03197
0.03925
0.04483
0.04865
0.05065
0.05069
0.04899
0.04540
0.04019
0.03342
0.02530
0.01613
0.00602
-0.00460
-0.01559
-0.02658
-0.03733
-0.04757
-0.05701
-0.06548
-0.07269
-0.07859
-0.08292
-0.08572
-0.08683
-0.08625
-0.08408
-0.08022
-0.07498
-0.06828
-0.06037
-0.05139
-0.04148
-0.03094
-0.01986
-0.00852
0.00290
0.01418
0.02514
0.03554
0.04528
0.05413
0.06197
0.06873
0.07420
0.07846
0.08132
0.08281
0.08297
0.08168
0.07918
0.07535
0.07037
0.06431
0.05725
0.04942
0.04084
0.03176
0.02228
0.01263
0.00293
-0.00659
-0.01579
-0.02448
-0.03242
-0.03960
-0.04569
-0.05069
-0.05441
-0.05670
-0.05765
-0.05700
-0.05493
-0.05132
-0.04625
-0.03985
-0.03214
-0.02338
-0.01363
-0.00318
0.00781
0.01903
0.03029
0.04128
0.05169
0.06136
0.06985
0.07714
0.08283
0.08680
0.08894
0.08901
0.08717
0.08319
0.07725
0.06941
0.05975
0.04858
0.03599
0.02235
0.00787
-0.00712
-0.02231
-0.03735
-0.05197
-0.06583
-0.07863
-0.09019
-0.10011
-0.10843
-0.11479
-0.11914
-0.12145
-0.12151
-0.11964
-0.11556
-0.10954
-0.10166
-0.09197
-0.08085
-0.06830
-0.05467
-0.04016
-0.02500
-0.00951
0.00607
0.02148
0.03644
0.05068
0.06403
0.07611
0.08694
0.09613
0.10362
0.10934
0.11298
0.11483
0.11453
0.11226
0.10805
0.10182
0.09400
0.08441
0.07339
0.06110
0.04770
0.03353
0.01875
0.00366
-0.01149
-0.02640
-0.04087
-0.05454
-0.06728
-0.07877
-0.08877
-0.09722
-0.10374
-0.10846
-0.11106
-0.11155
-0.10998
-0.10617
-0.10049
-0.09275
-0.08325
-0.07214
-0.05957
-0.04594
-0.03138
-0.01628
-0.00090
0.01439
0.02931
0.04350
0.05670
0.06861
0.07896
0.08763
0.09431
0.09906
0.10166
0.10215
0.10062
0.09701
0.09166
0.08453
0.07595
0.06614
0.05529
0.04382
0.03185
0.01977
0.00781
-0.00376
-0.01471
-0.02482
-0.03389
-0.04180
-0.04835
-0.05358
-0.05728
-0.05955
-0.06030
-0.05955
-0.05747
-0.05396
-0.04929
-0.04345
-0.03665
-0.02903
-0.02073
-0.01203
-0.00300
0.00604
0.01498
0.02352
0.03155
0.03882
0.04514
0.05043
0.05439
0.05713
0.05836
0.05812
0.05639
0.05309
0.04844
0.04235
0.03504
0.02660
0.01720
0.00708
-0.00362
-0.01462
-0.02574
-0.03670
-0.04733
-0.05734
-0.06660
-0.07485
-0.08190
-0.08769
-0.09193
-0.09471
-0.09580
-0.09520
-0.09297
-0.08896
-0.08346
-0.07635
-0.06785
-0.05807
-0.04715
-0.03537
-0.02285
-0.00988
0.00332
0.01648
0.02938
0.04170
0.05327
0.06381
0.07308
0.08101
0.08726
0.09190
0.09469
0.09563
0.09475
0.09195
0.08750
0.08130
0.07362
0.06459
0.05439
0.04334
0.03157
0.01945
0.00717
-0.00492
-0.01662
-0.02761
-0.03768
-0.04661
-0.05414
-0.06024
-0.06461
-0.06730
-0.06816
-0.06719
-0.06449
-0.05999
-0.05397
-0.04643
-0.03764
-0.02779
-0.01711
-0.00594
0.00553
0.01689
0.02795
0.03830
0.04776
0.05599
0.06276
0.06793
0.07121
0.07266
0.07206
0.06949
0.06497
0.05857
0.05052
0.04093
0.03014
0.01833
0.00589
-0.00691
-0.01970
-0.03214
-0.04395
-0.05472
-0.06432
-0.07232
-0.07867
-0.08310
-0.08550
-0.08588
-0.08406
-0.08030
-0.07449
-0.06686
-0.05757
-0.04678
-0.03485
-0.02194
-0.00843
0.00545
0.01933
0.03298
0.04603
0.05826
0.06940
0.07915
0.08747
0.09399
0.09877
0.10159
0.10238
0.10127
0.09805
0.09305
0.08615
0.07753
0.06741
0.05583
0.04320
0.02955
0.01522
0.00045
-0.01452
-0.02940
-0.04393
-0.05786
-0.07093
-0.08285
-0.09354
-0.10262
-0.11009
-0.11571
-0.11934
-0.12109
-0.12067
-0.11832
-0.11392
-0.10757
-0.09948
-0.08961
-0.07836
-0.06576
-0.05211
-0.03768
-0.02270
-0.00748
0.00769
0.02253
0.03676
0.05004
0.06227
0.07304
0.08227
0.08974
0.09523
0.09886
0.10031
0.09980
0.09720
0.09263
0.08629
0.07818
0.06868
0.05785
0.04604
0.03349
0.02048
0.00733
-0.00572
-0.01831
-0.03026
-0.04119
-0.05101
-0.05939
-0.06619
-0.07130
-0.07446
-0.07586
-0.07521
-0.07266
-0.06822
-0.06193
-0.05406
-0.04459
-0.03390
-0.02208
-0.00947
0.00366
0.01705
0.03033
0.04326
0.05545
0.06670
0.07663
0.08509
0.09180
0.09657
0.09937
0.09996
0.09851
0.09487
0.08920
0.08164
0.07226
0.06146
0.04931
0.03620
0.02238
0.00818
-0.00608
-0.02009
-0.03354
-0.04615
-0.05762
-0.06778
-0.07635
-0.08327
-0.08833
-0.09149
-0.09276
-0.09205
-0.08958
-0.08529
-0.07941
-0.07209
-0.06347
-0.05392
-0.04352
-0.03267
-0.02155
-0.01048
0.00026
0.01043
0.01975
0.02802
0.03502
0.04062
0.04465
0.04708
0.04783
0.04694
0.04449
0.04052
0.03530
0.02889
0.02163
0.01374
0.00546
-0.00282
-0.01092
-0.01846
-0.02525
-0.03102
-0.03557
-0.03879
-0.04054
-0.04080
-0.03957
-0.03694
-0.03299
-0.02792
-0.02190
-0.01515
-0.00797
-0.00054
0.00682
0.01394
0.02057
0.02651
0.03165
0.03583
0.03903
0.04119
0.04233
0.04248
0.04173
0.04015
0.03787
0.03501
0.03165
0.02801
0.02410
0.02009
0.01609
0.01212
0.00836
0.00478
0.00146
-0.00154
-0.00425
-0.00659
-0.00860
-0.01031
-0.01167
-0.01277
-0.01361
-0.01421
-0.01468
-0.01497
-0.01519
-0.01540
-0.01559
-0.01589
-0.01627
-0.01680
-0.01754
-0.01841
-0.01954
-0.02082
-0.02221
-0.02373
-0.02517
-0.02660
-0.02779
-0.02863
-0.02906
-0.02886
-0.02801
-0.02635
-0.02379
-0.02030
-0.01585
-0.01042
-0.00411
0.00304
0.01089
0.01921
0.02793
0.03665
0.04527
0.05344
0.06085
0.06737
0.07257
0.07638
0.07852
0.07881
0.07724
0.07364
0.06813
0.06068
0.05145
0.04060
0.02838
0.01503
0.00089
-0.01370
-0.02840
-0.04273
-0.05646
-0.06907
-0.08030
-0.08980
-0.09722
-0.10249
-0.10525
-0.10554
-0.10322
-0.09832
-0.09100
-0.08132
-0.06962
-0.05606
-0.04107
-0.02496
-0.00817
0.00887
0.02574
0.04195
0.05718
0.07089
0.08290
0.09275
0.10027
0.10526
0.10752
0.10719
0.10408
0.09845
0.09036
0.08005
0.06787
0.05400
0.03896
0.02299
0.00659
-0.00989
-0.02604
-0.04147
-0.05586
-0.06883
-0.08020
-0.08961
-0.09706
-0.10226
-0.10521
-0.10593
-0.10429
-0.10066
-0.09487
-0.08726
-0.07798
-0.06718
-0.05530
-0.04237
-0.02885
-0.01492
-0.00085
0.01304
0.02656
0.03945
0.05151
0.06253
0.07242
0.08091
0.08808
0.09366
0.09768
0.10016
0.10089
0.10020
0.09781
0.09394
0.08865
0.08187
0.07399
0.06485
0.05472
0.04371
0.03194
0.01965
0.00697
-0.00591
-0.01877
-0.03139
-0.04365
-0.05518
-0.06595
-0.07563
-0.08402
-0.09109
-0.09643
-0.10021
-0.10207
-0.10200
-0.10005
-0.09601
-0.09017
-0.08237
-0.07284
-0.06170
-0.04913
-0.03542
-0.02077
-0.00554
0.01000
0.02541
0.04049
0.05474
0.06790
0.07964
0.08955
0.09758
0.10326
0.10663
0.10744
0.10564
0.10136
0.09446
0.08532
0.07394
0.06067
0.04579
0.02961
0.01259
-0.00497
-0.02256
-0.03987
-0.05636
-0.07181
-0.08571
-0.09779
-0.10782
-0.11538
-0.12058
-0.12300
-0.12275
-0.11977
-0.11404
-0.10586
-0.09518
-0.08242
-0.06771
-0.05143
-0.03395
-0.01558
0.00320
0.02207
0.04051
0.05825
0.07474
0.08979
0.10293
0.11390
0.12253
0.12843
0.13178
0.13218
0.12981
0.12467
0.11679
0.10656
0.09395
0.07946
0.06327
0.04581
0.02747
0.00864
-0.01020
-0.02870
-0.04633
-0.06284
-0.07766
-0.09063
-0.10134
-0.10951
-0.11510
-0.11772
-0.11761
-0.11450
-0.10859
-0.09997
-0.08875
-0.07537
-0.05990
-0.04287
-0.02453
-0.00543
0.01408
0.03350
0.05230
0.07015
0.08637
0.10084
0.11287
0.12231
0.12883
0.13208
0.13217
0.12871
0.12200
0.11192
0.09868
0.08262
0.06390
0.04311
0.02052
-0.00324
-0.02773
-0.05228
-0.07643
-0.09952
-0.12099
-0.14045
-0.15715
-0.17109
-0.18154
-0.18842
-0.19155
-0.19061
-0.18601
-0.17736
-0.16514
-0.14945
-0.13053
-0.10900
-0.08498
-0.05922
-0.03205
-0.00406
0.02420
0.05219
0.07942
0.10532
0.12944
0.15142
0.17063
0.18715
0.20028
0.21003
0.21623
0.21855
0.21749
0.21251
0.20411
0.19231
0.17722
0.15949
0.13904
0.11654
0.09226
0.06664
0.04024
0.01344
-0.01324
-0.03931
-0.06433
-0.08791
-0.10946
-0.12892
-0.14564
-0.15953
-0.17039
-0.17780
-0.18216
-0.18292
-0.18044
-0.17472
-0.16577
-0.15419
-0.13982
-0.12329
-0.10478
-0.08473
-0.06367
-0.04189
-0.01998
0.00170
0.02260
0.04242
0.06060
0.07693
0.09098
0.10248
0.11135
0.11719
0.12026
0.12022
0.11729
0.11158
0.10310
0.09241
0.07944
0.06479
0.04867
0.03152
0.01384
-0.00409
-0.02168
-0.03868
-0.05454
-0.06904
-0.08172
-0.09237
-0.10075
-0.10657
-0.10991
-0.11043
-0.10837
-0.10360
-0.09627
-0.08662
-0.07469
-0.06097
-0.04556
-0.02891
-0.01134
0.00675
0.02494
0.04287
0.06006
0.07624
0.09089
0.10387
0.11469
0.12318
0.12916
0.13233
0.13286
0.13044
0.12530
0.11744
0.10701
0.09436
0.07959
0.06320
0.04541
0.02671
0.00748
-0.01182
-0.03077
-0.04895
-0.06590
-0.08134
-0.09477
-0.10612
-0.11492
-0.12109
-0.12454
-0.12502
-0.12286
-0.11779
-0.11016
-0.10005
-0.08768
-0.07350
-0.05762
-0.04060
-0.02267
-0.00435
0.01401
0.03197
0.04912
0.06511
0.07949
0.09210
0.10245
0.11052
0.11597
0.11871
0.11877
0.11595
0.11060
0.10255
0.09215
0.07958
0.06504
0.04905
0.03174
0.01367
-0.00488
-0.02339
-0.04152
-0.05881
-0.07487
-0.08938
-0.10187
-0.11228
-0.12011
-0.12540
-0.12790
-0.12752
-0.12444
-0.11848
-0.11005
-0.09912
-0.08604
-0.07112
-0.05461
-0.03706
-0.01870
-0.00005
0.01852
0.03654
0.05368
0.06951
0.08370
0.09600
0.10604
0.11384
0.11903
0.12172
0.12180
0.11926
0.11443
0.10716
0.09793
0.08680
0.07409
0.06022
0.04532
0.02994
0.01425
-0.00136
-0.01656
-0.03108
-0.04466
-0.05705
-0.06806
-0.07755
-0.08532
-0.09148
-0.09576
-0.09833
-0.09915
-0.09820
-0.09584
-0.09185
-0.08663
-0.08018
-0.07264
-0.06434
-0.05523
-0.04564
-0.03563
-0.02537
-0.01507
-0.00479
0.00530
0.01506
0.02441
0.03322
0.04135
0.04883
0.05542
0.06114
0.06593
0.06961
0.07239
0.07394
0.07443
0.07378
0.07191
0.06905
0.06499
0.05992
0.05385
0.04685
0.03908
0.03058
0.02153
0.01205
0.00234
-0.00749
-0.01716
-0.02659
-0.03553
-0.04374
-0.05118
-0.05747
-0.06266
-0.06643
-0.06870
-0.06944
-0.06840
-0.06579
-0.06138
-0.05533
-0.04769
-0.03853
-0.02809
-0.01650
-0.00403
0.00912
0.02254
0.03608
0.04927
0.06187
0.07355
0.08385
0.09274
0.09965
0.10457
0.10720
0.10735
0.10510
0.10018
0.09286
0.08307
0.07100
0.05690
0.04096
0.02358
0.00505
-0.01419
-0.03379
-0.05319
-0.07213
-0.09000
-0.10645
-0.12114
-0.13351
-0.14358
-0.15074
-0.15503
-0.15623
-0.15417
-0.14912
-0.14084
-0.12975
-0.11589
-0.09955
-0.08118
-0.06100
-0.03958
-0.01727
0.00542
0.02802
0.05001
0.07104
0.09055
0.10821
0.12371
0.13657
0.14690
0.15418
0.15853
0.15984
0.15802
0.15350
0.14602
0.13612
0.12386
0.10949
0.09356
0.07609
0.05771
0.03858
0.01911
-0.00033
-0.01946
-0.03798
-0.05557
-0.07200
-0.08708
-0.10046
-0.11225
-0.12200
-0.12977
-0.13548
-0.13883
-0.14026
-0.13927
-0.13619
-0.13097
-0.12357
-0.11441
-0.10327
-0.09055
-0.07633
-0.06080
-0.04431
-0.02700
-0.00922
0.00876
0.02662
0.04410
0.06076
0.07649
0.09081
0.10352
0.11443
0.12310
0.12971
0.13375
0.13532
0.13436
0.13068
0.12470
0.11614
0.10540
0.09259
0.07793
0.06184
0.04452
0.02644
0.00789
-0.01064
-0.02885
-0.04623
-0.06248
-0.07719
-0.08998
-0.10071
-0.10890
-0.11462
-0.11750
-0.11756
-0.11482
-0.10920
-0.10107
-0.09034
-0.07747
-0.06265
-0.04626
-0.02877
-0.01050
0.00796
0.02630
0.04389
0.06044
0.07540
0.08842
0.09918
0.10728
0.11269
0.11503
0.11440
0.11068
0.10397
0.09451
0.08239
0.06809
0.05180
0.03407
0.01525
-0.00412
-0.02353
-0.04256
-0.06059
-0.07733
-0.09214
-0.10486
-0.11499
-0.12231
-0.12668
-0.12782
-0.12594
-0.12082
-0.11275
-0.10184
-0.08836
-0.07271
-0.05517
-0.03631
-0.01647
0.00374
0.02390
0.04344
0.06190
0.07883
0.09371
0.10633
0.11619
0.12326
0.12719
0.12797
0.12565
0.12014
0.11188
0.10081
0.08743
0.07199
0.05489
0.03668
0.01765
-0.00157
-0.02064
-0.03900
-0.05631
-0.07210
-0.08604
-0.09785
-0.10720
-0.11405
-0.11809
-0.11948
-0.11805
-0.11394
-0.10735
-0.09829
-0.08728
-0.07433
-0.05993
-0.04437
-0.02799
-0.01129
0.00548
0.02183
0.03748
0.05201
0.06518
0.07663
0.08620
0.09368
0.09889
0.10190
0.10248
0.10088
0.09704
0.09112
0.08339
0.07390
0.06311
0.05111
0.03830
0.02496
0.01137
-0.00210
-0.01523
-0.02767
-0.03924
-0.04960
-0.05871
-0.06625
-0.07215
-0.07635
-0.07864
-0.07926
-0.07793
-0.07488
-0.07010
-0.06366
-0.05582
-0.04655
-0.03620
-0.02483
-0.01274
-0.00012
0.01278
0.02569
0.03839
0.05052
0.06199
0.07234
0.08153
0.08920
0.09512
0.09926
0.10121
0.10119
0.09884
0.09423
0.08743
0.07834
0.06732
0.05431
0.03965
0.02357
0.00637
-0.01162
-0.03000
-0.04841
-0.06645
-0.08364
-0.09974
-0.11417
-0.12675
-0.13706
-0.14477
-0.14987
-0.15190
-0.15108
-0.14714
-0.14020
-0.13046
-0.11791
-0.10306
-0.08598
-0.06716
-0.04697
-0.02581
-0.00420
0.01744
0.03863
0.05893
0.07783
0.09509
0.11017
0.12292
0.13299
0.14018
0.14454
0.14576
0.14414
0.13953
0.13218
0.12236
0.11014
0.09610
0.08033
0.06336
0.04555
0.02728
0.00904
-0.00885
-0.02592
-0.04189
-0.05632
-0.06908
-0.07976
-0.08829
-0.09448
-0.09819
-0.09961
-0.09849
-0.09517
-0.08961
-0.08202
-0.07275
-0.06184
-0.04981
-0.03675
-0.02311
-0.00917
0.00479
0.01837
0.03137
0.04343
0.05438
0.06390
0.07192
0.07819
0.08262
0.08519
0.08571
0.08445
0.08119
0.07618
0.06949
0.06121
0.05172
0.04102
0.02952
0.01737
0.00487
-0.00768
-0.02008
-0.03201
-0.04327
-0.05361
-0.06289
-0.07087
-0.07753
-0.08268
-0.08628
-0.08838
-0.08882
-0.08790
-0.08545
-0.08167
-0.07669
-0.07049
-0.06348
-0.05552
-0.04691
-0.03777
-0.02817
-0.01837
-0.00841
0.00155
0.01137
0.02096
0.03020
0.03894
0.04716
0.05468
0.06145
0.06742
0.07240
0.07651
0.07951
0.08145
0.08232
0.08197
0.08063
0.07809
0.07449
0.06992
0.06430
0.05797
0.05083
0.04309
0.03492
0.02636
0.01771
0.00901
0.00041
-0.00790
-0.01588
-0.02337
-0.03030
-0.03668
-0.04237
-0.04745
-0.05191
-0.05571
-0.05903
-0.06177
-0.06406
-0.06599
-0.06746
-0.06875
-0.06966
-0.07027
-0.07066
-0.07056
-0.07025
-0.06939
-0.06797
-0.06600
-0.06317
-0.05965
-0.05517
-0.04968
-0.04322
-0.03561
-0.02698
-0.01732
-0.00664
0.00486
0.01711
0.02993
0.04300
0.05625
0.06927
0.08179
0.09364
0.10428
0.11373
0.12149
0.12736
0.13125
0.13275
0.13210
0.12892
0.12331
0.11539
0.10508
0.09281
0.07856
0.06270
0.04555
0.02737
0.00860
-0.01041
-0.02931
-0.04767
-0.06515
-0.08147
-0.09617
-0.10920
-0.12015
-0.12889
-0.13539
-0.13932
-0.14101
-0.14014
-0.13691
-0.13149
-0.12375
-0.11428
-0.10290
-0.08999
-0.07581
-0.06046
-0.04442
-0.02776
-0.01081
0.00616
0.02293
0.03926
0.05485
0.06961
0.08320
0.09545
0.10633
0.11541
0.12288
0.12838
0.13187
0.13348
0.13282
0.13034
0.12569
0.11905
0.11063
0.10025
0.08844
0.07503
0.06034
0.04461
0.02795
0.01073
-0.00686
-0.02460
-0.04217
-0.05928
-0.07584
-0.09134
-0.10578
-0.11878
-0.13005
-0.13968
-0.14707
-0.15244
-0.15539
-0.15581
-0.15386
-0.14911
-0.14196
-0.13215
-0.11983
-0.10523
-0.08834
-0.06957
-0.04907
-0.02717
-0.00423
0.01928
0.04313
0.06666
0.08952
0.11126
0.13118
0.14927
0.16460
0.17713
0.18639
0.19191
0.19387
0.19165
0.18557
0.17539
0.16125
0.14348
0.12214
0.09782
0.07078
0.04169
0.01100
-0.02048
-0.05225
-0.08347
-0.11337
-0.14145
-0.16660
-0.18874
-0.20675
-0.22034
-0.22912
-0.23247
-0.23068
-0.22314
-0.21028
-0.19210
-0.16892
-0.14140
-0.10988
-0.07533
-0.03834
0.00001
0.03893
0.07731
0.11427
0.14886
0.18008
0.20737
0.22970
0.24697
0.25838
0.26387
0.26340
0.25675
0.24476
0.22719
0.20497
0.17857
0.14863
0.11628
0.08194
0.04678
0.01144
-0.02319
-0.05635
-0.08740
-0.11573
-0.14082
-0.16227
-0.17987
-0.19320
-0.20254
-0.20753
-0.20846
-0.20553
-0.19871
-0.18883
-0.17566
-0.15999
-0.14208
-0.12227
-0.10134
-0.07935
-0.05701
-0.03460
-0.01260
0.00860
0.02864
0.04720
0.06395
0.07858
0.09101
0.10082
0.10815
0.11266
0.11441
0.11351
0.10978
0.10370
0.09509
0.08442
0.07187
0.05770
0.04246
0.02627
0.00976
-0.00683
-0.02296
-0.03833
-0.05250
-0.06506
-0.07583
-0.08431
-0.09058
-0.09418
-0.09519
-0.09351
-0.08908
-0.08219
-0.07275
-0.06116
-0.04753
-0.03222
-0.01559
0.00206
0.02024
0.03865
0.05675
0.07426
0.09063
0.10562
0.11879
0.12978
0.13845
0.14434
0.14762
0.14787
0.14518
0.13958
0.13102
0.11991
0.10618
0.09029
0.07248
0.05312
0.03268
0.01152
-0.00986
-0.03104
-0.05151
-0.07092
-0.08874
-0.10475
-0.11849
-0.12972
-0.13830
-0.14388
-0.14667
-0.14635
-0.14313
-0.13709
-0.12828
-0.11720
-0.10382
-0.08868
-0.07204
-0.05430
-0.03595
-0.01731
0.00109
0.01894
0.03573
0.05121
0.06493
0.07670
0.08622
0.09327
0.09787
0.09973
0.09912
0.09587
0.09021
0.08235
0.07238
0.06082
0.04772
0.03362
0.01879
0.00359
-0.01150
-0.02625
-0.04021
-0.05314
-0.06466
-0.07467
-0.08282
-0.08903
-0.09322
-0.09521
-0.09522
-0.09304
-0.08896
-0.08299
-0.07526
-0.06612
-0.05554
-0.04396
-0.03147
-0.01834
-0.00486
0.00882
0.02239
0.03567
0.04843
0.06051
0.07163
0.08179
0.09067
0.09823
0.10438
0.10886
0.11191
0.11316
0.11277
0.11068
0.10679
0.10139
0.09425
0.08565
0.07560
0.06420
0.05171
0.03820
0.02392
0.00909
-0.00606
-0.02130
-0.03629
-0.05089
-0.06471
-0.07752
-0.08914
-0.09913
-0.10760
-0.11404
-0.11846
-0.12073
-0.12063
-0.11843
-0.11381
-0.10704
-0.09816
-0.08727
-0.07472
-0.06059
-0.04528
-0.02901
-0.01217
0.00494
0.02190
0.03839
0.05404
0.06844
0.08141
0.09243
0.10150
0.10820
0.11243
0.11415
0.11311
0.10965
0.10353
0.09506
0.08439
0.07169
0.05745
0.04177
0.02518
0.00795
-0.00947
-0.02671
-0.04337
-0.05910
-0.07359
-0.08642
-0.09752
-0.10645
-0.11324
-0.11765
-0.11958
-0.11917
-0.11621
-0.11104
-0.10356
-0.09400
-0.08260
-0.06944
-0.05496
-0.03926
-0.02273
-0.00563
0.01168
0.02891
0.04569
0.06169
0.07663
0.09006
0.10193
0.11171
0.11934
0.12454
0.12710
0.12712
0.12426
0.11880
0.11062
0.09992
0.08694
0.07184
0.05508
0.03689
0.01781
-0.00180
-0.02137
-0.04050
-0.05865
-0.07533
-0.09019
-0.10267
-0.11268
-0.11970
-0.12368
-0.12447
-0.12196
-0.11644
-0.10779
-0.09648
-0.08267
-0.06680
-0.04938
-0.03075
-0.01158
0.00775
0.02664
0.04466
0.06133
0.07626
0.08912
0.09962
0.10764
0.11293
0.11565
0.11565
0.11313
0.10826
0.10112
0.09227
0.08168
0.06986
0.05707
0.04357
0.02987
0.01604
0.00253
-0.01049
-0.02282
-0.03419
-0.04452
-0.05370
-0.06158
-0.06817
-0.07345
-0.07734
-0.08005
-0.08144
-0.08171
-0.08095
-0.07911
-0.07657
-0.07317
-0.06917
-0.06467
-0.05961
-0.05438
-0.04878
-0.04299
-0.03709
-0.03100
-0.02492
-0.01873
-0.01246
-0.00619
0.00021
0.00666
0.01316
0.01981
0.02649
0.03322
0.04003
0.04670
0.05338
0.05979
0.06588
0.07161
0.07664
0.08109
0.08458
0.08703
0.08840
0.08833
0.08701
0.08412
0.07968
0.07372
0.06614
0.05715
0.04675
0.03511
0.02243
0.00892
-0.00518
-0.01953
-0.03391
-0.04796
-0.06135
-0.07387
-0.08508
-0.09488
-0.10291
-0.10900
-0.11309
-0.11491
-0.11462
-0.11204
-0.10732
-0.10059
-0.09190
-0.08165
-0.06990
-0.05705
-0.04334
-0.02912
-0.01472
-0.00044
0.01336
0.02642
0.03841
0.04917
0.05837
0.06595
0.07171
0.07555
0.07753
0.07751
0.07572
0.07209
0.06687
0.06020
0.05222
0.04331
0.03352
0.02327
0.01269
0.00212
-0.00823
-0.01813
-0.02728
-0.03562
-0.04276
-0.04879
-0.05337
-0.05647
-0.05805
-0.05791
-0.05628
-0.05290
-0.04798
-0.04151
-0.03355
-0.02431
-0.01382
-0.00234
0.01001
0.02296
0.03634
0.04981
0.06319
0.07615
0.08834
0.09964
0.10951
0.11800
0.12461
0.12917
0.13162
0.13151
0.12916
0.12415
0.11662
0.10667
0.09420
0.07965
0.06300
0.04460
0.02476
0.00376
-0.01798
-0.04006
-0.06215
-0.08376
-0.10446
-0.12401
-0.14175
-0.15766
-0.17116
-0.18200
-0.19012
-0.19495
-0.19687
-0.19534
-0.19050
-0.18246
-0.17103
-0.15678
-0.13953
-0.11973
-0.09767
-0.07366
-0.04819
-0.02167
0.00544
0.03261
0.05926
0.08505
0.10920
0.13148
0.15121
0.16797
0.18161
0.19139
0.19757
0.19958
0.19749
0.19140
0.18115
0.16736
0.14991
0.12943
0.10626
0.08090
0.05405
0.02615
-0.00203
-0.02996
-0.05687
-0.08232
-0.10556
-0.12619
-0.14372
-0.15765
-0.16797
-0.17411
-0.17632
-0.17435
-0.16833
-0.15861
-0.14515
-0.12871
-0.10933
-0.08771
-0.06434
-0.03968
-0.01451
0.01080
0.03550
0.05917
0.08115
0.10113
0.11854
0.13312
0.14459
0.15261
0.15736
0.15844
0.15618
0.15054
0.14168
0.13007
0.11571
0.09928
0.08094
0.06122
0.04060
0.01943
-0.00170
-0.02246
-0.04235
-0.06105
-0.07810
-0.09335
-0.10639
-0.11706
-0.12524
-0.13063
-0.13355
-0.13359
-0.13105
-0.12593
-0.11829
-0.10858
-0.09669
-0.08313
-0.06802
-0.05172
-0.03462
-0.01694
0.00086
0.01851
0.03559
0.05187
0.06689
0.08049
0.09230
0.10208
0.10973
0.11487
0.11772
0.11789
0.11554
0.11072
0.10335
0.09392
0.08228
0.06890
0.05397
0.03781
0.02085
0.00337
-0.01419
-0.03151
-0.04811
-0.06378
-0.07802
-0.09064
-0.10133
-0.10977
-0.11599
-0.11958
-0.12073
-0.11921
-0.11510
-0.10858
-0.09957
-0.08854
-0.07546
-0.06072
-0.04460
-0.02740
-0.00955
0.00867
0.02680
0.04454
0.06141
0.07721
0.09145
0.10393
0.11437
0.12243
0.12819
0.13123
0.13171
0.12948
0.12455
0.11719
0.10729
0.09529
0.08124
0.06551
0.04842
0.03027
0.01150
-0.00757
-0.02648
-0.04491
-0.06233
-0.07857
-0.09311
-0.10569
-0.11608
-0.12386
-0.12916
-0.13151
-0.13105
-0.12767
-0.12137
-0.11245
-0.10084
-0.08699
-0.07103
-0.05343
-0.03452
-0.01476
0.00536
0.02542
0.04482
0.06323
0.07999
0.09486
0.10733
0.11703
0.12384
0.12730
0.12763
0.12449
0.11809
0.10851
0.09592
0.08079
0.06326
0.04395
0.02318
0.00159
-0.02037
-0.04210
-0.06304
-0.08276
-0.10057
-0.11628
-0.12920
-0.13922
-0.14596
-0.14915
-0.14892
-0.14493
-0.13757
-0.12672
-0.11270
-0.09584
-0.07637
-0.05491
-0.03172
-0.00744
0.01752
0.04249
0.06707
0.09062
0.11263
0.13271
0.15017
0.16499
0.17644
0.18449
0.18886
0.18926
0.18597
0.17860
0.16761
0.15294
0.13487
0.11384
0.09006
0.06417
0.03650
0.00771
-0.02172
-0.05104
-0.07982
-0.10729
-0.13284
-0.15603
-0.17601
-0.19275
-0.20535
-0.21372
-0.21754
-0.21647
-0.21082
-0.20021
-0.18515
-0.16568
-0.14230
-0.11557
-0.08595
-0.05434
-0.02129
0.01217
0.04536
0.07727
0.10718
0.13425
0.15769
0.17702
0.19149
0.20106
0.20517
0.20396
0.19744
0.18575
0.16962
0.14917
0.12540
0.09883
0.07037
0.04098
0.01132
-0.01751
-0.04491
-0.07000
-0.09221
-0.11099
-0.12595
-0.13684
-0.14351
-0.14605
-0.14446
-0.13926
-0.13053
-0.11893
-0.10490
-0.08887
-0.07175
-0.05371
-0.03559
-0.01774
-0.00062
0.01521
0.02966
0.04231
0.05307
0.06179
0.06849
0.07311
0.07582
0.07665
0.07573
0.07338
0.06954
0.06467
0.05874
0.05201
0.04474
0.03689
0.02886
0.02055
0.01218
0.00385
-0.00440
-0.01244
-0.02025
-0.02772
-0.03483
-0.04139
-0.04753
-0.05295
-0.05767
-0.06159
-0.06448
-0.06649
-0.06725
-0.06685
-0.06515
-0.06201
-0.05759
-0.05167
-0.04441
-0.03583
-0.02600
-0.01510
-0.00329
0.00922
0.02219
0.03531
0.04836
0.06091
0.07282
0.08364
0.09311
0.10105
0.10703
0.11115
0.11300
0.11262
0.10997
0.10495
0.09786
0.08861
0.07753
0.06480
0.05069
0.03556
0.01968
0.00347
-0.01275
-0.02858
-0.04372
-0.05777
-0.07052
-0.08161
-0.09086
-0.09813
-0.10316
-0.10609
-0.10669
-0.10512
-0.10145
-0.09571
-0.08832
-0.07923
-0.06887
-0.05745
-0.04523
-0.03263
-0.01981
-0.00716
0.00508
0.01666
0.02734
0.03691
0.04526
0.05221
0.05770
0.06174
0.06419
0.06527
0.06488
0.06320
0.06039
0.05643
0.05175
0.04626
0.04026
0.03394
0.02732
0.02078
0.01423
0.00788
0.00184
-0.00394
-0.00928
-0.01427
-0.01891
-0.02318
-0.02717
-0.03095
-0.03449
-0.03798
-0.04135
-0.04465
-0.04800
-0.05118
-0.05436
-0.05734
-0.06001
-0.06239
-0.06412
-0.06529
-0.06560
-0.06489
-0.06315
-0.06010
-0.05581
-0.05014
-0.04308
-0.03470
-0.02507
-0.01426
-0.00255
0.00993
0.02291
0.03597
0.04904
0.06150
0.07318
0.08370
0.09259
0.09981
0.10479
0.10753
0.10776
0.10531
0.10029
0.09253
0.08230
0.06964
0.05483
0.03815
0.01997
0.00065
-0.01935
-0.03953
-0.05952
-0.07861
-0.09662
-0.11283
-0.12690
-0.13852
-0.14711
-0.15279
-0.15496
-0.15374
-0.14902
-0.14070
-0.12918
-0.11433
-0.09669
-0.07644
-0.05402
-0.02994
-0.00463
0.02131
0.04738
0.07297
0.09759
0.12060
0.14169
0.16022
0.17588
0.18837
0.19725
0.20269
0.20422
0.20207
0.19621
0.18673
0.17410
0.15834
0.14005
0.11950
0.09724
0.07375
0.04954
0.02519
0.00115
-0.02194
-0.04376
-0.06363
-0.08140
-0.09649
-0.10866
-0.11777
-0.12337
-0.12581
-0.12462
-0.12011
-0.11232
-0.10133
-0.08772
-0.07144
-0.05317
-0.03311
-0.01188
0.01007
0.03227
0.05406
0.07511
0.09464
0.11249
0.12790
0.14067
0.15041
0.15665
0.15956
0.15854
0.15397
0.14561
0.13358
0.11827
0.09963
0.07840
0.05465
0.02897
0.00190
-0.02614
-0.05442
-0.08250
-0.10978
-0.13571
-0.15974
-0.18150
-0.20042
-0.21629
-0.22871
-0.23748
-0.24262
-0.24382
-0.24141
-0.23526
-0.22569
-0.21296
-0.19730
-0.17927
-0.15912
-0.13749
-0.11473
-0.09150
-0.06821
-0.04544
-0.02372
-0.00340
0.01484
0.03102
0.04440
0.05496
0.06245
0.06657
0.06767
0.06529
0.05992
0.05145
0.04021
0.02660
0.01074
-0.00666
-0.02548
-0.04493
-0.06478
-0.08432
-0.10307
-0.12064
-0.13624
-0.14983
-0.16049
-0.16830
-0.17268
-0.17325
-0.17024
-0.16291
-0.15195
-0.13687
-0.11791
-0.09549
-0.06951
-0.04083
-0.00951
0.02382
0.05854
0.09419
0.13000
0.16537
0.19970
0.23224
0.26240
0.28969
0.31335
0.33322
0.34863
0.35940
0.36542
0.36631
0.36249
0.35369
0.34032
0.32267
0.30102
0.27608
0.24815
0.21795
0.18606
0.15317
0.11983
0.08685
0.05469
0.02403
-0.00447
-0.03068
-0.05365
-0.07355
-0.08971
-0.10196
-0.11052
-0.11470
-0.11530
-0.11175
-0.10449
-0.09389
-0.07975
-0.06315
-0.04376
-0.02242
0.00053
0.02474
0.04937
0.07430
0.09874
0.12240
0.14461
0.16509
0.18328
0.19883
0.21150
0.22071
0.22671
0.22882
0.22729
0.22199
0.21273
0.20013
0.18375
0.16435
0.14198
0.11686
0.08983
0.06079
0.03068
-0.00026
-0.03165
-0.06265
-0.09322
-0.12258
-0.15045
-0.17663
-0.20047
-0.22208
-0.24101
-0.25716
-0.27071
-0.28123
-0.28922
-0.29445
-0.29719
-0.29782
-0.29621
-0.29309
-0.28830
-0.28247
-0.27583
-0.26855
-0.26131
-0.25391
-0.24716
-0.24086
-0.23550
-0.23137
-0.22826
-0.22690
-0.22661
-0.22810
-0.23108
-0.23546
-0.24156
-0.24854
-0.25699
-0.26623
-0.27628
-0.28693
-0.29759
-0.30844
-0.31871
-0.32851
-0.33728
-0.34480
-0.35088
-0.35500
-0.35730
-0.35714
-0.35475
-0.34970
-0.34193
-0.33158
-0.31818
-0.30230
-0.28347
-0.26211
-0.23834
-0.21196
-0.18379
-0.15343
-0.12164
-0.08858
-0.05425
-0.01965
0.01563
0.05059
0.08516
0.11922
0.15180
0.18345
0.21306
0.24092
0.26682
0.29013
0.31164
0.33027
0.34693
0.36126
0.37328
0.38397
0.39239
0.40012
0.40643
0.41220
0.41818
0.42374
0.43072
0.43788
0.44673
0.45742
0.46957
0.48459
0.50104
0.52034
0.54180
0.56529
0.59127
0.61832
0.64727
0.67678
0.70685
0.73697
0.76605
0.79422
0.82004
0.84358
0.86387
0.88042
0.89294
0.90044
0.90325
0.90045
0.89236
0.87863
0.85912
0.83443
0.80407
0.76911
0.72929
0.68534
0.63796
0.58703
0.53412
0.47889
0.42261
0.36581
0.30847
0.25228
0.19647
0.14264
0.09063
0.04047
-0.00650
-0.05168
-0.09328
-0.13256
-0.16917
-0.20269
-0.23486
-0.26390
-0.29223
-0.31866
-0.34417
-0.37017
-0.39514
-0.42214
-0.44909
-0.47815
-0.50972
-0.54280
-0.58020
-0.61919
-0.66245
-0.70899
-0.75841
-0.81251
-0.86826
-0.92824
-0.99003
-1.05390
-1.12028
-1.18638
-1.25419
-1.32046
-1.38605
-1.45023
-1.51096
-1.56958
-1.62276
-1.67194
-1.71576
-1.75328
-1.78523
-1.80931
-1.82706
-1.83711
-1.83979
-1.83537
-1.82288
-1.80389
-1.77726
-1.74448
-1.70538
-1.66031
-1.61063
-1.55541
-1.49704
-1.43459
-1.36965
-1.30276
-1.23330
-1.16383
-1.09252
-1.02188
-0.95101
-0.87988
-0.81031
-0.73978
-0.67131
-0.60219
-0.53369
-0.46582
-0.39621
-0.32789
-0.25675
-0.18560
-0.11244
-0.03609
0.04095
0.12328
0.20660
0.29463
0.38642
0.48069
0.58135
0.68317
0.79111
0.90156
1.01509
1.13408
1.25317
1.37797
1.50232
1.62905
1.75850
1.88615
2.01726
2.14469
2.27263
2.39957
2.52251
2.64564
2.76218
2.87678
2.98642
3.09004
3.19027
3.28154
3.36839
3.44669
3.51748
3.58154
3.63522
3.68244
3.71851
3.74647
3.76526
3.77363
3.77438
3.76305
3.74417
3.71504
3.67704
3.63100
3.57428
3.51117
3.43803
3.35854
3.27097
3.17546
3.07447
2.96432
2.85010
2.72749
2.59962
2.46613
2.32441
2.17968
2.02569
1.86835
1.70397
1.53244
1.35758
1.17256
0.98545
0.78931
0.58799
0.38228
0.16656
-0.05004
-0.27698
-0.50590
-0.74003
-0.98219
-1.22373
-1.47519
-1.72489
-1.97975
-2.23882
-2.49564
-2.76033
-3.01944
-3.28294
-3.54559
-3.80469
-4.06830
-4.32309
-4.58098
-4.83239
-5.07943
-5.32664
-5.56267
-5.79981
-6.02482
-6.24481
-6.45977
-6.66191
-6.86173
-7.04484
-7.22135
-7.38688
-7.53814
-7.68148
-7.80528
-7.91899
-8.01525
-8.09548
-8.16095
-8.20457
-8.23348
-8.23898
-8.22663
-8.19271
-8.13596
-8.05987
-7.95672
-7.83482
-7.68656
-7.51699
-7.32494
-7.10639
-6.87000
-6.60615
-6.32565
-6.02177
-5.69722
-5.35730
-4.99290
-4.61883
-4.22247
-3.81499
-3.39478
-2.95603
-2.51441
-2.05231
-1.58865
-1.11294
-0.62534
-0.13813
0.37652
0.90413
1.39973
1.88123
2.40826
3.02743
3.63670
4.11090
4.53730
5.13978
5.96933
6.70039
7.06023
7.33652
8.09544
9.33880
10.23644
10.20966
10.02762
11.12513
13.52765
14.95100
12.80153
7.14903
1.15874
