BVP Signal
-8.073954294187390968e-04
1.177988255764392256e-02
3.050540321087921725e-02
4.956083438490764548e-02
6.543995961240696435e-02
7.886540990066594203e-02
9.259772897070742137e-02
1.070895359763976012e-01
1.209763191705912899e-01
1.328714725875563551e-01
1.425734921888833495e-01
1.513613783193612505e-01
1.588313722823936347e-01
1.644344370531284905e-01
1.674596843695124182e-01
1.675606115249890227e-01
1.654805073445100305e-01
1.605681885610292792e-01
1.528133334730302773e-01
1.418838144774286492e-01
1.276442316036554558e-01
1.106473513996039104e-01
9.057152258172712633e-02
6.781042404542575452e-02
4.246234773752219360e-02
1.479530920449881326e-02
-1.464170031516280612e-02
-4.553459359516988381e-02
-7.739557599193899740e-02
-1.095600898371197895e-01
-1.415946260251489397e-01
-1.728399058693237123e-01
-2.025228945586867169e-01
-2.304615954416180390e-01
-2.555634835573587504e-01
-2.776341388793658882e-01
-2.960684262670685851e-01
-3.101626668590314884e-01
-3.201627565776503648e-01
-3.250628316683051855e-01
-3.252252994504944983e-01
-3.203106482879656269e-01
-3.101321681313542467e-01
-2.953598847390910276e-01
-2.754994131926896128e-01
-2.514490832629944217e-01
-2.232729450480544497e-01
-1.913515054775961621e-01
-1.565953877706749986e-01
-1.191173954446891337e-01
-7.992789986929008106e-02
-3.950159865552860250e-02
1.598932308001999730e-03
4.249098981437483130e-02
8.268300128723343745e-02
1.216332625027664038e-01
1.585174849491722826e-01
1.931206451427389670e-01
2.247590407522075950e-01
2.529371312279690143e-01
2.778123253258850123e-01
2.984037543592440445e-01
3.151061592265169686e-01
3.274372288756091653e-01
3.351801752516770372e-01
3.389575024318671748e-01
3.379164819834777900e-01
3.329178635240943596e-01
3.236315615690665282e-01
3.101675488746321041e-01
2.932765823235586877e-01
2.724469584046651516e-01
2.486472305403569227e-01
2.217732895073674104e-01
1.921428728885869464e-01
1.604553623211052993e-01
1.266767389050526826e-01
9.153568712235812810e-02
5.536309307990180256e-02
1.848660848786504857e-02
-1.842147703800506298e-02
-5.493383434639691199e-02
-9.078992718896897185e-02
-1.250850300720605934e-01
-1.577201788141940897e-01
-1.879994111802026913e-01
-2.153130245178410396e-01
-2.398508859754163447e-01
-2.604107605491666200e-01
-2.773058791508130061e-01
-2.899124332743117094e-01
-2.978622794741274671e-01
-3.016735976887205406e-01
-3.003950859345962399e-01
-2.947986424269793404e-01
-2.845443177460300621e-01
-2.697619414838410834e-01
-2.512161784058517533e-01
-2.285409228376906465e-01
-2.027800543246549014e-01
-1.740047356210001339e-01
-1.427217823485643633e-01
-1.097660773201330070e-01
-7.531386103939202714e-02
-4.024182842227017748e-02
-4.994607323741656613e-03
2.996359167837660264e-02
6.393917220068644214e-02
9.649684299695338030e-02
1.273697149709113741e-01
1.558209059196338786e-01
1.818281044519169110e-01
2.049227837771024907e-01
2.247089863297243584e-01
2.415857675941488758e-01
2.546700464150174481e-01
2.644663919037233413e-01
2.706591289662039768e-01
2.730619271308092344e-01
2.723880804040010317e-01
2.678497274380270410e-01
2.602412917977448004e-01
2.493301406556427680e-01
2.351452089697560199e-01
2.183943316350747677e-01
1.985861994687770082e-01
1.764960122327198511e-01
1.520725701927515550e-01
1.254995027323675405e-01
9.736912386075413650e-02
6.765464098963536177e-02
3.687231280522356575e-02
5.377413178367467655e-03
-2.659942874339943017e-02
-5.851040050005230225e-02
-8.989948112604420616e-02
-1.206498542767775045e-01
-1.498676535012899436e-01
-1.774515506485097593e-01
-2.028335051262895039e-01
-2.253334716444669317e-01
-2.452122127808137042e-01
-2.613054384484663206e-01
-2.738302410432686962e-01
-2.823007703391082202e-01
-2.862709411325922160e-01
-2.862491349590212675e-01
-2.813916157068740431e-01
-2.723025579040762034e-01
-2.588009429453854704e-01
-2.409748572634005104e-01
-2.195122924887451810e-01
-1.942537052157697341e-01
-1.660283728800729941e-01
-1.351116755934147207e-01
-1.020350242386238726e-01
-6.752249628847784013e-02
-3.206659174755803476e-02
3.690513330735070707e-03
3.903639273043203739e-02
7.342997074819807013e-02
1.062791043605756242e-01
1.367968172554609174e-01
1.649339044315554781e-01
1.896939603564639365e-01
2.109886348928834143e-01
2.284412993857995455e-01
2.414384766099399449e-01
2.505414514719728203e-01
2.548005067450102024e-01
2.547257983886115351e-01
2.501603687890776584e-01
2.410033911212837165e-01
2.280476006467540562e-01
2.108302682556945917e-01
1.902136823470145510e-01
1.662899024265372949e-01
1.394671514154242897e-01
1.104908818847236684e-01
7.953203004376360741e-02
4.740097581918192859e-02
1.451340689523350491e-02
-1.850991824040221223e-02
-5.110283167726561993e-02
-8.261082561273694336e-02
-1.126641400172716245e-01
-1.405198304644772189e-01
-1.657755933600165155e-01
-1.880772006680095643e-01
-2.066743469283975621e-01
-2.218515642157099232e-01
-2.327180078659338291e-01
-2.394241405817356949e-01
-2.418607537152752396e-01
-2.396223679613834756e-01
-2.335328000251216396e-01
-2.229358219909927108e-01
-2.085395775407052343e-01
-1.905127237233114057e-01
-1.690052842279038403e-01
-1.449654626138093816e-01
-1.183050488675334022e-01
-8.990599305822377652e-02
-6.016919801949388580e-02
-2.956683596250175849e-02
1.148708160292527536e-03
3.162393135545413236e-02
6.129567055393850272e-02
8.963466399168180943e-02
1.162756720603209670e-01
1.408470352206287191e-01
1.628391774477068177e-01
1.823283145719048759e-01
1.987169201992941558e-01
2.120376627582283291e-01
2.222559297005176626e-01
2.289252527479490040e-01
2.327236302803358803e-01
2.330027261405073213e-01
2.301892190793637938e-01
2.244142636285215153e-01
2.154077410862385578e-01
2.040876691516846364e-01
1.898985568896033871e-01
1.734287919748879747e-01
1.548768168453912852e-01
1.342122988569373065e-01
1.121524116564209250e-01
8.854106637139547153e-02
6.383493072562682058e-02
3.835474292992227530e-02
1.225048688793443918e-02
-1.403076286178930876e-02
-4.018885357112628176e-02
-6.605539581875996547e-02
-9.107956304486782007e-02
-1.150605258080623916e-01
-1.377449318003896861e-01
-1.584986560509741849e-01
-1.775090294412848269e-01
-1.939981091159094229e-01
-2.078963366897645937e-01
-2.190833653375396928e-01
-2.268831029156742063e-01
-2.318410054524723263e-01
-2.331539010207904772e-01
-2.310464757316764706e-01
-2.255646844747781765e-01
-2.163302728044235734e-01
-2.041230148405839828e-01
-1.884555782486092845e-01
-1.698397204534584370e-01
-1.485506814302708367e-01
-1.246935610502024339e-01
-9.897528440650842085e-02
-7.152828168838878953e-02
-4.289218956040680153e-02
-1.357720456602509729e-02
1.599783479015265408e-02
4.533996510535312496e-02
7.384031491829282090e-02
1.012438223404307225e-01
1.268761107298747581e-01
1.503622350774606597e-01
1.714992541519664848e-01
1.895338130119246234e-01
2.047146975051566953e-01
2.163261492309702660e-01
2.243468241570117372e-01
2.288356762307474090e-01
2.292379604918992064e-01
2.262691432333927832e-01
2.193407951626171193e-01
2.088587529745952465e-01
1.950665876244639940e-01
1.778267574317335398e-01
1.580298989138350096e-01
1.354404054431217197e-01
1.106938698606993871e-01
8.417868025593244763e-02
5.620012057367702180e-02
2.740679326749768246e-02
-1.862529021462507040e-03
-3.111380657680488937e-02
-5.981456810128531199e-02
-8.748016487675072672e-02
-1.137916603144467631e-01
-1.380353268294776670e-01
-1.601298696919958853e-01
-1.794402577650980324e-01
-1.956579674112578493e-01
-2.087759294212469530e-01
-2.180740053785261146e-01
-2.239966974852866111e-01
-2.259563195719385409e-01
-2.240745239691533386e-01
-2.186017744345743197e-01
-2.091577734180467829e-01
-1.965810467774381787e-01
-1.805345740190157922e-01
-1.615403578235365123e-01
-1.400173836550365758e-01
-1.160479722334295249e-01
-9.049100039549295982e-02
-6.341543239538383059e-02
-3.542144882843951958e-02
-6.997936070060356561e-03
2.144137151409891695e-02
4.943910690224617710e-02
7.646092062534198819e-02
1.022328315812821575e-01
1.262462581388966998e-01
1.480782713637391057e-01
1.677085848210873587e-01
1.843910647047410090e-01
1.983486574615802023e-01
2.090651751066618658e-01
2.163723940768716714e-01
2.205303997109716030e-01
2.208826712223975752e-01
2.180597088994342403e-01
2.116105300046208226e-01
2.017172341053913853e-01
1.887476967808524586e-01
1.724063058905810908e-01
1.534667561177915918e-01
1.317553424380572547e-01
1.077204759496870334e-01
8.179150549555629091e-02
5.417734273970928327e-02
2.548280245370773689e-02
-3.941672374581622895e-03
-3.362883303366406840e-02
-6.305573156932282874e-02
-9.163609802677774585e-02
-1.191375767716288114e-01
-1.447052028041154459e-01
-1.681648958976731667e-01
-1.889336815791228530e-01
-2.064508955796156009e-01
-2.208355288027916141e-01
-2.311667368832172331e-01
-2.377529255534653330e-01
-2.401133558174722293e-01
-2.381080239027166534e-01
-2.321442308404987331e-01
-2.217060045905600296e-01
-2.075386310399470746e-01
-1.894739668484269335e-01
-1.678983396611939682e-01
-1.433896061061607219e-01
-1.160514009734756602e-01
-8.672681831376871653e-02
-5.569396712849565556e-02
-2.358796891567893628e-02
8.989953986644063505e-03
4.145042125672582234e-02
7.331461358470789391e-02
1.038517338960186220e-01
1.326468539687714054e-01
1.591773904567127529e-01
1.827646612789241010e-01
2.034859174583222574e-01
2.204114666052626736e-01
2.336639361547167004e-01
2.428530714666616852e-01
2.476371437042329537e-01
2.484847198582645911e-01
2.447050924370955116e-01
2.369327390759565499e-01
2.249807612966003012e-01
2.090284948088677042e-01
1.896976025435854751e-01
1.668392010202613962e-01
1.412991856655200773e-01
1.132197694720514236e-01
8.316401909135257009e-02
5.174239245172946450e-02
1.938604094865264277e-02
-1.326161414842588759e-02
-4.562943589307520698e-02
-7.715161960426296373e-02
-1.073005715745922878e-01
-1.353291344470262947e-01
-1.611384064386338077e-01
-1.838048112685568281e-01
-2.031840067478339340e-01
-2.188912127316838263e-01
-2.303424356064062151e-01
-2.379761496605695692e-01
-2.409373630383832010e-01
-2.396736346426137643e-01
-2.340313752299653938e-01
-2.239621827115261254e-01
-2.101883327830516568e-01
-1.923684240256088307e-01
-1.713448623203893406e-01
-1.472638057446590820e-01
-1.205904902274393120e-01
-9.205488886648316438e-02
-6.191633492805726641e-02
-3.095639201579426791e-02
3.789478637907517378e-04
3.148545117686799011e-02
6.184253102961995152e-02
9.081234615686817335e-02
1.181266944677441533e-01
1.430878441149341096e-01
1.653952760913029174e-01
1.847878289743340174e-01
2.005948962759253884e-01
2.132260532560457389e-01
2.218402309136007222e-01
2.266700577717333798e-01
2.276458677057579538e-01
2.244068175678221033e-01
2.177364496395592930e-01
2.069995337709781280e-01
1.928378461856923853e-01
1.753395818675810014e-01
1.546163310973172056e-01
1.314246118246233941e-01
1.056765036705098193e-01
7.809142590042569831e-02
4.898633014089011362e-02
1.882846418784607512e-02
-1.181202011280989284e-02
-4.244800219356389959e-02
-7.261852019804151959e-02
-1.017060584838836990e-01
-1.292115362431047743e-01
-1.547816352715813970e-01
-1.776242837951613474e-01
-1.977950601034950406e-01
-2.144713193941359120e-01
-2.275037684667003401e-01
-2.367776222973882461e-01
-2.416365014975149217e-01
-2.427241537869945509e-01
-2.392906727677689138e-01
-2.317346389151521691e-01
-2.202087669269290893e-01
-2.045548800173226933e-01
-1.857101674594835994e-01
-1.633818045111080919e-01
-1.383223203174440696e-01
-1.109267827432676712e-01
-8.154094170099596139e-02
-5.097071410554056270e-02
-1.951176538923213299e-02
1.219239876033234582e-02
4.358740462309801389e-02
7.417050798771476772e-02
1.035022712302299530e-01
1.309276157969254950e-01
1.563113276409232866e-01
1.790040773066407520e-01
1.987307022590375505e-01
2.154311933142947222e-01
2.283936980063124011e-01
2.381035640471561021e-01
2.438651682977701352e-01
2.458222426542352457e-01
2.441505639298264529e-01
2.383478449440354641e-01
2.293182845381320500e-01
2.164664676542649713e-01
2.002983448111110842e-01
1.811123101387276391e-01
1.588109562481221926e-01
1.342880017785437197e-01
1.073774269552250915e-01
7.867853493731752357e-02
4.862300498266700771e-02
1.752117401147650078e-02
-1.404299340788658923e-02
-4.561922728197344290e-02
-7.682785167809833005e-02
-1.070455658796518467e-01
-1.357991974227630017e-01
-1.628301690572728777e-01
-1.872866244487608189e-01
-2.092348561580861244e-01
-2.279088262252105257e-01
-2.430267189449487331e-01
-2.546306275148175202e-01
-2.618786631914969965e-01
-2.653788119556616532e-01
-2.644227393349043997e-01
-2.591760733312472587e-01
-2.499521268385754003e-01
-2.362921606913970241e-01
-2.191993466708872240e-01
-1.982703327311669539e-01
-1.740772228147874079e-01
-1.471351859401905382e-01
-1.175066789124237926e-01
-8.615800817953304935e-02
-5.320537724913901312e-02
-1.926746205529145800e-02
1.503541152012971560e-02
4.928716259880387696e-02
8.294977888954913059e-02
1.153879318691375389e-01
1.463553674071041144e-01
1.751859237616195386e-01
2.014584546062244963e-01
2.251088253894522884e-01
2.452606771623913884e-01
2.622336273606643564e-01
2.753400633718976476e-01
2.844354584603135949e-01
2.897900067960579307e-01
2.906067853370201126e-01
2.876926654697596897e-01
2.804297714959487764e-01
2.690499077714737508e-01
2.539883663608346054e-01
2.348110596179826537e-01
2.125175883653650233e-01
1.867876166246087155e-01
1.581202349413413644e-01
1.270532896477655216e-01
9.367257178260707251e-02
5.878731318183855192e-02
2.267351670801709407e-02
-1.417776913394952487e-02
-5.108804275899725411e-02
-8.755909844947795673e-02
-1.231740317358016590e-01
-1.570498912547078629e-01
-1.890086076255481640e-01
-2.182410862862763090e-01
-2.442232032275247766e-01
-2.668984042719455552e-01
-2.852146370615892268e-01
-2.995063758937950293e-01
-3.090092595068251180e-01
-3.135915532440017861e-01
-3.135323807788520933e-01
-3.081289384835541600e-01
-2.982396193465974288e-01
-2.834218931414029807e-01
-2.641046847134613795e-01
-2.408604630674368585e-01
-2.136184426407833903e-01
-1.834815247144828687e-01
-1.505197543437771790e-01
-1.154765396729351412e-01
-7.908905831404511311e-02
-4.179651045408105947e-02
-4.440674710581293816e-03
3.240330145438985454e-02
6.820740904601352295e-02
1.022496263364796043e-01
1.340064885757731306e-01
1.632320322496183529e-01
1.891008304528881689e-01
2.117069119199668226e-01
2.304574326856544397e-01
2.451513128697545563e-01
2.560756427541595603e-01
2.625099939379780256e-01
2.651834763083819602e-01
2.636582773943965119e-01
2.581710757566921255e-01
2.492876257655299854e-01
2.365861631158923395e-01
2.211072127056881442e-01
2.025844562479671707e-01
1.815100897600827878e-01
1.584668246919520573e-01
1.333628371856720174e-01
1.070888548107054583e-01
7.964028220954122439e-02
5.145132640476912655e-02
2.301491517851489421e-02
-5.479939669544520164e-03
-3.364152762951100328e-02
-6.104991685650690281e-02
-8.757843959964678460e-02
-1.127615328477496459e-01
-1.362523958582700367e-01
-1.581450411995174443e-01
-1.776270108109652135e-01
-1.949437760138907905e-01
-2.095762846078835506e-01
-2.212085189094639415e-01
-2.301880120402487462e-01
-2.356072403720088915e-01
-2.380184831652270572e-01
-2.369153383589896467e-01
-2.322044163064537203e-01
-2.243451744044151763e-01
-2.127062277260610701e-01
-1.980306757012061381e-01
-1.800486829854906490e-01
-1.589836676313443053e-01
-1.353718968368362585e-01
-1.091184493301143588e-01
-8.094313279596412891e-02
-5.104123854712769304e-02
-1.982753225078784376e-02
1.210562438096493554e-02
4.432447268226771819e-02
7.643675742308955745e-02
1.076968575072636547e-01
1.378139900506590854e-01
1.661878308776705282e-01
1.921650772461583334e-01
2.157930770050931479e-01
2.360333243363600952e-01
2.529903231052236245e-01
2.661372978838270065e-01
2.750223480029693190e-01
2.800424581182439088e-01
2.803235728170316854e-01
2.764332212504784780e-01
2.680491152924749931e-01
2.551920370606737820e-01
2.384715518315224381e-01
2.175371366297956521e-01
1.932439224583461512e-01
1.656365739142209859e-01
1.351743785629462846e-01
1.025598718865389225e-01
6.805882349908115581e-02
3.246008504857794685e-02
-3.718507128274151086e-03
-3.990968079829637638e-02
-7.540850767099238627e-02
-1.095655134471559822e-01
-1.420353004203594449e-01
-1.719031249090157698e-01
-1.989461306160260623e-01
-2.225692035006243685e-01
-2.422201070349902507e-01
-2.580962213193812027e-01
-2.692989146821775370e-01
-2.762088773233950523e-01
-2.784799037123769638e-01
-2.760495591403604454e-01
-2.695343938166290254e-01
-2.584647272223062897e-01
-2.437321020748470513e-01
-2.253216977788164710e-01
-2.036671036872271245e-01
-1.795695300429412111e-01
-1.530563140982917070e-01
-1.251136169597510395e-01
-9.600713371163722976e-02
-6.629044682674251066e-02
-3.666272776483758822e-02
-7.410655916343655836e-03
2.089819583598556685e-02
4.782789995976222119e-02
7.315802817703126459e-02
9.645532489224334372e-02
1.174428235224602157e-01
1.362472663502508619e-01
1.522895871682168334e-01
1.658750505042593248e-01
1.767800938697340341e-01
1.848713278894252854e-01
1.907448022719254732e-01
1.937621442787749171e-01
1.945701464179832030e-01
1.929955314452302950e-01
1.890257367495596919e-01
1.832977016082978361e-01
1.752535719946347603e-01
1.655435573813579531e-01
1.539952893512466225e-01
1.406467714166934613e-01
1.259504266998950905e-01
1.095929072657176456e-01
9.200818776219166217e-02
7.319316242433607234e-02
5.323444656208473069e-02
3.244954847592712577e-02
1.094575587389329252e-02
-1.111594436394891527e-02
-3.332176813973164453e-02
-5.553856159101644430e-02
-7.743193289399985524e-02
-9.846387995965266704e-02
-1.187636720750545605e-01
-1.374449374007108426e-01
-1.544540552284550117e-01
-1.694145463283235342e-01
-1.816592763369448971e-01
-1.915439060604766652e-01
-1.980863845744733620e-01
-2.014826181786928405e-01
-2.014621710518815778e-01
-1.976578474101410299e-01
-1.905715073009372484e-01
-1.796428719873186253e-01
-1.653656837181220474e-01
-1.477641559625423595e-01
-1.269880077355972081e-01
-1.036144749699623169e-01
-7.775033612529297367e-02
-4.999947141684407681e-02
-2.077926244703492964e-02
9.388066536077932511e-03
3.997413656955667305e-02
7.029909474500756206e-02
1.000113926612913318e-01
1.283258032444486996e-01
1.547546745218882913e-01
1.789215189664548067e-01
1.999400982686687644e-01
2.180091804080839246e-01
2.321471499967522334e-01
2.423089470317935090e-01
2.483266081563350047e-01
2.496017415457212618e-01
2.467996625969476887e-01
2.391714044740920198e-01
2.272151382219901317e-01
2.110163266494385625e-01
1.905881465948574549e-01
1.667373507429292800e-01
1.393634551723777204e-01
1.092509180223686927e-01
7.679711524108856491e-02
4.254772200205647614e-02
7.220579929994308532e-03
-2.861078819400780793e-02
-6.430913722174930180e-02
-9.915301747225280238e-02
-1.324834954373568796e-01
-1.638184690091243900e-01
-1.922429477626860783e-01
-2.176806297493590336e-01
-2.392202579285278574e-01
-2.566030894866854206e-01
-2.696577343494108159e-01
-2.776385918206561998e-01
-2.811836538361802695e-01
-2.794744057893008837e-01
-2.729193199364510214e-01
-2.616691077916359909e-01
-2.455533384148798348e-01
-2.256031859868839196e-01
-2.014888030210689462e-01
-1.740720503777140049e-01
-1.437755121040154849e-01
-1.110185536721399330e-01
-7.671478770972847694e-02
-4.119718326835683508e-02
-5.242763690001303600e-03
3.053575274307787635e-02
6.552155059746717081e-02
9.918655603998027814e-02
1.307840159374090983e-01
1.600880312419984131e-01
1.863664388181265619e-01
2.092700557901001901e-01
2.286799544028543518e-01
2.438188151470977172e-01
2.551622239409395698e-01
2.619547143415075219e-01
2.643713530243256837e-01
2.625664730066145092e-01
2.560782949818845022e-01
2.458630925846035653e-01
2.313436423247858531e-01
2.131508087235591820e-01
1.915958007612110214e-01
1.667306584527280255e-01
1.395055004652076269e-01
1.098581622890189291e-01
7.852822132877136652e-02
4.598092630695917171e-02
1.270622942624397012e-02
-2.069635328897464002e-02
-5.364583488506323439e-02
-8.568968077871724764e-02
-1.161788727814691835e-01
-1.445444359769181841e-01
-1.705531196702639030e-01
-1.933089458746399536e-01
-2.128978551490104398e-01
-2.285839240539669914e-01
-2.401396407281299328e-01
-2.476522371950243273e-01
-2.504044320523688416e-01
-2.490614066448451069e-01
-2.430473386250450174e-01
-2.326958176539502543e-01
-2.183593682043364348e-01
-1.998613194102842883e-01
-1.781984025701247032e-01
-1.532111223808342304e-01
-1.256334554905463030e-01
-9.599481935980985758e-02
-6.467683576935071010e-02
-3.252235322299869280e-02
8.368973043015870417e-05
3.248229168811226503e-02
6.408527816309364522e-02
9.429303842771258326e-02
1.227575267356089683e-01
1.487256860719735896e-01
1.720492175372209387e-01
1.921748509243899339e-01
2.087284913630511329e-01
2.218358671283298389e-01
2.307666627059694886e-01
2.359897528367805863e-01
2.370554608356884030e-01
2.340533804333508328e-01
2.273943349010567050e-01
2.166803927740739988e-01
2.027773915736700849e-01
1.854443777647225289e-01
1.651689858766369479e-01
1.424566942341644049e-01
1.173630471572149891e-01
9.074253534362841656e-02
6.270413229255612786e-02
3.382776433508319358e-02
4.621478560237493594e-03
-2.450169110344552204e-02
-5.308169578066716798e-02
-8.057168810374078227e-02
-1.066649945448887304e-01
-1.308652138382459529e-01
-1.526955350047771443e-01
-1.721612783603882202e-01
-1.884848711710893354e-01
-2.018351041387291267e-01
-2.117648163963529451e-01
-2.180557896492775205e-01
-2.210478293377960979e-01
-2.201073999584676755e-01
-2.158514751715395197e-01
-2.079902196561652650e-01
-1.967098279718953457e-01
-1.825298646636183131e-01
-1.652215082783983768e-01
-1.456059546874712840e-01
-1.236701043387732485e-01
-9.987578876673000594e-02
-7.477065632091468850e-02
-4.854953804636277792e-02
-2.185178685584887592e-02
4.998170398706730522e-03
3.159366890351389401e-02
5.747092227030300982e-02
8.219286307381870604e-02
1.056298891002643292e-01
1.271256872567116392e-01
1.466351801093795926e-01
1.637941834361634763e-01
1.782001166834891182e-01
1.901562959650451856e-01
1.989021586624650784e-01
2.047957903616921538e-01
2.075366732826187388e-01
2.069555001549393536e-01
2.035360142389048277e-01
1.966993389013102500e-01
1.870488383817366929e-01
1.744004115034470948e-01
1.588906457284050555e-01
1.410025842597053269e-01
1.205852558186402967e-01
9.825015833040402768e-02
7.410801418352169767e-02
4.852675398727436529e-02
2.195892904060795306e-02
-5.236009394442471543e-03
-3.267486751306866721e-02
-5.979535747457326300e-02
-8.622390383282778348e-02
-1.115102308715149315e-01
-1.349690073864334983e-01
-1.566336952849002873e-01
-1.755625760606676078e-01
-1.916820579099939859e-01
-2.046003771203839805e-01
-2.137657044058914879e-01
-2.195383760617097835e-01
-2.211144557276131795e-01
-2.188625578319303155e-01
-2.126020442408884659e-01
-2.022818275331918492e-01
-1.884720127080571350e-01
-1.709218997259692174e-01
-1.503306054809910308e-01
-1.268592719533844504e-01
-1.009682903670342247e-01
-7.326620783972892514e-02
-4.413510195420947135e-02
-1.423207839535871322e-02
1.591875426651555292e-02
4.569888722537519821e-02
7.462758523105378350e-02
1.019526647368105415e-01
1.274711492401911506e-01
1.503943475507773242e-01
1.704115780435588312e-01
1.872497192196780624e-01
2.002107686428479805e-01
2.097184945075500628e-01
2.149308948151688603e-01
2.161104346917055163e-01
2.131951764548293826e-01
2.059526327141170954e-01
1.951030558866383158e-01
1.802160972123080240e-01
1.619789778395906987e-01
1.405530403478275070e-01
1.162678980331796619e-01
8.982193653550679668e-02
6.141262415666479124e-02
3.177487911232678569e-02
1.334855444231675126e-03
-2.926574583629978216e-02
-5.953730448651879670e-02
-8.877207515374377356e-02
-1.166052498445828145e-01
-1.423529960623045321e-01
-1.655030322447863522e-01
-1.858309066047802716e-01
-2.024979205086408773e-01
-2.157597583752406956e-01
-2.248255293484376915e-01
-2.296876255065335437e-01
-2.303824390285243717e-01
-2.263848241408097095e-01
-2.185206574854674511e-01
-2.061848055016666237e-01
-1.899440186341653514e-01
-1.700767621137305452e-01
-1.466556671547407098e-01
-1.206060247084257686e-01
-9.190904387127771247e-02
-6.134912817195969925e-02
-2.940692178063422646e-02
3.391909492064304477e-03
3.637366176371079063e-02
6.898553864770662347e-02
1.007009026839874588e-01
1.308913154083790609e-01
1.589958321434710720e-01
1.847321288716138876e-01
2.072895245723376800e-01
2.267329580515420884e-01
2.423698541359520786e-01
2.540062945470203948e-01
2.617193033074569630e-01
2.648344486551755250e-01
2.640381277477882871e-01
2.587269885164290573e-01
2.492288644873361103e-01
2.358698422780681758e-01
2.183942785774918016e-01
1.978217036442923571e-01
1.738521739291145618e-01
1.471559171232938723e-01
1.182141091596956017e-01
8.725603292910377728e-02
5.512244248050376938e-02
2.206916172874903714e-02
-1.131494152473649928e-02
-4.443481086112377465e-02
-7.681845786944588306e-02
-1.080269178790989881e-01
-1.373637827341772366e-01
-1.646703900014939992e-01
-1.892715005517824622e-01
-2.108198803261585874e-01
-2.292662126242669407e-01
-2.438181745461304450e-01
-2.548835740302775044e-01
-2.618041367019857679e-01
-2.646268548431131018e-01
-2.635928293364987463e-01
-2.581687010716395281e-01
-2.492102469886775251e-01
-2.362557659830707701e-01
-2.197686482675032527e-01
-2.001743054480785433e-01
-1.773927400226103235e-01
-1.523829812568004149e-01
-1.250727996059091962e-01
-9.608330673486831230e-02
-6.593636351007524377e-02
-3.495964970612788769e-02
-3.768789102901196064e-03
2.718486767271172111e-02
5.752353878447011293e-02
8.667509494506438206e-02
1.141881628069151000e-01
1.399072707848941499e-01
1.630464014860357747e-01
1.837066799066936484e-01
2.012844531018932459e-01
2.155178947009130930e-01
2.265830493327680994e-01
2.337026636054903017e-01
2.374410411945819255e-01
2.372402963213527394e-01
2.332061343084537719e-01
2.256699529776618196e-01
2.141955414254365364e-01
1.995865780581859983e-01
1.815340543455885580e-01
1.604856402504991619e-01
1.368496138013821362e-01
1.107292759223350714e-01
8.285135470761091636e-02
5.341508981542371359e-02
2.298602290374283930e-02
-7.925660385969424127e-03
-3.874617506704594594e-02
-6.909376172582826214e-02
-9.819100818221696003e-02
-1.256959728412801736e-01
-1.510067884046845665e-01
-1.734835172299183381e-01
-1.931007457565920293e-01
-2.089169711758345760e-01
-2.210635258051228957e-01
-2.290037028838263211e-01
-2.325057210836101729e-01
-2.318490416751866068e-01
-2.264779096939054104e-01
-2.170279031957328408e-01
-2.032775474362766843e-01
-1.856119997232515417e-01
-1.645339167412178394e-01
-1.401750220886494591e-01
-1.133964693527176465e-01
-8.445634734894937046e-02
-5.411545939173095093e-02
-2.295607447203639601e-02
8.347207356963676217e-03
3.918782028095954550e-02
6.887744037760143434e-02
9.682178492623411126e-02
1.225209436250593309e-01
1.452401767199368865e-01
1.649499322189224015e-01
1.808225418874568335e-01
1.928641993284304634e-01
2.007673747959182187e-01
2.042501761405068894e-01
2.037316793658739966e-01
1.987237503828701568e-01
1.898322906294883650e-01
1.770038871212864517e-01
1.605806134167792054e-01
1.411527659963837666e-01
1.188177014340592308e-01
9.441447847402983928e-02
6.818606387663947443e-02
4.085356566520725874e-02
1.292979837399595849e-02
-1.498635045802394761e-02
-4.232135919951812708e-02
-6.853493282170308731e-02
-9.300834866023477421e-02
-1.154185996286243299e-01
-1.350171866065098536e-01
-1.518285354270180743e-01
-1.651331426670843427e-01
-1.748280903507567485e-01
-1.807922378297214250e-01
-1.825738723621559423e-01
-1.807347675241600671e-01
-1.747035653986387382e-01
-1.649676056201748175e-01
-1.516072058206025530e-01
-1.347581023214847740e-01
-1.151103525290430307e-01
-9.264956507294580534e-02
-6.812867495905616799e-02
-4.184888804122290779e-02
-1.441556482548975865e-02
1.363596194420790830e-02
4.174973112087795868e-02
6.936445334586643918e-02
9.595588171449470627e-02
1.208624727874492710e-01
1.438285850965185797e-01
1.640318870199076740e-01
1.814464737582027754e-01
1.954108960410019802e-01
2.056437165716801241e-01
2.121468067607592545e-01
2.142808486947676005e-01
2.125830786276047268e-01
2.064867156727288600e-01
1.962799408649948119e-01
1.821673805220310471e-01
1.640662767221378882e-01
1.427619131050341383e-01
1.181556551895461965e-01
9.092901774540343429e-02
6.149231188105569457e-02
3.038821176438605276e-02
-1.761836070611033644e-03
-3.435588475065920466e-02
-6.675871088541596166e-02
-9.835106831269385674e-02
-1.283370798147680514e-01
-1.564027880712393070e-01
-1.815588857451725380e-01
-2.036246014736723398e-01
-2.218925786664898148e-01
-2.358702280043969424e-01
-2.455830751399421530e-01
-2.502303552418412846e-01
-2.502623181004895447e-01
-2.451632774569531548e-01
-2.351167822741741797e-01
-2.204525048190144332e-01
-2.010457660480862718e-01
-1.777720292918556211e-01
-1.506249776064006729e-01
-1.203685059220068743e-01
-8.755029910018424788e-02
-5.279905945385543475e-02
-1.689831125289376068e-02
1.948931963614819463e-02
5.555356050590154471e-02
9.064797132086838127e-02
1.238154205835614863e-01
1.547475281160884952e-01
1.823738100805424311e-01
2.064033256981511188e-01
2.262297004844898707e-01
2.412174869439304703e-01
2.515477424816803809e-01
2.563443456397108688e-01
2.560523785573793343e-01
2.502932734188723085e-01
2.391779828011279252e-01
2.232236538708055884e-01
2.022460494598193048e-01
1.772023076566568989e-01
1.481611403022871087e-01
1.159102045231159284e-01
8.111299505068030047e-02
4.437833339043364966e-02
6.627337595552923455e-03
-3.150315424788779906e-02
-6.908541085196293063e-02
-1.054788887779287698e-01
-1.396540893242794457e-01
-1.713016115019941887e-01
-1.993485629086984567e-01
-2.234041268124783985e-01
-2.430073990929352556e-01
-2.573967951696507495e-01
-2.669534648048591530e-01
-2.707491329372165856e-01
-2.692264370908948878e-01
-2.622270524635158528e-01
-2.497279230494620639e-01
-2.325459970366381413e-01
-2.103746212293870488e-01
-1.842385748937199752e-01
-1.543317839041577488e-01
-1.212999479734465091e-01
-8.599954149115646151e-02
-4.883162047556272034e-02
-1.076591014898736764e-02
2.765033014119783195e-02
6.561227186259344091e-02
1.025130611777032574e-01
1.375097851397856785e-01
1.702926830657501833e-01
1.999844112608795133e-01
2.261939569105045900e-01
2.486175061048045420e-01
2.663900421559731169e-01
2.800748962967166689e-01
2.885867583984974560e-01
2.922362674909663727e-01
2.909434832133165894e-01
2.842778873756124924e-01
2.732014545227960944e-01
2.569717326820079029e-01
2.364028214379296777e-01
2.116277399517799696e-01
1.828194061807741910e-01
1.509321020031058058e-01
1.159234949475266840e-01
7.870074087386075279e-02
3.971994955673480154e-02
-4.173216741513718908e-04
-4.097096541502043276e-02
-8.126780723007481777e-02
-1.207710487131113952e-01
-1.586201510225579980e-01
-1.942233785018933623e-01
-2.271200899166672671e-01
-2.562698913565819026e-01
-2.818560198829753727e-01
-3.027325348785962489e-01
-3.187917258394828979e-01
-3.298846955224841171e-01
-3.351324723987912924e-01
-3.355127185916535471e-01
-3.299261204677582660e-01
-3.189623495152608124e-01
-3.028069599422619218e-01
-2.812033708027450452e-01
-2.554137514596299674e-01
-2.249726418917896986e-01
-1.908570673923816741e-01
-1.535593331036647913e-01
-1.134289275696627464e-01
-7.155880846157625097e-02
-2.824245801877192305e-02
1.570305798899111760e-02
5.953147134590741629e-02
1.026760737530674483e-01
1.444797016096355524e-01
1.841099920617040309e-01
2.213997790231478913e-01
2.553772320762842662e-01
2.857168171163593229e-01
3.122105812014346338e-01
3.338461985531557819e-01
3.512769240325620546e-01
3.633659506017188345e-01
3.702989020880961268e-01
3.721699861375588059e-01
3.681608201082809950e-01
3.595355822163411874e-01
3.452285364255378575e-01
3.259196715531400557e-01
3.019129300772458446e-01
2.729421972318748502e-01
2.402662680817554131e-01
2.034968725921451616e-01
1.634732539707979548e-01
1.207690729728469470e-01
7.571086341386351615e-02
2.924695945754085535e-02
-1.811205454896525069e-02
-6.575823389222568149e-02
-1.127551839686958823e-01
-1.584942702631936262e-01
-2.023953279880855716e-01
-2.433109847868487607e-01
-2.812180635716228227e-01
-3.148831530491169595e-01
-3.439195553854142995e-01
-3.681236092544002414e-01
-3.862819097734260243e-01
-3.991472490689084163e-01
-4.054886963279592527e-01
-4.055494434679794979e-01
-3.995160762866197812e-01
-3.866827470026709124e-01
-3.684394444503704680e-01
-3.439712822362570588e-01
-3.141591057947044074e-01
-2.795559605521038549e-01
-2.402493560464007416e-01
-1.976380374471694568e-01
-1.517728288085431199e-01
-1.036695784324981329e-01
-5.416747242769393011e-02
-3.896778277398760260e-03
4.619209691058606682e-02
9.526100683531329993e-02
1.427656892382447307e-01
1.876815568836767145e-01
2.293946851147085075e-01
2.675425165292882879e-01
3.009579592391027347e-01
3.299484306846055537e-01
3.534227326688208493e-01
3.712697295065704450e-01
3.836287234426146719e-01
3.895075635294948935e-01
3.900355359868102334e-01
3.842348234129908113e-01
3.726414068151716608e-01
3.557085601872765901e-01
3.329648674050159629e-01
3.059358844549041612e-01
2.740299975376537800e-01
2.381776603491785049e-01
1.990166828598548543e-01
1.567074349037090863e-01
1.124963320713023573e-01
6.655775873253270969e-02
1.969609996895652776e-02
-2.728147548457293334e-02
-7.382707431823233579e-02
-1.192631760990962020e-01
-1.627012718983162631e-01
-2.038869045263561053e-01
-2.418428195593924634e-01
-2.760826748968656097e-01
-3.064473382711994098e-01
-3.317822022329295351e-01
-3.525737663124203225e-01
-3.678031341999398185e-01
-3.774437628063089800e-01
-3.817537931130593476e-01
-3.798332193808538482e-01
-3.728415319954407892e-01
-3.599841925186306746e-01
-3.418173440298754029e-01
-3.189225697497504730e-01
-2.909720178146809055e-01
-2.594335022484923758e-01
-2.239924606106484528e-01
-1.855185536966681981e-01
-1.447926652050642582e-01
-1.020405021816148533e-01
-5.841705363136083518e-02
-1.426492729659226133e-02
2.978185252468533439e-02
7.287994565625210974e-02
1.145941583340363140e-01
1.544320491870363188e-01
1.915588153412129679e-01
2.259958945010773212e-01
2.569065003516599610e-01
2.840339441160267819e-01
3.074767454518353427e-01
3.262512408839354228e-01
3.410747369664067774e-01
3.511160096846610013e-01
3.564717228110367842e-01
3.575419100975315567e-01
3.534947851473382863e-01
3.454411770150448424e-01
3.326451346938985032e-01
3.155100269968498239e-01
2.944979924868517673e-01
2.692028549456066955e-01
2.406962751015496726e-01
2.086631670308550512e-01
1.736471085646000001e-01
1.361918839852257479e-01
9.651585589652833530e-02
5.530438206019286373e-02
1.309228734574618969e-02
-2.967051883733240469e-02
-7.218217184584080348e-02
-1.137345816118041086e-01
-1.540070507552115386e-01
-1.917231937039983736e-01
-2.267621890066449653e-01
-2.580737940728494717e-01
-2.849777780406516081e-01
-3.074319286515617700e-01
-3.241133625071691560e-01
-3.354633514579422604e-01
-3.405598926232442647e-01
-3.393516824882339966e-01
-3.321519549267568649e-01
-3.183651540802091007e-01
-2.990319448597671959e-01
-2.738492657622773052e-01
-2.435859458807411448e-01
-2.089393284654507410e-01
-1.703285097105845525e-01
-1.289927377545343479e-01
-8.544444191204236816e-02
-4.079726787128479248e-02
4.068901864112073330e-03
4.812297229452461300e-02
9.062673194821369016e-02
1.304809508350888159e-01
1.670632342374839263e-01
1.996304355541532738e-01
2.273452143508866152e-01
2.503007492963023051e-01
2.674256065566709140e-01
2.790836810107801824e-01
2.848500716906365304e-01
2.846352952715364149e-01
2.791722923704625381e-01
2.678835765824904014e-01
2.519256455731236355e-01
2.311687522310948428e-01
2.062175725988147634e-01
1.779574003482814193e-01
1.463960784670636506e-01
1.127921548654698264e-01
7.727631428645370670e-02
4.065573098346744740e-02
3.608885455426369404e-03
-3.341489843460154763e-02
-6.971251866537031550e-02
-1.047786566443582035e-01
-1.381102087133138645e-01
-1.692363861180938844e-01
-1.974906330557673062e-01
-2.229605115232933255e-01
-2.446864669599784214e-01
-2.627401722590351207e-01
-2.767310494052780401e-01
-2.861351707460744187e-01
-2.915370875854480515e-01
-2.919542469577036670e-01
-2.880145737094005898e-01
-2.794676798233021175e-01
-2.662357271456691765e-01
-2.491580243605397982e-01
-2.277019636484627352e-01
-2.028497275114937159e-01
-1.746702674313880266e-01
-1.435391613602822747e-01
-1.103602806132269742e-01
-7.520198515736271905e-02
-3.898363417066200848e-02
-2.154366394736931950e-03
3.480311559162053286e-02
7.112665269827399273e-02
1.063575634999747721e-01
1.401134071292395034e-01
1.716363558848788551e-01
2.007740935007195082e-01
2.270331116160398954e-01
2.498772548425639561e-01
2.696944471655863818e-01
2.855075612641840843e-01
2.977036470084218345e-01
3.060212074097062307e-01
3.101101307855179123e-01
3.107809671490217585e-01
3.071507954885578373e-01
2.999644971573641183e-01
2.891003266952218986e-01
2.744587366944482576e-01
2.569118166788736946e-01
2.358872905870288417e-01
2.121838325207806020e-01
1.858508365670454299e-01
1.569959357230996111e-01
1.263579163899249125e-01
9.384594722262298849e-02
6.003135396563945292e-02
2.531187464459354330e-02
-1.011009207420426534e-02
-4.561681099770162340e-02
-8.077826864677989382e-02
-1.154356731658386925e-01
-1.486882420589676623e-01
-1.804189533999740747e-01
-2.100550481334839681e-01
-2.368304768437085039e-01
-2.610975015514814812e-01
-2.815409033251926596e-01
-2.983590362931077267e-01
-3.110688957452619197e-01
-3.190397104523420846e-01
-3.229168099916172041e-01
-3.216016230686186694e-01
-3.156881938418947819e-01
-3.049690040979271544e-01
-2.893145155128797330e-01
-2.695738952812900546e-01
-2.452997792482952688e-01
-2.173848488024322512e-01
-1.860568247354500993e-01
-1.517021033134970942e-01
-1.152258403831945832e-01
-7.689612379641951045e-02
-3.752555283671105135e-02
2.224354066505729310e-03
4.182358677332411595e-02
8.052078850037529267e-02
1.176213315333256015e-01
1.528695002289219007e-01
1.852940837481840131e-01
2.147120291182101071e-01
2.406593809260198225e-01
2.624119944064253751e-01
2.805188706628699569e-01
2.938463255140243424e-01
3.028214031209297552e-01
3.072479391216355049e-01
3.067305713493806429e-01
3.022421413106308741e-01
2.929017516416611011e-01
2.795609515381251020e-01
2.622239280795841676e-01
2.409178819003532368e-01
2.166264942260179849e-01
1.889763401650849661e-01
1.588610214354975181e-01
1.265098416346697729e-01
9.224086092682273752e-02
5.681405795151062144e-02
2.044299417694475651e-02
-1.631726506453451409e-02
-5.288484441244833967e-02
-8.890211862645835961e-02
-1.238427340983489500e-01
-1.570115881101621924e-01
-1.884232732386483811e-01
-2.170656887559054282e-01
-2.428160417661726633e-01
-2.653023902740627715e-01
-2.836558457925839050e-01
-2.985098899429539654e-01
-3.085925226871168991e-01
-3.142288979449587849e-01
-3.152151491959134244e-01
-3.109957636523348334e-01
-3.024951992251522226e-01
-2.888133903442907102e-01
-2.706758003708936711e-01
-2.481724599247296659e-01
-2.213406478865333205e-01
-1.911450579428886631e-01
-1.574597976353409590e-01
-1.211473170382151299e-01
-8.270146061669181314e-02
-4.263112489574444330e-02
-1.759920577646845175e-03
3.930607806941321947e-02
8.000014853129977510e-02
1.194429565173914520e-01
1.570985462317331938e-01
1.924265808384402199e-01
2.244685392300274085e-01
2.533384047773670766e-01
2.779206072122228366e-01
2.981216698637595419e-01
3.137249117321475045e-01
3.239004843023951530e-01
3.295127739014774848e-01
3.294649929043020897e-01
3.242935147860508405e-01
3.140649445463950529e-01
2.984886158596130601e-01
2.786935607376831436e-01
2.541143903037062501e-01
2.256493661141362739e-01
1.936266720124624197e-01
1.583559785605048453e-01
1.207964179461834126e-01
8.116478675311308844e-02
4.026503647805847186e-02
-1.264629218761970098e-03
-4.279937006675181566e-02
-8.370034060814190990e-02
-1.231134966209776749e-01
-1.607281551412771126e-01
-1.955773931327985937e-01
-2.271779163685759273e-01
-2.552000054478829605e-01
-2.785992751724144512e-01
-2.977689945772369895e-01
-3.116045559973342760e-01
-3.201752317761858424e-01
-3.234443074067805401e-01
-3.207398740376873891e-01
-3.130805133770955262e-01
-2.996322846916740779e-01
-2.811172195157004006e-01
-2.578131988094407023e-01
-2.298035946378488847e-01
-1.982278235154876778e-01
-1.630349449779396331e-01
-1.252190808681183376e-01
-8.536875071337773901e-02
-4.417962701918698443e-02
-2.492375077955182039e-03
3.895550409488768989e-02
7.947368236392526875e-02
1.182440166486222466e-01
1.545160396520629531e-01
1.879059860393403891e-01
2.173651772150998474e-01
2.429242283092533650e-01
2.636964742741164658e-01
2.794335772125207118e-01
2.901682867733376137e-01
2.951164598617745938e-01
2.950538225494812039e-01
2.892724333986171903e-01
2.782403297430257050e-01
2.622787508967325820e-01
2.412621891636136384e-01
2.163404536194579175e-01
1.872939829998735428e-01
1.550694343842755063e-01
1.201907047260430961e-01
8.322871393726516409e-02
4.511910369798258214e-02
6.376829612111695189e-03
-3.214059004684119425e-02
-6.975748782967583494e-02
-1.056292329989463596e-01
-1.393205802997004028e-01
-1.698495695780011805e-01
-1.969555835515268138e-01
-2.199271831317523018e-01
-2.382580996132040441e-01
-2.520172745255219726e-01
-2.603540123086990343e-01
-2.637967639524874675e-01
-2.618191810689154964e-01
-2.546366335588781671e-01
-2.427036167072060269e-01
-2.257717561089562230e-01
-2.049206422813986128e-01
-1.800254840508028753e-01
-1.519014620208146982e-01
-1.211828619263338735e-01
-8.827619868480135468e-02
-5.422383288411093683e-02
-1.938442779329340587e-02
1.538442547879474015e-02
4.948130338870242173e-02
8.218724598205892629e-02
1.130736038115164876e-01
1.413827032001166717e-01
1.668047771371515275e-01
1.888783683993020546e-01
2.070743070143251652e-01
2.216187632945578190e-01
2.317153541736016176e-01
2.377720701616233279e-01
2.394654991174811065e-01
2.367510678037816896e-01
2.301998883750745462e-01
2.193206261223651365e-01
2.049739441327430300e-01
1.870001266716886656e-01
1.658071054508965247e-01
1.419969883787366993e-01
1.155763264941348512e-01
8.740339226279608686e-02
5.763364249266157702e-02
2.686174911414834082e-02
-4.390722180353155701e-03
-3.563372727426061121e-02
-6.640521047131858756e-02
-9.608407667948877517e-02
-1.242517480113677630e-01
-1.504440645253487252e-01
-1.739615378759956643e-01
-1.948992942411403306e-01
-2.122963773159601830e-01
-2.262034031526337086e-01
-2.362382006401592960e-01
-2.419538193260001580e-01
-2.438138060292975862e-01
-2.410561962293928939e-01
-2.342308742628022578e-01
-2.231757412680426544e-01
-2.079906019348555513e-01
-1.893222957820957508e-01
-1.670082575047066031e-01
-1.418707110451329634e-01
-1.141141516105966258e-01
-8.430105996989675776e-02
-5.307790785165593384e-02
-2.091166103184581571e-02
1.153841841675914970e-02
4.367564662499553996e-02
7.489589464763972415e-02
1.046998940424434671e-01
1.323127875476301785e-01
1.576294524252090934e-01
1.797829015560671873e-01
1.985843986358222235e-01
2.137368123675753850e-01
2.246212495258465003e-01
2.317292833920152895e-01
2.342260876079502729e-01
2.325120761485489074e-01
2.264978535192203046e-01
2.161051728440330222e-01
2.020290042245454221e-01
1.839596039802049721e-01
1.626539641178560147e-01
1.382775668205319386e-01
1.113130419882902150e-01
8.239415140347453037e-02
5.189191020261699205e-02
2.052537638026361716e-02
-1.120666139790339744e-02
-4.257645408914771668e-02
-7.312842321004749124e-02
-1.020135984048060052e-01
-1.289402604536027119e-01
-1.531189083352892666e-01
-1.740702185354364717e-01
-1.915555483814799786e-01
-2.047502924554921999e-01
-2.139916803727222594e-01
-2.184792127302635223e-01
-2.183616164877081600e-01
-2.136587421314321555e-01
-2.040931790584553651e-01
-1.904782299252951727e-01
-1.724367940208775540e-01
-1.507131216983286226e-01
-1.256095338757044211e-01
-9.759348798603670327e-02
-6.745472753700439139e-02
-3.558153511688774001e-02
-2.826569378032214169e-03
3.026817751964979916e-02
6.284676886142044616e-02
9.443147548890547249e-02
1.241234621378503045e-01
1.515011287198481105e-01
1.758982635710595599e-01
1.966646063189745330e-01
2.137301909111543052e-01
2.262016876422900946e-01
2.343687285626992467e-01
2.376235141152230890e-01
2.359492924926395174e-01
2.296024307908772211e-01
2.181823217344046606e-01
2.025406595448508984e-01
1.823911714164475062e-01
1.583604501882179272e-01
1.309137403375316699e-01
1.003634468304797078e-01
6.764026632654834836e-02
3.304929030068487483e-02
-2.555081646084811364e-03
-3.857808413465660391e-02
-7.418946948305293887e-02
-1.088788933340987808e-01
-1.417319065764087171e-01
-1.722540223128127823e-01
-1.998032400552499088e-01
-2.235954824990536438e-01
-2.436380147172008681e-01
-2.588978730331151223e-01
-2.695823903708405855e-01
-2.751480854866638626e-01
-2.753739118878025804e-01
-2.706769465847377321e-01
-2.604623254756149864e-01
-2.455679248623022226e-01
-2.257625601527579184e-01
-2.015188258702437785e-01
-1.734582499538350753e-01
-1.417303693169799650e-01
-1.073295343897355814e-01
-7.055130673740217517e-02
-3.221935013790150348e-02
7.011860885565268653e-03
4.634200774534785738e-02
8.521828720407688407e-02
1.227129095512473900e-01
1.582364281986824162e-01
1.911733652164908093e-01
2.205571559979417340e-01
2.464648047669019126e-01
2.676669013638443007e-01
2.842125132263324527e-01
2.955820408094184115e-01
3.012387404845259242e-01
3.016901029340458562e-01
2.960432102608660521e-01
2.849974730441591220e-01
2.683014642210229672e-01
2.461834718549719137e-01
2.193352276308238868e-01
1.877126343179802981e-01
1.523193241401803455e-01
1.134476919977782244e-01
7.195698074761935903e-02
2.857812213206786800e-02
-1.580932607912177712e-02
-6.043782447345019682e-02
-1.043182784990031586e-01
-1.465303322440647538e-01
-1.863893135874953866e-01
-2.225797573971646792e-01
-2.550455411532098760e-01
-2.823440254954561190e-01
-3.041843708581645211e-01
-3.200756168412933755e-01
-3.291528961599092251e-01
-3.319907866127970730e-01
-3.275583093548012914e-01
-3.164556342698346403e-01
-2.986054631622213629e-01
-2.741998327363270871e-01
-2.441378089265099083e-01
-2.084764782345567002e-01
-1.683844390886486686e-01
-1.243677924976649696e-01
-7.754388276781154499e-02
-2.879076976078726036e-02
2.075478393187635273e-02
7.009524418486279274e-02
1.181665417767213677e-01
1.637101311962937955e-01
2.061223607532537971e-01
2.438553986904679616e-01
2.767446578713873562e-01
3.034710143331483811e-01
3.235192249148313159e-01
3.366554370552758968e-01
3.418610633260965037e-01
3.399232447965925830e-01
3.298639810816745843e-01
3.123014720109084097e-01
2.874236783671226814e-01
2.554744455524078361e-01
2.175770441714758585e-01
1.739331478102852935e-01
1.258810197557572175e-01
7.411033263361968548e-02
2.003373361821084164e-02
-3.541108238039050726e-02
-9.076646211985225920e-02
-1.448325020348063541e-01
-1.964663366135401823e-01
-2.439982403866808036e-01
-2.869715852091021535e-01
-3.234782549920720007e-01
-3.532820360938870863e-01
-3.751585947476354654e-01
-3.883273003108965726e-01
-3.929429713828629378e-01
-3.878282901712877817e-01
-3.739780895683019191e-01
-3.507306262051597678e-01
-3.187670074594193270e-01
-2.788233626987129954e-01
-2.312259419867393750e-01
-1.776362529124367873e-01
-1.185146287074350380e-01
-5.551984025567797965e-02
1.023208231292344061e-02
7.710490008718523525e-02
1.438561774172703589e-01
2.088316698141251260e-01
2.706295658624058853e-01
3.280569808193973258e-01
3.792975868813278084e-01
4.240681587682323395e-01
4.603974907773665803e-01
4.881291250959189365e-01
5.063252927836418005e-01
5.141955003401454949e-01
5.123786112771234746e-01
4.996989627787415400e-01
4.774012143455700352e-01
4.451634346318565361e-01
4.036945713856675000e-01
3.541955307600930802e-01
2.969299574983890189e-01
2.338134415736052851e-01
1.654557879235127871e-01
9.351683436482621792e-02
1.937182161682049486e-02
-5.548629860757853249e-02
-1.296058770741138344e-01
-2.014051696949566705e-01
-2.694731659188752682e-01
-3.325524596625597518e-01
-3.889281708370893043e-01
-4.383275662823277186e-01
-4.788085398519081881e-01
-5.102360677736881289e-01
-5.317439786244549937e-01
-5.426278264982847821e-01
-5.436351231580467402e-01
-5.336417139822654532e-01
-5.139362882419007406e-01
-4.843398399514859953e-01
-4.456765791454137537e-01
-3.992514126866545943e-01
-3.454134151597897384e-01
-2.861429893623953502e-01
-2.221265297858173171e-01
-1.551508280515284111e-01
-8.655881995253894567e-02
-1.786728909013457489e-02
4.943078694026115105e-02
1.139293319536228977e-01
1.741496534808463226e-01
2.291003059952977927e-01
2.771564015448849672e-01
3.181793749445611108e-01
3.505648666981840966e-01
3.742144318234248423e-01
3.886677660056909733e-01
3.933353337258255755e-01
3.892773048397507041e-01
3.755662706830277253e-01
3.535620437901471069e-01
3.233701845778620965e-01
2.858946437454923384e-01
2.425265335792563259e-01
1.936790713774658446e-01
1.412766330141379811e-01
8.596524132593796885e-02
2.955123797923608908e-02
-2.690160417169357165e-02
-8.192720804698888637e-02
-1.342042000962518078e-01
-1.826905002479503048e-01
-2.258623935336482869e-01
-2.633052449548607399e-01
-2.934319542285583893e-01
-3.163013224286067571e-01
-3.308321592639160702e-01
-3.367696616399434850e-01
-3.343439527330610006e-01
-3.228319521929281510e-01
-3.035926960439779276e-01
-2.760227216706556685e-01
-2.412615992195296655e-01
-1.999956916657811834e-01
-1.528134930935288183e-01
-1.014091550354582760e-01
-4.617995024289578421e-02
1.119237513709342435e-02
6.979519993155522406e-02
1.281548314207681116e-01
1.852338678439065800e-01
2.396732422447731270e-01
2.904153357544160818e-01
3.365022092915428975e-01
3.765772789199597903e-01
4.105487523189138566e-01
4.368297943206317369e-01
4.556442470383714749e-01
4.661475324353643312e-01
4.679274356945502533e-01
4.616290514776299481e-01
4.462518189872710650e-01
4.231626053827214906e-01
3.918986423199588565e-01
3.531675264180464957e-01
3.079848851548616651e-01
2.564230568337365623e-01
2.002119186318681576e-01
1.396528549757116711e-01
7.603547008895239490e-02
1.050834835577818538e-02
-5.586656766857933665e-02
-1.219446884608691439e-01
-1.864060564198012360e-01
-2.482925616469696672e-01
-3.064196322856784782e-01
-3.594471741812701460e-01
-4.071659339087488894e-01
-4.477263517303444740e-01
-4.811866222214217226e-01
-5.064865870432797568e-01
-5.229170618518610425e-01
-5.310766974782141769e-01
-5.295345325231556322e-01
-5.194996879435759274e-01
-5.003608692903674937e-01
-4.725313315076520859e-01
-4.371414752545314530e-01
-3.938682105301198888e-01
-3.445645297148866582e-01
-2.893901568413549397e-01
-2.295907942319510564e-01
-1.664805756210704368e-01
-1.008535600076533867e-01
-3.423897702736389270e-02
3.233205362731983445e-02
9.769888899325301912e-02
1.606870679126297108e-01
2.200005205869792757e-01
2.752939766118204790e-01
3.248634928203649741e-01
3.685365621823658566e-01
4.054338927000608050e-01
4.346240135252698034e-01
4.568389671187838563e-01
4.704257211968762009e-01
4.763712048919703790e-01
4.740989903777986236e-01
4.635335779642301701e-01
4.459198610092615644e-01
4.202908256590722758e-01
3.883168001303826111e-01
3.498137515576497103e-01
3.055121813063970126e-01
2.566697193949597500e-01
2.033293929302211200e-01
1.470768920561776882e-01
8.836755624997577607e-02
2.824776962492936416e-02
-3.221029019418858441e-02
-9.207215537772600600e-02
-1.505376440083067702e-01
-2.063465746848998084e-01
-2.588254274419254375e-01
-3.070978588370535389e-01
-3.498894306634903195e-01
-3.875419942122564354e-01
-4.182229841980363849e-01
-4.421781109321586412e-01
-4.587822628655013890e-01
-4.672494127080742965e-01
-4.686573194638105622e-01
-4.615613940088654221e-01
-4.471173884249661223e-01
-4.251250116116089273e-01
-3.957257460711217645e-01
-3.603330923159140387e-01
-3.184949739044036221e-01
-2.718208075546894031e-01
-2.206889260228149796e-01
-1.659619214829896050e-01
-1.090005668941180783e-01
-5.034860058501089419e-02
8.706390528989471633e-03
6.721369793017717420e-02
1.242964939654984668e-01
1.789444842003879987e-01
2.301141301649596294e-01
2.775342328307662809e-01
3.198450095836711249e-01
3.568741700920124993e-01
3.880637783353544368e-01
4.124823235062818894e-01
4.310678092931763405e-01
4.423071765167403413e-01
4.469871316100300640e-01
4.449211747914432191e-01
4.357948635883750477e-01
4.209996763001559450e-01
3.995658198385950710e-01
3.727974019844702003e-01
3.408055358098649457e-01
3.039147922842090899e-01
2.634069720118725200e-01
2.191400028741563033e-01
1.723243944578217168e-01
1.234498212556511820e-01
7.316899631694671891e-02
2.241577936484492883e-02
-2.815666737685612597e-02
-7.794433881111931250e-02
-1.259432985439284391e-01
-1.716334636244019884e-01
-2.143806010425895470e-01
-2.530997470590432008e-01
-2.880303244151819486e-01
-3.177324809680949214e-01
-3.422376499331970523e-01
-3.611375163316963288e-01
-3.735064218171590955e-01
-3.803638757449721020e-01
-3.802837726352727987e-01
-3.740326920765456586e-01
-3.615081760746362005e-01
-3.425557958033153549e-01
-3.183934471996073268e-01
-2.884779604395749653e-01
-2.540013792862969022e-01
-2.153112591453531510e-01
-1.730664028535576771e-01
-1.283474921402872893e-01
-8.166745973841593731e-02
-3.408782157257639334e-02
1.357654373900252232e-02
6.037621960294137224e-02
1.055880843369538802e-01
1.480769760082781827e-01
1.874912802789127086e-01
2.227242742462649527e-01
2.532537342098329924e-01
2.787876283310118941e-01
2.982747648712644750e-01
3.123018560679388100e-01
3.197937253479368191e-01
3.210795789364577768e-01
3.162336277901376391e-01
3.048682226999327449e-01
2.882151398565637734e-01
2.656428303831721571e-01
2.382034588162491584e-01
2.062616819868384743e-01
1.703173965549368840e-01
1.315084201993254043e-01
9.012822000822406920e-02
4.732880615303808325e-02
3.748872082032339570e-03
-3.959604650604309217e-02
-8.200574751262790230e-02
-1.224515069224291208e-01
-1.603023229090723700e-01
-1.947102617071512776e-01
-2.248467582261381437e-01
-2.505005839431108106e-01
-2.705617981646366021e-01
-2.852637925170191657e-01
-2.938004958474546569e-01
-2.961263917926333922e-01
-2.924477337599553084e-01
-2.822845856754504501e-01
-2.666166479814722212e-01
-2.450800487256702964e-01
-2.185033080361419022e-01
-1.874038306324753989e-01
-1.522508987838308570e-01
-1.142107797031945149e-01
-7.366958641184764844e-02
-3.180738444058248127e-02
1.068310267939126534e-02
5.268798868245086475e-02
9.352069127144516103e-02
1.321058653656179693e-01
1.677027673262495855e-01
1.996054609426110016e-01
2.268350684260296846e-01
2.493501757312736045e-01
2.660400596291399022e-01
2.770528319863523325e-01
2.818665750952873417e-01
2.803039267134689316e-01
2.728137103523262663e-01
2.589416276626704816e-01
2.396171898059981653e-01
2.147464814762069518e-01
1.850765512288907455e-01
1.512902375904957297e-01
1.138906758433669286e-01
7.401196964635875508e-02
3.218282397045416771e-02
-1.042115355888502404e-02
-5.309283008267207116e-02
-9.465152560773645862e-02
-1.344559389227159563e-01
-1.714029176014464917e-01
-2.046887591172404375e-01
-2.337385858014709994e-01
-2.574503853109350038e-01
-2.759722635166986793e-01
-2.881632403554271749e-01
-2.941432030660597885e-01
-2.936387484328368824e-01
-2.863868455677383018e-01
-2.731017990310786736e-01
-2.533668835452262957e-01
-2.281482523362456938e-01
-1.976343095469370592e-01
-1.625672029023548237e-01
-1.238545727206268321e-01
-8.207875833285283029e-02
-3.842669682821964194e-02
6.405415039995476789e-03
5.121202444535177811e-02
9.524495753958772681e-02
1.372807352074492115e-01
1.766882470357924451e-01
2.124116735168068981e-01
2.436381735429167250e-01
2.699654518793503932e-01
2.902757589271156569e-01
3.049005246879745723e-01
3.127939269388755328e-01
3.141110210957810400e-01
3.088331869155221954e-01
2.966653645763387415e-01
2.785796052270872458e-01
2.541707890627243893e-01
2.244420236484839792e-01
1.897639538175543983e-01
1.508619719978987472e-01
1.087514578889537953e-01
6.404507934423264714e-02
1.793649907423167100e-02
-2.881181091685158790e-02
-7.495044149995855332e-02
-1.197712136560151741e-01
-1.619712477770278714e-01
-2.009089124135265969e-01
-2.355672754138793401e-01
-2.650342792973328088e-01
-2.890637158915548843e-01
-3.064539110898590879e-01
-3.175503751551157494e-01
-3.214600959779829736e-01
-3.182724110006474039e-01
-3.082188004947046256e-01
-2.909605064256943763e-01
-2.676668300503205478e-01
-2.380517019237154974e-01
-2.031857563402944544e-01
-1.636896090693721328e-01
-1.203153922517923857e-01
-7.430925334071275534e-02
-2.632715791995610122e-02
2.232411075555884583e-02
7.080462131082224109e-02
1.178132893440871493e-01
1.626535888095629323e-01
2.040355053106901462e-01
2.412968118662322525e-01
2.735933759135200649e-01
2.999942398875211635e-01
3.204939873842448383e-01
3.339546684242844510e-01
3.407662975158674001e-01
3.403289609163748786e-01
3.327041118956011179e-01
3.184024563959826359e-01
2.971111699486681523e-01
2.700178260683487874e-01
2.370545874508762640e-01
1.992234461716257954e-01
1.572999396864025456e-01
1.119797433953122479e-01
6.453856160518078866e-02
1.564682368305536642e-02
-3.342536726692468818e-02
-8.182636454990355190e-02
-1.282948020223773078e-01
-1.721712672373878483e-01
-2.121951345612758111e-01
-2.476918901348970081e-01
-2.779150169059230180e-01
-3.019293785532992658e-01
-3.198389695251484532e-01
-3.305572019652101012e-01
-3.344541947896746414e-01
-3.311360549790638430e-01
-3.206857914124290332e-01
-3.037816961474861799e-01
-2.802294124833650812e-01
-2.512361256095991813e-01
-2.169788322558909854e-01
-1.785236500111548885e-01
-1.367719679898269369e-01
-9.252762764829602915e-02
-4.707396695984256141e-02
-1.167727281961461472e-03
4.389917335081650052e-02
8.735844796755642960e-02
1.279682942032582815e-01
1.651835288587655270e-01
1.979190427903212424e-01
2.255730140290324037e-01
2.477168633121813457e-01
2.634942637547443844e-01
2.733644631135838665e-01
2.763994220599137464e-01
2.730964693629958084e-01
2.634159544987944024e-01
2.474705245206583193e-01
2.262201704512183387e-01
1.995162563575878512e-01
1.685756762049983593e-01
1.337323355116002421e-01
9.595243347919990562e-02
5.617574438142303173e-02
1.509461065794726053e-02
-2.611969869387031906e-02
-6.680646596400729997e-02
-1.058152778605044864e-01
-1.425568523193446735e-01
-1.759437728814867707e-01
-2.055452906072668950e-01
-2.305307808840341977e-01
-2.503416599040677593e-01
-2.648323748121370613e-01
-2.732076497431921158e-01
-2.760071163068632538e-01
-2.725516207304371497e-01
-2.632504383141058835e-01
-2.483482841317183887e-01
-2.278449544563787565e-01
-2.028632536576275847e-01
-1.732720992825549367e-01
-1.401552651247373049e-01
-1.040351170916196111e-01
-6.569920804289308691e-02
-2.610907227718772816e-02
1.408788886994294387e-02
5.389241335971517444e-02
9.262217720462206927e-02
1.292852685157921400e-01
1.634163986134593571e-01
1.939932434148117224e-01
2.207100679324485171e-01
2.428582942970969327e-01
2.599241375774976603e-01
2.719418482698223727e-01
2.781273924485452298e-01
2.790125145469861678e-01
2.740731711879123011e-01
2.636119180385039229e-01
2.479857303078309982e-01
2.271277219156333516e-01
2.020426376977901839e-01
1.726931102063087309e-01
1.400047678403275597e-01
1.045133876607780010e-01
6.695493170673394445e-02
2.818725131359300917e-02
-1.110111185511719611e-02
-4.996257644550006205e-02
-8.775192642278550892e-02
-1.233605818267271559e-01
-1.564788800069321084e-01
-1.859145708246208173e-01
-2.113163407596339027e-01
-2.320461013562136188e-01
-2.473546995785165237e-01
-2.574762728677573165e-01
-2.614213117687480548e-01
-2.596868921895501003e-01
-2.518834670504199735e-01
-2.381335095288115156e-01
-2.190568993572679091e-01
-1.944703099034974514e-01
-1.654712234808490834e-01
-1.321803470524676172e-01
-9.550874068284009866e-02
-5.622660092355857842e-02
-1.504619530296036345e-02
2.698920821869688069e-02
6.916127622110757045e-02
1.104191059183778911e-01
1.500737371784812701e-01
1.869850252238376420e-01
2.208171372628848772e-01
2.504331927895999677e-01
2.753932959536211644e-01
2.952396109576747030e-01
3.091633914351390455e-01
3.175657905337991860e-01
3.195118653622798233e-01
3.154495315521141929e-01
3.052507862780832193e-01
2.889425761443762397e-01
2.673500334297118641e-01
2.402800547668366704e-01
2.087913997661550169e-01
1.731840882536834769e-01
1.342541408859441177e-01
9.290410225202094807e-02
4.977369865949476946e-02
5.908264895232662184e-03
-3.793311267758081584e-02
-8.076751983733387874e-02
-1.218502265977425836e-01
-1.601345428046139219e-01
-1.951894170922807703e-01
-2.259765979423251636e-01
-2.520495324536637938e-01
-2.729563050802834567e-01
-2.879495529957551980e-01
-2.974478859389932950e-01
-3.005699481415735619e-01
-2.977917792111792750e-01
-2.890455137315601775e-01
-2.744670382575016276e-01
-2.549092386036981850e-01
-2.302802913039005972e-01
-2.016833835743909731e-01
-1.694606736152284299e-01
-1.345602708864266361e-01
-9.780395963989541031e-02
-5.994456283686488973e-02
-2.201932757264479790e-02
1.530342344763369056e-02
5.091749420528657311e-02
8.434131987966253519e-02
1.144760374106414957e-01
1.409889745418091422e-01
1.630885168761473381e-01
1.802636316368211311e-01
1.924424241458098095e-01
1.988723052126690760e-01
2.001010602830586294e-01
1.955242887377650618e-01
1.855698317041074574e-01
1.704877040515526687e-01
1.503407668618841342e-01
1.261932618201022649e-01
9.796915860695065703e-02
6.676600594611592498e-02
3.305408726699887723e-02
-2.302057973881943553e-03
-3.839592613257281073e-02
-7.456879101965263601e-02
-1.097619012278325812e-01
-1.433842154711815198e-01
-1.743634805535609900e-01
-2.022746130170602896e-01
-2.261593504197882964e-01
-2.456161518520758591e-01
-2.601233004434888585e-01
-2.691519910821131845e-01
-2.728065415882028333e-01
-2.705306710653072599e-01
-2.627762639301343128e-01
-2.493736337519578683e-01
-2.307096111193294163e-01
-2.072922507781922441e-01
-1.794096090208170402e-01
-1.480154014820712627e-01
-1.135059711469567634e-01
-7.689025559702034052e-02
-3.885579947603945428e-02
-3.856250604759026146e-04
3.774229603758350038e-02
7.461250797911223032e-02
1.093497042668287733e-01
1.413199884534339645e-01
1.695187194073408676e-01
1.937725543872961254e-01
2.130968108744291101e-01
2.271430934332467899e-01
2.357371886066292888e-01
2.393114310034238912e-01
2.374909747540439042e-01
2.289145231450255835e-01
2.142501470089506199e-01
1.953144004794182820e-01
1.739546944539895890e-01
1.485548757803485387e-01
1.162745384792991388e-01
7.946030735642750642e-02
4.401684914476433619e-02
1.295884831864668740e-02
-1.946219444580776781e-02
-5.968581455351085197e-02
-1.021035176785005660e-01
-1.326109223857976360e-01
-1.471727087168623882e-01
-1.620684174119162435e-01
-1.945658603259587949e-01
-2.330233167118507254e-01
-2.372873634816272670e-01
-1.795505922116014119e-01
-8.043167659442396200e-02
