Filtered Signals
5.039046840902547397e-03,-2.671459122756833504e-03
-4.689913614820427623e-02,-5.103164402252560738e-02
-9.249338401474642424e-02,-9.100555530470691434e-02
-1.259592972766491736e-01,-1.158310850140693155e-01
-1.429765699278305324e-01,-1.213685118058723533e-01
-1.412642329953894826e-01,-1.067830214942443873e-01
-1.209373075830175309e-01,-7.461979910508451108e-02
-8.456927913716516532e-02,-3.026929920070246111e-02
-3.691677500507815207e-02,1.905794002728147807e-02
1.569113363640423087e-02,6.563622935908434985e-02
6.623709533023187934e-02,1.025562740656950078e-01
1.080441035531280042e-01,1.248387868624415420e-01
1.357684474831793442e-01,1.301381716404375055e-01
1.461707490122720610e-01,1.189309909603951665e-01
1.385256591598866827e-01,9.418994836390304215e-02
1.146093674025338016e-01,6.064608688218191962e-02
7.828577559170608879e-02,2.381449309880542820e-02
3.478344869703566683e-02,-1.101244597584088991e-02
-1.018696676719373084e-02,-3.961414446434015357e-02
-5.129413892550503673e-02,-5.939079294578190893e-02
-8.426284923516201564e-02,-6.954139700659231482e-02
-1.062724361830883479e-01,-7.088372017205094022e-02
-1.160745237613798886e-01,-6.540557290988509298e-02
-1.138944915379570405e-01,-5.568406946743460761e-02
-1.011975981176049810e-01,-4.431309168170789042e-02
-8.037868417905572049e-02,-3.344416616177425111e-02
-5.440732810806807318e-02,-2.449513427915927730e-02
-2.645122087309019487e-02,-1.803847296150452514e-02
4.934511847833472631e-04,-1.385476566347390755e-02
2.392938617002370039e-02,-1.111966527876899827e-02
4.210691975872633136e-02,-8.678850443879112392e-03
5.415883190893367588e-02,-5.357598210010590389e-03
6.009254713192656999e-02,-2.530037946111441532e-04
6.063448158430764096e-02,7.035936941892442092e-03
5.696233352391086302e-02,1.627789491467611718e-02
5.039905158951050318e-02,2.660715838043847814e-02
4.215018649193666422e-02,3.666028367341366001e-02
3.313853508270168252e-02,4.483045787608152394e-02
2.394837145366325928e-02,4.958487013236263785e-02
1.486285521179867182e-02,4.977219628755094605e-02
5.967923823417759302e-03,4.485404299211979973e-02
-2.709739821235433027e-03,3.501890332538469541e-02
-1.107223992545231656e-02,2.116531909395558825e-02
-1.887052958766396310e-02,4.764518711286091363e-03
-2.569843444393075244e-02,-1.236710216972616849e-02
-3.105092536342705933e-02,-2.833804515770111526e-02
-3.441450315216684763e-02,-4.143900031582403720e-02
-3.535985597734420116e-02,-5.034167499148158031e-02
-3.362268938515169253e-02,-5.421771347543408170e-02
-2.916707490831293298e-02,-5.278104128508108450e-02
-2.222196204893488874e-02,-4.626971806598236675e-02
-1.327928235582357536e-02,-3.538406055457900962e-02
-3.052165742741414292e-03,-2.119508135329278148e-02
7.593631911188905570e-03,-5.036376218876158911e-03
1.771890672100082803e-02,1.160940684259142985e-02
2.639484453493177313e-02,2.722490872415602586e-02
3.279348712346329131e-02,4.037571650727918293e-02
3.628019720471079013e-02,4.983348391545152495e-02
3.649033967590152583e-02,5.469693756307775906e-02
3.337049395397492790e-02,5.449205763614760334e-02
2.717834055363089335e-02,4.923020852825244625e-02
1.845059746759979830e-02,3.941122252501214063e-02
7.950476695373397476e-03,2.597075001629356103e-02
-3.401528277802736561e-03,1.018056799034560561e-02
-1.461165331697697120e-02,-6.483674814178073953e-03
-2.470076275472797914e-02,-2.248819026203538463e-02
-3.277871569511511818e-02,-3.637949185873003838e-02
-3.809752127773324837e-02,-4.690078959635464451e-02
-4.009441187477407603e-02,-5.308425440523771577e-02
-3.844253952450117640e-02,-5.432676775224789395e-02
-3.311277523543011692e-02,-5.045450694752582482e-02
-2.442981439571460106e-02,-4.176950642111433576e-02
-1.309869983910223745e-02,-2.906084832486804589e-02
-1.856174680086551676e-04,-1.356371541132678216e-02
1.295417510276345233e-02,3.140630477206449861e-03
2.480604098427892021e-02,1.928038323122831937e-02
3.388360297233913160e-02,3.309337085016875180e-02
3.895643982948455986e-02,4.305258785335441818e-02
3.927314467750449983e-02,4.808480103433066671e-02
3.472098961685068930e-02,4.773852488542677103e-02
2.587687358874977972e-02,4.225938660515162620e-02
1.393640202046965426e-02,3.255002135313880829e-02
5.366954191200201674e-04,2.001959035275940185e-02
-1.249723520630019458e-02,6.351927801315025018e-03
-2.344470243553069613e-02,-6.764513423865692321e-03
-3.097043035729360461e-02,-1.789525965331617563e-02
-3.433574070082516527e-02,-2.605732329929015198e-02
-3.349113867148105494e-02,-3.081645029007001185e-02
-2.903325295665448724e-02,-3.226840857943617802e-02
-2.204437997292194376e-02,-3.091883893664688215e-02
-1.385354980427964088e-02,-2.750060542668830016e-02
-5.764766015744603699e-03,-2.277758470474969613e-02
1.196235142613790922e-03,-1.738080401075133355e-02
6.458610785669182536e-03,-1.171281247742746515e-02
9.956489670079839496e-03,-5.940639335864851718e-03
1.203872974596092993e-02,-7.401224657549616837e-05
1.327579528204820940e-02,5.903219712474037581e-03
1.423559399615761424e-02,1.190109764588464722e-02
1.529825500675639771e-02,1.764243592222545370e-02
1.655221016605040035e-02,2.266041288254940639e-02
1.778505489967083589e-02,2.637093355397273145e-02
1.856388185370719604e-02,2.819271729583137931e-02
1.838403238888490498e-02,2.767993549445243312e-02
1.684587949615025046e-02,2.463441377920743899e-02
1.380539362661397512e-02,1.917138792889660354e-02
9.451266009096069218e-03,1.172448542432706631e-02
4.289687472840440774e-03,2.992365323281421033e-03
-9.512666546938001316e-04,-6.154736774847360814e-03
-5.470074959785449151e-03,-1.478441790128201885e-02
-8.563190590478145583e-03,-2.200902840954439832e-02
-9.786715179909101156e-03,-2.708045112425020579e-02
-9.068685972410409080e-03,-2.946592591635062083e-02
-6.734717404205225154e-03,-2.889608019011124032e-02
-3.432734588493027532e-03,-2.537843821744770190e-02
2.276481521794326834e-05,-1.917996047697191619e-02
2.842171728378590188e-03,-1.079288565439596136e-02
4.440334108707888819e-03,-8.987405892486727277e-04
4.565234203704878965e-03,9.664540131602540607e-03
3.343435857649795437e-03,1.993791785598335656e-02
1.218514467071281793e-03,2.888741486427099173e-02
-1.215428568230868776e-03,3.546708686630777041e-02
-3.438820054645688566e-03,3.870376473793937788e-02
-5.206515073811966189e-03,3.780927539314215408e-02
-6.639276345037063536e-03,3.232032672449562660e-02
-8.167015012794029416e-03,2.224944347935549696e-02
-1.034348331206788249e-02,8.209794234147652081e-03
-1.359543638317847400e-02,-8.533099060816305703e-03
-1.798590337475897138e-02,-2.612147187465421738e-02
-2.306852993813988950e-02,-4.229374027184597262e-02
-2.789164896980140390e-02,-5.468977993943094362e-02
-3.117173712839747465e-02,-6.123253634363022557e-02
-3.159964486740773904e-02,-6.051839445445358900e-02
-2.819292947757712567e-02,-5.213161106320341603e-02
-2.059194260053655301e-02,-3.680254705742191934e-02
-9.221770044601748303e-03,-1.636048264384029616e-02
4.714985595598315121e-03,6.520081885933871890e-03
1.941258896557406313e-02,2.873413670713517026e-02
3.277408357542042211e-02,4.724496663680233938e-02
4.280240671705011490e-02,5.957593672601600721e-02
4.798417900578709483e-02,6.420426523368513716e-02
4.757248092530977357e-02,6.078150238734426197e-02
4.170459223621283268e-02,5.014022652718384820e-02
3.134416815051253857e-02,3.409544037206702766e-02
1.808255853371482091e-02,1.509559517758186920e-02
3.852489718778911998e-03,-4.195647734363684711e-03
-9.391693358603920433e-03,-2.130529263509906707e-02
-1.997304581745618091e-02,-3.427980156306936060e-02
-2.671739283036776019e-02,-4.189517298382658406e-02
-2.906792961057765023e-02,-4.373120621836020655e-02
-2.708504501288246796e-02,-4.011879093557989273e-02
-2.135998140375348908e-02,-3.199280563369539393e-02
-1.288184564961541295e-02,-2.069586032235895892e-02
-2.885507154825519421e-03,-7.774019000328801290e-03
7.307516607274045298e-03,5.209868786649699685e-03
1.644512891212929553e-02,1.683408705117816692e-02
2.348045520288452939e-02,2.594198573009113065e-02
2.767016921367580068e-02,3.172721543931336652e-02
2.862996742520534238e-02,3.377788884774461653e-02
2.635212796841747418e-02,3.208243372909741487e-02
2.118777533094035048e-02,2.700253181572959821e-02
1.378988821116288940e-02,1.921637631838121058e-02
5.018509835285775433e-03,9.634014591137406158e-03
-4.173180951554408477e-03,-7.084495588557636336e-04
-1.284326049828959232e-02,-1.076052597281991485e-02
-2.013812256798328676e-02,-1.955674049694763536e-02
-2.534660889468143274e-02,-2.629259567596370709e-02
-2.794710008409271793e-02,-3.037686252910506285e-02
-2.765521004842553046e-02,-3.146562028971699315e-02
-2.446450130711900345e-02,-2.948142945591421260e-02
-1.866789615707026284e-02,-2.461728903635647392e-02
-1.085410858731336928e-02,-1.732486794120812607e-02
-1.877461521878221601e-03,-8.287690730763835195e-03
7.206121194612516434e-03,1.622268204031603739e-03
1.524756327181282789e-02,1.141010408975778184e-02
2.115472586283421996e-02,2.004949385168056097e-02
2.405653708393470924e-02,2.659387836440745348e-02
2.344016081781012673e-02,3.028920235794183707e-02
1.923112905474828188e-02,3.066650192037245759e-02
1.180881277374344097e-02,2.759906335999895433e-02
1.962127903474983337e-03,2.131827098147807964e-02
-9.210232368282667004e-03,1.238799390652677891e-02
-2.044848655936882045e-02,1.640585241567737995e-03
-3.050755626020088679e-02,-9.916619663238489951e-03
-3.832176356709815490e-02,-2.120729388703737270e-02
-4.312228432244909204e-02,-3.118457657960874152e-02
-4.449349167638882302e-02,-3.890970455717747412e-02
-4.237761654280648715e-02,-4.361235215084004885e-02
-3.704366502358887731e-02,-4.474260062224785089e-02
-2.902962543637959553e-02,-4.202109569698922464e-02
-1.906362780504463478e-02,-3.548404477792614642e-02
-7.976574755666800132e-03,-2.551281938722450154e-02
3.375911871093678629e-03,-1.283720958475678166e-02
1.417297912387713646e-02,1.497216017026122697e-03
2.367666300280184613e-02,1.620623950580311542e-02
3.128138869131703165e-02,2.989265696612995390e-02
3.656478931331606785e-02,4.121158351161890304e-02
3.932343726344611490e-02,4.904881944180716075e-02
3.957677660015401777e-02,5.267466504128031496e-02
3.753843495854675139e-02,5.183934618532432675e-02
3.356815652583197002e-02,4.679185504263137785e-02
2.811785118402483630e-02,3.822212544896537445e-02
2.167914506965982341e-02,2.714109994421295968e-02
1.474025591022015344e-02,1.472463047860665328e-02
7.765695127445796514e-03,2.155613339254094235e-03
1.209103487627503914e-03,-9.500501651749048565e-03
-4.449412536905051480e-03,-1.936457119544479979e-02
-8.671888154253553499e-03,-2.675875302171825537e-02
-1.087177886331365528e-02,-3.119135995360897834e-02
-1.048065753615871204e-02,-3.234195840499617253e-02
-7.064616035399793464e-03,-3.006749014542150350e-02
-4.679776591790529849e-04,-2.443442235363412623e-02
9.044195955697064554e-03,-1.576885408708064706e-02
2.068173670021233868e-02,-4.706742781949905738e-03
3.310997950067134932e-02,7.782108309963533394e-03
4.455732524278812473e-02,2.042660953753345013e-02
5.306090667088627505e-02,3.176578791388301459e-02
5.681631247715560051e-02,4.033918235403186753e-02
5.456262193229793195e-02,4.492831689806931622e-02
4.592278829169932353e-02,4.479983885920137132e-02
3.162395891347003635e-02,3.989239516694627341e-02
1.353123850167885570e-02,3.089253399713019071e-02
-5.554615805945538332e-03,1.915872587196928642e-02
-2.234647296716149936e-02,6.480272539764532144e-03
-3.371703782945095068e-02,-5.299964619463170754e-03
-3.743032358598689935e-02,-1.472428210585959366e-02
-3.281073243548818241e-02,-2.111534207294673421e-02
-2.119948400437769026e-02,-2.482213036247501309e-02
-6.068134405412699273e-03,-2.723832189077930732e-02
7.305952608251391200e-03,-3.055843757936107727e-02
1.263772615850172060e-02,-3.728726484980612182e-02
3.846390552430849208e-03,-4.957139891685740513e-02
-2.349635449437239079e-02,-6.847458633926237215e-02
-7.075910451573286242e-02,-9.335768990665256617e-02
-1.352043460121405971e-01,-1.215314389961303781e-01
-2.095955608606479004e-01,-1.483161587551745653e-01
-2.826646828676867007e-01,-1.675733654350024249e-01
-3.405128493001816636e-01,-1.726840923977996378e-01
-3.688392433338191223e-01,-1.578511064855753765e-01
-3.556865534431435383e-01,-1.195083422997128692e-01
-2.942040651282652464e-01,-5.754950244903205003e-02
-1.848262486333205890e-01,2.393381962236122706e-02
-3.629501353918138107e-02,1.166624033323541143e-01
1.348722968875056827e-01,2.090571367143801707e-01
3.065716766913944014e-01,2.879476716911310574e-01
4.546868084111036490e-01,3.408404882467956920e-01
5.574002148977587057e-01,3.583094930638252573e-01
5.993254408442434400e-01,3.359825493025250243e-01
5.745073748187903284e-01,2.756406454629836134e-01
4.875808007891066498e-01,1.851331643244381597e-01
3.528334393635425004e-01,7.709678161505119365e-02
1.914322463660791673e-01,-3.324401543961766348e-02
2.747637838418945377e-02,-1.307140050764670214e-01
-1.162606775726683361e-01,-2.027184579956217425e-01
-2.220555670084474187e-01,-2.411964021319212004e-01
-2.797717302965659902e-01,-2.436828270084308856e-01
-2.878490165720596350e-01,-2.133602310661664725e-01
-2.527182550950382578e-01,-1.581684296589986882e-01
-1.869112073863617440e-01,-8.919829787223235162e-02
-1.063428778968908278e-01,-1.869819608823564128e-02
-2.732863698263693353e-02,4.194357430331835390e-02
3.612832056853683416e-02,8.390951182442811518e-02
7.435406863548327250e-02,1.021089316018587989e-01
8.306754548255809723e-02,9.564365503027917603e-02
6.343088811261470006e-02,6.757221340005375998e-02
2.121751914054688382e-02,2.407997512961616154e-02
-3.463522900865968757e-02,-2.674732929170521925e-02
-9.376918569705733342e-02,-7.630739629904946530e-02
-1.461430839144250149e-01,-1.167936316311412592e-01
-1.835194662629648643e-01,-1.422550866793084456e-01
-2.005214856189190820e-01,-1.492865647667832307e-01
-1.951547921028263244e-01,-1.372954353356567458e-01
-1.687770328958339838e-01,-1.083525653925160592e-01
-1.255862938052280109e-01,-6.669056265182908561e-02
-7.176427167091768700e-02,-1.795553624243494129e-02
-1.443466464765370827e-02,3.166045294209854366e-02
3.940772618438707908e-02,7.628133296081374137e-02
8.385554979340878456e-02,1.110952776862452057e-01
1.148101485871127064e-01,1.329032471901217261e-01
1.303724258272534464e-01,1.404076066120927280e-01
1.308664478859536684e-01,1.342145167718755139e-01
1.185266615961173137e-01,1.165655277604493306e-01
9.693378433846160103e-02,9.085436945468455816e-02
7.031243980720286446e-02,6.101445484303783667e-02
4.281334143420464922e-02,3.087907713279136601e-02
1.790309438188212796e-02,3.621869421047467508e-03
-2.032830068766006137e-03,-1.862399940107916513e-02
-1.581785005271725206e-02,-3.490231805244366908e-02
-2.336093017554431370e-02,-4.531775494797950221e-02
-2.536591162797498591e-02,-5.072347076199535537e-02
-2.298201831690025593e-02,-5.231416322439421535e-02
-1.748612428704176408e-02,-5.123646210529048117e-02
-1.005194580547329533e-02,-4.830701268075528881e-02
-1.630467593231476123e-03,-4.389054337117568455e-02
7.059585739378954061e-03,-3.794827225939087501e-02
1.545992980230233987e-02,-3.022642560963643976e-02
2.307208387381968692e-02,-2.052003521269929465e-02
2.938381102479425272e-02,-8.927835781724659248e-03
3.385548628674245331e-02,3.980918454848061949e-03
3.596601530217423404e-02,1.713811768950224135e-02
3.529705425344809022e-02,2.909686151876321458e-02
3.163118432810674285e-02,3.827231070423928877e-02
2.504130803116915577e-02,4.324857868832551744e-02
1.594490197166429507e-02,4.308095756824759093e-02
5.095871529372880682e-03,3.752012295734050151e-02
-6.497705930058203516e-03,2.710136651210168571e-02
-1.771258856173594728e-02,1.307803245962285352e-02
-2.746693616346228967e-02,-2.778073028731765926e-03
-3.485673092496383713e-02,-1.845492315646519652e-02
-3.925239732596780273e-02,-3.199473490810746112e-02
-4.035041577576062299e-02,-4.175341106502793165e-02
-3.817750343672321467e-02,-4.659155897636994142e-02
-3.304794333112534566e-02,-4.598060166455256170e-02
-2.548892008520362712e-02,-4.002367068599840816e-02
-1.616461031332093803e-02,-2.940607742517794068e-02
-5.827319482908821513e-03,-1.529839739283638846e-02
4.700264578925757164e-03,7.684362278595549545e-04
1.453372473950732130e-02,1.704814586057774167e-02
2.275520978675629052e-02,3.174454731124030232e-02
2.847715124671007514e-02,4.319479117328223899e-02
3.094095027542817511e-02,5.005659552250770611e-02
2.964091238180494026e-02,5.147568115447598291e-02
2.445545616336087733e-02,4.720678155986597624e-02
1.575332955887299990e-02,3.766477858527091105e-02
4.430913954960378001e-03,2.388940869603771444e-02
-8.154731887187694969e-03,7.419201272760023169e-03
-2.036012369296071045e-02,-9.910509601760396359e-03
-3.050315924036928888e-02,-2.621018643318263203e-02
-3.713282471413999197e-02,-3.977390285336918768e-02
-3.927326331544491594e-02,-4.927373967899725815e-02
-3.660429415265796516e-02,-5.388930982551774079e-02
-2.954362317458979897e-02,-5.336580160088767039e-02
-1.920129033506701860e-02,-4.800082080926330874e-02
-7.199505604675823442e-03,-3.856451765663009013e-02
4.612311653798356614e-03,-2.616564330290190726e-02
1.448896910358351761e-02,-1.208678335316895266e-02
2.110433566577880199e-02,2.382415989656518768e-03
2.379740922526956196e-02,1.608852221091978951e-02
2.270633828449358793e-02,2.811677726041888342e-02
1.875225656434859750e-02,3.784255910383577115e-02
1.345276637597084268e-02,4.492743270804012978e-02
8.585834149203686386e-03,4.926426086938364562e-02
5.773635022850776011e-03,5.088905274632586628e-02
6.084719548250063989e-03,4.988864690641695021e-02
9.748383199886112224e-03,4.633485744658943917e-02
1.604679600902683342e-02,4.026561619156272809e-02
2.341464324437501215e-02,3.171808230957174485e-02
2.973838353869553974e-02,2.080482155797379329e-02
3.280455526910065756e-02,7.813455390572918158e-03
3.080345434844947161e-02,-6.699307596304996532e-03
2.277039352808776090e-02,-2.185449438050143106e-02
8.859875757248707878e-03,-3.646960024013641555e-02
-9.605705053723490039e-03,-4.916232468177206966e-02
-3.031664929829843563e-02,-5.852729507390374425e-02
-5.034853389222226916e-02,-6.335368253841919262e-02
-6.666311174230776793e-02,-6.284336022100478480e-02
-7.665199912840257868e-02,-5.678985108234650692e-02
-7.862044976871992996e-02,-4.568189150645039776e-02
-7.211076113162265266e-02,-3.070190474796609045e-02
-5.799665275577667312e-02,-1.360407781649903419e-02
-3.833113759607791743e-02,3.519264833414310900e-03
-1.597974909829355528e-02,1.854760146921710651e-02
5.893676455865276553e-03,2.966453684806484581e-02
2.439828892432896468e-02,3.565403982041354114e-02
3.744024195169862873e-02,3.610941870944559678e-02
4.409696510495395710e-02,3.151803100813327374e-02
4.476637797336588398e-02,2.320353180381048985e-02
4.106457024776160453e-02,1.313023806083974711e-02
3.549618389882037983e-02,3.597169627696577762e-03
3.095545341242560144e-02,-3.134180802495762849e-03
3.013261109772296525e-02,-5.227539126852942010e-03
3.491421599071724974e-02,-1.623003908059337391e-03
4.588214593227812887e-02,7.701871957856798109e-03
6.201978984133216244e-02,2.161484778287819236e-02
8.070697448865971069e-02,3.789872780819207587e-02
9.802901673551006612e-02,5.352285508835371436e-02
1.093631994817984426e-01,6.509092497036729486e-02
1.101595355691512845e-01,6.940213511937903812e-02
9.680310334472524980e-02,6.403823280510996530e-02
6.742232495792030433e-02,4.787781307153353427e-02
2.249311126552594464e-02,2.143919720116716290e-02
-3.489898243080030715e-02,-1.303097056877334375e-02
-9.922484732144767894e-02,-5.176763029651615389e-02
-1.631134971548738322e-01,-8.998159018907044004e-02
-2.183179741657085837e-01,-1.225627398174875121e-01
-2.569131312240278131e-01,-1.448720748999097752e-01
-2.725485025553647800e-01,-1.534842058618851868e-01
-2.615490168970667773e-01,-1.467485778479021286e-01
-2.236525040517034491e-01,-1.250642772971630179e-01
-1.622158899273737909e-01,-9.080911688788886882e-02
-8.381533904623399145e-02,-4.792761015829673926e-02
2.713651537807143521e-03,-1.254433255961584504e-03
8.763563229304877078e-02,4.428951466839155249e-02
1.618273921093792977e-01,8.446090332817075830e-02
2.181497047321230009e-01,1.162580176469454885e-01
2.523940244580598069e-01,1.381707869098270369e-01
2.636034369031740043e-01,1.500791072161263007e-01
2.537233585237160249e-01,1.528554564218678191e-01
2.267195201442572805e-01,1.478117651855055947e-01
1.874392022140145553e-01,1.361728514079547092e-01
1.405390548563938968e-01,1.187413033292546299e-01
8.975599286750028660e-02,9.584921044770389198e-02
3.768106800534090639e-02,6.759743683220492683e-02
-1.396237265640752623e-02,3.429203292711759804e-02
-6.370344751846308828e-02,-3.078780966050451151e-03
-1.096647718782144676e-01,-4.250824619378155977e-02
-1.491748630712402268e-01,-8.092679967724211720e-02
-1.788584035169623054e-01,-1.145180399284902867e-01
-1.952150755343717570e-01,-1.393487181449995505e-01
-1.955048324751004207e-01,-1.521604744707099610e-01
-1.786465167666421439e-01,-1.511118183855130470e-01
-1.458349689893345680e-01,-1.362663935856839870e-01
-1.006684854483974878e-01,-1.096913499173504114e-01
-4.871581459821112958e-02,-7.513234071333836639e-02
3.394683752735203064e-03,-3.733943258513595931e-02
4.914727308102814773e-02,-1.204486456069582545e-03
8.328364040142473279e-02,2.908643928279724261e-02
1.026498456755791377e-01,5.069527831554190844e-02
1.065750901891889674e-01,6.244382518997042969e-02
9.674675187588166470e-02,6.476460872465406027e-02
7.666303027845045026e-02,5.934939914356575363e-02
5.081774268848827242e-02,4.861248889142717744e-02
2.380405868556579457e-02,3.510700750213750776e-02
-4.768283809324230793e-04,2.102376766995667917e-02
-1.935210387299170220e-02,7.871793785801585452e-03
-3.158093443370820624e-02,-3.608464257573103934e-03
-3.723681904039021634e-02,-1.330840277321728923e-02
-3.735310369142565146e-02,-2.145763299524982085e-02
-3.344956060232176509e-02,-2.827567925509964775e-02
-2.705684200634382239e-02,-3.367516073005737826e-02
-1.933959167803814966e-02,-3.710052157040337473e-02
-1.089640867396481083e-02,-3.755053623614495323e-02
-1.776485870442461555e-03,-3.379021943711452841e-02
8.306155967467851453e-03,-2.471096781345459223e-02
1.964000902378264246e-02,-9.754279496482503795e-03
3.217509674671099884e-02,1.071143858002772224e-02
4.527481827255291219e-02,3.516853451564094096e-02
5.763001414761988184e-02,6.095979702166769848e-02
6.737161423675812333e-02,8.456258582420517200e-02
7.238619748776192742e-02,1.021102212043057955e-01
7.079569076225872282e-02,1.100918777198260368e-01
6.150701953019085955e-02,1.061094538795983866e-01
4.469215182661841201e-02,8.952703204813398929e-02
2.205272325633121644e-02,6.183860004076378175e-02
-3.235346057964223754e-03,2.662212274659203626e-02
-2.693125747229865863e-02,-1.096012399011485339e-02
-4.445084714586416963e-02,-4.504199825407781410e-02
-5.178819008751481268e-02,-7.014455821673339087e-02
-4.646512660239068143e-02,-8.225278244050421295e-02
-2.830024622739335527e-02,-7.965009759152597013e-02
2.008554410074317453e-04,-6.332969333867982664e-02
3.396594939307615718e-02,-3.688824570520442964e-02
6.601570800808757855e-02,-5.914898909108817771e-03
8.858406797388894416e-02,2.301070233687173283e-02
9.453247872806486152e-02,4.352640494939677418e-02
7.882392591945505678e-02,5.068451160580902254e-02
3.977960902300152479e-02,4.192381495187242485e-02
-2.016060570233413340e-02,1.763576670219571887e-02
-9.439239343911194624e-02,-1.879414245947897549e-02
-1.729102255186816539e-01,-6.149951256495134189e-02
-2.438123153634599860e-01,-1.031262608671447700e-01
-2.953180737354894614e-01,-1.361348844661460222e-01
-3.179376285610190367e-01,-1.541735917160085012e-01
-3.063562864187192591e-01,-1.532600884655135887e-01
-2.606046749179939948e-01,-1.325356446295761215e-01
-1.862074754527741627e-01,-9.443384839940383024e-02
-9.323493816281804014e-02,-4.423020397423049060e-02
5.543654147470128413e-03,1.092170194791641791e-02
9.698676962834029691e-02,6.325109419056960947e-02
1.698815496696151894e-01,1.056663841751468436e-01
2.167635372847886710e-01,1.328515573765469693e-01
2.349453367960545880e-01,1.419993611085508811e-01
2.266276128335524553e-01,1.331019474472465991e-01
1.981454394035089273e-01,1.087941521263828398e-01
1.585520719050689253e-01,7.380644422549792472e-02
1.178387515303583183e-01,3.413536700393130646e-02
8.511972883023402603e-02,-3.924868282714898127e-03
6.708295373918254922e-02,-3.473179546088646374e-02
6.694215007373001403e-02,-5.407686428274183915e-02
8.404396608715224148e-02,-5.968276449203956113e-02
1.141847096574240966e-01,-5.134797017852128082e-02
1.505690909697717239e-01,-3.073805372636320699e-02
1.852117505367632533e-01,-8.998792413287895475e-04
2.104806158286134099e-01,3.436180229517139806e-02
2.204528086248278007e-01,7.108315743499579731e-02
2.118145397402568242e-01,1.055848450313308928e-01
1.841618930729676806e-01,1.347018199790272486e-01
1.397037715676532066e-01,1.558201613756146631e-01
8.249384007431104227e-02,1.667983344201919571e-01
1.740668468718115092e-02,1.658731594807043019e-01
-5.088699224839571267e-02,1.516426773252184668e-01
-1.187123333285801940e-01,1.231833250635311627e-01
-1.837932135849734139e-01,8.030332760903732825e-02
-2.452136542013014231e-01,2.387364619122192555e-02
-3.029798479791710464e-01,-4.386480079495022610e-02
-3.572963488892285655e-01,-1.191272007818419132e-01
-4.077245628538952449e-01,-1.966281166132858305e-01
-4.524310545094969438e-01,-2.698807956333467151e-01
-4.877417620906083773e-01,-3.317433191451302221e-01
-5.081765370235188373e-01,-3.751604969706639481e-01
-5.070449218978446693e-01,-3.940165919705250763e-01
-4.775592999758835333e-01,-3.839889488939169926e-01
-4.142936783575837945e-01,-3.432791097668804747e-01
-3.147094484595291952e-01,-2.730992851612125683e-01
-1.804061107194706304e-01,-1.778101775312840860e-01
-1.776223896665812818e-02,-6.464353874511166720e-02
1.622666779603514353e-01,5.699644896351413470e-02
3.452352443613753152e-01,1.765756136555443612e-01
5.149896186001234888e-01,2.836504584020658748e-01
6.557666318896555602e-01,3.690454517491945086e-01
7.541740117245097075e-01,4.257795215113914233e-01
8.007059518042117796e-01,4.496240746674244337e-01
7.906353595822570579e-01,4.392966815736585873e-01
7.243102508136909368e-01,3.963827039096472493e-01
6.069898723103431815e-01,3.250933719214187945e-01
4.483638846482456142e-01,2.319248407727189931e-01
2.618295900392649811e-01,1.252190348855453106e-01
6.350836826028777304e-02,1.458065867157756768e-02
-1.290743055661055516e-01,-8.990275313002418778e-02
-2.986863050067381509e-01,-1.786493415375970673e-01
-4.303660886929012719e-01,-2.437046093619378850e-01
-5.133941507807938676e-01,-2.798179766137067759e-01
-5.428419592769385682e-01,-2.852315141529938591e-01
-5.202980579926215210e-01,-2.619605420910067761e-01
-4.535443122425935059e-01,-2.154576010354505855e-01
-3.552111103992110497e-01,-1.537053481248920050e-01
-2.406807327194608326e-01,-8.591913024520950182e-02
-1.256658772394245172e-01,-2.111816235618392545e-02
-2.393624980686696879e-02,3.316355324828487716e-02
5.440338239234064621e-02,7.180267820054606065e-02
1.038417247688592365e-01,9.251777649774997614e-02
1.235535077691596040e-01,9.579203328118689187e-02
1.167851406543299608e-01,8.437925181158822951e-02
8.976316613938850608e-02,6.255028857328392977e-02
5.038118090909379787e-02,3.525042858019951375e-02
6.894146694440488055e-03,7.310945167115268789e-03
-3.320738333828892469e-02,-1.718807463669033697e-02
-6.403978733635520837e-02,-3.535355844800747160e-02
-8.184658395492125371e-02,-4.570149620197051094e-02
-8.519931467108525502e-02,-4.817652215650231051e-02
-7.489862168857712443e-02,-4.399069767454787117e-02
-5.360331753504590097e-02,-3.530736883888636185e-02
-2.523806497431261425e-02,-2.480545076186013720e-02
5.729343708606018937e-03,-1.517974414285710311e-02
3.501656951403250839e-02,-8.655038249986469340e-03
5.913816720115523673e-02,-6.598377264006442464e-03
7.581549616397739721e-02,-9.295897943145229464e-03
8.415131590553127927e-02,-1.592620167648733931e-02
8.457439941879685286e-02,-2.472702901074457990e-02
7.858689848761327146e-02,-3.332389401058701017e-02
6.837469151255132216e-02,-3.916564030137041630e-02
5.636675432149994280e-02,-3.999078240602071954e-02
4.483524277760785048e-02,-3.423761639567805826e-02
3.560254596195214227e-02,-2.132129105351119464e-02
2.987920728043752527e-02,-1.733219689001678013e-03
2.822266264336836111e-02,2.304030496430767641e-02
3.059135018253572591e-02,5.074864920272235957e-02
3.646218018604536343e-02,7.870418330626113845e-02
4.497202993411489325e-02,1.041454122945098121e-01
5.504175322231932843e-02,1.245752955660417716e-01
6.545588368727155160e-02,1.380249505387402542e-01
7.490004577334774538e-02,1.432145841074527470e-01
8.198166513653670773e-02,1.396091629198718542e-01
8.526256590692130044e-02,1.273853236806526401e-01
8.332112848920286696e-02,1.073341027046102181e-01
7.485562631442146952e-02,8.072617954024255416e-02
5.884317744989124577e-02,4.916775264428618203e-02
3.476257454183491469e-02,1.447366311714552711e-02
2.858834527254119906e-03,-2.142595011173149822e-02
-3.561588209983465592e-02,-5.654804499325233325e-02
-7.827593929287364471e-02,-8.890850849142303836e-02
-1.216697680269050452e-01,-1.165894341274835155e-01
-1.615783483314509605e-01,-1.378389225432301579e-01
-1.935288615483245489e-01,-1.512046865326829304e-01
-2.134562610842707375e-01,-1.556887583850255219e-01
-2.183980591810977812e-01,-1.509004203843836156e-01
-2.070742963704228501e-01,-1.371764538467904193e-01
-1.802084440698532020e-01,-1.156342244224675825e-01
-1.405006770898678536e-01,-8.812999448224845267e-02
-9.225529094231399441e-02,-5.711328617779767164e-02
-4.074661919209507377e-02,-2.538972068718686054e-02
8.550466786498275851e-03,4.181106208745087593e-03
5.073772299891063375e-02,2.902129646260826618e-02
8.216583103081098738e-02,4.716903400942863700e-02
1.009069707103941449e-01,5.756842599188081305e-02
1.069590075458308615e-01,6.026252064150967175e-02
1.021549904866862896e-01,5.643871841275686918e-02
8.979988091521834415e-02,4.829324189191247507e-02
7.409085870235601612e-02,3.870946663035811086e-02
5.939324588669667171e-02,3.077556061428508502e-02
4.945656096923336381e-02,2.719775673024073942e-02
4.667856304178528981e-02,2.969795806114788883e-02
5.154981101719575964e-02,3.851296894284311767e-02
6.241061092271222438e-02,5.212250706218402030e-02
7.561116848997301298e-02,6.730995653768997999e-02
8.609567900530547269e-02,7.960250905995064352e-02
8.835416714182911524e-02,8.405944036558148091e-02
7.761371664306271345e-02,7.629769341026235163e-02
5.107567910696153568e-02,5.357864413516322255e-02
8.957468272269439313e-03,1.574084539640276115e-02
-4.491152613848828357e-02,-3.423904734436514219e-02
-1.031426386313016308e-01,-9.023339627386040007e-02
-1.555904892676888973e-01,-1.435898746233103540e-01
-1.908736116599497601e-01,-1.843725733283678725e-01
-1.984402550816345423e-01,-2.030692928146928256e-01
-1.708713493986343257e-01,-1.925041980370644223e-01
-1.059986469025019223e-01,-1.496114032534187344e-01
-8.355594507351099542e-03,-7.668771868707532913e-02
1.104841887159999370e-01,1.822529373200496017e-02
2.329637499507262455e-01,1.220590895196698722e-01
3.380072040357255947e-01,2.185576087101205323e-01
4.045842250814963292e-01,2.910037479919647674e-01
4.157766614036385033e-01,3.253586827277781257e-01
3.625586728800636593e-01,3.131879608436933249e-01
2.464610339786631743e-01,2.537307108772402509e-01
8.042682378868676318e-02,1.545971732233991369e-01
-1.125219470102504782e-01,3.083672010617938275e-02
-3.027456359827815913e-01,-9.754205022766607169e-02
-4.590399445226086561e-01,-2.091682169861884821e-01
-5.543540545385280405e-01,-2.853193136416172226e-01
-5.710410704185095998e-01,-3.135218902950431819e-01
-5.045395061728001895e-01,-2.899829946315685136e-01
-3.646593259082572258e-01,-2.203315388469533620e-01
-1.741202186300588872e-01,-1.185045043270263748e-01
3.543273278385100644e-02,-4.007082244940840532e-03
2.291673039659332667e-01,1.018809468003226693e-01
3.754162085376417379e-01,1.801675817216285835e-01
4.513896457541702878e-01,2.176601196639143532e-01
4.471467190395520541e-01,2.092490693156017767e-01
3.670866261443133105e-01,1.585624017690287768e-01
2.287148576566140346e-01,7.692591006115528929e-02
5.897894291617974960e-02,-1.910260787099904434e-02
-1.110467889164982180e-01,-1.110899102143207418e-01
-2.520240314531608794e-01,-1.822818274286248652e-01
-3.415772798701637303e-01,-2.206471273528210486e-01
-3.678853673438035043e-01,-2.208345615471455359e-01
-3.310340355540030144e-01,-1.847198923090346834e-01
-2.420268629180679365e-01,-1.205324480430966239e-01
-1.198394849733648432e-01,-4.084653945940110165e-02
1.272830578070210938e-02,4.006666807669656549e-02
1.334716374866115329e-01,1.089482468241528557e-01
2.245872720775379250e-01,1.557945909483549607e-01
2.752243913899039551e-01,1.752671116194746137e-01
2.824798612486338345e-01,1.671159586345445924e-01
2.508789967592082171e-01,1.356739357854800931e-01
1.906445164608170095e-01,8.863297734733877054e-02
1.152157207885609325e-01,3.540163870625941817e-02
3.854367550367283901e-02,-1.463544194844115798e-02
-2.733730488016562765e-02,-5.366184513722090099e-02
-7.407163160672329549e-02,-7.654768923429523808e-02
-9.785962380274895733e-02,-8.140485827844555489e-02
-9.942062901763232263e-02,-6.954844545409002987e-02
-8.317396069992837038e-02,-4.493427907819487477e-02
-5.588137674002149891e-02,-1.321943373752697271e-02
-2.505721567436434982e-02,1.936226928546050038e-02
2.533936147136824080e-03,4.710478321980005045e-02
2.201482194168983067e-02,6.572737027338758364e-02
3.099225368811678316e-02,7.292719879100628688e-02
2.957421427291492821e-02,6.852451859337249651e-02
1.989841031607562233e-02,5.422360929043969213e-02
5.347564511428450768e-03,3.308484264614090092e-02
-1.034453744545142141e-02,8.844173124576935885e-03
-2.390477980838656008e-02,-1.477670218518077616e-02
-3.309861030914665325e-02,-3.464640250289389989e-02
-3.698726882265183924e-02,-4.860264581110083915e-02
-3.586196331668684012e-02,-5.560245732390486917e-02
-3.093272381633998397e-02,-5.566587231677521536e-02
-2.389356384102282738e-02,-4.967364827707541203e-02
-1.648149806255725519e-02,-3.909170832600507295e-02
-1.011385582645888542e-02,-2.568410536752583143e-02
-5.654285742476209201e-03,-1.125670850242419842e-02
-3.332417371227112263e-03,2.542793540075558717e-03
-2.815536433542778494e-03,1.435650039262464581e-02
-3.397118451005889939e-03,2.318252420675409597e-02
-4.239706202544324398e-03,2.839326799125585846e-02
-4.606413394612296139e-03,2.972805381440249764e-02
-4.035532715609052579e-03,2.727381099377956808e-02
-2.436016734882822179e-03,2.143408048708247970e-02
-9.285913938589067385e-05,1.288131332121558031e-02
2.421835208635444645e-03,2.493466812305535074e-03
4.417602122743446123e-03,-8.716410662274052396e-03
5.290365474559573927e-03,-1.966970317771634183e-02
4.701641174757166530e-03,-2.929097924273542028e-02
2.682279407953723840e-03,-3.658144694538610631e-02
-3.568951465278778074e-04,-4.069932990576504567e-02
-3.697685696879005057e-03,-4.104191293055685363e-02
-6.451004031041743594e-03,-3.732014412584947621e-02
-7.735786005846744667e-03,-2.961753352071730058e-02
-6.869668563082865706e-03,-1.842518000312081544e-02
-3.528809803905938285e-03,-4.641429340043464608e-03
2.162782536262894580e-03,1.047692689101128657e-02
9.630984518282426077e-03,2.541839566584456686e-02
1.792633117373636231e-02,3.856849114995872935e-02
2.585450139357717628e-02,4.839070252004502859e-02
3.214461670688525258e-02,5.361413160988112714e-02
3.563963887023778587e-02,5.340655831344897492e-02
3.548527409770582675e-02,4.751215389781383858e-02
3.128523139427331207e-02,3.633191522019282860e-02
2.319471643315659110e-02,2.092744678914090078e-02
1.193904573932073714e-02,2.938617412823509023e-03
-1.244068216520694686e-03,-1.558063518655320584e-02
-1.473900763952463305e-02,-3.239323051097597883e-02
-2.676315040944998030e-02,-4.535516934849229825e-02
-3.563806873827995991e-02,-5.270872254136303725e-02
-4.007649342790108038e-02,-5.335323560641228036e-02
-3.942139423055018854e-02,-4.704490389105212000e-02
-3.378190477540358311e-02,-3.448021805901596570e-02
-2.403999228178134093e-02,-1.723761986932442064e-02
-1.172912799279639262e-02,2.419922246474481148e-03
1.199063873615090203e-03,2.185395508580562085e-02
1.269160903808309176e-02,3.842677356103044173e-02
2.094411705891298034e-02,4.988821537468991762e-02
2.471196489995425294e-02,5.470818990895585932e-02
2.351197337425780381e-02,5.229304477859264555e-02
1.767571118052271850e-02,4.304561233540631082e-02
8.259455948824113644e-03,2.826557509746546737e-02
-3.154786305031980279e-03,9.922818266782960223e-03
-1.472496099659912488e-02,-9.643155564742440788e-03
-2.463856577522304664e-02,-2.804219531142836119e-02
-3.137901628978036206e-02,-4.312330999801794462e-02
-3.392161876309860574e-02,-5.320030171586406786e-02
-3.183011453824396292e-02,-5.719492460647412901e-02
-2.525685104737337289e-02,-5.469912981918996497e-02
-1.487390120681937773e-02,-4.597367935204597911e-02
-1.763809221837220331e-03,-3.190325908886222639e-02
1.271451859099950385e-02,-1.391800045468384421e-02
2.707713510591272174e-02,6.121469844788993142e-03
3.987195174999320912e-02,2.608239582506987481e-02
4.982537965663910717e-02,4.376226722064668895e-02
5.596882429626037075e-02,5.712538739429200846e-02
5.774441304718001128e-02,6.455417177793673633e-02
5.508772377154931565e-02,6.508624985914793215e-02
4.847265342179750414e-02,5.859880474974352160e-02
3.889607285489780908e-02,4.589719142510435834e-02
2.778866342510754803e-02,2.867333092287973478e-02
1.685416108331567325e-02,9.321315347115510103e-03
7.845781388308705959e-03,-9.375764381615709492e-03
2.286344289003278824e-03,-2.465219972897157372e-02
1.146741664335024224e-03,-3.420831592580089731e-02
4.528549652292379601e-03,-3.663621782494638074e-02
1.143529296924334498e-02,-3.174424670788753705e-02
1.973020870112857095e-02,-2.069971739761711921e-02
2.634828755805409400e-02,-5.930532920129145263e-03
2.776967789542920256e-02,9.228801452081519807e-03
2.069717893502965450e-02,2.110527864385073823e-02
2.828119291492913606e-03,2.637784803475510045e-02
-2.642903709328407388e-02,2.276414132022207271e-02
-6.546641805135548775e-02,9.562948456053262797e-03
-1.103770376190965630e-01,-1.207712571811132146e-02
-1.553356155942148265e-01,-3.924797828363961461e-02
-1.934373946272384126e-01,-6.773915384603984569e-02
-2.178528725373755637e-01,-9.277897970914428250e-02
-2.230755677670314407e-01,-1.099044742209362435e-01
-2.060152892417400072e-01,-1.157752127650944901e-01
-1.667131547680598957e-01,-1.087638980698932556e-01
-1.085162656151116428e-01,-8.920976017392132085e-02
-3.764759839475680103e-02,-5.929545161294091232e-02
3.776566901162475842e-02,-2.259108266526141384e-02
1.090121815465098787e-01,1.661521804414574366e-02
1.681839653139750868e-01,5.403431776733984282e-02
2.093402762314216514e-01,8.597710930315212441e-02
2.292261728765297157e-01,1.097292434921780940e-01
2.274476156690727613e-01,1.236720693614900141e-01
2.061431223634147547e-01,1.272010401497621346e-01
1.693072672470444795e-01,1.205402510255725590e-01
1.219826530225869704e-01,1.045575547558738883e-01
6.952624834836386436e-02,8.065323429340126582e-02
1.707901133077702194e-02,5.073973622099808845e-02
-3.073914597561930306e-02,1.727101856949822545e-02
-6.997277047998780308e-02,-1.675796552675525020e-02
-9.740882714509463414e-02,-4.792157040109309984e-02
-1.106699103594462330e-01,-7.262872580484969198e-02
-1.083669438495126480e-01,-8.753747217923463220e-02
-9.031547110402812772e-02,-9.006613779990912949e-02
-5.777502201509963214e-02,-7.891410716020963445e-02
-1.362342306826243299e-02,-5.448337221265668606e-02
3.765203431642832888e-02,-1.908656480449632403e-02
9.025015843033599994e-02,2.315205301246005265e-02
1.376769372122876867e-01,6.674301717430052017e-02
1.736376498812257363e-01,1.055885413575507192e-01
1.930547836756037472e-01,1.339323400843703271e-01
1.930008516931412954e-01,1.473245226991247159e-01
1.733108090191869677e-01,1.434004622137384222e-01
1.366747980459841472e-01,1.222955214372173360e-01
8.812311424604121757e-02,8.658908810298418524e-02
3.398642655800771656e-02,4.078279816980552586e-02
-1.941398076442144016e-02,-9.559202607599195933e-03
-6.699736111589597864e-02,-5.879031652088258231e-02
-1.057563390750840965e-01,-1.020454183228958339e-01
-1.350033139214741329e-01,-1.358097132365859716e-01
-1.560141329571734514e-01,-1.581180232872297364e-01
-1.712073003608136079e-01,-1.684186513528492801e-01
-1.831044315659370314e-01,-1.672161663592705572e-01
-1.933633474012906861e-01,-1.556443490902591487e-01
-2.021467102517233716e-01,-1.351118681579849823e-01
-2.079868028857577988e-01,-1.071143558827701847e-01
-2.081612840151652322e-01,-7.323263638528085262e-02
-1.994587730247817658e-01,-3.526416853484826142e-02
-1.791306328435122164e-01,4.609530358971491992e-03
-1.458049662110422751e-01,4.372041862397876844e-02
-1.001619461859073051e-01,7.894884483784311846e-02
-4.521885848072980385e-02,1.069256156275072700e-01
1.385426205087784968e-02,1.243873087988032616e-01
7.037542143771691183e-02,1.286314708043311827e-01
1.171431300459157832e-01,1.179879791979758230e-01
1.476104049317213118e-01,9.220999871978831364e-02
1.570411741640597159e-01,5.269910839189670404e-02
1.434482384173390856e-01,2.511991912823127726e-03
1.081311843939865291e-01,-5.385947790943980407e-02
5.568635909145970564e-02,-1.108976756660547958e-01
-6.534962866511409563e-03,-1.625847724288470852e-01
-6.940973478054635049e-02,-2.029561664715559821e-01
-1.232547908756817523e-01,-2.266119047040840440e-01
-1.590421832628396981e-01,-2.291646560548703526e-01
-1.694725541222820153e-01,-2.076563069542402551e-01
-1.498703186468985094e-01,-1.609974561654231584e-01
-9.892774257871848886e-02,-9.044963452198304110e-02
-1.930044924796581185e-02,-8.351066611610169499e-05
8.204431895452009293e-02,1.029553082765009286e-01
1.939466638568987378e-01,2.086038921076736885e-01
3.019158692041830072e-01,3.046695296480494974e-01
3.899178725587653660e-01,3.783214127783792735e-01
4.430054970884591548e-01,4.181435438252664727e-01
4.503511538477527054e-01,4.163740867887995023e-01
4.079578017076265772e-01,3.708047045364297745e-01
3.202667507532896973e-01,2.858154986159427979e-01
2.000949548864566774e-01,1.721896647303857442e-01
6.674182943471121399e-02,4.563577848757552347e-02
-5.743085344699203065e-02,-7.574136918484691838e-02
-1.512528344442335970e-01,-1.745257721949957652e-01
-1.989204463632390507e-01,-2.370048090042978506e-01
-1.931861960366677011e-01,-2.555102826873379973e-01
-1.368843641679937662e-01,-2.296447343453865975e-01
-4.249407990814101088e-02,-1.661987754562826436e-01
7.013884407428139234e-02,-7.782772571270397954e-02
1.774435402579091214e-01,1.922285726092051727e-02
2.564195907165769395e-01,1.079060341775201215e-01
2.887880301020784302e-01,1.731799537729111216e-01
2.642480604568299141e-01,2.043613354332458609e-01
1.822640636533000014e-01,1.966564525442180689e-01
5.208914696404119693e-02,1.516568678576268314e-01
-1.089226438043875145e-01,7.677413817067309243e-02
-2.783296646751529657e-01,-1.622712440913710169e-02
-4.323235440678016572e-01,-1.132921939999186334e-01
-5.494673710614003115e-01,-2.003542141623785855e-01
-6.138446150788732236e-01,-2.654524027299069999e-01
-6.171937412409923551e-01,-3.003865360880403346e-01
-5.598150716517431569e-01,-3.017091764032359680e-01
-4.502340636349082548e-01,-2.709715782349953472e-01
-3.037668398213302368e-01,-2.142469034661794169e-01
-1.402458494854031956e-01,-1.410442382607906553e-01
1.877633374925796739e-02,-6.279143134334017051e-02
1.530017803845297175e-01,8.896731615742309307e-03
2.461819296314241012e-01,6.393014404704225329e-02
2.883623451471171162e-01,9.519690522945406519e-02
2.772274634907322399e-01,9.953940652361564778e-02
2.182886921163723903e-01,7.809014749935164201e-02
1.238412598549743227e-01,3.590784262089921630e-02
1.084609166567271354e-02,-1.901368853683396698e-02
-1.019015162064854929e-01,-7.717246371263172811e-02
-1.968314706781440493e-01,-1.291603382498543451e-01
-2.603728900322928030e-01,-1.671674398569096831e-01
-2.849801730421257506e-01,-1.861471154790455551e-01
-2.700705071202014196e-01,-1.844578175330455760e-01
-2.217181603838126736e-01,-1.638814809420316987e-01
-1.511769340891163937e-01,-1.290252155774159748e-01
-7.252002041167296409e-02,-8.623109581094523524e-02
1.540687547914205979e-04,-4.221977555819997341e-02
5.542733180820534622e-02,-2.749065462036938412e-03
8.667348363984597737e-02,2.843650117340466160e-02
9.316987290943380684e-02,5.015304615151688211e-02
7.998932889305361560e-02,6.371987929402171680e-02
5.669570561203296499e-02,7.233154062849991850e-02
3.511888267883989112e-02,8.002570769312748744e-02
2.667789614096244266e-02,9.050657471703743573e-02
3.981041736693721744e-02,1.061126027270359456e-01
7.804434034912163809e-02,1.271772459115339815e-01
1.391251276854740815e-01,1.519341984520717337e-01
2.154101903891892378e-01,1.769897108181504586e-01
2.954856682693921544e-01,1.982525019534726873e-01
3.666884346058212341e-01,2.121004917563008296e-01
4.179779839963349009e-01,2.164906901745769496e-01
4.424702186708611151e-01,2.117059714683671989e-01
4.389904646761185747e-01,2.005040128670661503e-01
4.122459391158219688e-01,1.875881675895026968e-01
3.715889744025309138e-01,1.785122174637281400e-01
3.287149448206401203e-01,1.782925359804010679e-01
2.948973512659704976e-01,1.900805743894694588e-01
2.784435998815446567e-01,2.142296135809741708e-01
2.829525284723907741e-01,2.479858721118617659e-01
3.067132008508576813e-01,2.858772193925434024e-01
3.432841883202927269e-01,3.207043524055355754e-01
3.830200159611692468e-01,3.449014457677209711e-01
4.151297876400877329e-01,3.519593098988831881e-01
4.297886455725710153e-01,3.376089017053445773e-01
4.198688460826043301e-01,3.005372488666706032e-01
3.819864295524775799e-01,2.425236256312024441e-01
3.167345837704386158e-01,1.680094778294804470e-01
2.281536841876563859e-01,8.322563700445084756e-02
1.226319463362263718e-01,-4.923289974002625913e-03
7.517150162603986052e-03,-8.998662362732484654e-02
-1.102554340994319482e-01,-1.668960952385775409e-01
-2.252464912363033034e-01,-2.325477189570185621e-01
-3.341172906109540763e-01,-2.859793211935588442e-01
-4.356836555756128937e-01,-3.281750632611710738e-01
-5.304777918233369860e-01,-3.615941999652268479e-01
-6.199838674209710021e-01,-3.895523256244399213e-01
-7.057653088716335787e-01,-4.155787478669042967e-01
-7.886904607215164953e-01,-4.428426876715952365e-01
-8.684096137512398172e-01,-4.737008093974591771e-01
-9.431693606137233621e-01,-5.093864067994969824e-01
-1.009983192113989459e+00,-5.498445633884160300e-01
-1.065109844392929661e+00,-5.937141841844453261e-01
-1.104729029740247670e+00,-6.384572030801755060e-01
-1.125666061605458568e+00,-6.806287331026263931e-01
-1.126014836973451061e+00,-7.162654820681721990e-01
-1.105534552226222544e+00,-7.413461257149448480e-01
-1.065733094672322467e+00,-7.522563811135567491e-01
-1.009596244150483768e+00,-7.461857477363660340e-01
-9.409867669531297718e-01,-7.213986432190422349e-01
-8.638226803182914582e-01,-6.773555584315353872e-01
-7.812261502086763620e-01,-6.146982079619733863e-01
-6.948732756135431732e-01,-5.351423256534207917e-01
-6.047385219630814213e-01,-4.413291103430890261e-01
-5.093162316119140831e-01,-3.366646644228353247e-01
-4.062500585893484839e-01,-2.251345459000891613e-01
-2.931590594818327955e-01,-1.110410794153732783e-01
-1.683655024068288486e-01,1.398294398903918156e-03
-3.124724361103994874e-02,1.086150239300165826e-01
1.179240959325527777e-01,2.083574393814702774e-01
2.785767867648917262e-01,3.003108762740181459e-01
4.505760447578531225e-01,3.864607570407864734e-01
6.347280600873574929e-01,4.710050242704713064e-01
8.327469709622008498e-01,5.597155420352498689e-01
1.046578812945312187e+00,6.587936258690417768e-01
1.277218603112261430e+00,7.734191690993241775e-01
1.523353479573257951e+00,9.063048047686415032e-01
1.780250515770320341e+00,1.056594275200523958e+00
2.039259803956670059e+00,1.219375634693850463e+00
2.288143004643464096e+00,1.385939115383848286e+00
2.512217879301263057e+00,1.544742193124387875e+00
2.696099530861892024e+00,1.682897432897599410e+00
2.825684128884404789e+00,1.787906160023217783e+00
2.889994489695874691e+00,1.849337072191395759e+00
2.882574494846229296e+00,1.860185571522590342e+00
2.802233239608237891e+00,1.817723608739178376e+00
2.653056951125489338e+00,1.723737632099080708e+00
2.443712651635130850e+00,1.584140953041910382e+00
2.186166505697964446e+00,1.408033213654573679e+00
1.894029062465016455e+00,1.206360688958652005e+00
1.580798814646285688e+00,9.903956533755775560e-01
1.258281125992847693e+00,7.702820440549486003e-01
9.354072117135425746e-01,5.538733164356444139e-01
6.175872465777706433e-01,3.460192657595367871e-01
3.066306615175453665e-01,1.483629654120838248e-01
1.174852051891384086e-03,-4.038491422099027561e-02
-3.025077183825927163e-01,-2.237976606680050218e-01
-6.094930636755817588e-01,-4.068507741847766090e-01
-9.251453039057069283e-01,-5.949523361942037347e-01
-1.254136574090383816e+00,-7.930091801072355340e-01
-1.599620639702799663e+00,-1.004618359284422890e+00
-1.962605237341224607e+00,-1.231444135903709602e+00
-2.341566302342193318e+00,-1.472825515872987268e+00
-2.732345121359959883e+00,-1.725651145675195064e+00
-3.128341659564101374e+00,-1.984521691928432974e+00
-3.520968152144663410e+00,-2.242187086448886202e+00
-3.900282340010207349e+00,-2.490204426175628871e+00
-4.255697527622461784e+00,-2.719725670474188561e+00
-4.576664153359963016e+00,-2.922301841460334337e+00
-4.853226066272359418e+00,-3.090585102605373002e+00
-5.076377976530229930e+00,-3.218824022927430750e+00
-5.238199206020418330e+00,-3.303083418159685092e+00
-5.331806946906828770e+00,-3.341175182159660473e+00
-5.351229884193204889e+00,-3.332346086656971629e+00
-5.291319720787422298e+00,-3.276813283025785672e+00
-5.147789528277801452e+00,-3.175256249209323922e+00
-4.917414987268114324e+00,-3.028366588572997564e+00
-4.598379965158543747e+00,-2.836533953541734210e+00
-4.190698488405566913e+00,-2.599715272635090280e+00
-3.696599907942184071e+00,-2.317497306615574626e+00
-3.120732335927201451e+00,-1.989320916786215143e+00
-2.470043897278125122e+00,-1.614797803761448547e+00
-1.753257743797111523e+00,-1.194030201398130986e+00
-9.799551715416333630e-01,-7.278494747420864996e-01
-1.593920775793355449e-01,-2.179187979598111169e-01
7.007297077656100548e-01,3.333096781491400318e-01
1.595247261924850335e+00,9.227382542728850279e-01
2.521961361058111972e+00,1.546766149713298066e+00
3.481218542859429999e+00,2.201286635780931533e+00
4.474485710209714640e+00,2.881391905198118497e+00
5.501956320200711126e+00,3.580698650991705367e+00
6.559480197434822912e+00,4.290327991298967802e+00
7.635351186734734341e+00,4.997725074855709160e+00
8.707661865358250708e+00,5.685642473934214181e+00
9.742998260693983781e+00,6.331694488826630440e+00
1.069715950916910430e+01,6.908880989902526970e+00
