0.03742
0.02312
0.00807
-0.00802
-0.02545
-0.04448
-0.06533
-0.08795
-0.11224
-0.13789
-0.16448
-0.19148
-0.21818
-0.24384
-0.26764
-0.28871
-0.30619
-0.31930
-0.32725
-0.32944
-0.32537
-0.31466
-0.29723
-0.27302
-0.24233
-0.20556
-0.16332
-0.11644
-0.06582
-0.01256
0.04218
0.09717
0.15113
0.20281
0.25104
0.29463
0.33261
0.36410
0.38835
0.40489
0.41333
0.41357
0.40569
0.38991
0.36674
0.33675
0.30075
0.25962
0.21433
0.16596
0.11561
0.06438
0.01337
-0.03638
-0.08389
-0.12824
-0.16867
-0.20449
-0.23516
-0.26030
-0.27960
-0.29298
-0.30041
-0.30202
-0.29809
-0.28893
-0.27501
-0.25683
-0.23496
-0.21001
-0.18260
-0.15337
-0.12297
-0.09199
-0.06101
-0.03058
-0.00116
0.02679
0.05292
0.07690
0.09848
0.11747
0.13373
0.14717
0.15776
0.16551
0.17046
0.17271
0.17236
0.16958
0.16453
0.15739
0.14838
0.13771
0.12561
0.11231
0.09803
0.08301
0.06746
0.05161
0.03564
0.01976
0.00413
-0.01110
-0.02577
-0.03978
-0.05302
-0.06541
-0.07687
-0.08734
-0.09680
-0.10520
-0.11252
-0.11875
-0.12386
-0.12785
-0.13070
-0.13240
-0.13293
-0.13229
-0.13045
-0.12741
-0.12315
-0.11767
-0.11097
-0.10307
-0.09398
-0.08375
-0.07243
-0.06009
-0.04682
-0.03273
-0.01796
-0.00265
0.01301
0.02884
0.04464
0.06018
0.07523
0.08957
0.10297
0.11520
0.12605
0.13533
0.14285
0.14848
0.15207
0.15357
0.15291
0.15007
0.14509
0.13803
0.12899
0.11810
0.10554
0.09149
0.07617
0.05983
0.04270
0.02505
0.00715
-0.01075
-0.02838
-0.04549
-0.06185
-0.07722
-0.09140
-0.10418
-0.11540
-0.12490
-0.13255
-0.13824
-0.14190
-0.14345
-0.14288
-0.14017
-0.13535
-0.12845
-0.11954
-0.10873
-0.09612
-0.08186
-0.06613
-0.04910
-0.03101
-0.01209
0.00739
0.02714
0.04686
0.06621
0.08486
0.10248
0.11870
0.13320
0.14564
0.15571
0.16315
0.16770
0.16919
0.16747
0.16247
0.15420
0.14271
0.12815
0.11074
0.09076
0.06857
0.04457
0.01922
-0.00697
-0.03349
-0.05980
-0.08538
-0.10969
-0.13224
-0.15256
-0.17025
-0.18492
-0.19628
-0.20408
-0.20814
-0.20838
-0.20473
-0.19725
-0.18606
-0.17131
-0.15327
-0.13221
-0.10852
-0.08258
-0.05486
-0.02584
0.00396
0.03399
0.06371
0.09255
0.11997
0.14543
0.16842
0.18847
0.20517
0.21815
0.22713
0.23190
0.23232
0.22838
0.22012
0.20768
0.19135
0.17142
0.14834
0.12259
0.09473
0.06536
0.03513
0.00468
-0.02532
-0.05423
-0.08144
-0.10639
-0.12858
-0.14757
-0.16304
-0.17475
-0.18250
-0.18630
-0.18615
-0.18221
-0.17471
-0.16394
-0.15030
-0.13422
-0.11617
-0.09667
-0.07625
-0.05544
-0.03474
-0.01465
0.00438
0.02195
0.03774
0.05144
0.06288
0.07191
0.07849
0.08262
0.08439
0.08397
0.08153
0.07735
0.07170
0.06489
0.05726
0.04912
0.04080
0.03259
0.02477
0.01755
0.01113
0.00562
0.00113
-0.00233
-0.00478
-0.00629
-0.00697
-0.00697
-0.00647
-0.00566
-0.00474
-0.00392
-0.00340
-0.00333
-0.00387
-0.00514
-0.00721
-0.01010
-0.01381
-0.01825
-0.02333
-0.02888
-0.03471
-0.04060
-0.04628
-0.05149
-0.05597
-0.05942
-0.06163
-0.06235
-0.06139
-0.05865
-0.05400
-0.04745
-0.03903
-0.02886
-0.01711
-0.00401
0.01012
0.02497
0.04013
0.05521
0.06978
0.08342
0.09571
0.10629
0.11480
0.12094
0.12451
0.12533
0.12331
0.11845
0.11080
0.10054
0.08785
0.07302
0.05641
0.03838
0.01937
-0.00018
-0.01982
-0.03910
-0.05756
-0.07479
-0.09040
-0.10406
-0.11547
-0.12440
-0.13066
-0.13414
-0.13481
-0.13264
-0.12774
-0.12021
-0.11025
-0.09809
-0.08398
-0.06826
-0.05125
-0.03330
-0.01480
0.00388
0.02235
0.04025
0.05723
0.07294
0.08709
0.09940
0.10964
0.11762
0.12321
0.12630
0.12687
0.12491
0.12049
0.11373
0.10475
0.09376
0.08098
0.06666
0.05107
0.03450
0.01726
-0.00036
-0.01805
-0.03552
-0.05246
-0.06861
-0.08370
-0.09749
-0.10976
-0.12030
-0.12893
-0.13551
-0.13990
-0.14200
-0.14175
-0.13910
-0.13405
-0.12663
-0.11690
-0.10497
-0.09097
-0.07508
-0.05754
-0.03858
-0.01851
0.00234
0.02363
0.04496
0.06595
0.08620
0.10530
0.12285
0.13849
0.15187
0.16268
0.17067
0.17562
0.17739
0.17590
0.17115
0.16321
0.15220
0.13836
0.12195
0.10330
0.08282
0.06091
0.03805
0.01470
-0.00867
-0.03158
-0.05359
-0.07429
-0.09331
-0.11033
-0.12509
-0.13739
-0.14710
-0.15413
-0.15849
-0.16021
-0.15939
-0.15619
-0.15077
-0.14334
-0.13413
-0.12338
-0.11133
-0.09823
-0.08429
-0.06974
-0.05479
-0.03961
-0.02438
-0.00925
0.00565
0.02019
0.03427
0.04778
0.06063
0.07270
0.08391
0.09416
0.10332
0.11130
0.11798
0.12322
0.12692
0.12893
0.12916
0.12749
0.12385
0.11816
0.11039
0.10056
0.08869
0.07489
0.05929
0.04209
0.02352
0.00388
-0.01650
-0.03724
-0.05791
-0.07809
-0.09732
-0.11514
-0.13109
-0.14474
-0.15569
-0.16359
-0.16814
-0.16910
-0.16633
-0.15972
-0.14932
-0.13521
-0.11757
-0.09670
-0.07295
-0.04675
-0.01861
0.01093
0.04124
0.07171
0.10169
0.13052
0.15759
0.18229
0.20406
0.22241
0.23692
0.24723
0.25311
0.25436
0.25096
0.24292
0.23039
0.21360
0.19286
0.16859
0.14124
0.11135
0.07950
0.04629
0.01235
-0.02169
-0.05523
-0.08765
-0.11842
-0.14702
-0.17299
-0.19597
-0.21561
-0.23169
-0.24404
-0.25255
-0.25723
-0.25810
-0.25528
-0.24897
-0.23935
-0.22672
-0.21137
-0.19363
-0.17384
-0.15236
-0.12956
-0.10579
-0.08142
-0.05679
-0.03224
-0.00808
0.01537
0.03782
0.05899
0.07862
0.09648
0.11234
0.12601
0.13731
0.14610
0.15226
0.15573
0.15648
0.15451
0.14989
0.14274
0.13322
0.12155
0.10798
0.09281
0.07639
0.05906
0.04120
0.02320
0.00543
-0.01176
-0.02802
-0.04307
-0.05662
-0.06847
-0.07844
-0.08642
-0.09235
-0.09619
-0.09798
-0.09777
-0.09567
-0.09182
-0.08636
-0.07948
-0.07137
-0.06221
-0.05220
-0.04153
-0.03037
-0.01887
-0.00719
0.00457
0.01630
0.02794
0.03941
0.05070
0.06177
0.07262
0.08325
0.09368
0.10389
0.11389
0.12367
0.13319
0.14242
0.15127
0.15965
0.16743
0.17446
0.18055
0.18550
0.18907
0.19102
0.19109
0.18903
0.18459
0.17754
0.16767
0.15483
0.13887
0.11977
0.09749
0.07214
0.04386
0.01288
-0.02045
-0.05576
-0.09254
-0.13024
-0.16823
-0.20584
-0.24233
-0.27697
-0.30901
-0.33770
-0.36234
-0.38227
-0.39690
-0.40574
-0.40839
-0.40459
-0.39416
-0.37715
-0.35368
-0.32403
-0.28868
-0.24815
-0.20320
-0.15460
-0.10330
-0.05027
0.00344
0.05676
0.10860
0.15794
0.20376
0.24512
0.28124
0.31135
0.33493
0.35155
0.36093
0.36302
0.35786
0.34575
0.32706
0.30236
0.27236
0.23783
0.19968
0.15885
0.11635
0.07317
0.03032
-0.01125
-0.05063
-0.08702
-0.11970
-0.14804
-0.17160
-0.18999
-0.20302
-0.21063
-0.21284
-0.20987
-0.20197
-0.18957
-0.17315
-0.15324
-0.13046
-0.10544
-0.07882
-0.05127
-0.02341
0.00416
0.03087
0.05624
0.07981
0.10121
0.12016
0.13640
0.14979
0.16024
0.16771
0.17226
0.17395
0.17292
0.16933
0.16339
0.15530
0.14529
0.13362
0.12051
0.10621
0.09096
0.07497
0.05847
0.04165
0.02469
0.00777
-0.00895
-0.02534
-0.04127
-0.05662
-0.07129
-0.08519
-0.09822
-0.11030
-0.12135
-0.13129
-0.14006
-0.14758
-0.15378
-0.15859
-0.16195
-0.16378
-0.16402
-0.16263
-0.15956
-0.15477
-0.14824
-0.13996
-0.12994
-0.11824
-0.10490
-0.09004
-0.07376
-0.05625
-0.03769
-0.01831
0.00163
0.02182
0.04197
0.06173
0.08075
0.09869
0.11519
0.12994
0.14260
0.15291
0.16064
0.16558
0.16761
0.16668
0.16275
0.15592
0.14629
0.13408
0.11955
0.10301
0.08482
0.06540
0.04517
0.02461
0.00417
-0.01570
-0.03454
-0.05194
-0.06753
-0.08097
-0.09200
-0.10040
-0.10604
-0.10885
-0.10883
-0.10608
-0.10071
-0.09297
-0.08310
-0.07143
-0.05831
-0.04412
-0.02928
-0.01417
0.00078
0.01520
0.02872
0.04102
0.05181
0.06087
0.06801
0.07312
0.07614
0.07706
0.07595
0.07289
0.06805
0.06160
0.05376
0.04478
0.03489
0.02436
0.01345
0.00240
-0.00857
-0.01923
-0.02940
-0.03893
-0.04768
-0.05555
-0.06248
-0.06843
-0.07338
-0.07733
-0.08034
-0.08242
-0.08365
-0.08409
-0.08379
-0.08282
-0.08124
-0.07908
-0.07639
-0.07319
-0.06947
-0.06524
-0.06047
-0.05514
-0.04921
-0.04265
-0.03540
-0.02745
-0.01878
-0.00937
0.00074
0.01154
0.02293
0.03483
0.04711
0.05961
0.07216
0.08453
0.09651
0.10785
0.11830
0.12760
0.13551
0.14179
0.14624
0.14867
0.14893
0.14694
0.14261
0.13598
0.12706
0.11598
0.10290
0.08801
0.07159
0.05391
0.03532
0.01618
-0.00313
-0.02224
-0.04073
-0.05823
-0.07437
-0.08881
-0.10123
-0.11135
-0.11896
-0.12389
-0.12601
-0.12531
-0.12178
-0.11552
-0.10668
-0.09547
-0.08218
-0.06715
-0.05075
-0.03341
-0.01559
0.00225
0.01962
0.03605
0.05108
0.06429
0.07530
0.08376
0.08945
0.09214
0.09175
0.08826
0.08172
0.07231
0.06024
0.04585
0.02952
0.01167
-0.00719
-0.02656
-0.04591
-0.06472
-0.08248
-0.09872
-0.11301
-0.12500
-0.13439
-0.14096
-0.14458
-0.14518
-0.14282
-0.13760
-0.12968
-0.11934
-0.10685
-0.09255
-0.07681
-0.06001
-0.04253
-0.02475
-0.00702
0.01031
0.02695
0.04263
0.05712
0.07025
0.08187
0.09189
0.10024
0.10691
0.11190
0.11524
0.11701
0.11727
0.11612
0.11366
0.10999
0.10522
0.09945
0.09278
0.08530
0.07708
0.06821
0.05876
0.04879
0.03836
0.02754
0.01639
0.00499
-0.00658
-0.01823
-0.02987
-0.04136
-0.05260
-0.06343
-0.07370
-0.08326
-0.09195
-0.09959
-0.10601
-0.11107
-0.11460
-0.11647
-0.11655
-0.11475
-0.11099
-0.10520
-0.09739
-0.08754
-0.07571
-0.06197
-0.04643
-0.02926
-0.01063
0.00923
0.03006
0.05157
0.07343
0.09531
0.11681
0.13755
0.15713
0.17514
0.19119
0.20487
0.21580
0.22367
0.22815
0.22899
0.22600
0.21904
0.20807
0.19308
0.17420
0.15161
0.12557
0.09646
0.06469
0.03077
-0.00471
-0.04114
-0.07784
-0.11410
-0.14922
-0.18246
-0.21313
-0.24056
-0.26411
-0.28324
-0.29746
-0.30637
-0.30972
-0.30729
-0.29908
-0.28513
-0.26566
-0.24102
-0.21163
-0.17810
-0.14111
-0.10142
-0.05993
-0.01752
0.02483
0.06614
0.10545
0.14181
0.17433
0.20226
0.22485
0.24158
0.25202
0.25589
0.25315
0.24384
0.22825
0.20680
0.18007
0.14881
0.11385
0.07615
0.03675
-0.00333
-0.04300
-0.08120
-0.11697
-0.14936
-0.17759
-0.20098
-0.21897
-0.23120
-0.23744
-0.23761
-0.23184
-0.22032
-0.20348
-0.18179
-0.15584
-0.12634
-0.09400
-0.05962
-0.02401
0.01204
0.04774
0.08232
0.11509
0.14539
0.17266
0.19640
0.21619
0.23174
0.24279
0.24923
0.25103
0.24823
0.24099
0.22952
0.21414
0.19520
0.17315
0.14847
0.12168
0.09333
0.06399
0.03424
0.00466
-0.02421
-0.05186
-0.07778
-0.10158
-0.12287
-0.14136
-0.15684
-0.16915
-0.17825
-0.18415
-0.18692
-0.18676
-0.18386
-0.17851
-0.17102
-0.16171
-0.15094
-0.13906
-0.12637
-0.11321
-0.09982
-0.08642
-0.07320
-0.06024
-0.04763
-0.03537
-0.02341
-0.01168
-0.00007
0.01156
0.02334
0.03541
0.04790
0.06089
0.07444
0.08856
0.10321
0.11830
0.13364
0.14904
0.16421
0.17883
0.19256
0.20498
0.21571
0.22433
0.23045
0.23370
0.23375
0.23033
0.22325
0.21235
0.19762
0.17911
0.15695
0.13141
0.10280
0.07158
0.03826
0.00341
-0.03231
-0.06823
-0.10364
-0.13782
-0.17006
-0.19970
-0.22610
-0.24872
-0.26707
-0.28076
-0.28956
-0.29325
-0.29184
-0.28538
-0.27407
-0.25824
-0.23827
-0.21471
-0.18812
-0.15917
-0.12857
-0.09705
-0.06537
-0.03430
-0.00456
0.02314
0.04815
0.06989
0.08783
0.10159
0.11082
0.11533
0.11503
0.10993
0.10020
0.08611
0.06804
0.04651
0.02210
-0.00448
-0.03245
-0.06099
-0.08921
-0.11623
-0.14117
-0.16314
-0.18135
-0.19506
-0.20360
-0.20650
-0.20332
-0.19384
-0.17800
-0.15584
-0.12769
-0.09391
-0.05512
-0.01206
0.03444
0.08336
0.13369
0.18429
0.23401
0.28173
0.32633
0.36674
0.40203
0.43133
0.45393
0.46930
0.47700
0.47686
0.46881
0.45302
0.42982
0.39965
0.36320
0.32118
0.27448
0.22405
0.17088
0.11601
0.06048
0.00527
-0.04866
-0.10041
-0.14923
-0.19440
-0.23538
-0.27172
-0.30310
-0.32936
-0.35036
-0.36617
-0.37690
-0.38273
-0.38393
-0.38079
-0.37364
-0.36282
-0.34869
-0.33158
-0.31183
-0.28974
-0.26562
-0.23975
-0.21238
-0.18376
-0.15416
-0.12380
-0.09294
-0.06184
-0.03077
-0.00002
0.03010
0.05926
0.08714
0.11338
0.13764
0.15956
0.17884
0.19515
0.20823
0.21785
0.22382
0.22605
0.22448
0.21913
0.21012
0.19760
0.18186
0.16320
0.14202
0.11876
0.09391
0.06800
0.04157
0.01517
-0.01064
-0.03536
-0.05848
-0.07954
-0.09815
-0.11396
-0.12668
-0.13613
-0.14212
-0.14460
-0.14355
-0.13902
-0.13114
-0.12006
-0.10600
-0.08922
-0.07004
-0.04878
-0.02581
-0.00153
0.02365
0.04929
0.07495
0.10017
0.12449
0.14743
0.16855
0.18739
0.20351
0.21653
0.22604
0.23175
0.23337
0.23069
0.22357
0.21194
0.19585
0.17539
0.15076
0.12228
0.09032
0.05538
0.01799
-0.02123
-0.06158
-0.10236
-0.14280
-0.18216
-0.21969
-0.25465
-0.28638
-0.31425
-0.33771
-0.35631
-0.36968
-0.37753
-0.37976
-0.37628
-0.36717
-0.35260
-0.33282
-0.30821
-0.27918
-0.24625
-0.20996
-0.17091
-0.12971
-0.08700
-0.04339
0.00051
0.04410
0.08683
0.12819
0.16772
0.20497
0.23958
0.27123
0.29961
0.32449
0.34567
0.36298
0.37628
0.38548
0.39052
0.39136
0.38800
0.38046
0.36883
0.35321
0.33373
0.31060
0.28403
0.25430
0.22173
0.18667
0.14952
0.11070
0.07068
0.02994
-0.01104
-0.05173
-0.09164
-0.13026
-0.16711
-0.20172
-0.23365
-0.26249
-0.28790
-0.30953
-0.32713
-0.34048
-0.34940
-0.35381
-0.35364
-0.34891
-0.33970
-0.32612
-0.30839
-0.28674
-0.26146
-0.23293
-0.20151
-0.16767
-0.13187
-0.09463
-0.05647
-0.01795
0.02037
0.05792
0.09416
0.12853
0.16051
0.18962
0.21541
0.23749
0.25551
0.26920
0.27837
0.28288
0.28270
0.27787
0.26851
0.25484
0.23714
0.21578
0.19120
0.16389
0.13440
0.10331
0.07124
0.03880
0.00662
-0.02471
-0.05459
-0.08253
-0.10801
-0.13063
-0.15006
-0.16600
-0.17831
-0.18687
-0.19167
-0.19279
-0.19037
-0.18467
-0.17596
-0.16461
-0.15101
-0.13560
-0.11884
-0.10120
-0.08313
-0.06508
-0.04747
-0.03067
-0.01502
-0.00076
0.01187
0.02274
0.03177
0.03893
0.04427
0.04788
0.04990
0.05053
0.04995
0.04841
0.04614
0.04339
0.04038
0.03733
0.03443
0.03184
0.02967
0.02801
0.02692
0.02636
0.02633
0.02672
0.02743
0.02831
0.02920
0.02990
0.03024
0.03001
0.02907
0.02724
0.02441
0.02050
0.01547
0.00933
0.00218
-0.00587
-0.01462
-0.02383
-0.03320
-0.04239
-0.05105
-0.05877
-0.06516
-0.06985
-0.07246
-0.07267
-0.07023
-0.06492
-0.05664
-0.04534
-0.03109
-0.01407
0.00548
0.02716
0.05054
0.07509
0.10016
0.12514
0.14930
0.17193
0.19234
0.20983
0.22378
0.23365
0.23894
0.23930
0.23450
0.22441
0.20909
0.18867
0.16348
0.13397
0.10067
0.06428
0.02552
-0.01476
-0.05570
-0.09640
-0.13596
-0.17350
-0.20820
-0.23928
-0.26603
-0.28791
-0.30438
-0.31514
-0.31993
-0.31868
-0.31145
-0.29838
-0.27984
-0.25623
-0.22810
-0.19611
-0.16094
-0.12341
-0.08432
-0.04453
-0.00488
0.03378
0.07069
0.10508
0.13630
0.16376
0.18698
0.20560
0.21931
0.22801
0.23164
0.23027
0.22412
0.21343
0.19862
0.18011
0.15843
0.13415
0.10786
0.08018
0.05176
0.02319
-0.00493
-0.03204
-0.05765
-0.08128
-0.10256
-0.12118
-0.13686
-0.14947
-0.15886
-0.16502
-0.16798
-0.16780
-0.16463
-0.15865
-0.15007
-0.13915
-0.12614
-0.11135
-0.09506
-0.07758
-0.05921
-0.04027
-0.02104
-0.00180
0.01715
0.03557
0.05321
0.06984
0.08523
0.09922
0.11161
0.12226
0.13105
0.13787
0.14266
0.14537
0.14599
0.14454
0.14106
0.13564
0.12838
0.11943
0.10894
0.09710
0.08411
0.07020
0.05560
0.04055
0.02530
0.01008
-0.00487
-0.01931
-0.03302
-0.04581
-0.05748
-0.06786
-0.07681
-0.08420
-0.08993
-0.09391
-0.09610
-0.09646
-0.09499
-0.09172
-0.08668
-0.07996
-0.07167
-0.06193
-0.05090
-0.03877
-0.02575
-0.01208
0.00201
0.01625
0.03035
0.04404
0.05703
0.06905
0.07982
0.08908
0.09661
0.10219
0.10566
0.10687
0.10573
0.10218
0.09621
0.08785
0.07720
0.06438
0.04956
0.03298
0.01487
-0.00445
-0.02466
-0.04541
-0.06632
-0.08698
-0.10700
-0.12596
-0.14346
-0.15911
-0.17252
-0.18336
-0.19131
-0.19611
-0.19754
-0.19546
-0.18977
-0.18044
-0.16755
-0.15120
-0.13162
-0.10909
-0.08397
-0.05669
-0.02776
0.00227
0.03278
0.06314
0.09267
0.12070
0.14657
0.16964
0.18931
0.20508
0.21647
0.22316
0.22490
0.22157
0.21321
0.19992
0.18201
0.15988
0.13405
0.10517
0.07393
0.04115
0.00767
-0.02565
-0.05793
-0.08832
-0.11603
-0.14029
-0.16049
-0.17608
-0.18661
-0.19183
-0.19155
-0.18576
-0.17461
-0.15832
-0.13732
-0.11210
-0.08329
-0.05160
-0.01780
0.01725
0.05270
0.08766
0.12124
0.15263
0.18103
0.20572
0.22609
0.24161
0.25189
0.25667
0.25579
0.24928
0.23726
0.22002
0.19796
0.17158
0.14152
0.10845
0.07316
0.03645
-0.00086
-0.03793
-0.07394
-0.10815
-0.13985
-0.16839
-0.19328
-0.21404
-0.23039
-0.24212
-0.24913
-0.25147
-0.24927
-0.24278
-0.23232
-0.21832
-0.20127
-0.18167
-0.16010
-0.13715
-0.11339
-0.08940
-0.06573
-0.04288
-0.02133
-0.00145
0.01640
0.03196
0.04506
0.05555
0.06342
0.06870
0.07147
0.07192
0.07024
0.06670
0.06160
0.05525
0.04800
0.04018
0.03212
0.02414
0.01653
0.00955
0.00344
-0.00164
-0.00552
-0.00813
-0.00940
-0.00933
-0.00794
-0.00529
-0.00149
0.00336
0.00911
0.01561
0.02270
0.03021
0.03798
0.04585
0.05368
0.06131
0.06862
0.07549
0.08183
0.08752
0.09250
0.09667
0.09998
0.10236
0.10375
0.10408
0.10330
0.10135
0.09819
0.09378
0.08808
0.08109
0.07278
0.06320
0.05239
0.04042
0.02741
0.01348
-0.00117
-0.01636
-0.03185
-0.04739
-0.06272
-0.07756
-0.09162
-0.10464
-0.11635
-0.12650
-0.13488
-0.14128
-0.14555
-0.14756
-0.14721
-0.14448
-0.13933
-0.13180
-0.12196
-0.10990
-0.09579
-0.07977
-0.06206
-0.04288
-0.02250
-0.00120
0.02073
0.04297
0.06519
0.08706
0.10823
0.12838
0.14716
0.16427
0.17938
0.19224
0.20258
0.21019
0.21490
0.21656
0.21511
0.21048
0.20270
0.19182
0.17793
0.16118
0.14175
0.11987
0.09577
0.06973
0.04204
0.01303
-0.01698
-0.04766
-0.07863
-0.10955
-0.14004
-0.16972
-0.19821
-0.22512
-0.25005
-0.27261
-0.29241
-0.30906
-0.32220
-0.33150
-0.33666
-0.33743
-0.33360
-0.32509
-0.31183
-0.29388
-0.27140
-0.24462
-0.21392
-0.17972
-0.14258
-0.10314
-0.06207
-0.02016
0.02181
0.06302
0.10265
0.13991
0.17405
0.20436
0.23027
0.25125
0.26689
0.27695
0.28124
0.27979
0.27269
0.26019
0.24267
0.22058
0.19450
0.16507
0.13299
0.09902
0.06391
0.02840
-0.00673
-0.04082
-0.07322
-0.10333
-0.13068
-0.15483
-0.17547
-0.19235
-0.20530
-0.21425
-0.21917
-0.22013
-0.21724
-0.21062
-0.20050
-0.18708
-0.17062
-0.15139
-0.12968
-0.10580
-0.08006
-0.05280
-0.02437
0.00488
0.03460
0.06441
0.09394
0.12283
0.15071
0.17724
0.20208
0.22493
0.24551
0.26359
0.27898
0.29153
0.30116
0.30781
0.31150
0.31231
0.31033
0.30574
0.29870
0.28945
0.27823
0.26529
0.25090
0.23534
0.21886
0.20172
0.18416
0.16639
0.14864
0.13106
0.11384
0.09711
0.08098
0.06557
0.05093
0.03715
0.02425
0.01225
0.00115
-0.00906
-0.01843
-0.02701
-0.03488
-0.04214
-0.04890
-0.05529
-0.06144
-0.06751
-0.07364
-0.07999
-0.08671
-0.09394
-0.10179
-0.11036
-0.11973
-0.12994
-0.14097
-0.15281
-0.16536
-0.17850
-0.19207
-0.20587
-0.21966
-0.23319
-0.24617
-0.25834
-0.26941
-0.27911
-0.28719
-0.29345
-0.29771
-0.29984
-0.29977
-0.29747
-0.29298
-0.28638
-0.27782
-0.26745
-0.25551
-0.24225
-0.22793
-0.21283
-0.19726
-0.18147
-0.16574
-0.15030
-0.13538
-0.12114
-0.10773
-0.09525
-0.08378
-0.07334
-0.06395
-0.05557
-0.04818
-0.04172
-0.03612
-0.03133
-0.02730
-0.02396
-0.02128
-0.01924
-0.01781
-0.01698
-0.01676
-0.01715
-0.01817
-0.01981
-0.02208
-0.02496
-0.02843
-0.03244
-0.03691
-0.04173
-0.04680
-0.05193
-0.05694
-0.06160
-0.06567
-0.06886
-0.07089
-0.07144
-0.07021
-0.06688
-0.06116
-0.05277
-0.04147
-0.02707
-0.00943
0.01154
0.03582
0.06334
0.09393
0.12732
0.16317
0.20102
0.24038
0.28062
0.32108
0.36107
0.39982
0.43659
0.47064
0.50124
0.52773
0.54954
0.56613
0.57718
0.58236
0.58160
0.57492
0.56247
0.54461
0.52175
0.49453
0.46363
0.42985
0.39409
0.35725
0.32029
0.28418
0.24982
0.21808
0.18977
0.16555
0.14602
0.13160
0.12257
0.11910
0.12111
0.12846
0.14077
0.15756
0.17822
0.20197
0.22798
0.25533
0.28304
0.31011
0.33555
0.35837
0.37769
0.39266
0.40256
0.40682
0.40494
0.39667
0.38183
0.36043
0.33270
0.29890
0.25954
0.21518
0.16650
0.11426
0.05925
0.00230
-0.05576
-0.11413
-0.17207
-0.22888
-0.28399
-0.33687
-0.38715
-0.43454
-0.47886
-0.52004
-0.55810
-0.59315
-0.62538
-0.65500
-0.68229
-0.70754
-0.73104
-0.75308
-0.77391
-0.79375
-0.81281
-0.83121
-0.84905
-0.86637
-0.88318
-0.89944
-0.91508
-0.93000
-0.94409
-0.95723
-0.96928
-0.98013
-0.98965
-0.99775
-1.00434
-1.00936
-1.01275
-1.01446
-1.01448
-1.01277
-1.00933
-1.00413
-0.99714
-0.98834
-0.97766
-0.96507
-0.95047
-0.93380
-0.91494
-0.89380
-0.87024
-0.84415
-0.81540
-0.78386
-0.74942
-0.71196
-0.67139
-0.62764
-0.58067
-0.53045
-0.47701
-0.42041
-0.36074
-0.29814
-0.23280
-0.16495
-0.09484
-0.02277
0.05092
0.12589
0.20175
0.27814
0.35468
0.43100
0.50675
0.58164
0.65537
0.72772
0.79853
0.86766
0.93506
1.00074
1.06475
1.12721
1.18828
1.24818
1.30714
1.36541
1.42326
1.48098
1.53879
1.59696
1.65564
1.71499
1.77509
1.83595
1.89753
1.95965
2.02212
2.08461
2.14671
2.20797
2.26780
2.32559
2.38066
2.43225
2.47960
2.52190
2.55837
2.58820
2.61062
2.62490
2.63038
2.62645
2.61260
2.58843
2.55360
2.50796
2.45140
2.38402
2.30599
2.21760
2.11930
2.01160
1.89514
1.77063
1.63886
1.50067
1.35692
1.20851
1.05633
0.90124
0.74408
0.58564
0.42661
0.26765
0.10931
-0.04798
-0.20382
-0.35798
-0.51028
-0.66064
-0.80907
-0.95564
-1.10051
-1.24388
-1.38598
-1.52709
-1.66750
-1.80751
-1.94742
-2.08749
-2.22799
-2.36914
-2.51112
-2.65409
-2.79813
-2.94329
-3.08956
-3.23686
-3.38509
-3.53401
-3.68341
-3.83294
-3.98221
-4.13076
-4.27803
-4.42341
-4.56618
-4.70555
-4.84065
-4.97051
-5.09408
-5.21023
-5.31776
-5.41541
-5.50183
-5.57569
-5.63559
-5.68013
-5.70797
-5.71779
-5.70833
-5.67849
-5.62725
-5.55378
-5.45748
-5.33789
-5.19495
-5.02870
-4.83958
-4.62834
-4.39590
-4.14367
-3.87317
-3.58627
-3.28508
-2.97182
-2.64893
-2.31891
-1.98426
-1.64750
-1.31101
-0.97695
-0.64739
-0.32390
-0.00784
0.29984
0.59881
0.88888
1.17071
1.44519
1.71371
1.97823
2.24087
2.50425
2.77115
3.04447
3.32724
3.62238
3.93259
4.26045
4.60794
4.97666
5.36771
5.78119
6.21692
6.67349
7.14889
7.64040
8.14410
8.65581
9.17028
9.68181
10.18430
10.67104
11.13532
11.57058
11.97032
12.32801
12.63715
