3.186533451080322266e-01
2.576229572296142578e-01
4.352480769157409668e-01
5.666184425354003906e-01
6.147431731224060059e-01
7.109481692314147949e-01
6.607401371002197266e-01
4.553194940090179443e-01
2.305115014314651489e-01
1.945116817951202393e-01
4.101159572601318359e-01
7.502216696739196777e-01
6.682985424995422363e-01
4.932379424571990967e-01
5.199872851371765137e-01
4.427059888839721680e-01
2.489091157913208008e-01
4.625513851642608643e-01
5.363448262214660645e-01
3.762944638729095459e-01
2.976144552230834961e-01
3.566081523895263672e-01
2.051986306905746460e-01
4.824239909648895264e-01
4.421213567256927490e-01
4.741051197052001953e-01
5.563195347785949707e-01
4.766190350055694580e-01
2.742609083652496338e-01
3.412662148475646973e-01
4.976951777935028076e-01
4.466368257999420166e-01
2.341706454753875732e-01
1.790975630283355713e-01
2.292586714029312134e-01
2.498983591794967651e-01
3.836525678634643555e-01
2.355384230613708496e-01
1.823385953903198242e-01
2.482477426528930664e-01
3.140368461608886719e-01
2.233769595623016357e-01
1.727512627840042114e-01
2.075503319501876831e-01
1.488800793886184692e-01
1.706574410200119019e-01
1.831329166889190674e-01
1.575756520032882690e-01
1.701522469520568848e-01
1.699392199516296387e-01
1.494652926921844482e-01
1.826457828283309937e-01
1.479637175798416138e-01
1.562220901250839233e-01
1.745440959930419922e-01
1.477043628692626953e-01
1.439036130905151367e-01
1.470815241336822510e-01
1.894637793302536011e-01
1.810582578182220459e-01
1.866070181131362915e-01
1.808832138776779175e-01
1.528980582952499390e-01
1.818701028823852539e-01
1.835763156414031982e-01
1.517417579889297485e-01
1.401575356721878052e-01
1.433712393045425415e-01
1.964213848114013672e-01
1.730425953865051270e-01
1.433351784944534302e-01
1.551304012537002563e-01
1.537328213453292847e-01
1.497221589088439941e-01
1.438964605331420898e-01
1.431441903114318848e-01
1.760204434394836426e-01
1.492916643619537354e-01
1.912540942430496216e-01
2.336141020059585571e-01
1.589130163192749023e-01
1.580442190170288086e-01
1.866813898086547852e-01
1.900474280118942261e-01
1.658269017934799194e-01
1.610341668128967285e-01
2.138260155916213989e-01
1.726963669061660767e-01
1.827068924903869629e-01
2.032428234815597534e-01
2.164425104856491089e-01
1.974288076162338257e-01
2.219584584236145020e-01
2.029593139886856079e-01
1.669686436653137207e-01
1.559378504753112793e-01
1.564161777496337891e-01
1.605539768934249878e-01
2.223571836948394775e-01
1.972559988498687744e-01
2.087942957878112793e-01
1.962722539901733398e-01
1.388743519783020020e-01
1.562107652425765991e-01
1.999216824769973755e-01
2.148752361536026001e-01
1.993260681629180908e-01
1.964377462863922119e-01
1.752527058124542236e-01
1.602050364017486572e-01
1.425665318965911865e-01
1.400619000196456909e-01
1.395840197801589966e-01
1.512501090764999390e-01
1.428917944431304932e-01
1.400040835142135620e-01
1.451305598020553589e-01
1.586484313011169434e-01
2.057091444730758667e-01
3.579425215721130371e-01
3.104040324687957764e-01
3.085478246212005615e-01
2.028128504753112793e-01
1.907008439302444458e-01
1.883624941110610962e-01
1.577156484127044678e-01
2.447082996368408203e-01
2.473158836364746094e-01
2.877456843852996826e-01
2.420805245637893677e-01
1.696251034736633301e-01
2.250196784734725952e-01
3.078872859477996826e-01
2.463571578264236450e-01
2.380498498678207397e-01
1.992150247097015381e-01
1.479771435260772705e-01
1.534173488616943359e-01
2.335545867681503296e-01
3.621145188808441162e-01
2.119200974702835083e-01
2.378481924533843994e-01
2.013424932956695557e-01
1.585905402898788452e-01
2.375434041023254395e-01
1.681336760520935059e-01
2.169706672430038452e-01
2.177266925573348999e-01
1.494011729955673218e-01
1.462823301553726196e-01
1.426870226860046387e-01
1.485218852758407593e-01
1.616491973400115967e-01
1.433608978986740112e-01
1.862117648124694824e-01
1.665865033864974976e-01
1.452953666448593140e-01
1.678258478641510010e-01
2.024592906236648560e-01
1.519418954849243164e-01
1.846070587635040283e-01
1.738602370023727417e-01
1.405043452978134155e-01
1.506288647651672363e-01
1.724996864795684814e-01
2.168901413679122925e-01
1.793643981218338013e-01
1.654410809278488159e-01
1.604196131229400635e-01
1.528815925121307373e-01
1.392416805028915405e-01
1.423096656799316406e-01
1.544772833585739136e-01
1.526062339544296265e-01
1.578377932310104370e-01
1.519585996866226196e-01
1.632643342018127441e-01
2.041486501693725586e-01
2.236434221267700195e-01
1.689164042472839355e-01
1.535018384456634521e-01
1.701760441064834595e-01
1.644990444183349609e-01
1.781320422887802124e-01
1.529296338558197021e-01
1.367237269878387451e-01
1.620290875434875488e-01
1.803277432918548584e-01
1.567015051841735840e-01
1.752115637063980103e-01
1.456771194934844971e-01
1.497809290885925293e-01
1.490561664104461670e-01
1.445292085409164429e-01
1.462170779705047607e-01
1.496797949075698853e-01
1.464130729436874390e-01
2.198611199855804443e-01
3.558046221733093262e-01
2.249423712491989136e-01
2.307306379079818726e-01
3.601293265819549561e-01
2.354475706815719604e-01
1.490891128778457642e-01
1.781926006078720093e-01
1.820965260267257690e-01
2.689550817012786865e-01
1.928594559431076050e-01
2.189514338970184326e-01
2.221513390541076660e-01
1.771102100610733032e-01
1.578405499458312988e-01
1.565008461475372314e-01
1.659568250179290771e-01
1.808922588825225830e-01
2.013332992792129517e-01
1.891777068376541138e-01
1.622032225131988525e-01
1.910224109888076782e-01
2.322688549757003784e-01
1.635118275880813599e-01
1.661161184310913086e-01
1.657819896936416626e-01
1.425744742155075073e-01
1.957949101924896240e-01
1.642374992370605469e-01
1.466162949800491333e-01
1.691333204507827759e-01
1.643564999103546143e-01
1.539948284626007080e-01
1.442538052797317505e-01
1.672887504100799561e-01
1.479979753494262695e-01
1.655480712652206421e-01
1.971584409475326538e-01
1.861432939767837524e-01
2.260141521692276001e-01
2.316473126411437988e-01
2.132669091224670410e-01
2.426629066467285156e-01
2.367319017648696899e-01
3.479758203029632568e-01
6.168995499610900879e-01
1.138215780258178711e+00
1.273317337036132812e+00
1.099972009658813477e+00
8.327193856239318848e-01
5.935105681419372559e-01
5.706076025962829590e-01
6.270126700401306152e-01
4.463641643524169922e-01
3.267307281494140625e-01
3.017644882202148438e-01
4.000243246555328369e-01
4.497408270835876465e-01
4.522527158260345459e-01
4.283632040023803711e-01
3.896833360195159912e-01
2.474213540554046631e-01
2.721954882144927979e-01
3.957308828830718994e-01
3.242577612400054932e-01
1.832279562950134277e-01
2.619201242923736572e-01
2.792398929595947266e-01
2.790017426013946533e-01
2.665838301181793213e-01
3.511712551116943359e-01
3.675769865512847900e-01
3.406937122344970703e-01
3.098515272140502930e-01
3.226667940616607666e-01
3.014275431632995605e-01
2.785265445709228516e-01
2.137489169836044312e-01
1.438984423875808716e-01
2.463936656713485718e-01
3.529710173606872559e-01
3.469547331333160400e-01
3.229053914546966553e-01
3.406060039997100830e-01
5.485657453536987305e-01
5.627111196517944336e-01
3.196253180503845215e-01
2.598208487033843994e-01
2.505826354026794434e-01
2.125248461961746216e-01
3.165034353733062744e-01
2.481534928083419800e-01
2.525849640369415283e-01
2.888550162315368652e-01
3.237442672252655029e-01
2.392955571413040161e-01
2.530926167964935303e-01
2.699535489082336426e-01
1.479526013135910034e-01
2.326420396566390991e-01
2.678594887256622314e-01
2.822395861148834229e-01
2.629399895668029785e-01
2.231364548206329346e-01
2.794591188430786133e-01
2.078445255756378174e-01
1.893838942050933838e-01
1.706677675247192383e-01
1.378639489412307739e-01
1.695317327976226807e-01
1.896582394838333130e-01
1.616627126932144165e-01
2.036521583795547485e-01
1.478415280580520630e-01
1.717557460069656372e-01
1.825607270002365112e-01
1.726601868867874146e-01
1.532721370458602905e-01
1.525474190711975098e-01
1.655782908201217651e-01
1.520002931356430054e-01
1.526101529598236084e-01
1.613852232694625854e-01
2.146870195865631104e-01
2.127713859081268311e-01
1.608391106128692627e-01
2.147231101989746094e-01
2.288729250431060791e-01
1.987834572792053223e-01
1.524210721254348755e-01
1.588385701179504395e-01
1.516373455524444580e-01
1.724123656749725342e-01
1.457370370626449585e-01
1.612263023853302002e-01
1.672993004322052002e-01
1.573029905557632446e-01
1.452248543500900269e-01
1.429369151592254639e-01
2.419351786375045776e-01
2.342614680528640747e-01
2.313490509986877441e-01
1.978351473808288574e-01
2.506731748580932617e-01
1.786935925483703613e-01
2.613420188426971436e-01
2.948668003082275391e-01
2.854459285736083984e-01
2.249651849269866943e-01
1.722888201475143433e-01
2.288095206022262573e-01
3.397860229015350342e-01
2.561154067516326904e-01
1.750628054141998291e-01
2.514238953590393066e-01
3.311411440372467041e-01
3.164713978767395020e-01
1.967286467552185059e-01
1.888131648302078247e-01
2.111589759588241577e-01
2.397021204233169556e-01
2.289407849311828613e-01
2.747783660888671875e-01
3.385324478149414062e-01
2.421262264251708984e-01
2.457700222730636597e-01
2.820886969566345215e-01
2.764838933944702148e-01
2.331593781709671021e-01
2.333770543336868286e-01
2.544074952602386475e-01
1.514607369899749756e-01
1.886120885610580444e-01
1.710385084152221680e-01
1.435139328241348267e-01
1.390867233276367188e-01
1.546512097120285034e-01
1.563144475221633911e-01
1.457309126853942871e-01
1.672453731298446655e-01
1.995269060134887695e-01
2.149420231580734253e-01
2.372459918260574341e-01
2.131459861993789673e-01
2.349916845560073853e-01
2.535990178585052490e-01
1.552487015724182129e-01
2.003647983074188232e-01
1.925082057714462280e-01
1.601354628801345825e-01
2.493876218795776367e-01
2.379344850778579712e-01
2.927877604961395264e-01
3.597440123558044434e-01
5.297311544418334961e-01
7.162416577339172363e-01
4.485115706920623779e-01
4.915815293788909912e-01
4.511168003082275391e-01
7.425013780593872070e-01
8.270600438117980957e-01
6.362082958221435547e-01
4.399579763412475586e-01
6.547815203666687012e-01
7.969024181365966797e-01
4.157004952430725098e-01
4.451128244400024414e-01
6.191731691360473633e-01
7.916561961174011230e-01
7.957665324211120605e-01
4.534535109996795654e-01
4.105116426944732666e-01
3.369011580944061279e-01
3.793570101261138916e-01
2.562909126281738281e-01
2.178136110305786133e-01
3.148589730262756348e-01
3.082265257835388184e-01
2.984821498394012451e-01
2.749383151531219482e-01
3.273756802082061768e-01
3.022210299968719482e-01
2.885148823261260986e-01
2.433235794305801392e-01
2.340311557054519653e-01
2.177579253911972046e-01
3.505481779575347900e-01
3.070104122161865234e-01
3.806233108043670654e-01
2.503808140754699707e-01
2.457879036664962769e-01
2.545234560966491699e-01
2.120326757431030273e-01
2.210324406623840332e-01
2.433107942342758179e-01
2.279131859540939331e-01
2.150965183973312378e-01
2.399767339229583740e-01
4.037569761276245117e-01
3.624469637870788574e-01
2.849857807159423828e-01
7.664484977722167969e-01
1.281359314918518066e+00
1.112096071243286133e+00
6.192367076873779297e-01
1.404729008674621582e+00
1.417398452758789062e+00
6.774120330810546875e-01
3.990567922592163086e-01
3.060939908027648926e-01
2.406189292669296265e-01
3.627556562423706055e-01
3.636837303638458252e-01
3.533067107200622559e-01
4.274457991123199463e-01
3.932270705699920654e-01
3.907489776611328125e-01
2.484250962734222412e-01
1.798167079687118530e-01
1.789657175540924072e-01
2.873824536800384521e-01
3.082192242145538330e-01
3.335778713226318359e-01
3.938151597976684570e-01
4.787767827510833740e-01
4.209951758384704590e-01
5.746756792068481445e-01
7.439740896224975586e-01
9.135615229606628418e-01
8.032264709472656250e-01
2.478774636983871460e-01
2.509485185146331787e-01
1.960124820470809937e-01
2.544310986995697021e-01
5.340741872787475586e-01
6.616838574409484863e-01
8.774468302726745605e-01
8.127285242080688477e-01
7.957907319068908691e-01
4.818761050701141357e-01
1.143479704856872559e+00
7.541697025299072266e-01
4.522887766361236572e-01
3.871996402740478516e-01
6.488630175590515137e-01
1.390907645225524902e+00
1.454394221305847168e+00
8.447497487068176270e-01
6.400521993637084961e-01
5.311176776885986328e-01
4.682764708995819092e-01
5.531448125839233398e-01
6.668677926063537598e-01
7.942128181457519531e-01
7.976623773574829102e-01
6.335335373878479004e-01
8.853189349174499512e-01
1.172973752021789551e+00
9.402528405189514160e-01
8.798680305480957031e-01
6.649489402770996094e-01
5.981800556182861328e-01
7.528306841850280762e-01
5.432956814765930176e-01
4.911861717700958252e-01
6.225276589393615723e-01
5.112307667732238770e-01
5.326663255691528320e-01
7.526010870933532715e-01
1.098589897155761719e+00
1.036471009254455566e+00
5.289119482040405273e-01
8.937986493110656738e-01
1.018587827682495117e+00
8.656893372535705566e-01
6.136457324028015137e-01
6.205988526344299316e-01
3.706349730491638184e-01
4.018273055553436279e-01
3.214370906352996826e-01
6.644553542137145996e-01
1.134516477584838867e+00
8.460399508476257324e-01
5.703298449516296387e-01
4.741387367248535156e-01
3.339666426181793213e-01
4.434024691581726074e-01
3.618304431438446045e-01
5.315390825271606445e-01
4.551479518413543701e-01
5.070351362228393555e-01
3.722307980060577393e-01
3.887163698673248291e-01
4.518977701663970947e-01
4.708213806152343750e-01
3.966137170791625977e-01
3.963115215301513672e-01
2.931100130081176758e-01
2.453122884035110474e-01
2.644088268280029297e-01
2.141546010971069336e-01
1.844665110111236572e-01
1.789078563451766968e-01
2.789966464042663574e-01
2.582840323448181152e-01
2.613512873649597168e-01
2.080325037240982056e-01
2.376473248004913330e-01
1.817646771669387817e-01
1.900859475135803223e-01
2.129490226507186890e-01
2.418836206197738647e-01
2.166045010089874268e-01
3.450564742088317871e-01
4.455450773239135742e-01
6.444212198257446289e-01
5.693820714950561523e-01
5.316118001937866211e-01
5.085541009902954102e-01
5.178213119506835938e-01
3.630329072475433350e-01
3.158564269542694092e-01
4.592872858047485352e-01
1.624999642372131348e-01
2.017344981431961060e-01
2.460530400276184082e-01
2.222931832075119019e-01
4.704055190086364746e-01
4.879508316516876221e-01
3.981683552265167236e-01
4.064812064170837402e-01
3.865646123886108398e-01
3.251838982105255127e-01
2.228023707866668701e-01
1.749306768178939819e-01
2.071097493171691895e-01
1.954597830772399902e-01
2.736353576183319092e-01
2.807700037956237793e-01
2.942827343940734863e-01
2.848924398422241211e-01
3.298746049404144287e-01
3.425576686859130859e-01
2.936411798000335693e-01
2.885327041149139404e-01
2.456190586090087891e-01
2.264234721660614014e-01
1.864983737468719482e-01
2.225732803344726562e-01
1.897702515125274658e-01
2.461035102605819702e-01
2.940358221530914307e-01
3.002612292766571045e-01
2.378382980823516846e-01
2.319025546312332153e-01
2.147755026817321777e-01
1.975762993097305298e-01
2.635606229305267334e-01
2.006674557924270630e-01
2.149901092052459717e-01
2.020749300718307495e-01
1.630451828241348267e-01
1.652738749980926514e-01
1.850253790616989136e-01
1.526162177324295044e-01
1.710555702447891235e-01
1.726017594337463379e-01
1.899823397397994995e-01
2.036044746637344360e-01
3.513212502002716064e-01
7.638393044471740723e-01
1.441001772880554199e+00
1.913217425346374512e+00
1.828512907028198242e+00
1.108859181404113770e+00
2.736592292785644531e-01
8.365956544876098633e-01
1.012372136116027832e+00
1.632407069206237793e+00
2.377971649169921875e+00
2.488388776779174805e+00
2.152637481689453125e+00
1.024294495582580566e+00
7.719327211380004883e-01
1.231674432754516602e+00
1.169363737106323242e+00
6.053196787834167480e-01
6.859731078147888184e-01
8.288862705230712891e-01
1.148826479911804199e+00
4.678035080432891846e-01
1.088096022605895996e+00
1.150237202644348145e+00
1.026508331298828125e+00
7.710598111152648926e-01
3.914591372013092041e-01
5.386357903480529785e-01
5.824458003044128418e-01
7.594797015190124512e-01
5.431057810783386230e-01
4.695503413677215576e-01
3.814197182655334473e-01
2.772091925144195557e-01
2.365876734256744385e-01
3.608782887458801270e-01
3.321574926376342773e-01
3.426356911659240723e-01
2.244508117437362671e-01
2.022608369588851929e-01
2.386136651039123535e-01
3.239728212356567383e-01
2.971730232238769531e-01
2.317513376474380493e-01
2.677248418331146240e-01
2.043682783842086792e-01
1.811251789331436157e-01
1.749355494976043701e-01
1.672803759574890137e-01
2.725831568241119385e-01
2.261614799499511719e-01
1.848922222852706909e-01
2.190447151660919189e-01
1.606880575418472290e-01
1.776157617568969727e-01
1.815439164638519287e-01
1.828905344009399414e-01
2.297620177268981934e-01
2.041345238685607910e-01
1.903132051229476929e-01
1.695095896720886230e-01
1.473278552293777466e-01
1.534701883792877197e-01
1.556851863861083984e-01
1.581584811210632324e-01
1.931469142436981201e-01
1.827896982431411743e-01
2.856827378273010254e-01
2.303301542997360229e-01
2.177721560001373291e-01
3.026985824108123779e-01
3.023681938648223877e-01
3.397352397441864014e-01
1.735108196735382080e-01
1.876180619001388550e-01
2.465621978044509888e-01
2.127057015895843506e-01
2.561356127262115479e-01
3.059698641300201416e-01
2.021933197975158691e-01
1.780047863721847534e-01
2.068599760532379150e-01
2.014875859022140503e-01
1.543676406145095825e-01
1.813993304967880249e-01
2.582270205020904541e-01
3.168868422508239746e-01
2.641676366329193115e-01
2.503510713577270508e-01
2.064064443111419678e-01
1.564966589212417603e-01
1.696412414312362671e-01
1.709147542715072632e-01
2.924339771270751953e-01
1.841526627540588379e-01
2.051267176866531372e-01
1.766367703676223755e-01
1.634166538715362549e-01
2.009610533714294434e-01
2.096194177865982056e-01
2.288453727960586548e-01
2.236217260360717773e-01
2.244796752929687500e-01
2.734382450580596924e-01
2.405096143484115601e-01
1.770499646663665771e-01
1.591109484434127808e-01
1.875952482223510742e-01
2.307981401681900024e-01
1.868610382080078125e-01
2.041430920362472534e-01
1.671815663576126099e-01
1.469370722770690918e-01
1.734302043914794922e-01
1.917428523302078247e-01
1.788430511951446533e-01
1.743796616792678833e-01
1.492469161748886108e-01
1.799143254756927490e-01
2.111248522996902466e-01
1.869251132011413574e-01
2.692924141883850098e-01
3.272885084152221680e-01
4.683671593666076660e-01
3.343995511531829834e-01
2.706833481788635254e-01
2.331611365079879761e-01
1.732771992683410645e-01
1.555884927511215210e-01
1.895039081573486328e-01
2.034905105829238892e-01
2.277972698211669922e-01
1.889398694038391113e-01
1.943786293268203735e-01
2.161334306001663208e-01
2.168221473693847656e-01
2.050185054540634155e-01
2.381788343191146851e-01
1.792132109403610229e-01
2.127770334482192993e-01
2.144467234611511230e-01
1.674965769052505493e-01
1.746142655611038208e-01
1.884803771972656250e-01
1.832873821258544922e-01
1.993585973978042603e-01
2.065826803445816040e-01
2.935543358325958252e-01
3.758476674556732178e-01
4.244207143783569336e-01
5.281285047531127930e-01
5.730089545249938965e-01
3.247002661228179932e-01
2.140872329473495483e-01
2.314593791961669922e-01
2.509765625000000000e-01
3.364921510219573975e-01
2.299081534147262573e-01
2.822463214397430420e-01
2.920668423175811768e-01
2.445251345634460449e-01
1.900193244218826294e-01
3.351689279079437256e-01
2.463234513998031616e-01
2.116484194993972778e-01
2.384568750858306885e-01
1.859907358884811401e-01
1.565622091293334961e-01
2.971184253692626953e-01
3.710530102252960205e-01
3.945039510726928711e-01
4.313049018383026123e-01
2.973884046077728271e-01
2.559358477592468262e-01
3.356753885746002197e-01
4.983900189399719238e-01
8.220446109771728516e-01
3.827049136161804199e-01
2.950559258460998535e-01
2.532861232757568359e-01
2.372360229492187500e-01
3.756502866744995117e-01
3.809787333011627197e-01
2.819794714450836182e-01
2.925306260585784912e-01
3.598010838031768799e-01
3.798171579837799072e-01
3.956950604915618896e-01
3.265215158462524414e-01
3.098584115505218506e-01
2.228395193815231323e-01
2.726087272167205811e-01
4.842755794525146484e-01
5.738449096679687500e-01
4.461088776588439941e-01
3.858646154403686523e-01
3.841369748115539551e-01
4.835939109325408936e-01
7.899672985076904297e-01
1.508855700492858887e+00
1.555397152900695801e+00
5.516925454139709473e-01
1.937857627868652344e+00
1.839298486709594727e+00
1.339294314384460449e+00
8.411576747894287109e-01
8.215045332908630371e-01
1.360927343368530273e+00
1.745643258094787598e+00
1.699368715286254883e+00
1.598393678665161133e+00
1.079146265983581543e+00
8.147192597389221191e-01
8.078926801681518555e-01
2.357891321182250977e+00
2.264943122863769531e+00
1.318745017051696777e+00
9.508198499679565430e-01
1.661976099014282227e+00
2.331941366195678711e+00
2.571662425994873047e+00
2.357400417327880859e+00
1.501608729362487793e+00
5.743882656097412109e-01
9.221304059028625488e-01
1.016336679458618164e+00
1.075278162956237793e+00
9.670518040657043457e-01
9.161543250083923340e-01
7.165060639381408691e-01
7.285025119781494141e-01
6.942936182022094727e-01
6.453065276145935059e-01
7.756659984588623047e-01
6.415216326713562012e-01
6.438127756118774414e-01
7.907388806343078613e-01
4.987181723117828369e-01
5.883265733718872070e-01
5.398859977722167969e-01
6.082897186279296875e-01
6.105037331581115723e-01
7.110058069229125977e-01
8.045952320098876953e-01
6.111868619918823242e-01
7.950095534324645996e-01
9.720734953880310059e-01
7.943645119667053223e-01
3.011618256568908691e-01
4.600205421447753906e-01
4.371328353881835938e-01
2.587928473949432373e-01
2.721259891986846924e-01
3.082805275917053223e-01
3.744599819183349609e-01
4.862583577632904053e-01
2.877147495746612549e-01
4.607986211776733398e-01
6.032139658927917480e-01
4.486271142959594727e-01
3.839926719665527344e-01
4.618234336376190186e-01
3.849593400955200195e-01
3.687894642353057861e-01
6.157860755920410156e-01
6.469516754150390625e-01
6.231645345687866211e-01
6.783668398857116699e-01
9.043743014335632324e-01
1.530679941177368164e+00
1.029948353767395020e+00
1.103137969970703125e+00
1.848849654197692871e+00
1.436384797096252441e+00
8.236396908760070801e-01
1.584874153137207031e+00
1.476803660392761230e+00
1.169985771179199219e+00
8.056763410568237305e-01
5.813679099082946777e-01
8.037224411964416504e-01
6.641882061958312988e-01
7.647476196289062500e-01
1.159190535545349121e+00
4.408600628376007080e-01
4.023140370845794678e-01
9.566627740859985352e-01
8.549908399581909180e-01
5.288380980491638184e-01
8.116742968559265137e-01
3.305726051330566406e-01
5.349005460739135742e-01
7.291064858436584473e-01
6.722913980484008789e-01
5.662222504615783691e-01
1.034713745117187500e+00
6.353999376296997070e-01
7.550958395004272461e-01
1.018708229064941406e+00
5.753612518310546875e-01
4.869736135005950928e-01
8.871293663978576660e-01
1.338769555091857910e+00
1.160475254058837891e+00
1.276962876319885254e+00
2.437502622604370117e+00
1.819853425025939941e+00
9.226220250129699707e-01
1.608551502227783203e+00
1.424475073814392090e+00
5.986517667770385742e-01
5.155569314956665039e-01
6.344227790832519531e-01
5.251807570457458496e-01
8.749353885650634766e-01
9.598239064216613770e-01
8.758195638656616211e-01
1.013707876205444336e+00
1.284633159637451172e+00
1.250898361206054688e+00
1.821362257003784180e+00
9.263724088668823242e-01
1.709548711776733398e+00
2.043436765670776367e+00
1.435398101806640625e+00
8.039101362228393555e-01
1.217604756355285645e+00
9.769656062126159668e-01
4.489381015300750732e-01
8.593788146972656250e-01
1.055174112319946289e+00
9.564521312713623047e-01
5.351171493530273438e-01
4.581176936626434326e-01
7.798594236373901367e-01
8.435094356536865234e-01
7.387254238128662109e-01
4.004770517349243164e-01
6.227382421493530273e-01
8.625575304031372070e-01
4.596447050571441650e-01
5.554090142250061035e-01
5.418016910552978516e-01
6.870412826538085938e-01
3.619573712348937988e-01
5.728323459625244141e-01
5.161423087120056152e-01
3.620146512985229492e-01
4.103040695190429688e-01
4.044849872589111328e-01
3.658085763454437256e-01
3.902211785316467285e-01
3.003609180450439453e-01
3.802269697189331055e-01
3.853697478771209717e-01
2.047690153121948242e-01
2.829159498214721680e-01
4.585965871810913086e-01
5.118926763534545898e-01
3.926505148410797119e-01
3.979973793029785156e-01
4.474314451217651367e-01
5.895735621452331543e-01
4.741638302803039551e-01
5.171868801116943359e-01
4.415447711944580078e-01
4.507187008857727051e-01
2.011715471744537354e-01
3.036676049232482910e-01
2.489576041698455811e-01
4.954030215740203857e-01
6.226249337196350098e-01
8.102748394012451172e-01
8.945999741554260254e-01
7.633999586105346680e-01
6.816782951354980469e-01
3.346582651138305664e-01
5.800867676734924316e-01
7.637957334518432617e-01
1.041502714157104492e+00
1.087289810180664062e+00
9.348793029785156250e-01
8.820518851280212402e-01
4.927818775177001953e-01
4.843405783176422119e-01
8.236591815948486328e-01
9.331532716751098633e-01
1.026864886283874512e+00
1.126492857933044434e+00
1.381875991821289062e+00
1.668456792831420898e+00
1.604695081710815430e+00
5.990704298019409180e-01
9.475790858268737793e-01
1.024237394332885742e+00
1.553721427917480469e+00
1.390250563621520996e+00
1.210005521774291992e+00
1.042004227638244629e+00
7.865140438079833984e-01
4.383460581302642822e-01
5.461854934692382812e-01
7.280559539794921875e-01
1.037618279457092285e+00
7.858492136001586914e-01
3.353087902069091797e-01
3.914099931716918945e-01
6.227800250053405762e-01
5.776093602180480957e-01
4.335862398147583008e-01
6.123378872871398926e-01
4.830342233180999756e-01
5.147298574447631836e-01
9.210879206657409668e-01
1.053743243217468262e+00
1.074861764907836914e+00
4.803139865398406982e-01
3.723330795764923096e-01
