0.03310
0.05792
0.08495
0.11081
0.13380
0.15375
0.17115
0.18589
0.19734
0.20490
0.20847
0.20836
0.20485
0.19798
0.18784
0.17481
0.15935
0.14208
0.12343
0.10378
0.08376
0.06386
0.04467
0.02667
0.01022
-0.00429
-0.01648
-0.02612
-0.03313
-0.03725
-0.03867
-0.03741
-0.03356
-0.02767
-0.01970
-0.01039
-0.00008
0.01085
0.02148
0.03174
0.04070
0.04797
0.05319
0.05557
0.05517
0.05140
0.04416
0.03347
0.01915
0.00151
-0.01925
-0.04282
-0.06869
-0.09625
-0.12506
-0.15416
-0.18302
-0.21083
-0.23661
-0.26001
-0.27988
-0.29586
-0.30732
-0.31352
-0.31456
-0.30973
-0.29923
-0.28302
-0.26110
-0.23412
-0.20223
-0.16621
-0.12669
-0.08442
-0.04038
0.00456
0.04948
0.09333
0.13521
0.17430
0.20959
0.24061
0.26652
0.28691
0.30159
0.31005
0.31269
0.30922
0.30012
0.28590
0.26676
0.24382
0.21736
0.18841
0.15787
0.12632
0.09495
0.06427
0.03518
0.00838
-0.01564
-0.03635
-0.05336
-0.06650
-0.07562
-0.08066
-0.08199
-0.07953
-0.07389
-0.06547
-0.05457
-0.04218
-0.02844
-0.01430
-0.00035
0.01305
0.02494
0.03521
0.04321
0.04858
0.05126
0.05087
0.04755
0.04132
0.03228
0.02079
0.00715
-0.00825
-0.02483
-0.04217
-0.05970
-0.07676
-0.09298
-0.10765
-0.12042
-0.13084
-0.13847
-0.14318
-0.14463
-0.14284
-0.13775
-0.12945
-0.11816
-0.10413
-0.08774
-0.06936
-0.04955
-0.02875
-0.00756
0.01348
0.03383
0.05291
0.07031
0.08550
0.09823
0.10809
0.11494
0.11864
0.11913
0.11662
0.11106
0.10287
0.09224
0.07958
0.06543
0.05004
0.03412
0.01800
0.00222
-0.01268
-0.02641
-0.03846
-0.04859
-0.05654
-0.06209
-0.06516
-0.06575
-0.06385
-0.05967
-0.05339
-0.04519
-0.03557
-0.02470
-0.01311
-0.00123
0.01065
0.02187
0.03223
0.04122
0.04849
0.05384
0.05692
0.05763
0.05587
0.05159
0.04489
0.03594
0.02485
0.01205
-0.00219
-0.01749
-0.03321
-0.04915
-0.06454
-0.07901
-0.09210
-0.10312
-0.11193
-0.11792
-0.12090
-0.12063
-0.11687
-0.10973
-0.09912
-0.08527
-0.06839
-0.04886
-0.02704
-0.00350
0.02123
0.04659
0.07177
0.09637
0.11950
0.14067
0.15931
0.17468
0.18669
0.19460
0.19838
0.19780
0.19266
0.18332
0.16961
0.15207
0.13092
0.10661
0.07983
0.05100
0.02090
-0.00988
-0.04060
-0.07062
-0.09923
-0.12586
-0.14994
-0.17088
-0.18846
-0.20210
-0.21180
-0.21727
-0.21844
-0.21562
-0.20861
-0.19799
-0.18385
-0.16662
-0.14697
-0.12506
-0.10174
-0.07736
-0.05253
-0.02792
-0.00390
0.01891
0.04009
0.05926
0.07605
0.09015
0.10148
0.10977
0.11508
0.11749
0.11694
0.11388
0.10829
0.10066
0.09137
0.08062
0.06914
0.05704
0.04498
0.03336
0.02244
0.01281
0.00458
-0.00185
-0.00631
-0.00868
-0.00884
-0.00681
-0.00266
0.00347
0.01144
0.02089
0.03167
0.04330
0.05548
0.06785
0.07982
0.09126
0.10151
0.11035
0.11743
0.12228
0.12489
0.12483
0.12213
0.11667
0.10837
0.09746
0.08395
0.06813
0.05028
0.03070
0.00980
-0.01195
-0.03419
-0.05634
-0.07792
-0.09854
-0.11754
-0.13473
-0.14952
-0.16158
-0.17072
-0.17651
-0.17907
-0.17808
-0.17362
-0.16581
-0.15469
-0.14068
-0.12388
-0.10483
-0.08385
-0.06148
-0.03824
-0.01460
0.00873
0.03140
0.05263
0.07211
0.08925
0.10356
0.11489
0.12264
0.12692
0.12736
0.12398
0.11695
0.10620
0.09226
0.07517
0.05553
0.03374
0.01030
-0.01407
-0.03897
-0.06356
-0.08742
-0.10979
-0.13016
-0.14806
-0.16285
-0.17442
-0.18218
-0.18612
-0.18603
-0.18179
-0.17372
-0.16169
-0.14622
-0.12747
-0.10588
-0.08204
-0.05629
-0.02938
-0.00176
0.02589
0.05302
0.07902
0.10337
0.12557
0.14509
0.16172
0.17494
0.18471
0.19073
0.19294
0.19153
0.18632
0.17778
0.16592
0.15119
0.13400
0.11463
0.09379
0.07174
0.04922
0.02662
0.00455
-0.01645
-0.03600
-0.05342
-0.06859
-0.08088
-0.09015
-0.09616
-0.09861
-0.09776
-0.09328
-0.08555
-0.07459
-0.06070
-0.04436
-0.02576
-0.00561
0.01582
0.03778
0.05984
0.08142
0.10183
0.12080
0.13745
0.15175
0.16301
0.17092
0.17544
0.17596
0.17294
0.16591
0.15505
0.14063
0.12253
0.10149
0.07747
0.05099
0.02251
-0.00754
-0.03860
-0.07016
-0.10165
-0.13258
-0.16217
-0.19024
-0.21589
-0.23871
-0.25838
-0.27402
-0.28589
-0.29309
-0.29555
-0.29322
-0.28564
-0.27336
-0.25600
-0.23397
-0.20764
-0.17726
-0.14363
-0.10715
-0.06866
-0.02890
0.01122
0.05094
0.08924
0.12531
0.15837
0.18745
0.21227
0.23186
0.24604
0.25453
0.25697
0.25391
0.24502
0.23101
0.21231
0.18936
0.16335
0.13456
0.10422
0.07309
0.04192
0.01185
-0.01667
-0.04275
-0.06584
-0.08552
-0.10138
-0.11321
-0.12101
-0.12472
-0.12453
-0.12089
-0.11387
-0.10425
-0.09237
-0.07876
-0.06431
-0.04921
-0.03436
-0.02021
-0.00713
0.00413
0.01353
0.02063
0.02519
0.02731
0.02678
0.02381
0.01866
0.01138
0.00252
-0.00757
-0.01858
-0.02973
-0.04086
-0.05125
-0.06039
-0.06804
-0.07348
-0.07661
-0.07705
-0.07453
-0.06908
-0.06056
-0.04910
-0.03490
-0.01818
0.00067
0.02116
0.04291
0.06522
0.08755
0.10934
0.12978
0.14853
0.16480
0.17816
0.18824
0.19448
0.19689
0.19510
0.18919
0.17921
0.16528
0.14785
0.12716
0.10381
0.07827
0.05123
0.02330
-0.00483
-0.03244
-0.05896
-0.08359
-0.10599
-0.12542
-0.14156
-0.15406
-0.16252
-0.16709
-0.16738
-0.16371
-0.15608
-0.14472
-0.13021
-0.11261
-0.09273
-0.07086
-0.04768
-0.02385
0.00020
0.02366
0.04617
0.06699
0.08580
0.10208
0.11544
0.12573
0.13251
0.13604
0.13594
0.13245
0.12571
0.11574
0.10323
0.08809
0.07096
0.05220
0.03213
0.01150
-0.00955
-0.03036
-0.05060
-0.06985
-0.08772
-0.10393
-0.11816
-0.13024
-0.13990
-0.14718
-0.15184
-0.15398
-0.15359
-0.15069
-0.14559
-0.13822
-0.12897
-0.11795
-0.10547
-0.09183
-0.07724
-0.06217
-0.04673
-0.03148
-0.01652
-0.00229
0.01082
0.02277
0.03291
0.04138
0.04767
0.05157
0.05315
0.05193
0.04821
0.04168
0.03247
0.02067
0.00640
-0.01005
-0.02853
-0.04848
-0.06981
-0.09170
-0.11391
-0.13585
-0.15658
-0.17619
-0.19327
-0.20784
-0.21913
-0.22615
-0.22932
-0.22722
-0.22023
-0.20789
-0.18963
-0.16627
-0.13707
-0.10276
-0.06360
-0.01973
0.02773
0.07849
0.13162
0.18618
0.24134
0.29609
0.34927
0.40014
0.44749
0.49030
0.52812
0.55951
0.58440
0.60190
0.61137
0.61327
0.60657
0.59203
0.56956
0.53920
0.50228
0.45854
0.40930
0.35534
0.29718
0.23655
0.17388
0.11036
0.04730
-0.01484
-0.07462
-0.13138
-0.18470
-0.23329
-0.27727
-0.31601
-0.34901
-0.37690
-0.39879
-0.41544
-0.42712
-0.43358
-0.43619
-0.43453
-0.42958
-0.42215
-0.41208
-0.40075
-0.38809
-0.37467
-0.36135
-0.34784
-0.33488
-0.32256
-0.31070
-0.29986
-0.28958
-0.27974
-0.27053
-0.26115
-0.25178
-0.24203
-0.23115
-0.21951
-0.20617
-0.19111
-0.17428
-0.15486
-0.13349
-0.10959
-0.08317
-0.05479
-0.02395
0.00847
0.04235
0.07760
0.11310
0.14891
0.18410
0.21799
0.25053
0.28040
0.30749
0.33111
0.35052
0.36593
0.37633
0.38186
0.38232
0.37743
0.36776
0.35301
0.33371
0.31024
0.28293
0.25257
0.21957
0.18472
0.14869
0.11226
0.07603
0.04089
0.00740
-0.02377
-0.05190
-0.07686
-0.09779
-0.11469
-0.12723
-0.13514
-0.13893
-0.13810
-0.13335
-0.12478
-0.11271
-0.09810
-0.08089
-0.06221
-0.04241
-0.02215
-0.00237
0.01672
0.03417
0.04966
0.06269
0.07278
0.07980
0.08345
0.08370
0.08056
0.07419
0.06473
0.05261
0.03812
0.02175
0.00411
-0.01445
-0.03312
-0.05151
-0.06898
-0.08492
-0.09899
-0.11057
-0.11944
-0.12523
-0.12773
-0.12689
-0.12263
-0.11509
-0.10441
-0.09091
-0.07488
-0.05683
-0.03714
-0.01642
0.00475
0.02590
0.04628
0.06552
0.08294
0.09812
0.11068
0.12014
0.12643
0.12918
0.12847
0.12423
0.11654
0.10575
0.09196
0.07572
0.05730
0.03726
0.01616
-0.00558
-0.02725
-0.04845
-0.06855
-0.08711
-0.10369
-0.11787
-0.12939
-0.13794
-0.14347
-0.14578
-0.14501
-0.14116
-0.13441
-0.12511
-0.11340
-0.09981
-0.08460
-0.06827
-0.05131
-0.03405
-0.01710
-0.00074
0.01454
0.02841
0.04055
0.05071
0.05870
0.06435
0.06768
0.06857
0.06721
0.06361
0.05800
0.05068
0.04175
0.03173
0.02074
0.00929
-0.00231
-0.01377
-0.02456
-0.03456
-0.04329
-0.05055
-0.05610
-0.05967
-0.06121
-0.06055
-0.05772
-0.05270
-0.04561
-0.03656
-0.02582
-0.01360
-0.00021
0.01390
0.02849
0.04299
0.05709
0.07032
0.08217
0.09242
0.10053
0.10632
0.10949
0.10982
0.10728
0.10179
0.09345
0.08238
0.06888
0.05314
0.03570
0.01688
-0.00279
-0.02266
-0.04240
-0.06116
-0.07864
-0.09421
-0.10726
-0.11762
-0.12463
-0.12829
-0.12824
-0.12437
-0.11683
-0.10553
-0.09091
-0.07308
-0.05253
-0.02969
-0.00509
0.02062
0.04693
0.07304
0.09848
0.12245
0.14445
0.16391
0.18020
0.19312
0.20205
0.20699
0.20763
0.20391
0.19605
0.18398
0.16822
0.14891
0.12660
0.10183
0.07508
0.04712
0.01847
-0.01009
-0.03795
-0.06445
-0.08897
-0.11095
-0.12992
-0.14549
-0.15728
-0.16524
-0.16907
-0.16897
-0.16499
-0.15730
-0.14645
-0.13257
-0.11645
-0.09850
-0.07933
-0.05979
-0.04024
-0.02159
-0.00431
0.01104
0.02384
0.03384
0.04062
0.04403
0.04397
0.04051
0.03372
0.02400
0.01159
-0.00301
-0.01913
-0.03643
-0.05400
-0.07135
-0.08782
-0.10260
-0.11539
-0.12539
-0.13232
-0.13584
-0.13559
-0.13161
-0.12379
-0.11231
-0.09743
-0.07949
-0.05894
-0.03639
-0.01240
0.01234
0.03708
0.06122
0.08394
0.10470
0.12287
0.13791
0.14947
0.15718
0.16094
0.16060
0.15634
0.14824
0.13671
0.12215
0.10498
0.08597
0.06554
0.04453
0.02355
0.00321
-0.01570
-0.03279
-0.04740
-0.05921
-0.06787
-0.07315
-0.07498
-0.07333
-0.06844
-0.06038
-0.04964
-0.03649
-0.02147
-0.00520
0.01197
0.02921
0.04616
0.06216
0.07665
0.08932
0.09957
0.10728
0.11209
0.11389
0.11265
0.10838
0.10123
0.09141
0.07924
0.06501
0.04920
0.03220
0.01450
-0.00338
-0.02105
-0.03794
-0.05374
-0.06796
-0.08032
-0.09053
-0.09833
-0.10365
-0.10631
-0.10641
-0.10389
-0.09894
-0.09169
-0.08235
-0.07128
-0.05864
-0.04494
-0.03038
-0.01545
-0.00052
0.01410
0.02788
0.04065
0.05190
0.06143
0.06897
0.07421
0.07714
0.07747
0.07533
0.07062
0.06344
0.05398
0.04236
0.02897
0.01397
-0.00215
-0.01908
-0.03636
-0.05353
-0.07024
-0.08589
-0.10025
-0.11277
-0.12318
-0.13119
-0.13643
-0.13892
-0.13835
-0.13482
-0.12831
-0.11890
-0.10689
-0.09239
-0.07586
-0.05757
-0.03798
-0.01756
0.00328
0.02398
0.04413
0.06320
0.08085
0.09658
0.11016
0.12124
0.12958
0.13518
0.13779
0.13760
0.13456
0.12884
0.12079
0.11048
0.09843
0.08484
0.07015
0.05482
0.03909
0.02352
0.00836
-0.00602
-0.01927
-0.03119
-0.04153
-0.05012
-0.05685
-0.06170
-0.06457
-0.06563
-0.06483
-0.06239
-0.05850
-0.05324
-0.04703
-0.03992
-0.03229
-0.02441
-0.01644
-0.00881
-0.00158
0.00490
0.01046
0.01498
0.01824
0.02021
0.02080
0.01999
0.01780
0.01432
0.00959
0.00381
-0.00290
-0.01034
-0.01823
-0.02646
-0.03462
-0.04258
-0.05005
-0.05669
-0.06244
-0.06686
-0.06996
-0.07148
-0.07124
-0.06930
-0.06544
-0.05986
-0.05248
-0.04341
-0.03286
-0.02091
-0.00792
0.00597
0.02044
0.03518
0.04990
0.06429
0.07805
0.09088
0.10255
0.11274
0.12139
0.12821
0.13313
0.13612
0.13702
0.13605
0.13308
0.12828
0.12184
0.11378
0.10448
0.09399
0.08257
0.07051
0.05793
0.04516
0.03236
0.01970
0.00745
-0.00428
-0.01538
-0.02562
-0.03501
-0.04341
-0.05072
-0.05706
-0.06220
-0.06630
-0.06930
-0.07116
-0.07210
-0.07194
-0.07088
-0.06892
-0.06609
-0.06260
-0.05835
-0.05359
-0.04832
-0.04270
-0.03686
-0.03087
-0.02500
-0.01922
-0.01385
-0.00894
-0.00467
-0.00126
0.00131
0.00274
0.00307
0.00215
-0.00009
-0.00358
-0.00840
-0.01439
-0.02156
-0.02970
-0.03868
-0.04829
-0.05826
-0.06841
-0.07835
-0.08789
-0.09667
-0.10439
-0.11083
-0.11564
-0.11867
-0.11970
-0.11856
-0.11521
-0.10960
-0.10175
-0.09181
-0.07993
-0.06634
-0.05141
-0.03538
-0.01877
-0.00199
0.01453
0.03022
0.04471
0.05748
0.06813
0.07627
0.08171
0.08407
0.08338
0.07962
0.07269
0.06318
0.05092
0.03666
0.02092
0.00395
-0.01300
-0.02988
-0.04552
-0.05914
-0.07039
-0.07801
-0.08195
-0.08136
-0.07579
-0.06520
-0.04924
-0.02813
-0.00204
0.02861
0.06331
0.10107
0.14135
0.18286
0.22442
0.26521
0.30338
0.33846
0.36877
0.39321
0.41124
0.42137
0.42377
0.41747
0.40234
0.37874
0.34650
0.30668
0.25968
0.20655
0.14853
0.08679
0.02285
-0.04190
-0.10594
-0.16787
-0.22611
-0.27973
-0.32722
-0.36781
-0.40077
-0.42521
-0.44148
-0.44875
-0.44759
-0.43824
-0.42088
-0.39697
-0.36647
-0.33086
-0.29100
-0.24771
-0.20264
-0.15624
-0.10993
-0.06455
-0.02099
0.01985
0.05733
0.09081
0.11987
0.14394
0.16320
0.17703
0.18574
0.18943
0.18792
0.18228
0.17206
0.15821
0.14119
0.12117
0.09944
0.07586
0.05145
0.02671
0.00200
-0.02181
-0.04461
-0.06573
-0.08493
-0.10183
-0.11623
-0.12792
-0.13669
-0.14264
-0.14544
-0.14545
-0.14246
-0.13660
-0.12820
-0.11709
-0.10385
-0.08841
-0.07115
-0.05246
-0.03246
-0.01171
0.00958
0.03093
0.05198
0.07229
0.09149
0.10917
0.12490
0.13849
0.14943
0.15767
0.16287
0.16492
0.16392
0.15964
0.15243
0.14230
0.12952
0.11453
0.09752
0.07909
0.05955
0.03946
0.01929
-0.00050
-0.01941
-0.03706
-0.05298
-0.06698
-0.07862
-0.08785
-0.09444
-0.09827
-0.09960
-0.09817
-0.09440
-0.08833
-0.08014
-0.07039
-0.05901
-0.04661
-0.03337
-0.01956
-0.00573
0.00812
0.02153
0.03432
0.04635
0.05731
0.06719
0.07586
0.08321
0.08926
0.09402
0.09742
0.09964
0.10064
0.10048
0.09945
0.09740
0.09460
0.09114
0.08696
0.08252
0.07757
0.07234
0.06699
0.06132
0.05576
0.05004
0.04420
0.03845
0.03242
0.02643
0.02022
0.01363
0.00687
-0.00048
-0.00827
-0.01661
-0.02576
-0.03550
-0.04605
-0.05740
-0.06938
-0.08212
-0.09538
-0.10898
-0.12296
-0.13683
-0.15048
-0.16367
-0.17587
-0.18711
-0.19680
-0.20464
-0.21056
-0.21392
-0.21490
-0.21304
-0.20819
-0.20053
-0.18970
-0.17608
-0.15966
-0.14052
-0.11917
-0.09569
-0.07055
-0.04420
-0.01694
0.01063
0.03808
0.06506
0.09090
0.11534
0.13792
0.15816
0.17604
0.19095
0.20290
0.21176
0.21721
0.21965
0.21873
0.21474
0.20792
0.19822
0.18629
0.17207
0.15607
0.13867
0.12008
0.10087
0.08128
0.06171
0.04253
0.02405
0.00652
-0.00970
-0.02445
-0.03756
-0.04874
-0.05813
-0.06538
-0.07061
-0.07388
-0.07501
-0.07443
-0.07192
-0.06783
-0.06233
-0.05547
-0.04775
-0.03912
-0.03006
-0.02073
-0.01138
-0.00240
0.00614
0.01382
0.02056
0.02609
0.03025
0.03295
0.03401
0.03349
0.03126
0.02742
0.02200
0.01509
0.00688
-0.00251
-0.01280
-0.02385
-0.03529
-0.04695
-0.05847
-0.06954
-0.07997
-0.08931
-0.09746
-0.10405
-0.10887
-0.11180
-0.11254
-0.11117
-0.10749
-0.10154
-0.09338
-0.08308
-0.07083
-0.05682
-0.04134
-0.02464
-0.00717
0.01082
0.02882
0.04642
0.06328
0.07879
0.09283
0.10477
0.11438
0.12142
0.12547
0.12668
0.12467
0.11958
0.11143
0.10031
0.08657
0.07034
0.05210
0.03215
0.01106
-0.01078
-0.03281
-0.05440
-0.07522
-0.09443
-0.11192
-0.12695
-0.13911
-0.14825
-0.15371
-0.15577
-0.15390
-0.14817
-0.13873
-0.12546
-0.10893
-0.08912
-0.06658
-0.04172
-0.01500
0.01289
0.04149
0.07005
0.09805
0.12475
0.14964
0.17209
0.19155
0.20766
0.21987
0.22812
0.23199
0.23149
0.22662
0.21741
0.20427
0.18729
0.16710
0.14403
0.11876
0.09195
0.06417
0.03632
0.00893
-0.01714
-0.04125
-0.06278
-0.08109
-0.09573
-0.10627
-0.11248
-0.11407
-0.11124
-0.10377
-0.09221
-0.07682
-0.05792
-0.03667
-0.01310
0.01134
0.03603
0.06020
0.08224
0.10207
0.11804
0.12961
0.13614
0.13649
0.13082
0.11830
0.09898
0.07294
0.04032
0.00167
-0.04233
-0.09087
-0.14299
-0.19717
-0.25265
-0.30747
-0.36048
-0.41030
-0.45485
-0.49375
-0.52476
-0.54727
-0.56036
-0.56268
-0.55475
-0.53538
-0.50516
-0.46435
-0.41317
-0.35316
-0.28484
-0.20985
-0.12968
-0.04587
0.03964
0.12510
0.20877
0.28876
0.36334
0.43133
0.49082
0.54124
0.58132
0.61033
0.62858
0.63500
0.63069
0.61546
0.58998
0.55583
0.51303
0.46370
0.40856
0.34906
0.28708
0.22338
0.15987
0.09758
0.03783
-0.01825
-0.06968
-0.11574
-0.15562
-0.18877
-0.21531
-0.23440
-0.24675
-0.25200
-0.25051
-0.24337
-0.23013
-0.21242
-0.19028
-0.16467
-0.13695
-0.10711
-0.07684
-0.04637
-0.01676
0.01109
0.03687
0.05956
0.07900
0.09448
0.10594
0.11298
0.11556
0.11374
0.10741
0.09722
0.08298
0.06541
0.04481
0.02164
-0.00321
-0.02956
-0.05642
-0.08338
-0.10971
-0.13473
-0.15800
-0.17875
-0.19672
-0.21125
-0.22219
-0.22913
-0.23186
-0.23043
-0.22461
-0.21479
-0.20091
-0.18335
-0.16251
-0.13870
-0.11263
-0.08467
-0.05555
-0.02585
0.00375
0.03263
0.06015
0.08570
0.10879
0.12881
0.14558
0.15856
0.16765
0.17275
0.17367
0.17082
0.16402
0.15381
0.14046
0.12431
0.10616
0.08618
0.06525
0.04380
0.02244
0.00188
-0.01754
-0.03513
-0.05058
-0.06344
-0.07346
-0.08040
-0.08415
-0.08470
-0.08203
-0.07643
-0.06792
-0.05698
-0.04387
-0.02898
-0.01293
0.00406
0.02119
0.03818
0.05442
0.06937
0.08274
0.09390
0.10270
0.10870
0.11172
0.11166
0.10835
0.10193
0.09240
0.08004
0.06504
0.04782
0.02874
0.00827
-0.01301
-0.03469
-0.05601
-0.07664
-0.09585
-0.11318
-0.12822
-0.14036
-0.14953
-0.15519
-0.15732
-0.15578
-0.15046
-0.14169
-0.12939
-0.11401
-0.09579
-0.07516
-0.05266
-0.02869
-0.00393
0.02118
0.04593
0.06989
0.09239
0.11296
0.13118
0.14648
0.15877
0.16751
0.17269
0.17415
0.17176
0.16588
0.15634
0.14362
0.12790
0.10956
0.08922
0.06711
0.04397
0.02019
-0.00361
-0.02689
-0.04917
-0.06989
-0.08870
-0.10506
-0.11886
-0.12960
-0.13723
-0.14159
-0.14253
-0.14038
-0.13490
-0.12652
-0.11535
-0.10168
-0.08609
-0.06869
-0.05016
-0.03081
-0.01117
0.00821
0.02699
0.04459
0.06070
0.07487
0.08686
0.09634
0.10316
0.10721
0.10837
0.10685
0.10255
0.09580
0.08677
0.07571
0.06316
0.04924
0.03458
0.01947
0.00433
-0.01030
-0.02421
-0.03689
-0.04811
-0.05758
-0.06506
-0.07041
-0.07356
-0.07445
-0.07312
-0.06972
-0.06430
-0.05723
-0.04862
-0.03886
-0.02834
-0.01726
-0.00619
0.00466
0.01483
0.02396
0.03184
0.03807
0.04252
0.04498
0.04537
0.04364
0.03986
0.03409
0.02653
0.01743
0.00700
-0.00431
-0.01627
-0.02839
-0.04029
-0.05165
-0.06194
-0.07098
-0.07833
-0.08374
-0.08706
-0.08803
-0.08668
-0.08291
-0.07682
-0.06851
-0.05817
-0.04605
-0.03245
-0.01772
-0.00219
0.01366
0.02951
0.04489
0.05940
0.07271
0.08437
0.09421
0.10184
0.10714
0.10994
0.11013
0.10779
0.10286
0.09558
0.08603
0.07454
0.06138
0.04687
0.03148
0.01548
-0.00057
-0.01636
-0.03141
-0.04531
-0.05776
-0.06832
-0.07686
-0.08302
-0.08671
-0.08782
-0.08628
-0.08224
-0.07568
-0.06691
-0.05606
-0.04350
-0.02958
-0.01462
0.00082
0.01647
0.03173
0.04626
0.05962
0.07133
0.08117
0.08871
0.09383
0.09628
0.09600
0.09298
0.08724
0.07903
0.06846
0.05592
0.04167
0.02616
0.00986
-0.00686
-0.02342
-0.03948
-0.05448
-0.06811
-0.07997
-0.08972
-0.09721
-0.10214
-0.10458
-0.10435
-0.10158
-0.09637
-0.08882
-0.07934
-0.06801
-0.05526
-0.04139
-0.02671
-0.01170
0.00344
0.01824
0.03248
0.04578
0.05796
0.06875
0.07795
0.08548
0.09109
0.09493
0.09678
0.09671
0.09483
0.09102
0.08568
0.07866
0.07024
0.06060
0.04979
0.03822
0.02589
0.01311
0.00007
-0.01304
-0.02600
-0.03860
-0.05063
-0.06196
-0.07229
-0.08162
-0.08965
-0.09625
-0.10143
-0.10484
-0.10670
-0.10671
-0.10489
-0.10136
-0.09591
-0.08886
-0.08009
-0.06977
-0.05811
-0.04517
-0.03127
-0.01655
-0.00131
0.01421
0.02968
0.04488
0.05945
0.07307
0.08560
0.09656
0.10592
0.11334
0.11860
0.12175
0.12242
0.12085
0.11683
0.11045
0.10194
0.09125
0.07876
0.06458
0.04905
0.03249
0.01520
-0.00242
-0.02004
-0.03723
-0.05371
-0.06901
-0.08290
-0.09502
-0.10505
-0.11292
-0.11826
-0.12112
-0.12131
-0.11884
-0.11388
-0.10636
-0.09664
-0.08480
-0.07118
-0.05614
-0.03994
-0.02308
-0.00585
0.01122
0.02783
0.04349
0.05784
0.07057
0.08126
0.08981
0.09584
0.09931
0.10009
0.09813
0.09360
0.08646
0.07705
0.06547
0.05211
0.03731
0.02138
0.00486
-0.01197
-0.02852
-0.04449
-0.05938
-0.07277
-0.08442
-0.09381
-0.10092
-0.10535
-0.10702
-0.10590
-0.10184
-0.09515
-0.08572
-0.07389
-0.05987
-0.04394
-0.02657
-0.00800
0.01121
0.03074
0.05002
0.06874
0.08638
0.10252
0.11690
0.12897
0.13874
0.14571
0.14980
0.15097
0.14896
0.14412
0.13623
0.12557
0.11237
0.09678
0.07931
0.06014
0.03977
0.01858
-0.00296
-0.02441
-0.04533
-0.06524
-0.08382
-0.10050
-0.11520
-0.12739
-0.13689
-0.14361
-0.14718
-0.14791
-0.14545
-0.14002
-0.13180
-0.12077
-0.10748
-0.09193
-0.07461
-0.05584
-0.03599
-0.01557
0.00512
0.02554
0.04538
0.06410
0.08146
0.09701
0.11040
0.12151
0.12987
0.13561
0.13836
0.13812
0.13504
0.12890
0.12018
0.10876
0.09500
0.07924
0.06165
0.04282
0.02294
0.00254
-0.01797
-0.03818
-0.05764
-0.07597
-0.09275
-0.10770
-0.12042
-0.13079
-0.13849
-0.14342
-0.14560
-0.14484
-0.14143
-0.13529
-0.12670
-0.11594
-0.10314
-0.08886
-0.07324
-0.05680
-0.03990
-0.02291
-0.00630
0.00964
0.02448
0.03798
0.04978
0.05974
0.06761
0.07327
0.07677
0.07792
0.07697
0.07387
0.06882
0.06213
0.05382
0.04441
0.03397
0.02290
0.01153
0.00006
-0.01111
-0.02184
-0.03177
-0.04081
-0.04870
-0.05531
-0.06062
-0.06435
-0.06677
-0.06757
-0.06692
-0.06487
-0.06123
-0.05646
-0.05024
-0.04283
-0.03431
-0.02456
-0.01396
-0.00233
0.01014
0.02336
0.03726
0.05169
0.06649
0.08153
0.09664
0.11142
0.12597
0.13969
0.15242
0.16394
0.17359
0.18161
0.18719
0.19021
0.19053
0.18759
0.18168
0.17233
0.15959
0.14360
0.12430
0.10207
0.07711
0.04979
0.02058
-0.00991
-0.04131
-0.07275
-0.10364
-0.13339
-0.16098
-0.18624
-0.20807
-0.22607
-0.23980
-0.24852
-0.25244
-0.25088
-0.24403
-0.23193
-0.21466
-0.19287
-0.16671
-0.13703
-0.10438
-0.06965
-0.03370
0.00266
0.03834
0.07264
0.10444
0.13319
0.15799
0.17822
0.19354
0.20332
0.20776
0.20643
0.19963
0.18763
0.17063
0.14954
0.12456
0.09673
0.06669
0.03524
0.00346
-0.02813
-0.05843
-0.08688
-0.11268
-0.13524
-0.15410
-0.16876
-0.17909
-0.18476
-0.18592
-0.18247
-0.17470
-0.16291
-0.14736
-0.12879
-0.10743
-0.08411
-0.05935
-0.03379
-0.00825
0.01685
0.04065
0.06276
0.08252
0.09952
0.11340
0.12373
0.13053
0.13342
0.13262
0.12803
0.11985
0.10844
0.09390
0.07688
0.05757
0.03661
0.01447
-0.00838
-0.03126
-0.05384
-0.07538
-0.09563
-0.11394
-0.13002
-0.14355
-0.15401
-0.16156
-0.16563
-0.16640
-0.16374
-0.15750
-0.14820
-0.13552
-0.11998
-0.10173
-0.08095
-0.05830
-0.03384
-0.00817
0.01835
0.04527
0.07211
0.09841
0.12375
0.14769
0.16970
0.18965
0.20686
0.22126
0.23248
0.24015
0.24450
0.24497
0.24184
0.23499
0.22441
0.21060
0.19341
0.17338
0.15076
0.12595
0.09954
0.07191
0.04366
0.01533
-0.01245
-0.03924
-0.06433
-0.08735
-0.10775
-0.12504
-0.13916
-0.14949
-0.15617
-0.15892
-0.15777
-0.15312
-0.14477
-0.13342
-0.11918
-0.10261
-0.08440
-0.06481
-0.04475
-0.02457
-0.00501
0.01337
0.03014
0.04467
0.05675
0.06589
0.07205
0.07497
0.07467
0.07125
0.06474
0.05566
0.04403
0.03045
0.01527
-0.00113
-0.01797
-0.03510
-0.05181
-0.06772
-0.08248
-0.09554
-0.10679
-0.11589
-0.12269
-0.12714
-0.12918
-0.12888
-0.12640
-0.12189
-0.11558
-0.10784
-0.09885
-0.08904
-0.07874
-0.06817
-0.05784
-0.04787
-0.03855
-0.03018
-0.02272
-0.01649
-0.01142
-0.00741
-0.00464
-0.00275
-0.00169
-0.00134
-0.00124
-0.00146
-0.00151
-0.00119
-0.00040
0.00134
0.00397
0.00778
0.01296
0.01939
0.02730
0.03657
0.04708
0.05886
0.07158
0.08504
0.09910
0.11323
0.12730
0.14088
0.15345
0.16495
0.17467
0.18247
0.18801
0.19080
0.19095
0.18795
0.18185
0.17262
0.16012
0.14468
0.12631
0.10530
0.08205
0.05686
0.03021
0.00265
-0.02540
-0.05329
-0.08042
-0.10644
-0.13051
-0.15238
-0.17144
-0.18719
-0.19963
-0.20804
-0.21261
-0.21304
-0.20925
-0.20166
-0.19001
-0.17492
-0.15651
-0.13521
-0.11166
-0.08615
-0.05944
-0.03198
-0.00445
0.02262
0.04860
0.07297
0.09526
0.11490
0.13177
0.14526
0.15536
0.16183
0.16449
0.16372
0.15916
0.15134
0.14031
0.12635
0.11012
0.09163
0.07164
0.05046
0.02857
0.00664
-0.01508
-0.03595
-0.05563
-0.07368
-0.08977
-0.10358
-0.11492
-0.12358
-0.12941
-0.13258
-0.13287
-0.13060
-0.12582
-0.11871
-0.10980
-0.09907
-0.08712
-0.07418
-0.06059
-0.04693
-0.03330
-0.02019
-0.00785
0.00350
0.01353
0.02217
0.02930
0.03478
0.03869
0.04104
0.04186
0.04141
0.03968
0.03698
0.03355
0.02947
0.02518
0.02074
0.01646
0.01263
0.00929
0.00679
0.00518
0.00457
0.00516
0.00685
0.00972
0.01376
0.01877
0.02476
0.03151
0.03876
0.04645
0.05412
0.06165
0.06875
0.07498
0.08030
0.08424
0.08666
0.08736
0.08605
0.08276
0.07730
0.06970
0.06001
0.04832
0.03479
0.01971
0.00328
-0.01409
-0.03198
-0.05010
-0.06782
-0.08483
-0.10061
-0.11462
-0.12664
-0.13605
-0.14271
-0.14627
-0.14651
-0.14346
-0.13694
-0.12721
-0.11431
-0.09860
-0.08042
-0.06020
-0.03851
-0.01581
0.00716
0.02992
0.05175
0.07208
0.09040
0.10608
0.11886
0.12823
0.13408
0.13617
0.13452
0.12923
0.12041
0.10850
0.09369
0.07662
0.05774
0.03760
0.01695
-0.00379
-0.02380
-0.04262
-0.05967
-0.07438
-0.08646
-0.09544
-0.10118
-0.10345
-0.10227
-0.09765
-0.08977
-0.07891
-0.06532
-0.04958
-0.03197
-0.01319
0.00628
0.02587
0.04487
0.06291
0.07925
0.09354
0.10532
0.11417
0.11993
0.12229
0.12130
0.11686
0.10916
0.09835
0.08472
0.06873
0.05068
0.03123
0.01077
-0.01004
-0.03063
-0.05050
-0.06900
-0.08572
-0.10015
-0.11194
-0.12077
-0.12644
-0.12881
-0.12787
-0.12375
-0.11651
-0.10659
-0.09416
-0.07977
-0.06393
-0.04701
-0.02979
-0.01262
0.00382
0.01900
0.03255
0.04392
0.05287
0.05911
0.06247
0.06290
0.06049
0.05527
0.04761
0.03774
0.02603
0.01310
-0.00079
-0.01490
-0.02877
-0.04195
-0.05369
-0.06381
-0.07167
-0.07699
-0.07957
-0.07908
-0.07556
-0.06894
-0.05932
-0.04692
-0.03202
-0.01492
0.00384
0.02386
0.04459
0.06534
0.08575
0.10499
0.12266
0.13820
0.15098
0.16083
0.16716
0.16989
0.16878
0.16373
0.15492
0.14233
0.12637
0.10727
0.08551
0.06159
0.03607
0.00959
-0.01727
-0.04373
-0.06930
-0.09319
-0.11493
-0.13395
-0.14971
-0.16200
-0.17031
-0.17467
-0.17483
-0.17085
-0.16295
-0.15116
-0.13607
-0.11783
-0.09710
-0.07438
-0.05021
-0.02537
-0.00032
0.02410
0.04744
0.06898
0.08823
0.10474
0.11799
0.12787
0.13394
0.13627
0.13470
0.12934
0.12048
0.10817
0.09303
0.07523
0.05541
0.03409
0.01174
-0.01088
-0.03339
-0.05498
-0.07530
-0.09371
-0.10973
-0.12308
-0.13321
-0.14013
-0.14342
-0.14313
-0.13922
-0.13169
-0.12093
-0.10694
-0.09025
-0.07111
-0.05003
-0.02754
-0.00408
0.01966
0.04328
0.06605
0.08759
0.10727
0.12465
0.13940
0.15097
0.15939
0.16417
0.16535
0.16290
0.15672
0.14727
0.13444
0.11875
0.10046
0.07997
0.05791
0.03457
0.01065
-0.01343
-0.03706
-0.05979
-0.08109
-0.10050
-0.11769
-0.13213
-0.14386
-0.15236
-0.15762
-0.15961
-0.15811
-0.15361
-0.14584
-0.13523
-0.12201
-0.10635
-0.08891
-0.06976
-0.04950
-0.02850
-0.00717
0.01399
0.03463
0.05429
0.07266
0.08929
0.10405
0.11652
0.12654
0.13403
0.13867
0.14076
0.13997
0.13652
0.13055
0.12201
0.11147
0.09883
0.08454
0.06889
0.05210
0.03469
0.01684
-0.00101
-0.01857
-0.03548
-0.05147
-0.06623
-0.07949
-0.09110
-0.10071
-0.10841
-0.11386
-0.11707
-0.11808
-0.11669
-0.11325
-0.10758
-0.09994
-0.09050
-0.07935
-0.06693
-0.05329
-0.03884
-0.02385
-0.00863
0.00646
0.02115
0.03505
0.04795
0.05947
0.06946
0.07763
0.08379
0.08791
0.08976
0.08949
0.08695
0.08231
0.07571
0.06723
0.05726
0.04588
0.03354
0.02048
0.00705
-0.00631
-0.01937
-0.03163
-0.04290
-0.05277
-0.06100
-0.06737
-0.07161
-0.07371
-0.07348
-0.07098
-0.06620
-0.05928
-0.05039
-0.03972
-0.02763
-0.01433
-0.00032
0.01414
0.02858
0.04253
0.05573
0.06759
0.07794
0.08632
0.09249
0.09628
0.09742
0.09598
0.09181
0.08505
0.07580
0.06426
0.05073
0.03548
0.01896
0.00147
-0.01640
-0.03435
-0.05182
-0.06833
-0.08357
-0.09694
-0.10830
-0.11714
-0.12327
-0.12653
-0.12666
-0.12383
-0.11785
-0.10896
-0.09727
-0.08305
-0.06667
-0.04842
-0.02886
-0.00831
0.01256
0.03338
0.05354
0.07248
0.08986
0.10500
0.11777
0.12759
0.13427
0.13766
0.13747
0.13396
0.12691
0.11664
0.10331
0.08721
0.06886
0.04852
0.02685
0.00423
-0.01864
-0.04129
-0.06316
-0.08359
-0.10226
-0.11845
-0.13203
-0.14244
-0.14943
-0.15294
-0.15261
-0.14876
-0.14115
-0.13007
-0.11577
-0.09845
-0.07872
-0.05678
-0.03332
-0.00876
0.01627
0.04119
0.06548
0.08844
0.10972
0.12862
0.14489
0.15803
0.16770
0.17384
0.17605
0.17460
0.16924
0.16023
0.14780
0.13209
0.11372
0.09287
0.07018
0.04610
0.02121
-0.00388
-0.02867
-0.05245
-0.07485
-0.09516
-0.11308
-0.12809
-0.13984
-0.14818
-0.15273
-0.15364
-0.15068
-0.14407
-0.13398
-0.12057
-0.10440
-0.08564
-0.06499
-0.04285
-0.01985
0.00335
0.02631
0.04817
0.06861
0.08687
0.10257
0.11528
0.12450
0.13020
0.13196
0.12990
0.12391
0.11414
0.10090
0.08436
0.06510
0.04341
0.01998
-0.00466
-0.02991
-0.05500
-0.07946
-0.10243
-0.12353
-0.14203
-0.15748
-0.16951
-0.17761
-0.18179
-0.18167
-0.17737
-0.16890
-0.15641
-0.14032
-0.12085
-0.09865
-0.07410
-0.04794
-0.02078
0.00672
0.03377
0.05982
0.08406
0.10604
0.12509
0.14080
0.15281
0.16075
0.16465
0.16424
0.15979
0.15132
0.13918
0.12384
0.10557
0.08518
0.06299
0.03987
0.01638
-0.00686
-0.02902
-0.04972
-0.06814
-0.08401
-0.09676
-0.10605
-0.11174
-0.11349
-0.11155
-0.10572
-0.09632
-0.08355
-0.06771
-0.04942
-0.02892
-0.00698
0.01601
0.03932
0.06233
0.08457
0.10525
0.12406
0.14030
0.15371
0.16386
0.17045
0.17340
0.17247
0.16790
0.15957
0.14781
0.13287
0.11506
0.09495
0.07287
0.04951
0.02532
0.00096
-0.02299
-0.04600
-0.06741
-0.08686
-0.10372
-0.11779
-0.12861
-0.13600
-0.13986
-0.14000
-0.13670
-0.12982
-0.11978
-0.10677
-0.09115
-0.07348
-0.05403
-0.03357
-0.01240
0.00873
0.02935
0.04897
0.06686
0.08287
0.09622
0.10685
0.11430
0.11824
0.11885
0.11562
0.10899
0.09878
0.08515
0.06858
0.04904
0.02723
0.00333
-0.02212
-0.04856
-0.07559
-0.10256
-0.12905
-0.15442
-0.17831
-0.20009
-0.21946
-0.23597
-0.24918
-0.25907
-0.26507
-0.26735
-0.26564
-0.25988
-0.25037
-0.23693
-0.22002
-0.19976
-0.17648
-0.15070
-0.12272
-0.09313
-0.06242
-0.03119
0.00001
0.03049
0.05979
0.08720
0.11219
0.13434
0.15300
0.16804
0.17886
0.18549
0.18770
0.18545
0.17909
0.16846
0.15441
0.13694
0.11689
0.09504
0.07169
0.04838
0.02515
0.00344
-0.01592
-0.03251
-0.04480
-0.05299
-0.05584
-0.05306
-0.04455
-0.02972
-0.00915
0.01738
0.04931
0.08617
0.12714
0.17151
0.21820
0.26601
0.31415
0.36071
0.40533
0.44611
0.48187
0.51208
0.53457
0.54989
0.55617
0.55300
0.54061
0.51759
0.48548
0.44337
0.39188
0.33222
0.26424
0.19008
0.11016
0.02579
-0.06117
-0.14980
-0.23823
-0.32497
-0.40884
-0.48807
-0.56135
-0.62802
-0.68620
-0.73566
-0.77544
-0.80462
-0.82410
-0.83239
-0.83046
-0.81848
-0.79626
-0.76586
-0.72666
-0.68024
-0.62774
-0.56948
-0.50770
-0.44265
-0.37559
-0.30806
-0.24042
-0.17413
-0.10998
-0.04824
0.00972
0.06385
0.11395
0.15896
0.19974
0.23538
0.26614
0.29285
0.31445
0.33244
0.34635
0.35652
0.36423
0.36854
0.37092
0.37121
0.36961
0.36723
0.36340
0.35906
0.35420
0.34884
0.34353
0.33797
0.33239
0.32685
0.32120
0.31544
0.30957
0.30329
0.29667
0.28954
0.28154
0.27295
0.26324
0.25254
0.24084
0.22768
0.21362
0.19817
0.18162
0.16417
0.14547
0.12627
0.10630
0.08591
0.06551
0.04485
0.02473
0.00502
-0.01400
-0.03186
-0.04883
-0.06423
-0.07821
-0.09065
-0.10118
-0.11020
-0.11722
-0.12252
-0.12610
-0.12786
-0.12819
-0.12686
-0.12427
-0.12045
-0.11554
-0.10989
-0.10344
-0.09670
-0.08954
-0.08244
-0.07552
-0.06885
-0.06304
-0.05764
-0.05345
-0.05032
-0.04833
-0.04816
-0.04900
-0.05186
-0.05636
-0.06246
-0.07091
-0.08058
-0.09252
-0.10624
-0.12156
-0.13914
-0.15781
-0.17842
-0.20051
-0.22378
-0.24862
-0.27415
-0.30072
-0.32794
-0.35550
-0.38322
-0.41075
-0.43771
-0.46372
-0.48852
-0.51122
-0.53204
-0.54988
-0.56433
-0.57532
-0.58140
-0.58329
-0.57966
-0.57010
-0.55501
-0.53294
-0.50499
-0.47033
-0.42883
-0.38152
-0.32762
-0.26854
-0.20447
-0.13569
-0.06393
0.01070
0.08676
0.16299
0.23892
0.31255
0.38329
0.45007
0.51131
0.56696
0.61540
0.65643
0.68986
0.71469
0.73177
0.74046
0.74141
0.73542
0.72243
0.70403
0.68049
0.65305
0.62288
0.59060
0.55766
0.52466
0.49268
0.46234
0.43440
0.40926
0.38726
0.36878
0.35329
0.34139
0.33222
0.32563
0.32144
0.31812
0.31629
0.31444
0.31223
0.30959
0.30481
0.29887
0.29063
0.28001
0.26760
0.25232
0.23557
0.21703
0.19709
0.17680
0.15580
0.13549
0.11598
0.09781
0.08176
0.06772
0.05654
0.04802
0.04251
0.03993
0.03997
0.04281
0.04750
0.05430
0.06216
0.07065
0.07953
0.08731
0.09447
0.09945
0.10202
0.10198
0.09781
0.09056
0.07862
0.06233
0.04184
0.01595
-0.01363
-0.04822
-0.08692
-0.12919
-0.17578
-0.22458
-0.27655
-0.33051
-0.38563
-0.44240
-0.49866
-0.55507
-0.61057
-0.66422
-0.71643
-0.76537
-0.81153
-0.85418
-0.89253
-0.92708
-0.95645
-0.98123
-1.00107
-1.01549
-1.02527
-1.02945
-1.02898
-1.02375
-1.01385
-1.00027
-0.98239
-0.96166
-0.93802
-0.91213
-0.88500
-0.85621
-0.82752
-0.79861
-0.77054
-0.74387
-0.71823
-0.69516
-0.67374
-0.65509
-0.63880
-0.62441
-0.61273
-0.60209
-0.59348
-0.58534
-0.57730
-0.56933
-0.55933
-0.54838
-0.53410
-0.51681
-0.49593
-0.46962
-0.43947
-0.40291
-0.36140
-0.31429
-0.26042
-0.20216
-0.13708
-0.06783
0.00619
0.08550
0.16712
0.25338
0.34099
0.43051
0.52232
0.61320
0.70559
0.79620
0.88566
0.97455
1.05978
1.14396
1.22416
1.30108
1.37556
1.44482
1.51150
1.57305
1.63031
1.68417
1.73225
1.77714
1.81655
1.85161
1.88299
1.90893
1.93184
1.94957
1.96371
1.97446
1.98076
1.98465
1.98406
1.98094
1.97479
1.96517
1.95358
1.93784
1.92016
1.89916
1.87499
1.84845
1.81730
1.78391
1.74612
1.70472
1.65992
1.60965
1.55652
1.49791
1.43544
1.36891
1.29680
1.22202
1.14176
1.05863
0.97202
0.88111
0.78902
0.69262
0.59557
0.49641
0.39500
0.29430
0.19056
0.08829
-0.01518
-0.11959
-0.22236
-0.32812
-0.43159
-0.53685
-0.64328
-0.74868
-0.85845
-0.96654
-1.07814
-1.19212
-1.30646
-1.42686
-1.54642
-1.67091
-1.79846
-1.92699
-2.06186
-2.19548
-2.33358
-2.47346
-2.61292
-2.75656
-2.89641
-3.03787
-3.17754
-3.31335
-3.44897
-3.57669
-3.70151
-3.81975
-3.92990
-4.03480
-4.12770
-4.21334
-4.28814
-4.35169
-4.40603
-4.44599
-4.47618
-4.49321
-4.49824
-4.49231
-4.47215
-4.44212
-4.39886
-4.34524
-4.28081
-4.20427
-4.11934
-4.02228
-3.91763
-3.80279
-3.67842
-3.54713
-3.40441
-3.25644
-3.09803
-2.93188
-2.75919
-2.57469
-2.38626
-2.18594
-1.97904
-1.76505
-1.53833
-1.30860
-1.06522
-0.81664
-0.56043
-0.29094
-0.01977
0.26637
0.57168
0.86721
1.14998
1.44752
1.79700
2.17729
2.50114
2.75898
3.05860
3.50084
3.99956
4.33555
4.48819
4.73922
5.33104
6.04651
6.36893
6.21554
6.25357
7.16928
8.56666
8.93421
7.06746
3.48724
0.18908
