2.138255238533020020e-01
2.540625929832458496e-01
1.854982525110244751e-01
2.306288033723831177e-01
1.997302025556564331e-01
2.263929247856140137e-01
2.973087728023529053e-01
3.966780006885528564e-01
5.038493871688842773e-01
6.060547232627868652e-01
5.516595840454101562e-01
4.707750678062438965e-01
3.504967689514160156e-01
3.585492968559265137e-01
3.314005136489868164e-01
1.761674731969833374e-01
1.518304944038391113e-01
1.620441228151321411e-01
1.453775018453598022e-01
1.024090051651000977e-01
1.267731189727783203e-01
1.129993945360183716e-01
1.194871291518211365e-01
1.126511320471763611e-01
1.018584892153739929e-01
1.950439065694808960e-01
1.944999396800994873e-01
1.784553825855255127e-01
2.780549526214599609e-01
3.468711078166961670e-01
3.252516984939575195e-01
3.306418955326080322e-01
2.401244789361953735e-01
2.124523669481277466e-01
2.470554858446121216e-01
2.966265082359313965e-01
2.837640643119812012e-01
2.282841354608535767e-01
1.863348931074142456e-01
1.799355000257492065e-01
2.433990240097045898e-01
1.515362262725830078e-01
1.377361863851547241e-01
2.165497988462448120e-01
2.070496380329132080e-01
1.428907662630081177e-01
1.459696590900421143e-01
1.365704685449600220e-01
9.348986297845840454e-02
1.177605241537094116e-01
1.462482661008834839e-01
1.672882884740829468e-01
1.738716214895248413e-01
2.352848201990127563e-01
3.123535215854644775e-01
3.250693678855895996e-01
2.299521863460540771e-01
1.859785616397857666e-01
1.284639984369277954e-01
1.491134464740753174e-01
1.168414726853370667e-01
1.368256658315658569e-01
1.225619018077850342e-01
1.477029174566268921e-01
1.536132991313934326e-01
1.789485365152359009e-01
2.495074719190597534e-01
1.269159168004989624e-01
1.036806777119636536e-01
1.434150040149688721e-01
2.239056378602981567e-01
2.653851807117462158e-01
1.891288310289382935e-01
2.266235798597335815e-01
1.751042753458023071e-01
2.133044153451919556e-01
3.739939630031585693e-01
4.898562729358673096e-01
4.497357308864593506e-01
2.871169447898864746e-01
5.812367200851440430e-01
5.553125739097595215e-01
6.587709784507751465e-01
3.710022270679473877e-01
3.728625774383544922e-01
3.695871233940124512e-01
1.963793635368347168e-01
1.670141667127609253e-01
1.291944235563278198e-01
1.606675833463668823e-01
2.176993936300277710e-01
1.720161736011505127e-01
1.423735320568084717e-01
1.593953520059585571e-01
1.333139091730117798e-01
1.741051226854324341e-01
2.007638663053512573e-01
1.654627323150634766e-01
1.813382208347320557e-01
1.625577509403228760e-01
1.785347014665603638e-01
1.394490748643875122e-01
1.102553606033325195e-01
1.126303598284721375e-01
8.752381801605224609e-02
1.214158236980438232e-01
1.405182182788848877e-01
1.277454644441604614e-01
1.422999203205108643e-01
1.455119997262954712e-01
1.310889273881912231e-01
1.423407196998596191e-01
2.246582955121994019e-01
1.861558854579925537e-01
1.715822219848632812e-01
1.993933469057083130e-01
1.216539144515991211e-01
8.280048519372940063e-02
8.100292831659317017e-02
8.939366042613983154e-02
1.064414232969284058e-01
9.024200588464736938e-02
9.698513150215148926e-02
9.957986325025558472e-02
1.282430291175842285e-01
8.297539502382278442e-02
7.416891306638717651e-02
7.397560775279998779e-02
8.628765493631362915e-02
9.733591228723526001e-02
9.867294132709503174e-02
7.707971334457397461e-02
9.320147335529327393e-02
7.568177580833435059e-02
8.673370629549026489e-02
9.925553947687149048e-02
1.058685332536697388e-01
9.125526249408721924e-02
1.017236560583114624e-01
1.347585171461105347e-01
1.192698702216148376e-01
1.535304784774780273e-01
1.490769237279891968e-01
8.983535319566726685e-02
9.409239888191223145e-02
7.811433076858520508e-02
1.100297570228576660e-01
1.470121443271636963e-01
1.786886006593704224e-01
1.844589561223983765e-01
1.221686005592346191e-01
9.642153233289718628e-02
9.665929526090621948e-02
1.058019474148750305e-01
9.166646003723144531e-02
8.676745742559432983e-02
8.727854490280151367e-02
1.023678556084632874e-01
1.126864850521087646e-01
1.322703808546066284e-01
1.098981648683547974e-01
8.807214349508285522e-02
8.218998461961746216e-02
9.102075546979904175e-02
1.039044857025146484e-01
9.405379742383956909e-02
8.615809679031372070e-02
9.170748293399810791e-02
8.087651431560516357e-02
9.961518645286560059e-02
9.596650302410125732e-02
9.218452125787734985e-02
1.001326069235801697e-01
7.591084390878677368e-02
1.064336299896240234e-01
1.383577585220336914e-01
1.507237851619720459e-01
1.220446899533271790e-01
1.060957983136177063e-01
1.418333798646926880e-01
1.755526065826416016e-01
1.714358925819396973e-01
1.305005252361297607e-01
1.167347207665443420e-01
9.985307604074478149e-02
9.126584231853485107e-02
1.329316496849060059e-01
1.212000101804733276e-01
9.347962588071823120e-02
8.507358282804489136e-02
9.221322834491729736e-02
1.327429562807083130e-01
1.177454739809036255e-01
1.144256219267845154e-01
9.987383335828781128e-02
9.026190638542175293e-02
7.698982208967208862e-02
8.282332867383956909e-02
9.833370149135589600e-02
9.124782681465148926e-02
8.435991406440734863e-02
1.033185496926307678e-01
8.595956861972808838e-02
8.830165117979049683e-02
1.191819012165069580e-01
1.218229681253433228e-01
9.491026401519775391e-02
8.191824704408645630e-02
8.524632453918457031e-02
8.931753784418106079e-02
8.614593744277954102e-02
8.379250019788742065e-02
7.681495696306228638e-02
8.736816793680191040e-02
8.963792026042938232e-02
9.783682227134704590e-02
8.370431512594223022e-02
8.814187347888946533e-02
8.559796959161758423e-02
9.536392241716384888e-02
9.887650609016418457e-02
9.837593883275985718e-02
9.911095350980758667e-02
9.067498892545700073e-02
9.550877660512924194e-02
1.060735806822776794e-01
8.300988376140594482e-02
8.582857251167297363e-02
9.720948338508605957e-02
8.280730247497558594e-02
8.466371893882751465e-02
9.686168283224105835e-02
9.261903911828994751e-02
8.670796453952789307e-02
1.095331758260726929e-01
9.949648380279541016e-02
9.574980288743972778e-02
9.542702883481979370e-02
1.616497337818145752e-01
1.325991898775100708e-01
1.189582273364067078e-01
1.143417954444885254e-01
1.035373508930206299e-01
1.048118025064468384e-01
8.839233219623565674e-02
8.746475726366043091e-02
9.049202501773834229e-02
1.001635789871215820e-01
9.259634464979171753e-02
1.040573269128799438e-01
1.279325783252716064e-01
1.210771277546882629e-01
9.625823050737380981e-02
1.008890643715858459e-01
1.089330762624740601e-01
1.084667295217514038e-01
1.192980557680130005e-01
1.083184406161308289e-01
1.200443059206008911e-01
1.436770111322402954e-01
1.744172722101211548e-01
1.172065660357475281e-01
1.082625463604927063e-01
1.162477284669876099e-01
1.042860001325607300e-01
1.026138514280319214e-01
1.249953135848045349e-01
1.582633405923843384e-01
2.198112308979034424e-01
3.520627319812774658e-01
3.298712372779846191e-01
3.058998286724090576e-01
2.834032773971557617e-01
2.730942666530609131e-01
2.784104347229003906e-01
2.545579969882965088e-01
1.727765500545501709e-01
1.168710887432098389e-01
1.627884358167648315e-01
1.822902262210845947e-01
2.045488655567169189e-01
2.266527414321899414e-01
2.637931704521179199e-01
2.209647446870803833e-01
1.751979142427444458e-01
1.826210170984268188e-01
1.895380616188049316e-01
1.590212583541870117e-01
1.953604221343994141e-01
2.007477730512619019e-01
2.134621143341064453e-01
2.126069515943527222e-01
1.817738860845565796e-01
1.491430252790451050e-01
1.503226459026336670e-01
1.683051288127899170e-01
1.788462549448013306e-01
1.086633875966072083e-01
1.279633641242980957e-01
1.511851400136947632e-01
1.724067777395248413e-01
1.565214097499847412e-01
1.510113030672073364e-01
1.025158911943435669e-01
1.048694625496864319e-01
9.671457856893539429e-02
1.019995585083961487e-01
9.456837922334671021e-02
1.033930853009223938e-01
9.611757844686508179e-02
7.065618038177490234e-02
1.027342677116394043e-01
1.490939259529113770e-01
1.327276229858398438e-01
1.865579485893249512e-01
1.799079924821853638e-01
1.622585356235504150e-01
1.467742472887039185e-01
1.449673026800155640e-01
9.150893986225128174e-02
9.058421850204467773e-02
7.737778127193450928e-02
7.739640772342681885e-02
8.437705039978027344e-02
8.220493793487548828e-02
9.498027712106704712e-02
9.093039482831954956e-02
1.297751665115356445e-01
1.040343940258026123e-01
1.082093045115470886e-01
9.880886971950531006e-02
7.947266846895217896e-02
8.550508320331573486e-02
9.847205132246017456e-02
8.176296204328536987e-02
8.592695742845535278e-02
8.005160093307495117e-02
9.178626537322998047e-02
8.205489814281463623e-02
8.613952994346618652e-02
8.261461555957794189e-02
8.031819760799407959e-02
1.224580481648445129e-01
9.549462050199508667e-02
1.297140270471572876e-01
1.320633292198181152e-01
1.017016246914863586e-01
9.591224044561386108e-02
9.900943189859390259e-02
9.398028999567031860e-02
8.479230105876922607e-02
9.390892088413238525e-02
9.092114120721817017e-02
9.235501289367675781e-02
1.030134484171867371e-01
1.233860477805137634e-01
1.261158436536788940e-01
1.750698387622833252e-01
1.346520036458969116e-01
1.584803462028503418e-01
1.606888622045516968e-01
1.453202664852142334e-01
2.119208276271820068e-01
1.359590440988540649e-01
1.477266252040863037e-01
1.201683953404426575e-01
1.029559373855590820e-01
8.973237872123718262e-02
7.447871565818786621e-02
8.297993242740631104e-02
1.018318384885787964e-01
1.202771067619323730e-01
1.055482029914855957e-01
8.289887756109237671e-02
9.524197131395339966e-02
8.109531551599502563e-02
8.996644616127014160e-02
9.538590908050537109e-02
9.235540032386779785e-02
8.249196410179138184e-02
8.454276621341705322e-02
1.017610132694244385e-01
1.015889719128608704e-01
9.603854268789291382e-02
8.831578493118286133e-02
8.521732687950134277e-02
1.077351719141006470e-01
8.233357220888137817e-02
8.767091482877731323e-02
8.550057560205459595e-02
9.457937628030776978e-02
8.019720762968063354e-02
8.897133916616439819e-02
8.368308097124099731e-02
7.948402315378189087e-02
1.012606769800186157e-01
9.052704274654388428e-02
1.061280295252799988e-01
1.088908538222312927e-01
1.133362278342247009e-01
1.129905357956886292e-01
1.213482394814491272e-01
8.258836716413497925e-02
9.649720788002014160e-02
9.244417399168014526e-02
1.036497503519058228e-01
8.127018064260482788e-02
7.043845206499099731e-02
7.766770571470260620e-02
7.975871860980987549e-02
9.669163823127746582e-02
7.889259606599807739e-02
8.663875609636306763e-02
9.729505330324172974e-02
8.314119279384613037e-02
9.855254739522933960e-02
9.095788747072219849e-02
1.016245707869529724e-01
9.060639142990112305e-02
9.461177885532379150e-02
1.347330659627914429e-01
1.626972705125808716e-01
1.276351511478424072e-01
1.260910183191299438e-01
9.212434291839599609e-02
1.076990514993667603e-01
1.426398158073425293e-01
2.008922547101974487e-01
2.512136399745941162e-01
2.310794591903686523e-01
1.730869710445404053e-01
1.621361672878265381e-01
1.657974869012832642e-01
1.249562799930572510e-01
1.016572937369346619e-01
8.883491903543472290e-02
1.268413513898849487e-01
1.507021933794021606e-01
1.626227796077728271e-01
1.469804644584655762e-01
2.121353298425674438e-01
1.104030236601829529e-01
1.418559849262237549e-01
1.405804306268692017e-01
1.321716606616973877e-01
1.573699116706848145e-01
1.421383619308471680e-01
1.194917634129524231e-01
1.266445666551589966e-01
1.534291207790374756e-01
1.062601581215858459e-01
1.128363683819770813e-01
1.011939644813537598e-01
1.284446120262145996e-01
1.339828222990036011e-01
1.258514970541000366e-01
1.046154871582984924e-01
1.149304732680320740e-01
9.411285817623138428e-02
9.177688509225845337e-02
1.050491780042648315e-01
1.185396984219551086e-01
1.190286576747894287e-01
1.048344299197196960e-01
1.007927358150482178e-01
9.554988145828247070e-02
9.951990842819213867e-02
1.087534725666046143e-01
9.919885545969009399e-02
9.173230081796646118e-02
9.208744764328002930e-02
9.566637128591537476e-02
9.926014393568038940e-02
9.019768238067626953e-02
9.479720145463943481e-02
9.441538900136947632e-02
8.209181576967239380e-02
1.041712462902069092e-01
8.990929275751113892e-02
8.396374434232711792e-02
1.017139852046966553e-01
8.912441134452819824e-02
8.487448096275329590e-02
9.423597157001495361e-02
9.467666596174240112e-02
8.107460290193557739e-02
8.910918980836868286e-02
8.879397064447402954e-02
9.345035254955291748e-02
9.217928349971771240e-02
8.530240505933761597e-02
1.029423549771308899e-01
9.504739195108413696e-02
1.254729181528091431e-01
1.381650269031524658e-01
9.733306616544723511e-02
1.609691679477691650e-01
1.514967083930969238e-01
1.642668545246124268e-01
1.057510375976562500e-01
2.236516326665878296e-01
2.755320668220520020e-01
3.762476146221160889e-01
5.325408577919006348e-01
6.319224238395690918e-01
6.839471459388732910e-01
6.781641244888305664e-01
6.779761314392089844e-01
5.835114717483520508e-01
5.897883176803588867e-01
7.197901606559753418e-01
7.098462581634521484e-01
6.285625100135803223e-01
5.098153352737426758e-01
6.601408123970031738e-01
1.015842914581298828e+00
8.846787810325622559e-01
6.245892047882080078e-01
1.868411749601364136e-01
3.182136118412017822e-01
5.614663958549499512e-01
6.072188615798950195e-01
5.471642613410949707e-01
3.139753043651580811e-01
4.273880720138549805e-01
5.234948396682739258e-01
3.399754166603088379e-01
1.709751337766647339e-01
3.334814608097076416e-01
5.724653005599975586e-01
4.207247197628021240e-01
4.549447894096374512e-01
3.890548050403594971e-01
4.351307451725006104e-01
3.459618687629699707e-01
2.366310656070709229e-01
2.814091145992279053e-01
3.309350013732910156e-01
2.673813700675964355e-01
2.521798610687255859e-01
3.064827919006347656e-01
3.936761319637298584e-01
3.380647599697113037e-01
2.559922039508819580e-01
2.958578765392303467e-01
2.871184051036834717e-01
2.486445754766464233e-01
1.173790469765663147e-01
2.330045253038406372e-01
2.229504883289337158e-01
2.278811633586883545e-01
9.805727005004882812e-02
2.150827497243881226e-01
1.909416168928146362e-01
2.092953324317932129e-01
1.889546066522598267e-01
1.183185726404190063e-01
2.001701891422271729e-01
2.294986695051193237e-01
2.590976357460021973e-01
1.357330679893493652e-01
2.093935608863830566e-01
2.708746194839477539e-01
2.854020893573760986e-01
2.280068695545196533e-01
1.026014089584350586e-01
1.995042413473129272e-01
2.179113626480102539e-01
2.045457214117050171e-01
9.770963340997695923e-02
1.473636776208877563e-01
2.071510106325149536e-01
1.992301046848297119e-01
1.246732100844383240e-01
1.502878367900848389e-01
2.425385415554046631e-01
2.295899987220764160e-01
1.868080198764801025e-01
2.547189891338348389e-01
4.322333633899688721e-01
4.311316907405853271e-01
4.302317500114440918e-01
3.967969119548797607e-01
1.876742541790008545e-01
2.459665387868881226e-01
4.301903247833251953e-01
5.595552325248718262e-01
6.056705713272094727e-01
5.067293047904968262e-01
1.167058497667312622e-01
3.976206481456756592e-01
5.531415939331054688e-01
5.148532986640930176e-01
3.858024775981903076e-01
3.482147455215454102e-01
5.131199359893798828e-01
4.922959506511688232e-01
3.922459185123443604e-01
2.548423111438751221e-01
1.593611091375350952e-01
1.127432957291603088e-01
9.503321349620819092e-02
9.033136069774627686e-02
1.134567484259605408e-01
1.273009181022644043e-01
1.323997378349304199e-01
1.859729886054992676e-01
1.287500411272048950e-01
1.248791068792343140e-01
1.025357171893119812e-01
9.513268619775772095e-02
8.435662835836410522e-02
1.064771413803100586e-01
8.858129382133483887e-02
8.054128289222717285e-02
8.393768966197967529e-02
7.662381976842880249e-02
7.728800922632217407e-02
9.273189306259155273e-02
8.023121207952499390e-02
9.826593846082687378e-02
9.932484477758407593e-02
9.184633195400238037e-02
1.016303226351737976e-01
9.164123237133026123e-02
8.343736082315444946e-02
1.017438843846321106e-01
7.866127043962478638e-02
7.330891489982604980e-02
9.220102429389953613e-02
7.566864788532257080e-02
8.001317083835601807e-02
9.268603473901748657e-02
8.861448615789413452e-02
1.038419976830482483e-01
8.213359862565994263e-02
1.049053445458412170e-01
9.750635176897048950e-02
8.479668200016021729e-02
7.671799510717391968e-02
8.962345868349075317e-02
7.431056350469589233e-02
7.886262238025665283e-02
7.525222003459930420e-02
8.043284714221954346e-02
8.929162472486495972e-02
8.643950521945953369e-02
8.445812016725540161e-02
8.206263184547424316e-02
8.520107716321945190e-02
7.588510960340499878e-02
8.217575401067733765e-02
8.255849778652191162e-02
9.074260294437408447e-02
1.074519157409667969e-01
8.538035303354263306e-02
9.483903646469116211e-02
8.903735131025314331e-02
9.488125145435333252e-02
9.872245043516159058e-02
8.739313483238220215e-02
9.142749756574630737e-02
8.273018896579742432e-02
9.532228112220764160e-02
8.568287640810012817e-02
1.020581871271133423e-01
1.078101992607116699e-01
1.189036220312118530e-01
8.966485410928726196e-02
1.031915992498397827e-01
1.052922084927558899e-01
1.337852776050567627e-01
1.187844350934028625e-01
1.040109246969223022e-01
1.147879809141159058e-01
9.960673004388809204e-02
3.354219496250152588e-01
3.726313114166259766e-01
2.951098978519439697e-01
1.880295574665069580e-01
2.043084949254989624e-01
4.103343784809112549e-01
4.253207147121429443e-01
2.602256834506988525e-01
2.608017623424530029e-01
1.599028706550598145e-01
1.720657199621200562e-01
2.367493808269500732e-01
1.997653990983963013e-01
1.110709235072135925e-01
1.087638735771179199e-01
1.128471195697784424e-01
9.762780368328094482e-02
1.525256931781768799e-01
1.693907082080841064e-01
8.460600674152374268e-02
1.149053275585174561e-01
1.077366620302200317e-01
1.139961257576942444e-01
1.360341608524322510e-01
9.339659661054611206e-02
1.083214804530143738e-01
1.360278278589248657e-01
1.091439202427864075e-01
8.570939302444458008e-02
1.096866130828857422e-01
1.135493442416191101e-01
1.068967133760452271e-01
8.229374140501022339e-02
8.367545157670974731e-02
7.793640345335006714e-02
8.032160997390747070e-02
9.216029196977615356e-02
9.957379102706909180e-02
8.142993599176406860e-02
8.010894060134887695e-02
1.048435494303703308e-01
9.315686672925949097e-02
8.537641167640686035e-02
8.310808986425399780e-02
8.475191146135330200e-02
7.826902717351913452e-02
9.270420670509338379e-02
8.875682950019836426e-02
8.231907337903976440e-02
7.893187552690505981e-02
8.350244909524917603e-02
8.162312209606170654e-02
9.421758353710174561e-02
8.694197982549667358e-02
8.032084256410598755e-02
8.322695642709732056e-02
8.692285418510437012e-02
1.124093383550643921e-01
1.273033767938613892e-01
1.064387932419776917e-01
1.021468490362167358e-01
9.173724800348281860e-02
1.070664674043655396e-01
8.983872085809707642e-02
8.955836296081542969e-02
9.616109728813171387e-02
9.013853222131729126e-02
8.821967989206314087e-02
8.849291503429412842e-02
9.676326811313629150e-02
9.003381431102752686e-02
8.067618310451507568e-02
9.705355018377304077e-02
1.060341447591781616e-01
8.093643188476562500e-02
8.714883774518966675e-02
8.173552155494689941e-02
1.009656712412834167e-01
1.138665378093719482e-01
9.313339740037918091e-02
8.342348039150238037e-02
8.268732577562332153e-02
1.002075523138046265e-01
8.667398244142532349e-02
9.305939078330993652e-02
9.229654073715209961e-02
9.378068894147872925e-02
9.255229681730270386e-02
1.076237410306930542e-01
8.460707217454910278e-02
8.992620557546615601e-02
7.886426895856857300e-02
8.429567515850067139e-02
8.557598292827606201e-02
1.064111962914466858e-01
8.758204430341720581e-02
1.103654876351356506e-01
1.261152178049087524e-01
1.508448570966720581e-01
1.420298367738723755e-01
1.064505502581596375e-01
8.947386592626571655e-02
1.210560947656631470e-01
1.057612672448158264e-01
8.561423420906066895e-02
1.000720039010047913e-01
1.177053228020668030e-01
1.025147959589958191e-01
9.994138032197952271e-02
9.850034117698669434e-02
1.211380288004875183e-01
1.320182979106903076e-01
1.185175180435180664e-01
1.055705696344375610e-01
8.009365946054458618e-02
8.384953439235687256e-02
8.299622684717178345e-02
8.273033797740936279e-02
9.443370997905731201e-02
1.025419011712074280e-01
9.899818897247314453e-02
9.406334906816482544e-02
9.673947095870971680e-02
8.491314947605133057e-02
8.743961155414581299e-02
1.070383489131927490e-01
8.760271221399307251e-02
9.400267899036407471e-02
9.501690417528152466e-02
9.440020471811294556e-02
9.859783947467803955e-02
9.688564389944076538e-02
8.640550076961517334e-02
1.415235400199890137e-01
1.219410151243209839e-01
8.917153626680374146e-02
7.965043932199478149e-02
9.699457883834838867e-02
8.850338310003280640e-02
1.158008128404617310e-01
9.366727620363235474e-02
9.485626965761184692e-02
9.463693946599960327e-02
8.437755703926086426e-02
7.899479568004608154e-02
8.938272297382354736e-02
1.069441735744476318e-01
1.211888715624809265e-01
9.387038648128509521e-02
1.020953878760337830e-01
1.401787251234054565e-01
9.920429438352584839e-02
7.896698266267776489e-02
9.187259525060653687e-02
9.340725839138031006e-02
1.173776835203170776e-01
9.660695493221282959e-02
9.420063346624374390e-02
1.186881586909294128e-01
9.822258353233337402e-02
1.017970964312553406e-01
9.625250101089477539e-02
1.106361821293830872e-01
9.477701783180236816e-02
9.136094152927398682e-02
9.750429540872573853e-02
9.404497593641281128e-02
1.247972100973129272e-01
1.253692656755447388e-01
1.006333008408546448e-01
1.043112054467201233e-01
1.281702220439910889e-01
1.304287761449813843e-01
1.192451864480972290e-01
1.113696396350860596e-01
1.156407743692398071e-01
9.546191990375518799e-02
8.207519352436065674e-02
8.972455561161041260e-02
9.330035746097564697e-02
9.194418787956237793e-02
8.046878129243850708e-02
9.655103087425231934e-02
1.056199371814727783e-01
1.097741648554801941e-01
9.788906574249267578e-02
1.083494275808334351e-01
1.067949607968330383e-01
8.819232881069183350e-02
8.159797638654708862e-02
8.715665340423583984e-02
8.191125839948654175e-02
8.757027983665466309e-02
8.914475142955780029e-02
9.458041936159133911e-02
9.459750354290008545e-02
9.007044881582260132e-02
9.826651960611343384e-02
8.888198435306549072e-02
1.018391475081443787e-01
8.849532902240753174e-02
1.025048643350601196e-01
9.607174247503280640e-02
9.029513597488403320e-02
9.816610068082809448e-02
9.334084391593933105e-02
9.123057872056961060e-02
9.500609338283538818e-02
9.279898554086685181e-02
9.153950959444046021e-02
1.035653054714202881e-01
9.552534669637680054e-02
1.082885339856147766e-01
9.503423422574996948e-02
7.983229309320449829e-02
8.447098731994628906e-02
1.034128740429878235e-01
1.029076799750328064e-01
1.400927901268005371e-01
8.139258623123168945e-02
8.430713415145874023e-02
8.557745069265365601e-02
8.671583235263824463e-02
9.640952944755554199e-02
8.590554445981979370e-02
8.493727445602416992e-02
8.077930659055709839e-02
9.502111375331878662e-02
1.005151122808456421e-01
1.057759895920753479e-01
1.049279794096946716e-01
8.644626289606094360e-02
9.361586719751358032e-02
1.020022556185722351e-01
8.554099500179290771e-02
1.100896000862121582e-01
8.425585180521011353e-02
8.361941576004028320e-02
9.825243055820465088e-02
8.722666651010513306e-02
1.106457859277725220e-01
1.161417067050933838e-01
8.377323299646377563e-02
8.413770794868469238e-02
9.539394825696945190e-02
1.023852005600929260e-01
1.762137860059738159e-01
1.801327913999557495e-01
1.837263405323028564e-01
2.727779746055603027e-01
3.604562282562255859e-01
3.230662047863006592e-01
2.312413007020950317e-01
2.728850245475769043e-01
2.396349012851715088e-01
2.233781665563583374e-01
2.149206548929214478e-01
3.602254688739776611e-01
3.815510869026184082e-01
2.802954912185668945e-01
1.886983513832092285e-01
1.353975236415863037e-01
2.278889864683151245e-01
3.259411454200744629e-01
3.254034221172332764e-01
2.679499089717864990e-01
2.211360484361648560e-01
2.074537128210067749e-01
1.373371481895446777e-01
1.218547150492668152e-01
1.066721975803375244e-01
1.293085664510726929e-01
5.151880979537963867e-01
3.834556341171264648e-01
4.478881359100341797e-01
7.038737535476684570e-01
3.986252248287200928e-01
2.706958651542663574e-01
3.108554482460021973e-01
2.808164656162261963e-01
2.484607845544815063e-01
2.308167070150375366e-01
2.065109610557556152e-01
1.520772278308868408e-01
1.390196681022644043e-01
1.065773665904998779e-01
1.278814226388931274e-01
1.302799880504608154e-01
1.337860375642776489e-01
1.294759958982467651e-01
1.063475832343101501e-01
8.859499543905258179e-02
9.796865284442901611e-02
1.108511090278625488e-01
1.016172245144844055e-01
9.202442318201065063e-02
8.639520406723022461e-02
7.789780199527740479e-02
7.694481313228607178e-02
9.603665024042129517e-02
7.968086004257202148e-02
8.996214717626571655e-02
1.123480349779129028e-01
1.110745444893836975e-01
1.076174899935722351e-01
8.847053349018096924e-02
8.211003988981246948e-02
8.889517933130264282e-02
8.460889011621475220e-02
7.666113227605819702e-02
7.919295132160186768e-02
9.531615674495697021e-02
8.075993508100509644e-02
1.063033267855644226e-01
1.162818819284439087e-01
1.213444694876670837e-01
1.162455603480339050e-01
1.094552874565124512e-01
1.300706714391708374e-01
1.686193048954010010e-01
1.178966462612152100e-01
1.111044436693191528e-01
1.392976492643356323e-01
1.538121104240417480e-01
1.322548538446426392e-01
1.538394093513488770e-01
1.454483568668365479e-01
1.322354823350906372e-01
8.944543451070785522e-02
8.562900871038436890e-02
8.147549629211425781e-02
8.110531419515609741e-02
7.797922939062118530e-02
9.941906481981277466e-02
8.680220693349838257e-02
1.362256407737731934e-01
8.443439751863479614e-02
1.175849288702011108e-01
1.147355139255523682e-01
1.014609113335609436e-01
9.629343450069427490e-02
1.223034858703613281e-01
1.275546550750732422e-01
1.171789020299911499e-01
1.030671596527099609e-01
9.094592928886413574e-02
1.563516706228256226e-01
9.112081676721572876e-02
1.861976534128189087e-01
1.753570139408111572e-01
2.208011001348495483e-01
2.190752029418945312e-01
1.571806967258453369e-01
1.327710002660751343e-01
1.805056482553482056e-01
1.677216142416000366e-01
1.781141012907028198e-01
1.550028026103973389e-01
1.650101542472839355e-01
1.035148203372955322e-01
1.120998412370681763e-01
1.302139461040496826e-01
2.166655659675598145e-01
1.688565015792846680e-01
2.071069180965423584e-01
2.006671130657196045e-01
2.138490229845046997e-01
2.035129070281982422e-01
1.971684247255325317e-01
1.882170587778091431e-01
2.009229809045791626e-01
1.823235899209976196e-01
2.625412046909332275e-01
2.781400680541992188e-01
2.788641452789306641e-01
2.627253234386444092e-01
1.744019538164138794e-01
2.049646824598312378e-01
1.876678913831710815e-01
3.713792562484741211e-01
2.801237404346466064e-01
1.734462380409240723e-01
2.683255970478057861e-01
1.287997663021087646e-01
2.101788520812988281e-01
1.341617852449417114e-01
1.107971817255020142e-01
2.259384244680404663e-01
2.640914916992187500e-01
2.244245111942291260e-01
1.057441681623458862e-01
1.824142634868621826e-01
3.296407759189605713e-01
3.867567777633666992e-01
3.280097842216491699e-01
2.926419377326965332e-01
2.922852635383605957e-01
2.702245414257049561e-01
2.157996296882629395e-01
1.132850274443626404e-01
1.303859204053878784e-01
1.634323596954345703e-01
2.121940702199935913e-01
2.308675795793533325e-01
3.634159564971923828e-01
3.130922019481658936e-01
2.819474339485168457e-01
2.918443381786346436e-01
1.780448853969573975e-01
2.392732650041580200e-01
2.202810794115066528e-01
1.245746985077857971e-01
1.348233819007873535e-01
2.214038074016571045e-01
1.832762956619262695e-01
2.450792193412780762e-01
2.054165750741958618e-01
2.381091266870498657e-01
2.700365185737609863e-01
2.034862935543060303e-01
1.627979576587677002e-01
1.830255687236785889e-01
1.727262884378433228e-01
1.022504344582557678e-01
1.476123631000518799e-01
1.285314261913299561e-01
1.032337620854377747e-01
8.499998599290847778e-02
1.451669186353683472e-01
1.012788936495780945e-01
1.092290580272674561e-01
1.203264370560646057e-01
1.166589632630348206e-01
1.335013061761856079e-01
1.267154216766357422e-01
1.200953349471092224e-01
1.207193583250045776e-01
1.136731505393981934e-01
9.559673070907592773e-02
1.326278150081634521e-01
8.760514110326766968e-02
8.134460449218750000e-02
9.076372534036636353e-02
1.030152291059494019e-01
1.104950681328773499e-01
1.095453426241874695e-01
1.030827239155769348e-01
9.899703413248062134e-02
9.865332394838333130e-02
1.513154655694961548e-01
1.394650489091873169e-01
9.499948471784591675e-02
1.505673825740814209e-01
8.797096461057662964e-02
1.090369150042533875e-01
1.378244161605834961e-01
1.114648282527923584e-01
1.314100772142410278e-01
1.509657651185989380e-01
2.231826633214950562e-01
1.637077629566192627e-01
8.443368971347808838e-02
1.355272531509399414e-01
1.358444988727569580e-01
9.504538774490356445e-02
9.988174587488174438e-02
8.321485668420791626e-02
1.482680588960647583e-01
1.144235804677009583e-01
1.026053950190544128e-01
1.304131001234054565e-01
1.243173629045486450e-01
1.623746305704116821e-01
1.959919035434722900e-01
2.466538101434707642e-01
2.216240018606185913e-01
2.450170665979385376e-01
2.191016525030136108e-01
1.554982215166091919e-01
8.638595044612884521e-02
8.272261917591094971e-02
8.903371542692184448e-02
1.125664263963699341e-01
1.178376227617263794e-01
1.317174732685089111e-01
8.860915154218673706e-02
8.814301341772079468e-02
1.057610288262367249e-01
1.189983710646629333e-01
1.058219745755195618e-01
1.147322058677673340e-01
1.512612402439117432e-01
1.828914582729339600e-01
1.679753661155700684e-01
2.137616723775863647e-01
1.930525600910186768e-01
1.314598470926284790e-01
9.928101301193237305e-02
9.306284040212631226e-02
1.033341512084007263e-01
9.439192712306976318e-02
1.031992211937904358e-01
8.212367445230484009e-02
9.152206033468246460e-02
8.683867752552032471e-02
8.573836088180541992e-02
9.905466437339782715e-02
1.002867594361305237e-01
9.621837735176086426e-02
9.275516867637634277e-02
8.657513558864593506e-02
1.098882555961608887e-01
1.057681143283843994e-01
9.829508513212203979e-02
1.355902254581451416e-01
1.440313905477523804e-01
1.703159064054489136e-01
1.255611181259155273e-01
1.130664721131324768e-01
1.330358833074569702e-01
1.362273693084716797e-01
1.028660237789154053e-01
8.218808472156524658e-02
8.360155671834945679e-02
8.662516623735427856e-02
9.576665610074996948e-02
8.779223263263702393e-02
9.004836529493331909e-02
8.586913347244262695e-02
8.929183334112167358e-02
8.943335711956024170e-02
9.516523778438568115e-02
1.102237030863761902e-01
8.862622082233428955e-02
8.602382242679595947e-02
9.821186214685440063e-02
8.810151368379592896e-02
9.290602803230285645e-02
9.075307101011276245e-02
8.708796650171279907e-02
9.516293555498123169e-02
8.279677480459213257e-02
9.109041094779968262e-02
1.023989766836166382e-01
8.943846821784973145e-02
9.224446117877960205e-02
9.249733388423919678e-02
1.164055988192558289e-01
9.908071905374526978e-02
9.725226461887359619e-02
1.029495000839233398e-01
9.941600263118743896e-02
1.030267700552940369e-01
8.278349041938781738e-02
9.265481680631637573e-02
8.983524143695831299e-02
8.755832165479660034e-02
8.470328897237777710e-02
9.714223444461822510e-02
9.770578145980834961e-02
8.362373709678649902e-02
9.673495590686798096e-02
9.027668088674545288e-02
1.245461702346801758e-01
1.128013581037521362e-01
8.446551859378814697e-02
1.018914654850959778e-01
9.366556257009506226e-02
8.347555249929428101e-02
9.794724732637405396e-02
9.938071668148040771e-02
1.102874130010604858e-01
1.026446223258972168e-01
1.240467503666877747e-01
1.234093457460403442e-01
1.374897658824920654e-01
1.251353621482849121e-01
9.553159773349761963e-02
8.752726763486862183e-02
8.840130269527435303e-02
9.634193778038024902e-02
1.144669950008392334e-01
9.698025882244110107e-02
7.808116823434829712e-02
8.183114230632781982e-02
1.216261237859725952e-01
9.248097985982894897e-02
8.982180058956146240e-02
9.723701328039169312e-02
9.397190809249877930e-02
1.005054712295532227e-01
8.645431697368621826e-02
9.002960473299026489e-02
9.530086815357208252e-02
9.942418336868286133e-02
1.288490146398544312e-01
1.200957223773002625e-01
1.051349639892578125e-01
1.353587657213211060e-01
1.151708737015724182e-01
1.132367849349975586e-01
1.096758916974067688e-01
1.096839681267738342e-01
1.136373355984687805e-01
8.876222372055053711e-02
1.129852458834648132e-01
9.483063966035842896e-02
9.906847774982452393e-02
8.981379121541976929e-02
9.165190160274505615e-02
8.856540918350219727e-02
1.086646243929862976e-01
9.774015843868255615e-02
9.032804518938064575e-02
1.038641333580017090e-01
8.943291008472442627e-02
8.667431771755218506e-02
8.622562140226364136e-02
1.140660792589187622e-01
8.958435058593750000e-02
1.188900098204612732e-01
1.061765477061271667e-01
9.771842509508132935e-02
9.132011234760284424e-02
9.263341128826141357e-02
9.358828514814376831e-02
1.111034229397773743e-01
9.568378329277038574e-02
9.942059218883514404e-02
1.008601188659667969e-01
9.504285454750061035e-02
1.098419949412345886e-01
1.221248656511306763e-01
8.708626776933670044e-02
9.219284355640411377e-02
8.914522081613540649e-02
8.647066354751586914e-02
9.639190882444381714e-02
9.071137011051177979e-02
9.118682891130447388e-02
9.601342678070068359e-02
7.981327921152114868e-02
1.029844209551811218e-01
1.172281429171562195e-01
1.377574354410171509e-01
1.883734017610549927e-01
2.307750582695007324e-01
2.662196755409240723e-01
4.335493147373199463e-01
6.062083840370178223e-01
6.085326671600341797e-01
6.138497591018676758e-01
5.882798433303833008e-01
4.565484225749969482e-01
3.480804562568664551e-01
2.485773712396621704e-01
1.983799785375595093e-01
1.973714977502822876e-01
1.640052795410156250e-01
2.893642783164978027e-01
2.428228408098220825e-01
2.241396307945251465e-01
1.951713711023330688e-01
2.605090737342834473e-01
1.984265744686126709e-01
1.647371947765350342e-01
1.574800461530685425e-01
1.124538853764533997e-01
1.903623491525650024e-01
1.983148008584976196e-01
2.073649615049362183e-01
2.141396552324295044e-01
2.100730091333389282e-01
2.055834233760833740e-01
2.147575020790100098e-01
1.718114763498306274e-01
1.585049629211425781e-01
1.781927347183227539e-01
2.325803041458129883e-01
1.760896891355514526e-01
1.465411335229873657e-01
2.055348753929138184e-01
1.651889085769653320e-01
1.479145437479019165e-01
1.991235762834548950e-01
2.641919851303100586e-01
2.434028089046478271e-01
1.751776635646820068e-01
8.372447639703750610e-02
9.841892868280410767e-02
1.191463097929954529e-01
2.127210944890975952e-01
2.081478983163833618e-01
1.740812510251998901e-01
1.292067766189575195e-01
1.244724988937377930e-01
1.420938521623611450e-01
2.533482611179351807e-01
2.951612770557403564e-01
1.817146241664886475e-01
1.431655138731002808e-01
1.308803409337997437e-01
1.274332553148269653e-01
1.008264273405075073e-01
7.268933206796646118e-02
7.523352652788162231e-02
9.200393408536911011e-02
7.133976370096206665e-02
8.813036978244781494e-02
9.219886362552642822e-02
1.057783290743827820e-01
1.090422049164772034e-01
9.433614462614059448e-02
9.073881804943084717e-02
1.293839365243911743e-01
1.017858535051345825e-01
7.665255665779113770e-02
7.176700979471206665e-02
7.912947982549667358e-02
1.166614890098571777e-01
1.378291994333267212e-01
1.538070142269134521e-01
2.214613407850265503e-01
2.275291085243225098e-01
2.191383391618728638e-01
3.152877390384674072e-01
3.497264385223388672e-01
4.027700424194335938e-01
4.420825839042663574e-01
3.564024269580841064e-01
3.239704668521881104e-01
3.293969333171844482e-01
6.059945225715637207e-01
6.118323802947998047e-01
6.545501947402954102e-01
5.646502375602722168e-01
4.380094408988952637e-01
4.160788357257843018e-01
3.104623556137084961e-01
3.716081082820892334e-01
3.425686061382293701e-01
3.156740367412567139e-01
1.498948782682418823e-01
1.208083704113960266e-01
1.231440678238868713e-01
2.041572332382202148e-01
1.501393765211105347e-01
1.394553035497665405e-01
3.559701144695281982e-01
4.063213765621185303e-01
3.414652645587921143e-01
3.067500591278076172e-01
1.946605890989303589e-01
1.418125480413436890e-01
1.271243691444396973e-01
1.172610074281692505e-01
9.372130781412124634e-02
1.207563951611518860e-01
1.254703849554061890e-01
9.913198649883270264e-02
9.049459546804428101e-02
9.637469798326492310e-02
7.487625628709793091e-02
8.279109001159667969e-02
8.510563522577285767e-02
1.148388013243675232e-01
9.864176064729690552e-02
1.166545897722244263e-01
1.203609406948089600e-01
8.933027088642120361e-02
1.214780583977699280e-01
1.328978389501571655e-01
9.839633852243423462e-02
1.260936707258224487e-01
1.237520724534988403e-01
1.403027921915054321e-01
1.401292681694030762e-01
1.438050717115402222e-01
1.631668210029602051e-01
1.968523114919662476e-01
2.406412065029144287e-01
2.827983796596527100e-01
2.863216698169708252e-01
3.349070847034454346e-01
3.454780876636505127e-01
2.776410281658172607e-01
1.610961258411407471e-01
2.720969915390014648e-01
4.683950543403625488e-01
7.469566464424133301e-01
9.998383522033691406e-01
5.202749967575073242e-01
1.188665151596069336e+00
1.150944113731384277e+00
8.535163402557373047e-01
3.657093048095703125e-01
2.116518020629882812e-01
3.563672602176666260e-01
4.061403870582580566e-01
4.263017475605010986e-01
6.389691233634948730e-01
4.985064268112182617e-01
4.734959602355957031e-01
5.361956954002380371e-01
4.614914059638977051e-01
1.526644229888916016e-01
2.225325405597686768e-01
1.128380447626113892e-01
3.157950341701507568e-01
3.398637771606445312e-01
2.400685995817184448e-01
1.501283049583435059e-01
2.119818925857543945e-01
1.727644801139831543e-01
2.138573825359344482e-01
2.433033734560012817e-01
2.772758901119232178e-01
2.415178716182708740e-01
1.727521419525146484e-01
1.364035159349441528e-01
2.592992484569549561e-01
3.195507526397705078e-01
3.334839940071105957e-01
4.652656912803649902e-01
4.891976118087768555e-01
5.913686752319335938e-01
5.077465772628784180e-01
2.734206914901733398e-01
2.831212878227233887e-01
1.278388202190399170e-01
1.254183202981948853e-01
1.642624884843826294e-01
1.408439278602600098e-01
2.097000777721405029e-01
2.081303596496582031e-01
1.007669642567634583e-01
1.372737437486648560e-01
1.075957119464874268e-01
1.407350897789001465e-01
1.576153934001922607e-01
1.121668219566345215e-01
1.480178534984588623e-01
1.003790572285652161e-01
1.174881830811500549e-01
9.874305874109268188e-02
1.418699175119400024e-01
1.108959317207336426e-01
1.275786906480789185e-01
1.512376815080642700e-01
9.064157307147979736e-02
1.186827421188354492e-01
1.537026464939117432e-01
1.656261235475540161e-01
1.263026446104049683e-01
9.766673296689987183e-02
8.058628439903259277e-02
1.841179132461547852e-01
1.488768756389617920e-01
1.452059000730514526e-01
1.578696072101593018e-01
9.916599094867706299e-02
1.202770918607711792e-01
1.185180172324180603e-01
1.112015545368194580e-01
9.965544939041137695e-02
1.044232472777366638e-01
1.081251278519630432e-01
8.595415949821472168e-02
9.805209189653396606e-02
1.026383042335510254e-01
1.251895129680633545e-01
1.203849539160728455e-01
8.490931987762451172e-02
1.201907470822334290e-01
8.530431985855102539e-02
8.627531677484512329e-02
1.605429202318191528e-01
2.166547179222106934e-01
2.202216982841491699e-01
5.587820410728454590e-01
