8
19
36
42
50
56
64
75
86
95
107
116
122
131
140
146
157
166
174
185
200
214
226
239
253
265
279
294
309
324
334
343
349
358
364
373
383
389
398
408
417
423
437
452
458
466
472
478
487
497
506
521
532
547
561
575
581
587
596
605
611
621
635
650
665
675
681
695
705
713
720
729
742
750
759
773
779
788
794
803
809
818
830
843
858
873
887
893
902
913
928
942
957
967
977
986
997
1012
1026
1037
1051
1065
1071
1078
1091
1105
1119
1125
1131
1144
1153
1160
1166
1174
1185
1199
1210
1224
1235
1248
1259
1273
1284
1297
1308
1318
1328
1338
1344
1355
1367
1377
1392
1402
1413
1431
1441
1447
1455
1466
1480
1490
1501
1515
1530
1541
1555
1569
1580
1595
1609
1620
1633
1644
1658
1669
1683
1694
1708
1719
1733
1744
1758
1769
1782
1793
1807
1818
1831
1842
1852
1867
1877
1883
1890
1896
1905
1911
1923
1932
1941
1955
1966
1976
1986
1995
2005
2020
2027
2036
2047
2054
2065
2074
2085
2095
2107
2115
2129
2139
2145
2160
2173
2184
2194
2208
2218
2229
2243
2251
2257
2267
2273
2283
2294
2307
2322
2333
2346
2356
2367
2377
2391
2401
2412
2422
2431
2441
2448
2457
2471
2481
2491
2499
2506
2516
2526
2545
