11
26
40
54
69
83
95
110
124
139
149
163
178
208
218
233
244
258
272
288
302
317
332
347
362
381
396
411
431
441
456
471
485
498
511
525
540
551
565
579
594
609
624
639
654
673
688
703
718
733
748
763
777
792
807
821
837
850
866
877
891
906
920
935
946
961
976
990
1004
1019
1030
1044
1059
1069
1083
1098
1110
1124
1138
1152
1164
1177
1192
1203
1217
1228
1242
1252
1267
1277
1290
1301
1316
1325
1337
1361
1375
1386
1401
1410
1423
1435
1449
1459
1470
1495
1519
1533
1548
1559
1573
1586
1599
1624
1638
1648
1663
1673
1687
1698
1712
1726
1737
1751
1766
1776
1787
1801
1825
1835
1845
1859
1869
1880
1905
1914
1925
1938
1949
1969
1980
1991
2001
2013
