89
214
328
446
568
684
780
899
1016
1137
1224
1339
1463
1704
1790
1914
2000
2114
2234
2358
2475
2599
2725
2844
2968
3128
3249
3374
3531
3620
3739
3862
3979
4081
4189
4303
4425
4517
4634
4750
4870
4992
5118
5242
5366
5518
5645
5764
5885
6011
6132
6256
6375
6496
6616
6736
6860
6973
7105
7192
7309
7426
7548
7671
7761
7879
8000
8119
8236
8355
8448
8564
8685
8769
8882
9007
9099
9216
9331
9450
9542
9655
9779
9865
9980
10070
10184
10269
10386
10473
10581
10670
10794
10869
10961
11161
11273
11365
11485
11563
11672
11764
11879
11966
12053
12260
12460
12575
12694
12783
12897
13008
13114
13227
13314
13429
13518
13635
13724
13837
13923
14040
14155
14247
14356
14481
14564
14651
14767
14966
15048
15133
15246
15327
15417
15620
15699
15788
15892
15983
16151
16237
16325
16411
16504
