9.540822955140222916e+01
9.473009797143484434e+01
9.406273748485905628e+01
9.382571928946710216e+01
9.353838160364709609e+01
9.332854921053520059e+01
9.279977463083184830e+01
9.266457770270270089e+01
9.244304975216957132e+01
9.249645065650148013e+01
9.286941714672992987e+01
9.323279031333265721e+01
9.361546415824409451e+01
9.383586358270007111e+01
9.399352357485348364e+01
9.434769805952124955e+01
9.460211955621791446e+01
9.470101158973670863e+01
9.405260510120234585e+01
9.368689951961569307e+01
9.382477586236007028e+01
9.371677673697688249e+01
9.382941364623491154e+01
9.381376298033616479e+01
9.323293226756416630e+01
9.352169573528665580e+01
9.332495562774187192e+01
9.343151253528142774e+01
9.393325499412456736e+01
9.380132284411484989e+01
9.392506958183830079e+01
9.385821779535179132e+01
9.396107553558856296e+01
9.393535878068519196e+01
9.392421127140353576e+01
9.396662565105263809e+01
9.393748637910512400e+01
9.398490337146803597e+01
9.403154616842674329e+01
9.375161388447628497e+01
9.361359314003536269e+01
9.366583934261277022e+01
9.392141384090062672e+01
9.355691922777833724e+01
9.329063107206218319e+01
9.367453496485644848e+01
9.342977741082110299e+01
9.357677397606606462e+01
9.357618172313192417e+01
9.331698182917408246e+01
9.331476295091314910e+01
9.341407391238645630e+01
9.368503207772744190e+01
9.338233857246339653e+01
9.341346347016673235e+01
9.350294063437273451e+01
9.362528410525784750e+01
9.366096344678207686e+01
9.367095745573548982e+01
9.352294144136631360e+01
9.370717907390618961e+01
9.372943277948165530e+01
9.378899653513640544e+01
9.357300441235460653e+01
9.356271738947792471e+01
9.336080028269026343e+01
9.336589613947275268e+01
9.374585840200886366e+01
9.353122060996909681e+01
9.323957215665235765e+01
9.332633786277469312e+01
9.316751116239403530e+01
9.360682889327136991e+01
9.354440624791402570e+01
9.373201569049984982e+01
9.339639413419044445e+01
9.354861309453806939e+01
9.370087578014897645e+01
9.363943690398103570e+01
9.360588470776620795e+01
9.362418618699241790e+01
9.376730850079879076e+01
9.424540659494201122e+01
9.440755147924770085e+01
9.415613758395208777e+01
9.354199443509325818e+01
9.338960863925063904e+01
9.359870295270971496e+01
9.373321411701195416e+01
9.375494708550311884e+01
9.350812286460775624e+01
9.375753177268815364e+01
9.399005777240360260e+01
9.396531182543799332e+01
9.402689596560514929e+01
9.406878359878460572e+01
9.395345091005712845e+01
9.425724704041026314e+01
9.419665195908316946e+01
9.457367982675329188e+01
9.440060180875117624e+01
9.434850800824085582e+01
9.437226482913980874e+01
9.410409640944256182e+01
9.428249535069075193e+01
9.379463135998943812e+01
9.364165156226616205e+01
9.380877977427236658e+01
9.379135769627241359e+01
9.403964559243129884e+01
9.392333878450087070e+01
9.371713995774484829e+01
9.395682472100719451e+01
9.410506921621352205e+01
9.415249096754946834e+01
9.406430953969312725e+01
9.390808652246255406e+01
9.415379110637731230e+01
9.408581192044192676e+01
9.412364193827900749e+01
9.380512939846749987e+01
9.351749229872616809e+01
9.364013464179254242e+01
9.385767922093160109e+01
9.402359648827744820e+01
9.401403620837466235e+01
9.380562392528406690e+01
9.379199582273575686e+01
9.386836649389734077e+01
9.417191436819008743e+01
9.410468425634499567e+01
9.392976233882463077e+01
9.408111948907428257e+01
9.380357438907125811e+01
9.397551978537893547e+01
9.371570134688012388e+01
9.370855588027815486e+01
9.381733493317335615e+01
9.382639827750236350e+01
9.397937266167824077e+01
9.405708326380778317e+01
9.415529470948268909e+01
9.396040494188950731e+01
9.420173863426586536e+01
9.401204859157260785e+01
9.395053339788644564e+01
9.390959884907491073e+01
9.369558551502325372e+01
9.369793183322303776e+01
9.404498385666728666e+01
9.388151880150812190e+01
9.378343064594380962e+01
9.386861595174264039e+01
9.382559050524244526e+01
9.394715785964326926e+01
9.396520849751010473e+01
9.381664134626620921e+01
9.379697939289444264e+01
9.411497735748534410e+01
9.424445632738999734e+01
9.399933223151532502e+01
9.391523194245561967e+01
9.370726941546614341e+01
9.389667343744797279e+01
9.388917995821864793e+01
9.395495255090979470e+01
9.371776430529025959e+01
9.381705014453523006e+01
9.379303620241348938e+01
9.389063386628392038e+01
9.394469144881993827e+01
9.383601103402156696e+01
9.372042311093315448e+01
9.376387254983181663e+01
9.419367582344312950e+01
9.421630951388308972e+01
9.406376777803683353e+01
9.401617156208277493e+01
9.399946681773496948e+01
9.449625046238692505e+01
9.451862319572020965e+01
9.414709867353596451e+01
9.390068997856377564e+01
9.398144123056344768e+01
9.389094883689882920e+01
9.363849226160758121e+01
9.380310759894635453e+01
9.359594783418724262e+01
9.362891739079674380e+01
9.401082930085100031e+01
9.405420882166349372e+01
9.399808620402728820e+01
9.368777379530068572e+01
9.379541316585095956e+01
9.402387871340562242e+01
9.412399065732400061e+01
9.400623568550746256e+01
9.385295981323996273e+01
9.376869458169055349e+01
9.393933726165253972e+01
9.381662862624457944e+01
9.416334754619180103e+01
9.391835296486459583e+01
9.385148147523567275e+01
9.373132409417264910e+01
9.386560821775717045e+01
9.386175573419620832e+01
9.357980911771073806e+01
9.333601904413110617e+01
9.361248173588835186e+01
9.360823142757044479e+01
9.370772797784859165e+01
9.366152098369420287e+01
9.361852499243673265e+01
9.385203867171080105e+01
9.393000937897768665e+01
9.401574156342726951e+01
9.393720317508264372e+01
9.402054389844526838e+01
9.393341432958725079e+01
9.393032286508851314e+01
9.376480046034593840e+01
9.352143565938409608e+01
9.336613760194931899e+01
9.335704560353667603e+01
9.331748669654697892e+01
9.326299367627183301e+01
9.299079340193806331e+01
9.310672627651349842e+01
9.319031112756398727e+01
9.332940780619111365e+01
9.361237873102795959e+01
9.337230442906924566e+01
9.338182585217684561e+01
9.343804393569564581e+01
9.328402970595122667e+01
9.330831815827721698e+01
9.349804647686347892e+01
9.409520116859930283e+01
9.391793454858620294e+01
9.377512179734323183e+01
9.402167870067657418e+01
9.326249314505072618e+01
9.313752032172499185e+01
9.323240179726326460e+01
9.330223587642942107e+01
9.396782874617737491e+01
9.355658636775046944e+01
9.353262466511104378e+01
9.340044548080604159e+01
9.366251998054069361e+01
9.384812295640922741e+01
9.386626920992360112e+01
9.364018634728040524e+01
9.357968318002399144e+01
9.390174706649283110e+01
9.382940052666907604e+01
9.380964768713928947e+01
9.374143082841048624e+01
9.348156315708497743e+01
9.341592845263551226e+01
9.386138144643975068e+01
9.354064924835341799e+01
9.345397947164732955e+01
9.315998331943285393e+01
9.329305873889548195e+01
9.344182079668216545e+01
9.315806212768821126e+01
9.280668996505241353e+01
9.263376837987320300e+01
9.244592046194156865e+01
9.256063195282133904e+01
9.240525752150196581e+01
9.243488156452835369e+01
9.211078919724847935e+01
9.292709964412810564e+01
9.307314650969628644e+01
9.326800007259923575e+01
9.346365713241341666e+01
9.361715036161515968e+01
9.387740525851938855e+01
9.429152307495942864e+01
9.408715914548461967e+01
9.405333470176698540e+01
9.373662523755864129e+01
9.373009725158561878e+01
9.375233949945592826e+01
9.366463057484729404e+01
9.355042086701932647e+01
9.341385025940230946e+01
9.349650965661669488e+01
9.375425965521849037e+01
9.392288378165747531e+01
9.400142166619278328e+01
9.393148899914798733e+01
9.402551392572942746e+01
9.414856849360461410e+01
9.408788178966484850e+01
9.419487316243875341e+01
9.380635083311294409e+01
9.384738821562891076e+01
9.375037606413752655e+01
9.391939242543632815e+01
9.399754205902380022e+01
9.352703152014896659e+01
9.354185929648241427e+01
9.366773686498780194e+01
9.350325487402891156e+01
9.373083820793455345e+01
9.329813304151743125e+01
9.337832499121148544e+01
9.339010934228454630e+01
9.358934911242603505e+01
9.368692350341906661e+01
9.361630241975969113e+01
9.337933283170303866e+01
9.349076416161884140e+01
9.368714240171816243e+01
9.375667695611328156e+01
9.383572933344568412e+01
9.367673090411142311e+01
9.394249373286000093e+01
9.400386889309460514e+01
9.400734079647641295e+01
9.388010876455476250e+01
9.384009646463800891e+01
9.387029527097227799e+01
9.371070622649394011e+01
9.387566972109557639e+01
9.366236573442851920e+01
9.340175705635154202e+01
9.377815882362781963e+01
9.363841413789093338e+01
9.371708022403564087e+01
9.365557837783677542e+01
9.356807613460225070e+01
9.358993488650935433e+01
9.392242122888021072e+01
9.378892473298009236e+01
9.353150130658349326e+01
9.318252155208350018e+01
9.345001602861529477e+01
9.325219163780388953e+01
9.352141104192057242e+01
9.349067170416931560e+01
9.343986546114523151e+01
9.349769012380937738e+01
9.361226496866250102e+01
9.358991540885719473e+01
9.363452140700836424e+01
9.373604736246923608e+01
9.366099168626411142e+01
9.385357172557172589e+01
9.390370679579228863e+01
9.373937710045586869e+01
9.409904819560757971e+01
9.368786617842876296e+01
9.408581168449511267e+01
9.402604730123330512e+01
9.398990354880230313e+01
9.412150048499850641e+01
9.409865680879180161e+01
9.422517795675567243e+01
9.427945611784113567e+01
9.418244036635690009e+01
9.408527662702124417e+01
9.399389460690277076e+01
9.393143258708964538e+01
9.404255461622165058e+01
9.418534723043397605e+01
9.401182748929336697e+01
9.393215773535661128e+01
9.374960467400170216e+01
9.415014684287811519e+01
9.398723404255318314e+01
9.412840198911364098e+01
9.388044329639197372e+01
9.399876483450452724e+01
9.424933647153088145e+01
9.441469772134868776e+01
9.420248222236990898e+01
9.421420989671962332e+01
9.407735987707930292e+01
9.408734023634218602e+01
9.400106648891852501e+01
9.409806676031841732e+01
9.388242792211057974e+01
9.383834091552932932e+01
9.427226779211054009e+01
9.473525710335536587e+01
9.489651832414631372e+01
9.457685355734967914e+01
9.424606225548562577e+01
9.443613432557508247e+01
9.463806481058877296e+01
9.479089175011921498e+01
9.453800108526080237e+01
9.445811133879782062e+01
9.461526288922920003e+01
9.448851020752489660e+01
9.437255361145496124e+01
9.442855924687904690e+01
9.478040073108655861e+01
9.439752080149430924e+01
9.437916453537937400e+01
9.477309692268349295e+01
9.442961802748584432e+01
9.417802953671858290e+01
9.442096785132935111e+01
9.458023043654547735e+01
9.474623951648500508e+01
9.480826651686157902e+01
9.457132629928238998e+01
9.490626927029805415e+01
9.492502439274893788e+01
9.492840752638824142e+01
9.496322271348951460e+01
9.477762404987616662e+01
9.500049344903862902e+01
9.499611159220960133e+01
9.488203401246001079e+01
9.483719503884421442e+01
9.456923181486074270e+01
9.442379125870597534e+01
9.444377765346081333e+01
9.445887686655206039e+01
9.405006088485995974e+01
9.391641283678036700e+01
9.421124450456544253e+01
9.430008906215866205e+01
9.425758159963790206e+01
9.438764450260900674e+01
9.423239698475475734e+01
9.426348376212567359e+01
9.451142316026549395e+01
9.505418138987043619e+01
9.488815730778152613e+01
9.526641196728368755e+01
9.501982829466174962e+01
9.507883680555555372e+01
9.505932495858642994e+01
9.454451658961109217e+01
9.406264873166698237e+01
9.402274164032606052e+01
9.415442182477539745e+01
9.479584236746720194e+01
9.526985959803873527e+01
9.497977673247648056e+01
9.504746459799709157e+01
9.484012126663667175e+01
9.500576142682987779e+01
9.495939620875263643e+01
9.510276374741999916e+01
9.496602047850430495e+01
9.462857857440600640e+01
9.492636559853893630e+01
9.484359472888311871e+01
9.471843993027621877e+01
9.458032111704532952e+01
9.438507022658009760e+01
9.445257362695674885e+01
9.410406329844225581e+01
9.384004457774064178e+01
9.379192464324735568e+01
9.372876757926272262e+01
9.405157342657341246e+01
9.378477419790839065e+01
9.399731690006751705e+01
9.377563592317009977e+01
9.366680283919725980e+01
9.364709575605368741e+01
9.381300160513643505e+01
9.360787243797652479e+01
9.350426421120587861e+01
9.355377163567388266e+01
9.393001626346818966e+01
9.411332832610698063e+01
9.431537711480233099e+01
9.381032142008621122e+01
9.376094560570473391e+01
9.389363253952100763e+01
9.367259744224701024e+01
9.361178106819993161e+01
9.328372888241865724e+01
9.312869937039157264e+01
9.280970596061735023e+01
9.262451281200763731e+01
9.256776371308016849e+01
9.229800473791331683e+01
9.234651906600599602e+01
9.261105522583240202e+01
9.304371695126469888e+01
9.291779023380294689e+01
9.269065359803970239e+01
9.292500542471333347e+01
9.330797470255477322e+01
9.339607072691551082e+01
9.409607225720914414e+01
9.408783761281513591e+01
9.393016155915310605e+01
9.412973061491852889e+01
9.418966754755147974e+01
9.432223186933801173e+01
9.426367420223618865e+01
9.411085636999405324e+01
9.413261976243310869e+01
9.427599007840721868e+01
9.453074286866244336e+01
9.464597332605654856e+01
9.466700417017041502e+01
9.480538309340246883e+01
9.475777032205324701e+01
9.503866137964040206e+01
9.466069624941081884e+01
9.444231287929872565e+01
9.437941127278809006e+01
9.405146509504442065e+01
9.399631785838683129e+01
9.323222141965985088e+01
9.302685981092540146e+01
9.304862258263671038e+01
9.324528860041414191e+01
9.375375572681748793e+01
9.352615020237905696e+01
9.320832182797182952e+01
9.307583626610175997e+01
9.302935253247407843e+01
9.325158756684491834e+01
9.349684798421483833e+01
9.342763333778906087e+01
9.350649802738455207e+01
9.393069438448510766e+01
9.395565990218857166e+01
9.431479385079818201e+01
9.411616642585050840e+01
9.384893026557810458e+01
9.442636820014813281e+01
9.420221733853773571e+01
9.380341532500936808e+01
9.380148529459982853e+01
9.338213460098330643e+01
9.376117805873832367e+01
9.382139928494112269e+01
9.361455667992801466e+01
9.375420514511873193e+01
9.372136351548995492e+01
9.376266427420293326e+01
9.399010577163322466e+01
9.368603807198707045e+01
9.357859763959139343e+01
9.371745115818976046e+01
9.381819539638547667e+01
9.372002432570143071e+01
9.350458578406939125e+01
9.337002462726304941e+01
9.305709225141117713e+01
9.291947141226866336e+01
9.285709781797062590e+01
9.256552432719077217e+01
9.229617734736564216e+01
9.223076035346875301e+01
9.230831747082677907e+01
9.243934290903087003e+01
9.250188316105590047e+01
9.236158894872089320e+01
9.267153308781027476e+01
9.283540316627021127e+01
9.310421734942119087e+01
9.352080528096159640e+01
9.366433520507010257e+01
9.363234521699166635e+01
9.348146997760377985e+01
9.372348999885326748e+01
9.385718274236727154e+01
9.353941443272154288e+01
9.353391253321161969e+01
9.380325184425552720e+01
9.357179812492790916e+01
9.339391323116771559e+01
9.323026359471482749e+01
9.252604950314974985e+01
9.242955497078926896e+01
9.236993708382703971e+01
9.214471190610765916e+01
9.225440763710314229e+01
9.178930593137337723e+01
9.189651756330177079e+01
9.205200258934054602e+01
9.207235194244120180e+01
9.220289374128890358e+01
9.241784533816546343e+01
9.216336945355733690e+01
9.270596712301221487e+01
9.264598413771497576e+01
9.297494167603765902e+01
9.263497839813892654e+01
9.275105921601333137e+01
9.301775256834990557e+01
9.299436596171528890e+01
9.290494532178922782e+01
9.260712013128369335e+01
9.247495566634323438e+01
9.271319699177595908e+01
9.267347761118853100e+01
9.275601799963197891e+01
9.247800620765609381e+01
9.261338977683705309e+01
9.267511513048121685e+01
9.256642633019561117e+01
9.321265961452877491e+01
9.306719755082384893e+01
9.317630443714050159e+01
9.318854995579133060e+01
9.321771431492493321e+01
9.343485172207503808e+01
9.330943889681408621e+01
9.316560731533265027e+01
9.325917072103163719e+01
9.335890550645819985e+01
9.321335735209939344e+01
9.334914422070006879e+01
9.320608943214170949e+01
9.348916722505713039e+01
9.334918485248488196e+01
9.368972430188411238e+01
9.378177045619115404e+01
9.392976380261302438e+01
9.350781903253927396e+01
9.367138864966518952e+01
9.357621680065570047e+01
9.348178613396004266e+01
9.338015613370031076e+01
9.370028084044102457e+01
9.356227514133972534e+01
9.352204065636341568e+01
9.383470448521565288e+01
9.346129892473118161e+01
9.356369333539934985e+01
9.395675666344428123e+01
9.402183428779045471e+01
9.344458804523425499e+01
9.318321106722072500e+01
9.286818251651558853e+01
9.301769881209132507e+01
9.299121993127147334e+01
9.281412867490412566e+01
9.279642103830713040e+01
9.267746708847842285e+01
9.260454192153019903e+01
9.275238416744029735e+01
9.281197992002041985e+01
9.302870559202071377e+01
9.308698624284370737e+01
9.314748448163516059e+01
9.316344284106028795e+01
9.300903104421449541e+01
9.314063353358820052e+01
9.295958155016643332e+01
9.302692774275119802e+01
9.307315076902091278e+01
9.298133151478987202e+01
9.277297352550341714e+01
9.253844575532187378e+01
9.273064360860894340e+01
9.280137091673645955e+01
9.292224792255632337e+01
9.275708453615291660e+01
9.273617151921403945e+01
9.268780578961674621e+01
9.301365918867503524e+01
9.296880912205348579e+01
9.291990589198034911e+01
9.290100447572515918e+01
9.300374743326489124e+01
9.320206332266096183e+01
9.316399147121533986e+01
9.323294017094018216e+01
9.320827706456519479e+01
9.294809829713469185e+01
9.325319025522043148e+01
9.296231009293870784e+01
9.317646652506519445e+01
9.302888273060571578e+01
9.280802400342906822e+01
9.317761214774661482e+01
9.304873630639177406e+01
9.313475165077667839e+01
9.291135068323833934e+01
9.283483917600288748e+01
9.309355563234278463e+01
9.308826412174360598e+01
9.320090293453725394e+01
9.295354756051111167e+01
9.308363379164006801e+01
9.328335979566476510e+01
9.312230314926735275e+01
9.318028081873957547e+01
9.288164362913860828e+01
9.304126000516394868e+01
9.315087888108044467e+01
9.311421755397658728e+01
9.301350353050320052e+01
9.277445526590555858e+01
9.271731941717474967e+01
9.303651467983006285e+01
9.313455101024840133e+01
9.324349699861474505e+01
9.288423259143119992e+01
9.294166538926643284e+01
9.307722995090016127e+01
9.308233783349947998e+01
9.331096437346437256e+01
9.393351579634227733e+01
9.355810144353647217e+01
9.386316725978647924e+01
9.351205936920223394e+01
9.353864282248562745e+01
9.305062746380677652e+01
9.267342057607544348e+01
9.319902286294276905e+01
9.330782902797190559e+01
9.336337099488306990e+01
9.329616467518198419e+01
9.310074238416247283e+01
9.328842485176591026e+01
9.342759387563083351e+01
9.362611402863545607e+01
9.342342126845269945e+01
9.344489740222083185e+01
9.342102127659575217e+01
9.341629566694986408e+01
9.344051403449442716e+01
9.305507640067911268e+01
9.285571623001020214e+01
9.264290293194777348e+01
9.276529105199720959e+01
9.267479223444702541e+01
9.256329221463282408e+01
9.249939444911690600e+01
9.270616550594017724e+01
9.263356268339572352e+01
9.280095468625692945e+01
9.265182700614930411e+01
9.249848728133187592e+01
9.266299653471261877e+01
9.255271543947797852e+01
9.285527836312962791e+01
9.247041504257489919e+01
9.274931549045108170e+01
9.237393061636913671e+01
9.245957004279114244e+01
9.313759402526397935e+01
9.274107206884187349e+01
9.292764890737680616e+01
9.304355247318396493e+01
9.262941144679241745e+01
9.302166210045662353e+01
9.309706457925635448e+01
9.273695716293352120e+01
9.273585618378804440e+01
9.246904939865460449e+01
9.247987564070245980e+01
9.227089871135741816e+01
9.206625880180075683e+01
9.225717611841011490e+01
9.224595800958834957e+01
9.252853907889040386e+01
9.229296771193196491e+01
9.235447222688371482e+01
9.149969084741231029e+01
9.196146006726229416e+01
9.209010762149723917e+01
9.222232391024337517e+01
9.222485227311541678e+01
9.215765180525163203e+01
9.210442578772801880e+01
9.233555567040501444e+01
9.224339041095889513e+01
9.236981706795353375e+01
9.212429243674556290e+01
9.202747969960500996e+01
9.225934077270929379e+01
9.279068277666067388e+01
9.287921907803836064e+01
9.249210033829986344e+01
9.251050849912203944e+01
9.231709816612729469e+01
9.263906723416535272e+01
9.194577032959375629e+01
9.155772521905804240e+01
9.192804473609935201e+01
9.203102111924910389e+01
9.215628686633915834e+01
9.153814187674586833e+01
9.113863132432976499e+01
9.102147384034519462e+01
9.093631379867696296e+01
9.119489881251045915e+01
9.092333977120783572e+01
9.149101505585235827e+01
9.147023225656286627e+01
9.186658335416146315e+01
9.190032111319240471e+01
9.186942939749427239e+01
9.207000575900266881e+01
9.224572532204049935e+01
9.246937966333848635e+01
9.163945389653140694e+01
9.138985894275541000e+01
9.080985975206471039e+01
9.076501369670577901e+01
9.078676653738035895e+01
9.119570661896243280e+01
9.135597950085997354e+01
9.121248459816392540e+01
9.090024584286543075e+01
9.064936209145896839e+01
9.087999317755415518e+01
9.094079183241424857e+01
9.074084545893386178e+01
9.088250584417849609e+01
9.157721295846599219e+01
9.157668384574374443e+01
9.191668727259882132e+01
9.213137395033054133e+01
9.193770920221240317e+01
9.191480059714224637e+01
9.211645014044944446e+01
9.220488734716306567e+01
9.228789721627408937e+01
9.260259470149000549e+01
9.247880129405754701e+01
9.258977092004195697e+01
9.233782486399084632e+01
9.231831110656925432e+01
9.224207909835368469e+01
9.206603467971559951e+01
9.211663391712943394e+01
9.218255008425389008e+01
9.211700774852066331e+01
9.202159317115962267e+01
9.252425894378193050e+01
9.272658133926915980e+01
9.307340079750694883e+01
9.301643157387562155e+01
9.295177186692237115e+01
9.315601198547011563e+01
9.333489122480206390e+01
9.381104811600020810e+01
9.376119552512939492e+01
9.413054993252360703e+01
9.433308145685356294e+01
9.459898244721445337e+01
9.492048330065524908e+01
9.512837206139829505e+01
9.511003285833461973e+01
9.485940524074791824e+01
9.468372648250584689e+01
9.503344824686790560e+01
9.529852968546435932e+01
9.533244712377016583e+01
9.532417984643933551e+01
9.528833812790439595e+01
9.525375797464944583e+01
9.522333751568382354e+01
9.521197355867521139e+01
9.497966915868880733e+01
9.491767513497960351e+01
9.505698188320231168e+01
9.481413171635506387e+01
9.491164414756337919e+01
9.446354641542565389e+01
9.437618303158673427e+01
9.439611575648909536e+01
9.416720257234727853e+01
9.386872659496245319e+01
9.443461295085425888e+01
9.399272283012855667e+01
9.403561859169018078e+01
9.423722588311548520e+01
9.439086492428809549e+01
9.374881655276882952e+01
9.345932362211432576e+01
9.319817303971871070e+01
9.308103806460260898e+01
9.336715736040609670e+01
9.304009417982248920e+01
9.301164340797488705e+01
9.297249600426211202e+01
9.297663403325606168e+01
9.329162305432690516e+01
9.318703616246121157e+01
9.342975024194780076e+01
9.369058500914076149e+01
9.394496243169399463e+01
9.420452288834867716e+01
9.420303945146599744e+01
9.369874230756296640e+01
9.396795901459175582e+01
9.384015466180393616e+01
9.390353199022169406e+01
9.353679250080517704e+01
9.361414485209471081e+01
9.396761692502161623e+01
9.436681751652899663e+01
9.441530331425484235e+01
9.417241609729205720e+01
9.366312883334160233e+01
9.379455271190420262e+01
9.359440936263365529e+01
9.355770152729265021e+01
9.291179603361116790e+01
9.309548573249902859e+01
9.359752573137960496e+01
9.418004104669061860e+01
9.380080664374935395e+01
9.359242533100687922e+01
9.328244379612151249e+01
9.322198473282443842e+01
9.352148424147125638e+01
9.348070081224408057e+01
9.360735231255877409e+01
9.314407323582068443e+01
9.310345591115803643e+01
9.313232794169626061e+01
9.288108291606552314e+01
9.294609796918405209e+01
9.257058396431905578e+01
9.241335746354366165e+01
9.272730875941340400e+01
9.305502565214250410e+01
9.290796375774915816e+01
9.267447504484540843e+01
9.246471124194000879e+01
9.277196040156162837e+01
9.277233995321117277e+01
9.305615982624584603e+01
9.297741322328202784e+01
9.310706645445056040e+01
9.298562961211773370e+01
9.346882963621749241e+01
9.375422119579164359e+01
9.387473024355152518e+01
9.364858008716970517e+01
9.392454989580130587e+01
9.419295765165286127e+01
9.439756064369066735e+01
9.422417245847567813e+01
9.406306077535127486e+01
9.420458848988977252e+01
9.446353585556343546e+01
9.412487883143361955e+01
9.386023083594635352e+01
9.355519372632419106e+01
9.363734963846590631e+01
9.383650183734080485e+01
9.387012487027550378e+01
9.379797793191475819e+01
9.382344746559247994e+01
9.388982321057696367e+01
9.420259988915201177e+01
9.412972566075610814e+01
9.420613327959156891e+01
9.402278392077485591e+01
9.394587218938875139e+01
9.385264785080283900e+01
9.391914680050187769e+01
9.406126278421098164e+01
9.357891468184031680e+01
9.318822200111303289e+01
9.327988175675675109e+01
9.325971377037572552e+01
9.323800937004955358e+01
9.299552745737634041e+01
9.323336220218384085e+01
9.332059286330643033e+01
9.327146284582990177e+01
9.378056651728981308e+01
9.385252562104076901e+01
9.415280308626773831e+01
9.471404007671451097e+01
9.496544425301502201e+01
9.527209097435226681e+01
9.512145530621249634e+01
9.493356263577118170e+01
9.453543100622746920e+01
9.402572969753126131e+01
9.346680676440414004e+01
9.285465377510774942e+01
9.237990808272554943e+01
9.251610836690998951e+01
9.263869837544827135e+01
9.318462654336251205e+01
9.347798825160056424e+01
9.381597359085533583e+01
9.520167735061095016e+01
9.621908766608646602e+01
9.784166409544378951e+01
9.822664184438423263e+01
9.725216573115733354e+01
9.709720572710477882e+01
9.611439698990032809e+01
9.578365360409497953e+01
9.556540653559504506e+01
9.558445692571790175e+01
9.561788671527067152e+01
9.551869823065234755e+01
9.558290723155586477e+01
9.534983674393042463e+01
9.541104531410915968e+01
9.561753109863053623e+01
9.564160733101311962e+01
9.589786817664136720e+01
9.611518576024843696e+01
9.621008921791951707e+01
9.654031065676720402e+01
9.664207468089161068e+01
9.705176135727650433e+01
9.686446968485041964e+01
9.659143150739070904e+01
9.669627978307957505e+01
9.816375381185034144e+01
9.885245191907418416e+01
9.832760428613559611e+01
9.816819080974154588e+01
