9
92
199
280
374
443
562
671
723
802
879
930
1012
1099
1184
1315
1389
1494
1573
1673
1791
1902
1983
2064
2152
2273
2367
2443
2515
2631
2712
2843
2931
3014
3095
3175
3258
3349
3433
3518
3601
3682
3763
3846
3930
4017
4102
4185
4270
4352
4437
4521
4604
4692
4778
4867
4996
5110
5190
5275
5359
5444
5532
5602
5682
5759
5872
5949
6026
6104
6187
6266
6348
6414
6466
6540
6613
6687
6801
6878
6957
7036
7113
7192
7303
7377
7453
7531
7606
7677
7783
7855
7922
7998
8066
8140
8247
8317
8423
8536
8612
8685
8760
8841
8906
8976
9051
9117
9232
