0.01230
0.02013
0.02756
0.03427
0.03998
0.04438
0.04718
0.04823
0.04737
0.04453
0.03973
0.03301
0.02452
0.01444
0.00302
-0.00942
-0.02257
-0.03605
-0.04947
-0.06244
-0.07458
-0.08550
-0.09488
-0.10241
-0.10784
-0.11097
-0.11165
-0.10983
-0.10550
-0.09871
-0.08960
-0.07834
-0.06518
-0.05040
-0.03434
-0.01734
0.00022
0.01795
0.03546
0.05238
0.06833
0.08299
0.09604
0.10723
0.11633
0.12317
0.12763
0.12966
0.12923
0.12639
0.12124
0.11392
0.10461
0.09354
0.08095
0.06714
0.05237
0.03696
0.02120
0.00537
-0.01026
-0.02546
-0.04002
-0.05378
-0.06660
-0.07842
-0.08916
-0.09886
-0.10753
-0.11526
-0.12213
-0.12827
-0.13379
-0.13884
-0.14353
-0.14796
-0.15224
-0.15640
-0.16047
-0.16442
-0.16818
-0.17165
-0.17465
-0.17700
-0.17847
-0.17879
-0.17768
-0.17486
-0.17006
-0.16300
-0.15348
-0.14130
-0.12636
-0.10861
-0.08807
-0.06487
-0.03922
-0.01143
0.01811
0.04893
0.08047
0.11213
0.14327
0.17319
0.20124
0.22678
0.24918
0.26791
0.28255
0.29271
0.29822
0.29894
0.29494
0.28641
0.27363
0.25705
0.23720
0.21469
0.19024
0.16456
0.13840
0.11252
0.08762
0.06434
0.04329
0.02490
0.00958
-0.00246
-0.01112
-0.01639
-0.01847
-0.01762
-0.01421
-0.00877
-0.00183
0.00597
0.01399
0.02159
0.02812
0.03299
0.03570
0.03580
0.03296
0.02700
0.01779
0.00545
-0.00989
-0.02790
-0.04813
-0.07008
-0.09312
-0.11657
-0.13971
-0.16180
-0.18210
-0.19994
-0.21465
-0.22567
-0.23255
-0.23490
-0.23253
-0.22531
-0.21328
-0.19664
-0.17566
-0.15080
-0.12259
-0.09167
-0.05877
-0.02466
0.00984
0.04387
0.07661
0.10727
0.13506
0.15932
0.17944
0.19491
0.20539
0.21056
0.21034
0.20474
0.19389
0.17810
0.15775
0.13340
0.10566
0.07525
0.04299
0.00969
-0.02376
-0.05646
-0.08755
-0.11620
-0.14160
-0.16307
-0.18000
-0.19187
-0.19837
-0.19921
-0.19439
-0.18398
-0.16820
-0.14751
-0.12241
-0.09364
-0.06200
-0.02840
0.00615
0.04061
0.07392
0.10502
0.13288
0.15659
0.17528
0.18830
0.19509
0.19525
0.18868
0.17535
0.15552
0.12965
0.09830
0.06232
0.02260
-0.01977
-0.06365
-0.10785
-0.15115
-0.19234
-0.23028
-0.26393
-0.29231
-0.31469
-0.33037
-0.33897
-0.34024
-0.33409
-0.32075
-0.30050
-0.27391
-0.24166
-0.20452
-0.16346
-0.11945
-0.07351
-0.02669
0.02000
0.06562
0.10926
0.15018
0.18773
0.22137
0.25077
0.27568
0.29602
0.31187
0.32338
0.33085
0.33464
0.33518
0.33297
0.32849
0.32223
0.31466
0.30619
0.29717
0.28791
0.27857
0.26929
0.26007
0.25082
0.24144
0.23167
0.22126
0.20990
0.19726
0.18302
0.16687
0.14855
0.12783
0.10460
0.07876
0.05038
0.01954
-0.01353
-0.04851
-0.08506
-0.12269
-0.16090
-0.19916
-0.23688
-0.27348
-0.30839
-0.34104
-0.37093
-0.39758
-0.42056
-0.43954
-0.45422
-0.46436
-0.46983
-0.47052
-0.46641
-0.45752
-0.44393
-0.42578
-0.40322
-0.37649
-0.34581
-0.31148
-0.27380
-0.23312
-0.18982
-0.14429
-0.09696
-0.04831
0.00120
0.05103
0.10065
0.14950
0.19701
0.24257
0.28559
0.32550
0.36170
0.39365
0.42082
0.44275
0.45904
0.46933
0.47339
0.47104
0.46224
0.44703
0.42557
0.39816
0.36516
0.32710
0.28458
0.23828
0.18901
0.13759
0.08495
0.03201
-0.02028
-0.07099
-0.11918
-0.16402
-0.20470
-0.24050
-0.27086
-0.29526
-0.31339
-0.32505
-0.33016
-0.32887
-0.32137
-0.30809
-0.28955
-0.26635
-0.23927
-0.20908
-0.17667
-0.14292
-0.10874
-0.07500
-0.04253
-0.01207
0.01571
0.04024
0.06112
0.07804
0.09085
0.09955
0.10423
0.10517
0.10272
0.09733
0.08956
0.07996
0.06918
0.05783
0.04654
0.03587
0.02635
0.01842
0.01246
0.00871
0.00733
0.00840
0.01181
0.01744
0.02503
0.03423
0.04464
0.05580
0.06719
0.07832
0.08865
0.09766
0.10490
0.10993
0.11238
0.11199
0.10851
0.10186
0.09199
0.07899
0.06303
0.04433
0.02327
0.00024
-0.02430
-0.04980
-0.07573
-0.10150
-0.12653
-0.15022
-0.17204
-0.19144
-0.20796
-0.22118
-0.23074
-0.23639
-0.23790
-0.23521
-0.22828
-0.21719
-0.20212
-0.18329
-0.16107
-0.13583
-0.10804
-0.07824
-0.04697
-0.01482
0.01758
0.04964
0.08075
0.11031
0.13779
0.16267
0.18450
0.20292
0.21758
0.22830
0.23490
0.23734
0.23568
0.23001
0.22060
0.20771
0.19174
0.17316
0.15244
0.13017
0.10693
0.08334
0.06002
0.03760
0.01663
-0.00230
-0.01871
-0.03218
-0.04235
-0.04899
-0.05195
-0.05117
-0.04678
-0.03891
-0.02793
-0.01422
0.00169
0.01919
0.03763
0.05626
0.07433
0.09108
0.10577
0.11766
0.12613
0.13062
0.13066
0.12594
0.11624
0.10156
0.08198
0.05776
0.02934
-0.00276
-0.03783
-0.07509
-0.11368
-0.15263
-0.19099
-0.22777
-0.26200
-0.29275
-0.31919
-0.34054
-0.35620
-0.36565
-0.36851
-0.36465
-0.35397
-0.33666
-0.31301
-0.28344
-0.24860
-0.20916
-0.16599
-0.12000
-0.07217
-0.02353
0.02487
0.07202
0.11692
0.15863
0.19632
0.22922
0.25674
0.27838
0.29377
0.30277
0.30529
0.30149
0.29165
0.27613
0.25551
0.23041
0.20158
0.16983
0.13602
0.10103
0.06576
0.03106
-0.00223
-0.03335
-0.06163
-0.08646
-0.10739
-0.12406
-0.13623
-0.14384
-0.14689
-0.14555
-0.14011
-0.13094
-0.11853
-0.10343
-0.08627
-0.06771
-0.04843
-0.02912
-0.01045
0.00696
0.02254
0.03578
0.04631
0.05380
0.05807
0.05907
0.05683
0.05155
0.04349
0.03308
0.02080
0.00721
-0.00704
-0.02129
-0.03486
-0.04708
-0.05729
-0.06495
-0.06952
-0.07064
-0.06802
-0.06148
-0.05107
-0.03688
-0.01919
0.00156
0.02489
0.05013
0.07657
0.10343
0.12990
0.15514
0.17838
0.19884
0.21585
0.22883
0.23727
0.24087
0.23938
0.23276
0.22109
0.20454
0.18351
0.15843
0.12987
0.09849
0.06498
0.03011
-0.00535
-0.04063
-0.07497
-0.10766
-0.13806
-0.16556
-0.18968
-0.21003
-0.22627
-0.23824
-0.24581
-0.24900
-0.24792
-0.24275
-0.23376
-0.22131
-0.20579
-0.18765
-0.16738
-0.14548
-0.12247
-0.09887
-0.07518
-0.05188
-0.02943
-0.00824
0.01130
0.02889
0.04423
0.05713
0.06742
0.07499
0.07982
0.08191
0.08134
0.07823
0.07278
0.06520
0.05577
0.04479
0.03261
0.01959
0.00610
-0.00747
-0.02072
-0.03328
-0.04477
-0.05485
-0.06321
-0.06959
-0.07374
-0.07549
-0.07473
-0.07137
-0.06542
-0.05694
-0.04601
-0.03284
-0.01761
-0.00062
0.01782
0.03737
0.05763
0.07819
0.09861
0.11846
0.13728
0.15463
0.17007
0.18322
0.19368
0.20111
0.20526
0.20587
0.20280
0.19595
0.18530
0.17095
0.15302
0.13177
0.10753
0.08067
0.05170
0.02113
-0.01043
-0.04236
-0.07399
-0.10466
-0.13369
-0.16046
-0.18436
-0.20481
-0.22138
-0.23362
-0.24126
-0.24408
-0.24197
-0.23498
-0.22320
-0.20689
-0.18641
-0.16217
-0.13474
-0.10472
-0.07278
-0.03968
-0.00615
0.02703
0.05910
0.08933
0.11703
0.14156
0.16239
0.17904
0.19118
0.19859
0.20111
0.19880
0.19177
0.18027
0.16470
0.14549
0.12323
0.09853
0.07208
0.04460
0.01682
-0.01054
-0.03677
-0.06122
-0.08331
-0.10249
-0.11837
-0.13059
-0.13893
-0.14329
-0.14363
-0.14007
-0.13279
-0.12208
-0.10834
-0.09198
-0.07352
-0.05353
-0.03256
-0.01123
0.00987
0.03018
0.04913
0.06623
0.08104
0.09317
0.10233
0.10828
0.11091
0.11017
0.10608
0.09880
0.08852
0.07552
0.06018
0.04287
0.02406
0.00422
-0.01614
-0.03650
-0.05638
-0.07528
-0.09275
-0.10836
-0.12176
-0.13261
-0.14069
-0.14581
-0.14784
-0.14676
-0.14259
-0.13543
-0.12544
-0.11286
-0.09797
-0.08110
-0.06261
-0.04291
-0.02242
-0.00157
0.01918
0.03943
0.05875
0.07674
0.09306
0.10739
0.11946
0.12906
0.13603
0.14027
0.14174
0.14049
0.13659
0.13019
0.12151
0.11078
0.09832
0.08447
0.06958
0.05404
0.03826
0.02263
0.00755
-0.00661
-0.01949
-0.03076
-0.04015
-0.04743
-0.05242
-0.05500
-0.05509
-0.05272
-0.04793
-0.04083
-0.03163
-0.02053
-0.00781
0.00621
0.02120
0.03680
0.05264
0.06834
0.08355
0.09792
0.11114
0.12291
0.13301
0.14122
0.14740
0.15144
0.15329
0.15292
0.15037
0.14568
0.13897
0.13032
0.11985
0.10770
0.09398
0.07880
0.06226
0.04444
0.02540
0.00518
-0.01618
-0.03868
-0.06230
-0.08704
-0.11285
-0.13969
-0.16747
-0.19605
-0.22523
-0.25477
-0.28431
-0.31347
-0.34176
-0.36860
-0.39342
-0.41552
-0.43421
-0.44879
-0.45855
-0.46281
-0.46100
-0.45258
-0.43716
-0.41452
-0.38450
-0.34728
-0.30309
-0.25244
-0.19602
-0.13466
-0.06946
-0.00158
0.06766
0.13685
0.20456
0.26933
0.32975
0.38451
0.43243
0.47240
0.50366
0.52554
0.53766
0.53994
0.53242
0.51556
0.48995
0.45641
0.41603
0.36997
0.31959
0.26632
0.21162
0.15696
0.10382
0.05350
0.00731
-0.03368
-0.06860
-0.09666
-0.11745
-0.13068
-0.13632
-0.13462
-0.12595
-0.11100
-0.09056
-0.06556
-0.03712
-0.00638
0.02544
0.05713
0.08748
0.11538
0.13975
0.15971
0.17446
0.18339
0.18612
0.18234
0.17209
0.15549
0.13287
0.10480
0.07192
0.03508
-0.00479
-0.04668
-0.08951
-0.13217
-0.17358
-0.21269
-0.24850
-0.28016
-0.30685
-0.32799
-0.34307
-0.35177
-0.35397
-0.34963
-0.33897
-0.32229
-0.30002
-0.27279
-0.24123
-0.20612
-0.16830
-0.12860
-0.08792
-0.04716
-0.00715
0.03127
0.06732
0.10032
0.12964
0.15478
0.17531
0.19092
0.20146
0.20680
0.20701
0.20225
0.19274
0.17886
0.16101
0.13973
0.11558
0.08917
0.06116
0.03223
0.00306
-0.02567
-0.05330
-0.07921
-0.10281
-0.12358
-0.14107
-0.15490
-0.16480
-0.17054
-0.17207
-0.16938
-0.16255
-0.15183
-0.13748
-0.11989
-0.09951
-0.07685
-0.05246
-0.02694
-0.00089
0.02507
0.05036
0.07439
0.09662
0.11658
0.13383
0.14799
0.15882
0.16607
0.16965
0.16952
0.16572
0.15842
0.14782
0.13423
0.11801
0.09959
0.07946
0.05812
0.03613
0.01403
-0.00760
-0.02825
-0.04738
-0.06452
-0.07925
-0.09119
-0.10007
-0.10565
-0.10779
-0.10645
-0.10163
-0.09348
-0.08218
-0.06800
-0.05130
-0.03248
-0.01200
0.00962
0.03185
0.05412
0.07586
0.09653
0.11556
0.13245
0.14675
0.15803
0.16598
0.17030
0.17085
0.16753
0.16034
0.14940
0.13490
0.11713
0.09647
0.07334
0.04829
0.02185
-0.00535
-0.03270
-0.05955
-0.08528
-0.10927
-0.13096
-0.14983
-0.16541
-0.17736
-0.18536
-0.18921
-0.18884
-0.18421
-0.17546
-0.16278
-0.14646
-0.12689
-0.10452
-0.07988
-0.05355
-0.02614
0.00169
0.02929
0.05601
0.08121
0.10430
0.12474
0.14202
0.15575
0.16560
0.17131
0.17277
0.16991
0.16280
0.15160
0.13655
0.11801
0.09638
0.07216
0.04591
0.01821
-0.01030
-0.03898
-0.06719
-0.09428
-0.11965
-0.14275
-0.16304
-0.18010
-0.19354
-0.20308
-0.20853
-0.20974
-0.20674
-0.19960
-0.18847
-0.17363
-0.15540
-0.13420
-0.11051
-0.08485
-0.05779
-0.02993
-0.00188
0.02575
0.05235
0.07736
0.10022
0.12045
0.13763
0.15137
0.16143
0.16758
0.16972
0.16783
0.16196
0.15229
0.13904
0.12254
0.10319
0.08141
0.05772
0.03266
0.00679
-0.01930
-0.04503
-0.06984
-0.09318
-0.11456
-0.13350
-0.14961
-0.16257
-0.17209
-0.17801
-0.18021
-0.17866
-0.17343
-0.16463
-0.15248
-0.13724
-0.11924
-0.09887
-0.07655
-0.05275
-0.02795
-0.00266
0.02263
0.04740
0.07119
0.09352
0.11399
0.13221
0.14784
0.16063
0.17038
0.17691
0.18018
0.18018
0.17697
0.17071
0.16158
0.14986
0.13585
0.11992
0.10249
0.08396
0.06480
0.04546
0.02641
0.00808
-0.00910
-0.02473
-0.03847
-0.05001
-0.05910
-0.06553
-0.06919
-0.07000
-0.06796
-0.06315
-0.05566
-0.04569
-0.03346
-0.01927
-0.00342
0.01374
0.03182
0.05044
0.06920
0.08769
0.10553
0.12234
0.13777
0.15149
0.16323
0.17272
0.17978
0.18424
0.18599
0.18500
0.18124
0.17476
0.16565
0.15405
0.14015
0.12414
0.10630
0.08690
0.06624
0.04464
0.02244
-0.00003
-0.02244
-0.04445
-0.06576
-0.08607
-0.10512
-0.12266
-0.13848
-0.15243
-0.16434
-0.17416
-0.18182
-0.18731
-0.19067
-0.19198
-0.19134
-0.18891
-0.18487
-0.17943
-0.17282
-0.16528
-0.15707
-0.14846
-0.13970
-0.13106
-0.12276
-0.11502
-0.10804
-0.10197
-0.09696
-0.09309
-0.09041
-0.08895
-0.08869
-0.08959
-0.09156
-0.09449
-0.09827
-0.10276
-0.10783
-0.11334
-0.11917
-0.12522
-0.13142
-0.13772
-0.14412
-0.15064
-0.15734
-0.16433
-0.17173
-0.17968
-0.18834
-0.19785
-0.20835
-0.21996
-0.23270
-0.24656
-0.26148
-0.27720
-0.29347
-0.30984
-0.32576
-0.34058
-0.35346
-0.36352
-0.36977
-0.37111
-0.36644
-0.35463
-0.33455
-0.30520
-0.26564
-0.21506
-0.15299
-0.07899
0.00692
0.10444
0.21306
0.33166
0.45901
0.59335
0.73258
0.87440
1.01605
1.15468
1.28722
1.41047
1.52127
1.61657
1.69334
1.74899
1.78119
1.78794
1.76805
1.72052
1.64525
1.54276
1.41399
1.26093
1.08586
0.89176
0.68222
0.46102
0.23244
0.00092
-0.22911
-0.45317
-0.66692
-0.86651
-1.04820
-1.20895
-1.34630
-1.45814
-1.54344
-1.60149
-1.63241
-1.63706
-1.61661
-1.57312
-1.50887
-1.42657
-1.32930
-1.22021
-1.10256
-0.97966
-0.85461
-0.73036
-0.60969
-0.49484
-0.38790
-0.29045
-0.20358
-0.12818
-0.06448
-0.01248
0.02817
0.05827
0.07868
0.09060
0.09533
0.09424
0.08875
0.08027
0.07009
0.05945
0.04942
0.04086
0.03456
0.03098
0.03048
0.03322
0.03912
0.04806
0.05968
0.07356
0.08922
0.10610
0.12362
0.14122
0.15835
0.17450
0.18926
0.20225
0.21320
0.22193
0.22832
0.23238
0.23415
0.23380
0.23151
0.22752
0.22215
0.21569
0.20847
0.20084
0.19311
0.18558
0.17855
0.17224
0.16686
0.16257
0.15949
0.15770
0.15720
0.15798
0.15998
0.16306
0.16712
0.17194
0.17734
0.18309
0.18892
0.19457
0.19977
0.20425
0.20772
0.20993
0.21062
0.20958
0.20660
0.20153
0.19425
0.18467
0.17279
0.15863
0.14227
0.12387
0.10360
0.08171
0.05850
0.03429
0.00946
-0.01560
-0.04049
-0.06478
-0.08806
-0.10994
-0.13003
-0.14797
-0.16347
-0.17625
-0.18611
-0.19288
-0.19648
-0.19688
-0.19409
-0.18824
-0.17945
-0.16795
-0.15402
-0.13797
-0.12017
-0.10103
-0.08097
-0.06045
-0.03995
-0.01993
-0.00087
0.01677
0.03257
0.04610
0.05703
0.06501
0.06979
0.07116
0.06898
0.06321
0.05383
0.04094
0.02473
0.00542
-0.01664
-0.04106
-0.06737
-0.09501
-0.12343
-0.15199
-0.18002
-0.20686
-0.23183
-0.25427
-0.27355
-0.28906
-0.30030
-0.30681
-0.30821
-0.30426
-0.29479
-0.27978
-0.25934
-0.23367
-0.20316
-0.16828
-0.12961
-0.08791
-0.04394
0.00138
0.04712
0.09231
0.13593
0.17702
0.21463
0.24788
0.27598
0.29828
0.31420
0.32339
0.32561
0.32078
0.30906
0.29069
0.26617
0.23609
0.20118
0.16233
0.12046
0.07660
0.03182
-0.01283
-0.05627
-0.09748
-0.13553
-0.16953
-0.19871
-0.22246
-0.24022
-0.25167
-0.25657
-0.25483
-0.24657
-0.23197
-0.21142
-0.18541
-0.15453
-0.11953
-0.08116
-0.04031
0.00210
0.04514
0.08784
0.12924
0.16847
0.20464
0.23697
0.26477
0.28743
0.30451
0.31563
0.32059
0.31933
0.31188
0.29848
0.27945
0.25522
0.22639
0.19359
0.15757
0.11912
0.07907
0.03830
-0.00234
-0.04201
-0.07989
-0.11523
-0.14736
-0.17564
-0.19960
-0.21884
-0.23303
-0.24204
-0.24578
-0.24432
-0.23784
-0.22659
-0.21097
-0.19141
-0.16844
-0.14266
-0.11469
-0.08519
-0.05484
-0.02432
0.00574
0.03469
0.06197
0.08704
0.10944
0.12878
0.14471
0.15703
0.16555
0.17018
0.17093
0.16783
0.16105
0.15075
0.13722
0.12076
0.10172
0.08052
0.05759
0.03341
0.00848
-0.01670
-0.04160
-0.06569
-0.08846
-0.10941
-0.12806
-0.14399
-0.15681
-0.16621
-0.17194
-0.17381
-0.17177
-0.16581
-0.15605
-0.14271
-0.12608
-0.10658
-0.08468
-0.06094
-0.03596
-0.01041
0.01506
0.03974
0.06299
0.08419
0.10273
0.11815
0.13001
0.13801
0.14195
0.14170
0.13734
0.12899
0.11690
0.10146
0.08309
0.06237
0.03988
0.01629
-0.00773
-0.03147
-0.05426
-0.07545
-0.09444
-0.11070
-0.12375
-0.13329
-0.13905
-0.14089
-0.13883
-0.13292
-0.12343
-0.11065
-0.09499
-0.07696
-0.05711
-0.03604
-0.01439
0.00721
0.02813
0.04776
0.06557
0.08107
0.09383
0.10358
0.11004
0.11313
0.11282
0.10920
0.10248
0.09289
0.08084
0.06674
0.05107
0.03437
0.01718
0.00006
-0.01644
-0.03181
-0.04558
-0.05732
-0.06671
-0.07346
-0.07740
-0.07846
-0.07662
-0.07201
-0.06481
-0.05528
-0.04379
-0.03072
-0.01656
-0.00177
0.01314
0.02767
0.04132
0.05366
0.06428
0.07281
0.07902
0.08268
0.08372
0.08212
0.07794
0.07138
0.06266
0.05214
0.04020
0.02727
0.01385
0.00042
-0.01251
-0.02447
-0.03498
-0.04366
-0.05015
-0.05419
-0.05560
-0.05426
-0.05022
-0.04354
-0.03443
-0.02319
-0.01016
0.00419
0.01939
0.03491
0.05017
0.06462
0.07773
0.08895
0.09785
0.10403
0.10714
0.10700
0.10346
0.09652
0.08627
0.07288
0.05668
0.03805
0.01746
-0.00455
-0.02740
-0.05045
-0.07306
-0.09461
-0.11448
-0.13208
-0.14693
-0.15855
-0.16661
-0.17087
-0.17114
-0.16743
-0.15978
-0.14839
-0.13356
-0.11564
-0.09516
-0.07264
-0.04868
-0.02395
0.00090
0.02520
0.04828
0.06952
0.08838
0.10433
0.11699
0.12602
0.13122
0.13251
0.12987
0.12346
0.11351
0.10035
0.08443
0.06624
0.04639
0.02547
0.00415
-0.01691
-0.03706
-0.05569
-0.07220
-0.08609
-0.09694
-0.10439
-0.10822
-0.10828
-0.10456
-0.09718
-0.08630
-0.07226
-0.05546
-0.03638
-0.01560
0.00629
0.02862
0.05074
0.07198
0.09169
0.10927
0.12419
0.13595
0.14419
0.14863
0.14907
0.14549
0.13792
0.12653
0.11163
0.09357
0.07285
0.05002
0.02567
0.00048
-0.02488
-0.04972
-0.07338
-0.09522
-0.11467
-0.13118
-0.14435
-0.15382
-0.15935
-0.16084
-0.15824
-0.15166
-0.14130
-0.12745
-0.11053
-0.09099
-0.06940
-0.04636
-0.02249
0.00155
0.02510
0.04752
0.06822
0.08663
0.10230
0.11477
0.12378
0.12910
0.13060
0.12833
0.12234
0.11288
0.10026
0.08485
0.06716
0.04771
0.02708
0.00588
-0.01525
-0.03571
-0.05488
-0.07222
-0.08723
-0.09946
-0.10859
-0.11432
-0.11650
-0.11508
-0.11007
-0.10164
-0.08999
-0.07548
-0.05851
-0.03954
-0.01912
0.00217
0.02374
0.04497
0.06525
0.08401
0.10069
0.11481
0.12596
0.13376
0.13801
0.13852
0.13524
0.12823
0.11761
0.10367
0.08673
0.06721
0.04562
0.02250
-0.00154
-0.02588
-0.04989
-0.07292
-0.09436
-0.11367
-0.13029
-0.14380
-0.15382
-0.16004
-0.16230
-0.16050
-0.15465
-0.14488
-0.13138
-0.11448
-0.09457
-0.07212
-0.04768
-0.02183
0.00480
0.03156
0.05780
0.08287
0.10615
0.12707
0.14510
0.15979
0.17079
0.17778
0.18062
0.17920
0.17355
0.16382
0.15022
0.13309
0.11283
0.08993
0.06495
0.03849
0.01120
-0.01627
-0.04326
-0.06912
-0.09322
-0.11501
-0.13394
-0.14959
-0.16160
-0.16967
-0.17366
-0.17348
-0.16915
-0.16083
-0.14873
-0.13318
-0.11459
-0.09343
-0.07027
-0.04568
-0.02029
0.00525
0.03031
0.05425
0.07647
0.09643
0.11362
0.12763
0.13814
0.14487
0.14771
0.14657
0.14152
0.13273
0.12041
0.10491
0.08666
0.06611
0.04382
0.02036
-0.00366
-0.02762
-0.05090
-0.07291
-0.09308
-0.11090
-0.12591
-0.13772
-0.14605
-0.15065
-0.15142
-0.14832
-0.14140
-0.13086
-0.11690
-0.09988
-0.08021
-0.05835
-0.03483
-0.01022
0.01489
0.03988
0.06416
0.08712
0.10820
0.12689
0.14272
0.15531
0.16434
0.16957
0.17087
0.16820
0.16159
0.15121
0.13727
0.12010
0.10010
0.07772
0.05348
0.02793
0.00167
-0.02470
-0.05058
-0.07538
-0.09852
-0.11950
-0.13782
-0.15306
-0.16491
-0.17306
-0.17735
-0.17768
-0.17402
-0.16648
-0.15520
-0.14044
-0.12255
-0.10189
-0.07897
-0.05427
-0.02839
-0.00189
0.02460
0.05048
0.07515
0.09803
0.11860
0.13636
0.15092
0.16191
0.16908
0.17227
0.17138
0.16645
0.15758
0.14498
0.12897
0.10990
0.08825
0.06452
0.03927
0.01311
-0.01335
-0.03949
-0.06467
-0.08833
-0.10991
-0.12888
-0.14485
-0.15741
-0.16630
-0.17131
-0.17232
-0.16933
-0.16238
-0.15165
-0.13737
-0.11984
-0.09947
-0.07669
-0.05200
-0.02595
0.00092
0.02803
0.05477
0.08060
0.10496
0.12732
0.14723
0.16423
0.17799
0.18822
0.19468
0.19727
0.19592
0.19067
0.18164
0.16902
0.15311
0.13424
0.11281
0.08930
0.06421
0.03806
0.01143
-0.01515
-0.04112
-0.06594
-0.08912
-0.11019
-0.12874
-0.14444
-0.15698
-0.16617
-0.17185
-0.17396
-0.17254
-0.16763
-0.15941
-0.14810
-0.13397
-0.11736
-0.09862
-0.07817
-0.05645
-0.03389
-0.01098
0.01185
0.03413
0.05543
0.07535
0.09351
0.10956
0.12321
0.13420
0.14233
0.14746
0.14949
0.14840
0.14420
0.13696
0.12684
0.11401
0.09871
0.08123
0.06188
0.04102
0.01904
-0.00365
-0.02664
-0.04950
-0.07180
-0.09312
-0.11306
-0.13126
-0.14735
-0.16104
-0.17207
-0.18021
-0.18531
-0.18726
-0.18601
-0.18158
-0.17404
-0.16353
-0.15024
-0.13442
-0.11637
-0.09645
-0.07507
-0.05263
-0.02963
-0.00653
0.01615
0.03792
0.05828
0.07675
0.09287
0.10624
0.11649
0.12331
0.12649
0.12584
0.12132
0.11295
0.10081
0.08516
0.06626
0.04452
0.02044
-0.00545
-0.03249
-0.06002
-0.08729
-0.11353
-0.13799
-0.15989
-0.17845
-0.19300
-0.20286
-0.20745
-0.20630
-0.19900
-0.18532
-0.16514
-0.13845
-0.10547
-0.06649
-0.02201
0.02732
0.08075
0.13732
0.19601
0.25569
0.31512
0.37304
0.42815
0.47913
0.52475
0.56379
0.59514
0.61787
0.63110
0.63423
0.62682
0.60859
0.57962
0.54005
0.49037
0.43128
0.36358
0.28842
0.20697
0.12062
0.03085
-0.06079
-0.15270
-0.24327
-0.33091
-0.41411
-0.49138
-0.56143
-0.62300
-0.67506
-0.71676
-0.74735
-0.76641
-0.77362
-0.76892
-0.75251
-0.72470
-0.68614
-0.63759
-0.58000
-0.51458
-0.44257
-0.36542
-0.28465
-0.20183
-0.11857
-0.03650
0.04284
0.11793
0.18740
0.25002
0.30467
0.35054
0.38690
0.41331
0.42964
0.43582
0.43220
0.41925
0.39764
0.36832
0.33229
0.29074
0.24496
0.19626
0.14601
0.09555
0.04616
-0.00092
-0.04459
-0.08392
-0.11802
-0.14631
-0.16831
-0.18372
-0.19249
-0.19467
-0.19055
-0.18055
-0.16521
-0.14526
-0.12143
-0.09458
-0.06564
-0.03549
-0.00507
0.02474
0.05311
0.07927
0.10254
0.12237
0.13827
0.14994
0.15717
0.15987
0.15815
0.15214
0.14218
0.12867
0.11209
0.09305
0.07216
0.05011
0.02760
0.00533
-0.01603
-0.03579
-0.05338
-0.06825
-0.07994
-0.08811
-0.09247
-0.09287
-0.08926
-0.08168
-0.07032
-0.05541
-0.03731
-0.01647
0.00663
0.03143
0.05734
0.08374
0.11000
0.13550
0.15967
0.18192
0.20176
0.21874
0.23244
0.24259
0.24892
0.25128
0.24958
0.24380
0.23401
0.22031
0.20288
0.18197
0.15782
0.13077
0.10116
0.06938
0.03584
0.00098
-0.03474
-0.07084
-0.10681
-0.14215
-0.17633
-0.20883
-0.23913
-0.26674
-0.29117
-0.31199
-0.32882
-0.34131
-0.34922
-0.35236
-0.35063
-0.34406
-0.33273
-0.31684
-0.29671
-0.27270
-0.24532
-0.21508
-0.18261
-0.14857
-0.11364
-0.07851
-0.04391
-0.01049
0.02111
0.05029
0.07654
0.09942
0.11857
0.13376
0.14482
0.15172
0.15452
0.15336
0.14854
0.14036
0.12928
0.11576
0.10033
0.08357
0.06606
0.04839
0.03113
0.01481
-0.00006
-0.01303
-0.02374
-0.03189
-0.03726
-0.03974
-0.03926
-0.03590
-0.02978
-0.02113
-0.01025
0.00253
0.01678
0.03204
0.04785
0.06370
0.07909
0.09355
0.10662
0.11788
0.12698
0.13360
0.13755
0.13866
0.13687
0.13222
0.12481
0.11484
0.10259
0.08838
0.07265
0.05583
0.03841
0.02091
0.00383
-0.01232
-0.02705
-0.03995
-0.05063
-0.05877
-0.06416
-0.06664
-0.06617
-0.06279
-0.05664
-0.04797
-0.03708
-0.02440
-0.01037
0.00448
0.01959
0.03439
0.04830
0.06075
0.07123
0.07926
0.08441
0.08639
0.08496
0.07997
0.07145
0.05945
0.04421
0.02605
0.00537
-0.01728
-0.04134
-0.06613
-0.09097
-0.11515
-0.13796
-0.15869
-0.17673
-0.19150
-0.20251
-0.20941
-0.21190
-0.20986
-0.20330
-0.19231
-0.17717
-0.15822
-0.13595
-0.11093
-0.08380
-0.05526
-0.02606
0.00307
0.03137
0.05811
0.08267
0.10442
0.12287
0.13763
0.14838
0.15498
0.15737
0.15564
0.15000
0.14074
0.12832
0.11322
0.09604
0.07740
0.05798
0.03844
0.01947
0.00169
-0.01433
-0.02805
-0.03907
-0.04705
-0.05177
-0.05313
-0.05113
-0.04590
-0.03767
-0.02675
-0.01359
0.00137
0.01755
0.03438
0.05127
0.06760
0.08279
0.09632
0.10765
0.11639
0.12219
0.12476
0.12397
0.11972
0.11205
0.10109
0.08703
0.07018
0.05090
0.02960
0.00677
-0.01709
-0.04143
-0.06570
-0.08936
-0.11186
-0.13267
-0.15130
-0.16729
-0.18024
-0.18981
-0.19570
-0.19774
-0.19578
-0.18980
-0.17988
-0.16614
-0.14889
-0.12845
-0.10527
-0.07988
-0.05286
-0.02486
0.00342
0.03128
0.05802
0.08293
0.10541
0.12486
0.14077
0.15277
0.16052
0.16390
0.16281
0.15733
0.14765
0.13403
0.11689
0.09671
0.07401
0.04944
0.02361
-0.00280
-0.02910
-0.05464
-0.07877
-0.10088
-0.12042
-0.13691
-0.14991
-0.15910
-0.16422
-0.16512
-0.16174
-0.15410
-0.14238
-0.12676
-0.10760
-0.08529
-0.06030
-0.03319
-0.00453
0.02505
0.05489
0.08435
0.11280
0.13958
0.16413
0.18591
0.20441
0.21925
0.23007
0.23661
0.23871
0.23628
0.22935
0.21800
0.20246
0.18302
0.16003
0.13397
0.10534
0.07473
0.04277
0.01009
-0.02264
-0.05474
-0.08557
-0.11452
-0.14100
-0.16453
-0.18463
-0.20096
-0.21324
-0.22124
-0.22491
-0.22419
-0.21918
-0.21005
-0.19702
-0.18044
-0.16067
-0.13819
-0.11348
-0.08709
-0.05960
-0.03161
-0.00370
0.02352
0.04946
0.07358
0.09537
0.11439
0.13026
0.14264
0.15135
0.15622
0.15723
0.15444
0.14796
0.13806
0.12501
0.10921
0.09108
0.07110
0.04978
0.02766
0.00526
-0.01688
-0.03824
-0.05835
-0.07675
-0.09305
-0.10690
-0.11801
-0.12619
-0.13125
-0.13316
-0.13190
-0.12754
-0.12024
-0.11020
-0.09769
-0.08305
-0.06663
-0.04884
-0.03011
-0.01087
0.00843
0.02734
0.04545
0.06236
0.07770
0.09116
0.10242
0.11129
0.11757
0.12114
0.12195
0.12000
0.11535
0.10812
0.09849
0.08671
0.07304
0.05783
0.04143
0.02423
0.00665
-0.01090
-0.02798
-0.04419
-0.05914
-0.07247
-0.08384
-0.09299
-0.09969
-0.10377
-0.10514
-0.10375
-0.09964
-0.09290
-0.08369
-0.07225
-0.05882
-0.04376
-0.02742
-0.01021
0.00744
0.02509
0.04231
0.05864
0.07367
0.08702
0.09831
0.10725
0.11359
0.11712
0.11776
0.11541
0.11012
0.10198
0.09114
0.07785
0.06237
0.04506
0.02630
0.00651
-0.01386
-0.03435
-0.05451
-0.07387
-0.09201
-0.10852
-0.12302
-0.13519
-0.14477
-0.15152
-0.15531
-0.15601
-0.15360
-0.14810
-0.13960
-0.12824
-0.11420
-0.09774
-0.07914
-0.05872
-0.03686
-0.01393
0.00966
0.03347
0.05707
0.08004
0.10193
0.12234
0.14088
0.15715
0.17086
0.18167
0.18937
0.19376
0.19468
0.19210
0.18598
0.17640
0.16348
0.14741
0.12847
0.10696
0.08327
0.05781
0.03105
0.00349
-0.02436
-0.05196
-0.07879
-0.10432
-0.12805
-0.14951
-0.16827
-0.18395
-0.19621
-0.20481
-0.20954
-0.21029
-0.20703
-0.19977
-0.18867
-0.17389
-0.15571
-0.13448
-0.11059
-0.08452
-0.05676
-0.02787
0.00158
0.03099
0.05976
0.08730
0.11303
0.13641
0.15692
0.17415
0.18770
0.19727
0.20265
0.20369
0.20039
0.19277
0.18102
0.16538
0.14617
0.12385
0.09887
0.07181
0.04326
0.01386
-0.01575
-0.04490
-0.07296
-0.09930
-0.12335
-0.14459
-0.16256
-0.17688
-0.18726
-0.19346
-0.19539
-0.19301
-0.18639
-0.17570
-0.16116
-0.14312
-0.12197
-0.09817
-0.07225
-0.04476
-0.01629
0.01253
0.04109
0.06877
0.09498
0.11916
0.14078
0.15937
0.17456
0.18599
0.19343
0.19673
0.19579
0.19068
0.18146
0.16838
0.15171
0.13180
0.10911
0.08411
0.05734
0.02939
0.00083
-0.02773
-0.05569
-0.08247
-0.10753
-0.13035
-0.15049
-0.16752
-0.18113
-0.19103
-0.19704
-0.19905
-0.19700
-0.19094
-0.18099
-0.16731
-0.15020
-0.12994
-0.10693
-0.08160
-0.05442
-0.02593
0.00335
0.03283
0.06193
0.09009
0.11671
0.14125
0.16317
0.18200
0.19729
0.20867
0.21581
0.21850
0.21658
0.20998
0.19876
0.18302
0.16300
0.13903
0.11148
0.08090
0.04781
0.01288
-0.02319
-0.05968
-0.09582
-0.13081
-0.16390
-0.19431
-0.22133
-0.24429
-0.26259
-0.27571
-0.28325
-0.28487
-0.28042
-0.26980
-0.25312
-0.23058
-0.20250
-0.16942
-0.13190
-0.09070
-0.04666
-0.00067
0.04625
0.09307
0.13874
0.18219
0.22240
0.25842
0.28935
0.31444
0.33305
0.34466
0.34902
0.34593
0.33545
0.31783
0.29340
0.26281
0.22672
0.18600
0.14163
0.09462
0.04610
-0.00282
-0.05102
-0.09739
-0.14090
-0.18063
-0.21569
-0.24539
-0.26916
-0.28653
-0.29729
-0.30129
-0.29860
-0.28945
-0.27414
-0.25321
-0.22726
-0.19699
-0.16321
-0.12677
-0.08858
-0.04957
-0.01065
0.02728
0.06335
0.09677
0.12681
0.15284
0.17435
0.19089
0.20222
0.20814
0.20862
0.20377
0.19376
0.17898
0.15983
0.13686
0.11070
0.08201
0.05156
0.02011
-0.01156
-0.04266
-0.07243
-0.10016
-0.12517
-0.14688
-0.16479
-0.17845
-0.18758
-0.19197
-0.19152
-0.18629
-0.17638
-0.16208
-0.14371
-0.12173
-0.09669
-0.06916
-0.03983
-0.00940
0.02141
0.05185
0.08119
0.10873
0.13381
0.15582
0.17424
0.18860
0.19860
0.20397
0.20459
0.20047
0.19167
0.17846
0.16115
0.14016
0.11602
0.08930
0.06067
0.03083
0.00050
-0.02959
-0.05872
-0.08618
-0.11131
-0.13352
-0.15229
-0.16715
-0.17779
-0.18394
-0.18547
-0.18237
-0.17470
-0.16269
-0.14663
-0.12691
-0.10404
-0.07859
-0.05117
-0.02250
0.00674
0.03579
0.06393
0.09046
0.11468
0.13598
0.15384
0.16774
0.17737
0.18244
0.18279
0.17844
0.16944
0.15602
0.13851
0.11732
0.09300
0.06613
0.03738
0.00747
-0.02287
-0.05288
-0.08181
-0.10896
-0.13366
-0.15529
-0.17334
-0.18735
-0.19698
-0.20201
-0.20229
-0.19784
-0.18874
-0.17520
-0.15755
-0.13618
-0.11160
-0.08437
-0.05513
-0.02455
0.00667
0.03780
0.06812
0.09694
0.12359
0.14744
0.16797
0.18467
0.19718
0.20521
0.20856
0.20720
0.20112
0.19049
0.17558
0.15672
0.13439
0.10909
0.08144
0.05210
0.02174
-0.00892
-0.03915
-0.06826
-0.09557
-0.12044
-0.14233
-0.16071
-0.17519
-0.18547
-0.19129
-0.19260
-0.18937
-0.18171
-0.16986
-0.15411
-0.13489
-0.11268
-0.08804
-0.06159
-0.03399
-0.00592
0.02193
0.04887
0.07425
0.09744
0.11791
0.13513
0.14872
0.15836
0.16382
0.16501
0.16190
0.15460
0.14332
0.12835
0.11009
0.08901
0.06564
0.04060
0.01450
-0.01197
-0.03815
-0.06338
-0.08702
-0.10845
-0.12714
-0.14260
-0.15442
-0.16230
-0.16601
-0.16545
-0.16059
-0.15153
-0.13849
-0.12173
-0.10167
-0.07877
-0.05356
-0.02667
0.00127
0.02957
0.05755
0.08452
0.10983
0.13282
0.15294
0.16967
0.18258
0.19134
0.19569
0.19552
0.19079
0.18156
0.16807
0.15057
0.12948
0.10527
0.07848
0.04975
0.01973
-0.01089
-0.04140
-0.07110
-0.09931
-0.12538
-0.14872
-0.16881
-0.18519
-0.19752
-0.20550
-0.20900
-0.20793
-0.20232
-0.19234
-0.17819
-0.16022
-0.13883
-0.11447
-0.08771
-0.05911
-0.02928
0.00113
0.03149
0.06117
0.08956
0.11608
0.14020
0.16143
0.17938
0.19369
0.20409
0.21042
0.21256
0.21052
0.20434
0.19421
0.18035
0.16306
0.14272
0.11974
0.09461
0.06785
0.03997
0.01153
-0.01689
-0.04477
-0.07157
-0.09678
-0.11994
-0.14062
-0.15846
-0.17315
-0.18444
-0.19216
-0.19619
-0.19651
-0.19316
-0.18622
-0.17590
-0.16242
-0.14606
-0.12720
-0.10620
-0.08350
-0.05957
-0.03488
-0.00992
0.01482
0.03885
0.06171
0.08296
0.10218
0.11901
0.13314
0.14429
0.15225
0.15688
0.15808
0.15585
0.15021
0.14128
0.12923
0.11427
0.09670
0.07684
0.05507
0.03180
0.00749
-0.01739
-0.04235
-0.06689
-0.09051
-0.11270
-0.13300
-0.15093
-0.16609
-0.17808
-0.18656
-0.19127
-0.19197
-0.18853
-0.18088
-0.16900
-0.15304
-0.13315
-0.10960
-0.08278
-0.05310
-0.02112
0.01257
0.04731
0.08238
0.11702
0.15046
0.18192
0.21064
0.23589
0.25698
0.27334
0.28445
0.28992
0.28950
0.28302
0.27055
0.25223
0.22836
0.19944
0.16602
0.12884
0.08871
0.04652
0.00324
-0.04013
-0.08262
-0.12321
-0.16099
-0.19508
-0.22469
-0.24919
-0.26801
-0.28076
-0.28724
-0.28729
-0.28104
-0.26870
-0.25062
-0.22734
-0.19946
-0.16773
-0.13295
-0.09600
-0.05779
-0.01924
0.01873
0.05524
0.08944
0.12061
0.14803
0.17119
0.18961
0.20296
0.21108
0.21387
0.21142
0.20392
0.19166
0.17506
0.15462
0.13093
0.10462
0.07639
0.04694
0.01700
-0.01272
-0.04153
-0.06878
-0.09389
-0.11633
-0.13565
-0.15150
-0.16359
-0.17177
-0.17593
-0.17609
-0.17234
-0.16485
-0.15389
-0.13977
-0.12286
-0.10359
-0.08241
-0.05981
-0.03628
-0.01232
0.01156
0.03490
0.05723
0.07812
0.09718
0.11407
0.12849
0.14019
0.14897
0.15470
0.15732
0.15677
0.15313
0.14647
0.13694
0.12475
0.11013
0.09340
0.07487
0.05491
0.03390
0.01225
-0.00962
-0.03129
-0.05234
-0.07238
-0.09099
-0.10783
-0.12257
-0.13489
-0.14457
-0.15139
-0.15520
-0.15591
-0.15348
-0.14793
-0.13935
-0.12788
-0.11373
-0.09714
-0.07845
-0.05800
-0.03619
-0.01346
0.00974
0.03292
0.05561
0.07733
0.09761
0.11600
0.13211
0.14556
0.15605
0.16333
0.16722
0.16762
0.16449
0.15789
0.14796
0.13489
0.11898
0.10056
0.08005
0.05789
0.03458
0.01064
-0.01341
-0.03703
-0.05970
-0.08092
-0.10024
-0.11722
-0.13152
-0.14284
-0.15093
-0.15566
-0.15691
-0.15471
-0.14911
-0.14025
-0.12836
-0.11369
-0.09659
-0.07743
-0.05663
-0.03465
-0.01196
0.01094
0.03357
0.05544
0.07608
0.09504
0.11190
0.12631
0.13792
0.14650
0.15181
0.15373
0.15220
0.14720
0.13882
0.12721
0.11258
0.09523
0.07548
0.05377
0.03053
0.00626
-0.01852
-0.04327
-0.06744
-0.09048
-0.11187
-0.13110
-0.14772
-0.16133
-0.17156
-0.17816
-0.18092
-0.17971
-0.17454
-0.16543
-0.15258
-0.13621
-0.11666
-0.09434
-0.06972
-0.04336
-0.01584
0.01222
0.04017
0.06734
0.09312
0.11689
0.13806
0.15614
0.17068
0.18133
0.18783
0.18999
0.18780
0.18128
0.17059
0.15601
0.13788
0.11665
0.09285
0.06704
0.03988
0.01200
-0.01592
-0.04321
-0.06921
-0.09332
-0.11496
-0.13365
-0.14892
-0.16045
-0.16799
-0.17134
-0.17046
-0.16537
-0.15620
-0.14318
-0.12660
-0.10688
-0.08445
-0.05985
-0.03365
-0.00647
0.02107
0.04831
0.07462
0.09937
0.12197
0.14188
0.15861
0.17175
0.18096
0.18598
0.18669
0.18300
0.17498
0.16279
0.14665
0.12691
0.10400
0.07840
0.05069
0.02146
-0.00864
-0.03894
-0.06879
-0.09751
-0.12448
-0.14910
-0.17081
-0.18914
-0.20369
-0.21409
-0.22013
-0.22164
-0.21857
-0.21097
-0.19896
-0.18278
-0.16276
-0.13929
-0.11285
-0.08399
-0.05331
-0.02145
0.01093
0.04313
0.07447
0.10427
0.13189
0.15673
0.17824
0.19593
0.20944
0.21844
0.22273
0.22223
0.21690
0.20689
0.19242
0.17379
0.15146
0.12588
0.09767
0.06746
0.03592
0.00380
-0.02818
-0.05930
-0.08883
-0.11610
-0.14050
-0.16144
-0.17847
-0.19120
-0.19933
-0.20270
-0.20121
-0.19492
-0.18397
-0.16861
-0.14921
-0.12621
-0.10015
-0.07163
-0.04131
-0.00991
0.02185
0.05322
0.08345
0.11182
0.13766
0.16032
0.17926
0.19398
0.20411
0.20937
0.20957
0.20469
0.19479
0.18003
0.16074
0.13732
0.11028
0.08023
0.04782
0.01381
-0.02104
-0.05593
-0.09004
-0.12258
-0.15279
-0.17994
-0.20338
-0.22253
-0.23688
-0.24608
-0.24981
-0.24795
-0.24045
-0.22739
-0.20902
-0.18565
-0.15777
-0.12596
-0.09086
-0.05326
-0.01398
0.02608
0.06601
0.10488
0.14176
0.17576
0.20604
0.23187
0.25255
0.26759
0.27655
0.27920
0.27545
0.26533
0.24915
0.22725
0.20019
0.16868
0.13350
0.09556
0.05585
0.01536
-0.02485
-0.06376
-0.10041
-0.13386
-0.16330
-0.18803
-0.20744
-0.22115
-0.22884
-0.23041
-0.22593
-0.21557
-0.19972
-0.17886
-0.15363
-0.12478
-0.09310
-0.05951
-0.02493
0.00968
0.04338
0.07523
0.10441
0.13010
0.15162
0.16840
0.17997
0.18605
0.18645
0.18116
0.17034
0.15422
0.13328
0.10805
0.07917
0.04743
0.01364
-0.02131
-0.05648
-0.09096
-0.12385
-0.15425
-0.18138
-0.20449
-0.22295
-0.23628
-0.24403
-0.24601
-0.24209
-0.23230
-0.21685
-0.19603
-0.17032
-0.14029
-0.10661
-0.07005
-0.03145
0.00831
0.04830
0.08763
0.12538
0.16070
0.19278
0.22091
0.24444
0.26289
0.27582
0.28301
0.28430
0.27970
0.26938
0.25358
0.23274
0.20735
0.17801
0.14544
0.11036
0.07360
0.03599
-0.00166
-0.03853
-0.07381
-0.10680
-0.13681
-0.16326
-0.18566
-0.20361
-0.21683
-0.22515
-0.22849
-0.22691
-0.22054
-0.20965
-0.19456
-0.17569
-0.15354
-0.12863
-0.10156
-0.07295
-0.04343
-0.01366
0.01574
0.04414
0.07095
0.09562
0.11767
0.13663
0.15216
0.16394
0.17174
0.17545
0.17500
0.17044
0.16189
0.14954
0.13371
0.11474
0.09308
0.06922
0.04368
0.01708
-0.01000
-0.03695
-0.06313
-0.08795
-0.11086
-0.13129
-0.14880
-0.16298
-0.17347
-0.18006
-0.18255
-0.18089
-0.17509
-0.16527
-0.15164
-0.13447
-0.11415
-0.09112
-0.06587
-0.03895
-0.01094
0.01753
0.04585
0.07340
0.09957
0.12379
0.14552
0.16429
0.17967
0.19133
0.19898
0.20247
0.20170
0.19666
0.18748
0.17433
0.15748
0.13730
0.11421
0.08872
0.06136
0.03273
0.00344
-0.02588
-0.05460
-0.08210
-0.10778
-0.13111
-0.15156
-0.16871
-0.18218
-0.19168
-0.19703
-0.19807
-0.19482
-0.18734
-0.17578
-0.16041
-0.14156
-0.11966
-0.09519
-0.06868
-0.04074
-0.01199
0.01691
0.04530
0.07253
0.09797
0.12101
0.14111
0.15778
0.17060
0.17926
0.18350
0.18322
0.17838
0.16907
0.15551
0.13796
0.11686
0.09269
0.06602
0.03752
0.00785
-0.02224
-0.05200
-0.08069
-0.10759
-0.13201
-0.15334
-0.17101
-0.18456
-0.19366
-0.19801
-0.19753
-0.19217
-0.18204
-0.16739
-0.14850
-0.12585
-0.09994
-0.07135
-0.04076
-0.00885
0.02365
0.05601
0.08750
0.11743
0.14511
0.16996
0.19144
0.20905
0.22245
0.23132
0.23550
0.23487
0.22945
0.21936
0.20478
0.18604
0.16350
0.13763
0.10896
0.07807
0.04560
0.01220
-0.02146
-0.05468
-0.08680
-0.11718
-0.14521
-0.17034
-0.19209
-0.21001
-0.22381
-0.23321
-0.23806
-0.23831
-0.23396
-0.22516
-0.21212
-0.19512
-0.17458
-0.15091
-0.12464
-0.09635
-0.06663
-0.03613
-0.00551
0.02458
0.05350
0.08060
0.10531
0.12708
0.14545
0.16002
0.17046
0.17659
0.17824
0.17543
0.16827
0.15692
0.14174
0.12311
0.10153
0.07759
0.05192
0.02523
-0.00177
-0.02835
-0.05378
-0.07736
-0.09845
-0.11645
-0.13089
-0.14137
-0.14757
-0.14936
-0.14665
-0.13955
-0.12825
-0.11303
-0.09435
-0.07268
-0.04861
-0.02278
0.00413
0.03145
0.05847
0.08453
0.10900
0.13129
0.15091
0.16740
0.18042
0.18972
0.19510
0.19651
0.19394
0.18748
0.17733
0.16369
0.14691
0.12733
0.10536
0.08146
0.05608
0.02973
0.00290
-0.02390
-0.05020
-0.07550
-0.09936
-0.12136
-0.14111
-0.15828
-0.17256
-0.18372
-0.19156
-0.19597
-0.19688
-0.19428
-0.18824
-0.17887
-0.16636
-0.15097
-0.13295
-0.11268
-0.09053
-0.06693
-0.04234
-0.01723
0.00791
0.03258
0.05629
0.07856
0.09893
0.11699
0.13236
0.14470
0.15375
0.15930
0.16124
0.15947
0.15404
0.14504
0.13262
0.11707
0.09868
0.07785
0.05502
0.03068
0.00536
-0.02038
-0.04596
-0.07081
-0.09437
-0.11611
-0.13550
-0.15211
-0.16553
-0.17543
-0.18156
-0.18375
-0.18190
-0.17604
-0.16621
-0.15261
-0.13549
-0.11518
-0.09208
-0.06663
-0.03936
-0.01081
0.01845
0.04783
0.07671
0.10453
0.13070
0.15469
0.17601
0.19420
0.20890
0.21978
0.22660
0.22922
0.22755
0.22161
0.21150
0.19740
0.17959
0.15841
0.13427
0.10767
0.07911
0.04918
0.01847
-0.01239
-0.04279
-0.07212
-0.09980
-0.12527
-0.14803
-0.16765
-0.18375
-0.19604
-0.20430
-0.20840
-0.20833
-0.20410
-0.19590
-0.18393
-0.16849
-0.14997
-0.12879
-0.10546
-0.08050
-0.05447
-0.02796
-0.00154
0.02420
0.04869
0.07143
0.09192
0.10971
0.12447
0.13586
0.14369
0.14782
0.14818
0.14484
0.13789
0.12757
0.11416
0.09801
0.07957
0.05930
0.03773
0.01541
-0.00709
-0.02922
-0.05040
-0.07012
-0.08788
-0.10324
-0.11583
-0.12533
-0.13152
-0.13425
-0.13344
-0.12914
-0.12144
-0.11052
-0.09667
-0.08020
-0.06153
-0.04109
-0.01938
0.00308
0.02575
0.04809
0.06956
0.08965
0.10790
0.12385
0.13715
0.14747
0.15459
0.15835
0.15865
0.15554
0.14908
0.13944
0.12688
0.11170
0.09428
0.07504
0.05442
0.03292
0.01103
-0.01078
-0.03202
-0.05225
-0.07105
-0.08804
-0.10292
-0.11542
-0.12533
-0.13253
-0.13692
-0.13848
-0.13726
-0.13332
-0.12682
-0.11793
-0.10687
-0.09388
-0.07925
-0.06328
-0.04628
-0.02860
-0.01057
0.00746
0.02514
0.04212
0.05808
0.07268
0.08563
0.09665
0.10550
0.11195
0.11585
0.11706
0.11551
0.11117
0.10408
0.09435
0.08210
0.06758
0.05103
0.03278
0.01320
-0.00730
-0.02827
-0.04925
-0.06975
-0.08928
-0.10735
-0.12352
-0.13734
-0.14842
-0.15644
-0.16109
-0.16222
-0.15966
-0.15340
-0.14349
-0.13005
-0.11333
-0.09362
-0.07133
-0.04691
-0.02089
0.00616
0.03362
0.06087
0.08727
0.11220
0.13505
0.15526
0.17235
0.18587
0.19548
0.20095
0.20208
0.19887
0.19136
0.17970
0.16418
0.14513
0.12301
0.09834
0.07167
0.04363
0.01487
-0.01395
-0.04217
-0.06917
-0.09434
-0.11712
-0.13704
-0.15368
-0.16669
-0.17586
-0.18100
-0.18207
-0.17910
-0.17219
-0.16159
-0.14755
-0.13044
-0.11068
-0.08872
-0.06510
-0.04033
-0.01496
0.01043
0.03530
0.05912
0.08137
0.10161
0.11940
0.13438
0.14626
0.15479
0.15982
0.16128
0.15914
0.15349
0.14446
0.13227
0.11722
0.09964
0.07994
0.05856
0.03598
0.01271
-0.01073
-0.03383
-0.05608
-0.07699
-0.09611
-0.11300
-0.12732
-0.13874
-0.14702
-0.15199
-0.15352
-0.15159
-0.14624
-0.13757
-0.12579
-0.11114
-0.09394
-0.07456
-0.05344
-0.03105
-0.00787
0.01555
0.03869
0.06101
0.08199
0.10112
0.11796
0.13207
0.14311
0.15078
0.15486
0.15523
0.15183
0.14470
0.13400
0.11990
0.10275
0.08292
0.06085
0.03707
0.01213
-0.01336
-0.03878
-0.06354
-0.08700
-0.10859
-0.12777
-0.14404
-0.15698
-0.16628
-0.17164
-0.17293
-0.17008
-0.16312
-0.15221
-0.13756
-0.11952
-0.09849
-0.07496
-0.04949
-0.02266
0.00487
0.03245
0.05941
0.08510
0.10887
0.13015
0.14840
0.16316
0.17405
0.18077
0.18314
0.18108
0.17460
0.16386
0.14907
0.13058
0.10882
0.08430
0.05760
0.02936
0.00024
-0.02906
-0.05784
-0.08543
-0.11115
-0.13440
-0.15464
-0.17136
-0.18420
-0.19283
-0.19706
-0.19678
-0.19199
-0.18282
-0.16944
-0.15217
-0.13140
-0.10757
-0.08123
-0.05295
-0.02336
0.00691
0.03719
0.06682
0.09516
0.12162
0.14561
0.16662
0.18422
0.19803
0.20777
0.21325
0.21433
0.21106
0.20347
0.19178
0.17623
0.15717
0.13504
0.11032
0.08354
0.05530
0.02619
-0.00314
-0.03208
-0.06001
-0.08635
-0.11054
-0.13211
-0.15061
-0.16570
-0.17710
-0.18460
-0.18811
-0.18760
-0.18314
-0.17489
-0.16306
-0.14799
-0.13003
-0.10961
-0.08721
-0.06334
-0.03853
-0.01333
0.01169
0.03601
0.05908
0.08043
0.09958
0.11614
0.12976
0.14015
0.14710
0.15046
0.15018
0.14628
0.13884
0.12805
0.11414
0.09744
0.07835
0.05727
0.03470
0.01115
-0.01283
-0.03670
-0.05989
-0.08189
-0.10218
-0.12027
-0.13574
-0.14822
-0.15742
-0.16308
-0.16505
-0.16328
-0.15775
-0.14857
-0.13590
-0.11999
-0.10118
-0.07983
-0.05640
-0.03139
-0.00530
0.02128
0.04780
0.07368
0.09835
0.12126
0.14190
0.15980
0.17454
0.18577
0.19321
0.19667
0.19600
0.19122
0.18235
0.16957
0.15312
0.13330
0.11054
0.08530
0.05810
0.02953
0.00019
-0.02930
-0.05828
-0.08613
-0.11226
-0.13606
-0.15704
-0.17472
-0.18869
-0.19867
-0.20438
-0.20571
-0.20260
-0.19508
-0.18332
-0.16751
-0.14799
-0.12516
-0.09947
-0.07147
-0.04175
-0.01093
0.02030
0.05129
0.08134
0.10979
0.13599
0.15934
0.17929
0.19538
0.20719
0.21443
0.21689
0.21444
0.20712
0.19501
0.17834
0.15746
0.13275
0.10477
0.07407
0.04134
0.00728
-0.02737
-0.06183
-0.09533
-0.12713
-0.15649
-0.18273
-0.20526
-0.22353
-0.23710
-0.24565
-0.24892
-0.24681
-0.23931
-0.22654
-0.20875
-0.18625
-0.15954
-0.12915
-0.09571
-0.05995
-0.02261
0.01549
0.05352
0.09065
0.12608
0.15901
0.18873
0.21456
0.23596
0.25246
0.26367
0.26940
0.26951
0.26402
0.25311
0.23699
0.21610
0.19090
0.16199
0.13002
0.09571
0.05983
0.02317
-0.01349
-0.04936
-0.08368
-0.11578
-0.14500
-0.17078
-0.19266
-0.21022
-0.22322
-0.23145
-0.23483
-0.23342
-0.22730
-0.21673
-0.20200
-0.18348
-0.16165
-0.13699
-0.11008
-0.08150
-0.05186
-0.02178
0.00810
0.03721
0.06493
0.09073
0.11412
0.13462
0.15188
0.16555
0.17539
0.18127
0.18306
0.18080
0.17457
0.16452
0.15092
0.13406
0.11437
0.09226
0.06823
0.04282
0.01658
-0.00991
-0.03608
-0.06137
-0.08524
-0.10717
-0.12671
-0.14343
-0.15699
-0.16712
-0.17359
-0.17628
-0.17513
-0.17018
-0.16153
-0.14935
-0.13391
-0.11553
-0.09458
-0.07151
-0.04679
-0.02093
0.00551
0.03200
0.05797
0.08288
0.10620
0.12743
0.14612
0.16189
0.17437
0.18332
0.18852
0.18987
0.18735
0.18098
0.17093
0.15740
0.14069
0.12116
0.09924
0.07540
0.05016
0.02406
-0.00232
-0.02843
-0.05372
-0.07764
-0.09969
-0.11944
-0.13646
-0.15043
-0.16108
-0.16821
-0.17171
-0.17153
-0.16772
-0.16040
-0.14973
-0.13600
-0.11950
-0.10061
-0.07974
-0.05733
-0.03387
-0.00984
0.01427
0.03796
0.06076
0.08223
0.10192
0.11949
0.13459
0.14694
0.15634
0.16262
0.16570
0.16555
0.16221
0.15579
0.14644
0.13438
0.11988
0.10324
0.08481
0.06494
0.04401
0.02242
0.00056
-0.02121
-0.04252
-0.06303
-0.08244
-0.10048
-0.11691
-0.13155
-0.14423
-0.15486
-0.16335
-0.16967
-0.17381
-0.17579
-0.17566
-0.17347
-0.16930
-0.16324
-0.15537
-0.14579
-0.13459
-0.12188
-0.10774
-0.09228
-0.07560
-0.05781
-0.03904
-0.01943
0.00087
0.02167
0.04279
0.06397
0.08497
0.10549
0.12523
0.14386
0.16104
0.17640
0.18961
0.20032
0.20822
0.21304
0.21454
0.21256
0.20701
0.19784
0.18514
0.16906
0.14983
0.12782
0.10342
0.07715
0.04956
0.02127
-0.00707
-0.03480
-0.06127
-0.08583
-0.10788
-0.12692
-0.14247
-0.15420
-0.16183
-0.16524
-0.16444
-0.15947
-0.15061
-0.13818
-0.12259
-0.10440
-0.08418
-0.06259
-0.04033
-0.01808
0.00346
0.02360
0.04177
0.05738
0.06998
0.07922
0.08481
0.08663
0.08465
0.07896
0.06979
0.05742
0.04230
0.02492
0.00584
-0.01430
-0.03488
-0.05522
-0.07467
-0.09261
-0.10847
-0.12170
-0.13191
-0.13873
-0.14191
-0.14132
-0.13689
-0.12872
-0.11698
-0.10192
-0.08392
-0.06339
-0.04085
-0.01683
0.00809
0.03331
0.05821
0.08222
0.10476
0.12532
0.14343
0.15867
0.17073
0.17933
0.18431
0.18559
0.18314
0.17708
0.16756
0.15481
0.13916
0.12096
0.10063
0.07864
0.05545
0.03159
0.00755
-0.01615
-0.03903
-0.06061
-0.08049
-0.09824
-0.11354
-0.12609
-0.13565
-0.14206
-0.14518
-0.14497
-0.14144
-0.13464
-0.12473
-0.11186
-0.09628
-0.07829
-0.05821
-0.03642
-0.01334
0.01059
0.03489
0.05909
0.08267
0.10513
0.12599
0.14475
0.16094
0.17416
0.18400
0.19014
0.19230
0.19025
0.18389
0.17315
0.15806
0.13876
0.11544
0.08845
0.05814
0.02503
-0.01034
-0.04733
-0.08525
-0.12335
-0.16087
-0.19701
-0.23097
-0.26198
-0.28928
-0.31218
-0.33007
-0.34237
-0.34871
-0.34873
-0.34225
-0.32927
-0.30983
-0.28426
-0.25292
-0.21638
-0.17537
-0.13066
-0.08322
-0.03406
0.01575
0.06508
0.11281
0.15785
0.19914
0.23574
0.26683
0.29167
0.30982
0.32088
0.32472
0.32145
0.31126
0.29467
0.27227
0.24486
0.21338
0.17881
0.14226
0.10486
0.06769
0.03185
-0.00163
-0.03189
-0.05809
-0.07959
-0.09595
-0.10680
-0.11205
-0.11172
-0.10600
-0.09531
-0.08011
-0.06109
-0.03898
-0.01461
0.01113
0.03733
0.06307
0.08745
0.10964
0.12886
0.14442
0.15578
0.16247
0.16417
0.16077
0.15217
0.13856
0.12017
0.09738
0.07073
0.04082
0.00835
-0.02589
-0.06110
-0.09642
-0.13100
-0.16401
-0.19465
-0.22216
-0.24590
-0.26525
-0.27976
-0.28905
-0.29286
-0.29110
-0.28372
-0.27089
-0.25284
-0.22993
-0.20265
-0.17153
-0.13725
-0.10053
-0.06210
-0.02280
0.01657
0.05518
0.09223
0.12696
0.15865
0.18665
0.21042
0.22949
0.24348
0.25218
0.25544
0.25328
0.24582
0.23329
0.21607
0.19460
0.16944
0.14125
0.11069
0.07854
0.04556
0.01254
-0.01973
-0.05052
-0.07913
-0.10490
-0.12730
-0.14585
-0.16017
-0.17005
-0.17531
-0.17595
-0.17208
-0.16387
-0.15168
-0.13588
-0.11697
-0.09554
-0.07217
-0.04755
-0.02234
0.00277
0.02713
0.05007
0.07103
0.08946
0.10492
0.11704
0.12551
0.13019
0.13098
0.12792
0.12114
0.11084
0.09736
0.08109
0.06249
0.04211
0.02049
-0.00174
-0.02398
-0.04562
-0.06606
-0.08473
-0.10113
-0.11481
-0.12537
-0.13254
-0.13607
-0.13588
-0.13193
-0.12429
-0.11316
-0.09877
-0.08150
-0.06175
-0.04000
-0.01682
0.00723
0.03154
0.05549
0.07848
0.09992
0.11924
0.13596
0.14963
0.15988
0.16645
0.16913
0.16785
0.16261
0.15351
0.14079
0.12472
0.10570
0.08419
0.06070
0.03584
0.01019
-0.01562
-0.04093
-0.06515
-0.08767
-0.10793
-0.12546
-0.13981
-0.15065
-0.15773
-0.16085
-0.15998
-0.15513
-0.14641
-0.13409
-0.11844
-0.09987
-0.07884
-0.05587
-0.03155
-0.00646
0.01875
0.04346
0.06705
0.08894
0.10856
0.12543
0.13911
0.14924
0.15558
0.15791
0.15619
0.15042
0.14072
0.12733
0.11052
0.09071
0.06835
0.04397
0.01816
-0.00847
-0.03530
-0.06167
-0.08696
-0.11057
-0.13193
-0.15054
-0.16596
-0.17780
-0.18580
-0.18975
-0.18956
-0.18521
-0.17679
-0.16448
-0.14854
-0.12930
-0.10720
-0.08269
-0.05631
-0.02862
-0.00020
0.02832
0.05634
0.08327
0.10853
0.13157
0.15191
0.16910
0.18277
0.19261
0.19840
0.20001
0.19738
0.19056
0.17965
0.16490
0.14660
0.12510
0.10089
0.07446
0.04636
0.01721
-0.01238
-0.04176
-0.07029
-0.09736
-0.12236
-0.14473
-0.16400
-0.17970
-0.19149
-0.19910
-0.20233
-0.20112
-0.19545
-0.18544
-0.17130
-0.15331
-0.13186
-0.10741
-0.08049
-0.05168
-0.02161
0.00906
0.03964
0.06947
0.09788
0.12423
0.14794
0.16846
0.18534
0.19820
0.20674
0.21079
0.21024
0.20511
0.19555
0.18173
0.16402
0.14281
0.11859
0.09192
0.06341
0.03371
0.00350
-0.02655
-0.05576
-0.08348
-0.10913
-0.13214
-0.15202
-0.16838
-0.18086
-0.18926
-0.19342
-0.19328
-0.18892
-0.18044
-0.16810
-0.15218
-0.13307
-0.11121
-0.08710
-0.06129
-0.03433
-0.00683
0.02062
0.04743
0.07303
0.09686
0.11843
0.13727
0.15299
0.16526
0.17381
0.17846
0.17914
0.17580
0.16853
0.15748
0.14288
0.12507
0.10440
0.08134
0.05639
0.03007
0.00299
-0.02429
-0.05115
-0.07701
-0.10130
-0.12349
-0.14308
-0.15966
-0.17285
-0.18235
-0.18799
-0.18960
-0.18719
-0.18079
-0.17054
-0.15667
-0.13947
-0.11931
-0.09662
-0.07188
-0.04561
-0.01836
0.00930
0.03680
0.06355
0.08903
0.11268
0.13403
0.15262
0.16808
0.18009
0.18837
0.19277
0.19319
0.18960
0.18209
0.17077
0.15590
0.13777
0.11673
0.09324
0.06775
0.04080
0.01294
-0.01526
-0.04322
-0.07036
-0.09612
-0.11996
-0.14138
-0.15994
-0.17524
-0.18695
-0.19482
-0.19865
-0.19839
-0.19398
-0.18552
-0.17315
-0.15711
-0.13772
-0.11535
-0.09047
-0.06357
-0.03521
-0.00599
0.02349
0.05261
0.08073
0.10725
0.13160
0.15324
0.17168
0.18652
0.19741
0.20411
0.20646
0.20439
0.19796
0.18727
0.17262
0.15429
0.13272
0.10842
0.08193
0.05388
0.02493
-0.00426
-0.03299
-0.06059
-0.08642
-0.10986
-0.13038
-0.14750
-0.16081
-0.17003
-0.17494
-0.17544
-0.17156
-0.16338
-0.15116
-0.13520
-0.11593
-0.09386
-0.06954
-0.04362
-0.01677
0.01032
0.03693
0.06236
0.08596
0.10708
0.12517
0.13975
0.15038
0.15681
0.15882
0.15634
0.14943
0.13821
0.12299
0.10413
0.08210
0.05748
0.03089
0.00301
-0.02543
-0.05370
-0.08109
-0.10687
-0.13040
-0.15107
-0.16836
-0.18185
-0.19118
-0.19615
-0.19665
-0.19268
-0.18438
-0.17196
-0.15578
-0.13626
-0.11390
-0.08928
-0.06303
-0.03579
-0.00824
0.01897
0.04520
0.06982
0.09233
0.11222
0.12910
0.14267
0.15268
0.15906
0.16177
0.16088
0.15661
0.14917
0.13893
0.12629
0.11169
0.09563
0.07860
0.06113
0.04371
0.02681
0.01087
-0.00372
-0.01666
-0.02768
-0.03659
-0.04332
-0.04780
-0.05009
-0.05030
-0.04858
-0.04517
-0.04029
-0.03425
-0.02733
-0.01983
-0.01204
-0.00423
0.00336
0.01053
0.01711
0.02300
0.02809
0.03236
0.03582
0.03846
0.04036
0.04156
0.04212
0.04209
0.04149
0.04033
0.03861
0.03626
0.03321
0.02937
0.02463
0.01888
0.01202
0.00397
-0.00531
-0.01581
-0.02749
-0.04021
-0.05378
-0.06796
-0.08242
-0.09680
-0.11068
-0.12363
-0.13518
-0.14491
-0.15235
-0.15714
-0.15891
-0.15739
-0.15240
-0.14380
-0.13162
-0.11595
-0.09698
-0.07506
-0.05059
-0.02407
0.00388
0.03263
0.06143
0.08956
0.11627
0.14082
0.16251
0.18073
0.19491
0.20461
0.20952
0.20940
0.20424
0.19409
0.17918
0.15990
0.13670
0.11022
0.08114
0.05024
0.01836
-0.01364
-0.04491
-0.07458
-0.10187
-0.12605
-0.14646
-0.16260
-0.17402
-0.18048
-0.18185
-0.17811
-0.16946
-0.15618
-0.13869
-0.11757
-0.09343
-0.06701
-0.03910
-0.01050
0.01794
0.04540
0.07113
0.09437
0.11449
0.13096
0.14332
0.15129
0.15467
0.15342
0.14765
0.13754
0.12348
0.10590
0.08534
0.06246
0.03792
0.01246
-0.01317
-0.03824
-0.06204
-0.08387
-0.10317
-0.11938
-0.13207
-0.14093
-0.14570
-0.14630
-0.14272
-0.13507
-0.12360
-0.10861
-0.09053
-0.06986
-0.04714
-0.02300
0.00194
0.02700
0.05153
0.07488
0.09645
0.11566
0.13203
0.14512
0.15458
0.16019
0.16176
0.15928
0.15278
0.14242
0.12849
0.11129
0.09130
0.06900
0.04497
0.01981
-0.00582
-0.03129
-0.05593
-0.07912
-0.10027
-0.11882
-0.13432
-0.14635
-0.15461
-0.15892
-0.15912
-0.15524
-0.14739
-0.13575
-0.12066
-0.10249
-0.08173
-0.05894
-0.03470
-0.00966
0.01551
0.04015
0.06360
0.08523
0.10447
0.12077
0.13371
0.14292
0.14812
0.14918
0.14601
0.13870
0.12739
0.11236
0.09398
0.07271
0.04908
0.02370
-0.00279
-0.02970
-0.05633
-0.08199
-0.10600
-0.12772
-0.14658
-0.16204
-0.17368
-0.18115
-0.18420
-0.18273
-0.17668
-0.16616
-0.15140
-0.13268
-0.11045
-0.08520
-0.05753
-0.02810
0.00239
0.03319
0.06353
0.09267
0.11988
0.14444
0.16576
0.18326
0.19648
0.20507
0.20876
0.20748
0.20119
0.19004
0.17432
0.15437
0.13072
0.10396
0.07475
0.04386
0.01208
-0.01978
-0.05087
-0.08040
-0.10759
-0.13171
-0.15216
-0.16837
-0.17993
-0.18656
-0.18804
-0.18440
-0.17571
-0.16223
-0.14435
-0.12253
-0.09742
-0.06969
-0.04010
-0.00950
0.02129
0.05141
0.08002
0.10634
0.12963
0.14923
0.16464
0.17539
0.18120
0.18195
0.17757
0.16823
0.15420
0.13587
0.11380
0.08858
0.06095
0.03170
0.00163
-0.02839
-0.05753
-0.08498
-0.10999
-0.13186
-0.15003
-0.16398
-0.17340
-0.17805
-0.17782
-0.17280
-0.16314
-0.14920
-0.13138
-0.11023
-0.08640
-0.06056
-0.03348
-0.00594
0.02130
0.04746
0.07180
0.09369
0.11252
0.12779
0.13914
0.14627
0.14905
0.14748
0.14163
0.13177
0.11820
0.10140
0.08189
0.06025
0.03714
0.01323
-0.01079
-0.03424
-0.05647
-0.07692
-0.09501
-0.11032
-0.12249
-0.13123
-0.13642
-0.13796
-0.13593
-0.13047
-0.12181
-0.11027
-0.09625
-0.08017
-0.06254
-0.04385
-0.02463
-0.00540
0.01336
0.03118
0.04764
0.06240
0.07514
0.08563
0.09373
0.09934
0.10247
0.10317
0.10156
0.09784
0.09223
0.08502
0.07650
0.06699
0.05684
0.04636
0.03587
0.02566
0.01599
0.00708
-0.00087
-0.00772
-0.01338
-0.01778
-0.02091
-0.02278
-0.02345
-0.02298
-0.02147
-0.01903
-0.01579
-0.01187
-0.00742
-0.00257
0.00254
0.00776
0.01294
0.01795
0.02263
0.02683
0.03040
0.03320
0.03507
0.03589
0.03555
0.03393
0.03099
0.02666
0.02094
0.01388
0.00555
-0.00394
-0.01441
-0.02566
-0.03744
-0.04948
-0.06146
-0.07305
-0.08393
-0.09375
-0.10217
-0.10890
-0.11364
-0.11616
-0.11629
-0.11386
-0.10885
-0.10124
-0.09111
-0.07863
-0.06400
-0.04754
-0.02960
-0.01058
0.00904
0.02879
0.04815
0.06659
0.08361
0.09873
0.11148
0.12149
0.12843
0.13204
0.13219
0.12877
0.12187
0.11159
0.09817
0.08196
0.06335
0.04285
0.02101
-0.00157
-0.02427
-0.04644
-0.06745
-0.08669
-0.10359
-0.11766
-0.12845
-0.13564
-0.13897
-0.13831
-0.13366
-0.12506
-0.11275
-0.09703
-0.07827
-0.05700
-0.03375
-0.00916
0.01610
0.04135
0.06590
0.08906
0.11019
0.12870
0.14405
0.15582
0.16363
0.16728
0.16662
0.16163
0.15246
0.13930
0.12253
0.10257
0.07996
0.05531
0.02930
0.00262
-0.02398
-0.04977
-0.07405
-0.09613
-0.11541
-0.13134
-0.14347
-0.15149
-0.15513
-0.15431
-0.14904
-0.13945
-0.12584
-0.10854
-0.08805
-0.06494
-0.03984
-0.01348
0.01343
0.04012
0.06583
0.08984
0.11148
0.13008
0.14515
0.15622
0.16293
0.16512
0.16264
0.15555
0.14402
0.12829
0.10881
0.08604
0.06059
0.03313
0.00437
-0.02492
-0.05396
-0.08199
-0.10826
-0.13205
-0.15276
-0.16979
-0.18271
-0.19116
-0.19487
-0.19378
-0.18786
-0.17728
-0.16229
-0.14326
-0.12070
-0.09518
-0.06734
-0.03793
-0.00769
0.02258
0.05209
0.08007
0.10580
0.12858
0.14785
0.16307
0.17386
0.17996
0.18117
0.17752
0.16908
0.15611
0.13896
0.11808
0.09406
0.06753
0.03921
0.00986
-0.01974
-0.04882
-0.07659
-0.10233
-0.12538
-0.14511
-0.16104
-0.17274
-0.17991
-0.18240
-0.18011
-0.17313
-0.16163
-0.14588
-0.12632
-0.10339
-0.07769
-0.04984
-0.02051
0.00957
0.03967
0.06908
0.09708
0.12300
0.14625
0.16623
0.18251
0.19469
0.20248
0.20571
0.20428
0.19826
0.18778
0.17306
0.15449
0.13247
0.10752
0.08023
0.05121
0.02115
-0.00926
-0.03933
-0.06836
-0.09569
-0.12071
-0.14283
-0.16156
-0.17648
-0.18725
-0.19366
-0.19553
-0.19286
-0.18572
-0.17428
-0.15883
-0.13974
-0.11746
-0.09255
-0.06558
-0.03723
-0.00816
0.02092
0.04930
0.07628
0.10123
0.12351
0.14259
0.15800
0.16934
0.17635
0.17883
0.17675
0.17015
0.15918
0.14415
0.12540
0.10344
0.07881
0.05214
0.02411
-0.00457
-0.03317
-0.06096
-0.08724
-0.11134
-0.13265
-0.15063
-0.16483
-0.17488
-0.18055
-0.18167
-0.17823
-0.17032
-0.15812
-0.14197
-0.12223
-0.09943
-0.07413
-0.04695
-0.01857
0.01029
0.03893
0.06663
0.09269
0.11650
0.13743
0.15498
0.16872
0.17829
0.18348
0.18414
0.18026
0.17196
0.15941
0.14297
0.12301
0.10005
0.07468
0.04750
0.01920
-0.00951
-0.03792
-0.06534
-0.09109
-0.11454
-0.13511
-0.15231
-0.16575
-0.17508
-0.18011
-0.18072
-0.17692
-0.16883
-0.15663
-0.14066
-0.12131
-0.09906
-0.07447
-0.04813
-0.02068
0.00720
0.03486
0.06161
0.08682
0.10989
0.13026
0.14745
0.16107
0.17078
0.17638
0.17773
0.17483
0.16776
0.15670
0.14196
0.12390
0.10296
0.07969
0.05463
0.02842
0.00170
-0.02491
-0.05077
-0.07524
-0.09778
-0.11784
-0.13498
-0.14882
-0.15903
-0.16542
-0.16786
-0.16632
-0.16087
-0.15164
-0.13891
-0.12297
-0.10421
-0.08310
-0.06013
-0.03584
-0.01082
0.01437
0.03912
0.06287
0.08506
0.10518
0.12275
0.13738
0.14870
0.15646
0.16048
0.16064
0.15696
0.14948
0.13839
0.12394
0.10645
0.08634
0.06406
0.04013
0.01513
-0.01036
-0.03573
-0.06036
-0.08368
-0.10510
-0.12411
-0.14024
-0.15306
-0.16227
-0.16762
-0.16894
-0.16621
-0.15943
-0.14877
-0.13446
-0.11681
-0.09626
-0.07326
-0.04838
-0.02222
0.00459
0.03138
0.05747
0.08224
0.10502
0.12523
0.14236
0.15591
0.16555
0.17098
0.17203
0.16866
0.16090
0.14893
0.13305
0.11363
0.09117
0.06623
0.03946
0.01156
-0.01675
-0.04472
-0.07160
-0.09669
-0.11931
-0.13884
-0.15479
-0.16669
-0.17423
-0.17721
-0.17550
-0.16917
-0.15835
-0.14332
-0.12446
-0.10223
-0.07723
-0.05007
-0.02144
0.00791
0.03726
0.06587
0.09300
0.11800
0.14023
0.15914
0.17431
0.18532
0.19194
0.19405
0.19157
0.18462
0.17337
0.15813
0.13930
0.11734
0.09282
0.06633
0.03854
0.01013
-0.01822
-0.04584
-0.07205
-0.09624
-0.11787
-0.13641
-0.15148
-0.16272
-0.16990
-0.17291
-0.17167
-0.16629
-0.15692
-0.14381
-0.12733
-0.10789
-0.08600
-0.06221
-0.03710
-0.01132
0.01450
0.03974
0.06376
0.08599
0.10588
0.12293
0.13676
0.14700
0.15342
0.15588
0.15429
0.14871
0.13928
0.12621
0.10986
0.09058
0.06887
0.04524
0.02027
-0.00545
-0.03129
-0.05666
-0.08095
-0.10359
-0.12407
-0.14190
-0.15672
-0.16820
-0.17609
-0.18027
-0.18068
-0.17737
-0.17049
-0.16023
-0.14694
-0.13095
-0.11272
-0.09273
-0.07148
-0.04952
-0.02740
-0.00562
0.01529
0.03486
0.05268
0.06838
0.08168
0.09235
0.10026
0.10536
0.10764
0.10725
0.10433
0.09911
0.09192
0.08306
0.07292
0.06190
0.05040
0.03881
0.02755
0.01697
0.00742
-0.00078
-0.00739
-0.01218
-0.01498
-0.01568
-0.01421
-0.01059
-0.00485
0.00289
0.01247
0.02369
0.03625
0.04986
0.06417
0.07877
0.09326
0.10718
0.12009
0.13154
0.14109
0.14831
0.15284
0.15434
0.15256
0.14731
0.13845
0.12602
0.11004
0.09072
0.06834
0.04325
0.01593
-0.01311
-0.04326
-0.07385
-0.10423
-0.13367
-0.16148
-0.18698
-0.20953
-0.22855
-0.24354
-0.25407
-0.25983
-0.26063
-0.25635
-0.24707
-0.23291
-0.21417
-0.19124
-0.16460
-0.13487
-0.10270
-0.06883
-0.03406
0.00081
0.03498
0.06761
0.09796
0.12531
0.14898
0.16845
0.18324
0.19303
0.19761
0.19688
0.19093
0.17992
0.16419
0.14422
0.12052
0.09381
0.06479
0.03429
0.00317
-0.02773
-0.05754
-0.08542
-0.11059
-0.13236
-0.15008
-0.16329
-0.17159
-0.17472
-0.17262
-0.16528
-0.15294
-0.13589
-0.11458
-0.08962
-0.06165
-0.03145
0.00016
0.03233
0.06417
0.09480
0.12339
0.14915
0.17136
0.18943
0.20281
0.21119
0.21428
0.21200
0.20444
0.19174
0.17430
0.15257
0.12712
0.09867
0.06796
0.03585
0.00319
-0.02915
-0.06029
-0.08941
-0.11575
-0.13861
-0.15741
-0.17171
-0.18112
-0.18547
-0.18470
-0.17887
-0.16824
-0.15312
-0.13403
-0.11155
-0.08633
-0.05915
-0.03081
-0.00211
0.02608
0.05297
0.07780
0.09982
0.11846
0.13317
0.14355
0.14936
0.15043
0.14680
0.13861
0.12612
0.10980
0.09013
0.06777
0.04342
0.01785
-0.00813
-0.03370
-0.05808
-0.08048
-0.10020
-0.11665
-0.12927
-0.13772
-0.14170
-0.14107
-0.13590
-0.12630
-0.11260
-0.09523
-0.07470
-0.05169
-0.02689
-0.00110
0.02486
0.05017
0.07404
0.09567
0.11438
0.12954
0.14062
0.14728
0.14920
0.14632
0.13865
0.12637
0.10983
0.08947
0.06588
0.03976
0.01187
-0.01696
-0.04584
-0.07392
-0.10031
-0.12419
-0.14483
-0.16152
-0.17375
-0.18109
-0.18322
-0.18007
-0.17162
-0.15808
-0.13981
-0.11725
-0.09106
-0.06194
-0.03072
0.00170
0.03441
0.06644
0.09687
0.12481
0.14944
0.16999
0.18590
0.19662
0.20186
0.20143
0.19527
0.18358
0.16664
0.14490
0.11897
0.08955
0.05748
0.02364
-0.01104
-0.04557
-0.07899
-0.11038
-0.13884
-0.16360
-0.18397
-0.19936
-0.20939
-0.21374
-0.21232
-0.20519
-0.19251
-0.17469
-0.15219
-0.12566
-0.09585
-0.06356
-0.02970
0.00481
0.03902
0.07202
0.10291
0.13088
0.15519
0.17521
0.19049
0.20061
0.20542
0.20483
0.19895
0.18805
0.17248
0.15280
0.12962
0.10367
0.07575
0.04669
0.01735
-0.01140
-0.03874
-0.06389
-0.08615
-0.10493
-0.11973
-0.13018
-0.13609
-0.13730
-0.13394
-0.12617
-0.11431
-0.09884
-0.08028
-0.05930
-0.03660
-0.01294
0.01088
0.03408
0.05590
0.07561
0.09257
0.10622
0.11606
0.12180
0.12318
0.12013
0.11273
0.10113
0.08568
0.06681
0.04506
0.02110
-0.00438
-0.03061
-0.05681
-0.08217
-0.10594
-0.12737
-0.14583
-0.16074
-0.17161
-0.17814
-0.18007
-0.17734
-0.17001
-0.15825
-0.14242
-0.12291
-0.10030
-0.07522
-0.04835
-0.02045
0.00770
0.03536
0.06174
0.08615
0.10795
0.12655
0.14149
0.15242
0.15904
0.16128
0.15909
0.15260
0.14206
0.12777
0.11020
0.08987
0.06736
0.04334
0.01847
-0.00655
-0.03102
-0.05427
-0.07569
-0.09467
-0.11075
-0.12347
-0.13251
-0.13765
-0.13873
-0.13576
-0.12878
-0.11799
-0.10365
-0.08610
-0.06579
-0.04322
-0.01894
0.00646
0.03235
0.05810
0.08309
0.10669
0.12833
0.14747
0.16364
0.17642
0.18549
0.19063
0.19165
0.18854
0.18130
0.17009
0.15514
0.13673
0.11526
0.09119
0.06501
0.03730
0.00864
-0.02035
-0.04904
-0.07681
-0.10305
-0.12718
-0.14870
-0.16709
-0.18199
-0.19308
-0.20009
-0.20293
-0.20153
-0.19596
-0.18637
-0.17300
-0.15620
-0.13637
-0.11400
-0.08963
-0.06385
-0.03727
-0.01054
0.01570
0.04083
0.06424
0.08537
0.10373
0.11888
0.13050
0.13830
0.14219
0.14209
0.13808
0.13036
0.11916
0.10488
0.08798
0.06896
0.04841
0.02695
0.00522
-0.01614
-0.03648
-0.05522
-0.07178
-0.08567
-0.09648
-0.10386
-0.10762
-0.10758
-0.10380
-0.09636
-0.08548
-0.07152
-0.05489
-0.03613
-0.01584
0.00537
0.02679
0.04776
0.06760
0.08568
0.10140
0.11428
0.12386
0.12986
0.13203
0.13028
0.12464
0.11519
0.10222
0.08605
0.06708
0.04587
0.02295
-0.00105
-0.02546
-0.04962
-0.07289
-0.09459
-0.11415
-0.13101
-0.14469
-0.15481
-0.16104
-0.16321
-0.16121
-0.15504
-0.14487
-0.13088
-0.11344
-0.09295
-0.06993
-0.04494
-0.01862
0.00838
0.03537
0.06167
0.08662
0.10955
0.12991
0.14715
0.16083
0.17062
0.17621
0.17748
0.17439
0.16698
0.15545
0.14006
0.12119
0.09932
0.07495
0.04873
0.02128
-0.00670
-0.03453
-0.06151
-0.08696
-0.11023
-0.13076
-0.14802
-0.16156
-0.17104
-0.17619
-0.17688
-0.17308
-0.16483
-0.15235
-0.13589
-0.11585
-0.09271
-0.06702
-0.03941
-0.01055
0.01886
0.04806
0.07634
0.10297
0.12726
0.14858
0.16636
0.18010
0.18945
0.19409
0.19386
0.18872
0.17874
0.16413
0.14520
0.12239
0.09624
0.06736
0.03646
0.00431
-0.02831
-0.06056
-0.09163
-0.12073
-0.14709
-0.17003
-0.18895
-0.20331
-0.21277
-0.21701
-0.21591
-0.20950
-0.19788
-0.18138
-0.16037
-0.13538
-0.10707
-0.07612
-0.04333
-0.00955
0.02439
0.05761
0.08927
0.11858
0.14479
0.16722
0.18534
0.19863
0.20683
0.20967
0.20710
0.19920
0.18615
0.16831
0.14613
0.12018
0.09116
0.05980
0.02694
-0.00655
-0.03981
-0.07194
-0.10208
-0.12947
-0.15334
-0.17308
-0.18818
-0.19818
-0.20287
-0.20210
-0.19588
-0.18440
-0.16792
-0.14691
-0.12191
-0.09356
-0.06262
-0.02990
0.00374
0.03743
0.07028
0.10145
0.13010
0.15551
0.17701
0.19403
0.20616
0.21304
0.21454
0.21059
0.20128
0.18690
0.16777
0.14442
0.11746
0.08755
0.05551
0.02214
-0.01168
-0.04508
-0.07719
-0.10721
-0.13434
-0.15792
-0.17735
-0.19213
-0.20195
-0.20656
-0.20590
-0.20003
-0.18914
-0.17360
-0.15385
-0.13046
-0.10411
-0.07552
-0.04552
-0.01491
0.01547
0.04478
0.07225
0.09715
0.11882
0.13672
0.15040
0.15954
0.16397
0.16361
0.15857
0.14906
0.13540
0.11808
0.09763
0.07470
0.05001
0.02429
-0.00168
-0.02711
-0.05127
-0.07345
-0.09300
-0.10937
-0.12208
-0.13080
-0.13527
-0.13537
-0.13115
-0.12270
-0.11029
-0.09429
-0.07514
-0.05342
-0.02973
-0.00474
0.02084
0.04628
0.07088
0.09392
0.11477
0.13282
0.14753
0.15851
0.16536
0.16790
0.16600
0.15962
0.14894
0.13414
0.11557
0.09370
0.06901
0.04215
0.01376
-0.01544
-0.04472
-0.07334
-0.10057
-0.12571
-0.14813
-0.16726
-0.18258
-0.19372
-0.20038
-0.20238
-0.19968
-0.19231
-0.18049
-0.16448
-0.14469
-0.12163
-0.09586
-0.06803
-0.03884
-0.00903
0.02068
0.04952
0.07681
0.10185
0.12403
0.14283
0.15776
0.16853
0.17485
0.17661
0.17383
0.16658
0.15512
0.13977
0.12095
0.09922
0.07513
0.04936
0.02260
-0.00445
-0.03107
-0.05655
-0.08025
-0.10153
-0.11985
-0.13475
-0.14583
-0.15285
-0.15562
-0.15408
-0.14829
-0.13839
-0.12468
-0.10749
-0.08729
-0.06459
-0.03998
-0.01410
0.01240
0.03884
0.06455
0.08886
0.11117
0.13092
0.14759
0.16079
0.17014
0.17546
0.17660
0.17352
0.16634
0.15523
0.14050
0.12255
0.10183
0.07892
0.05439
0.02891
0.00315
-0.02223
-0.04657
-0.06923
-0.08965
-0.10730
-0.12175
-0.13268
-0.13982
-0.14305
-0.14234
-0.13777
-0.12957
-0.11800
-0.10348
-0.08649
-0.06755
-0.04727
-0.02630
-0.00526
0.01517
0.03438
0.05179
0.06684
0.07909
0.08817
0.09378
0.09578
0.09407
0.08872
0.07990
0.06783
0.05291
0.03556
0.01630
-0.00428
-0.02558
-0.04696
-0.06777
-0.08739
-0.10524
-0.12074
-0.13343
-0.14289
-0.14881
-0.15095
-0.14918
-0.14351
-0.13398
-0.12079
-0.10424
-0.08466
-0.06254
-0.03837
-0.01273
0.01375
0.04044
0.06670
0.09186
0.11532
0.13650
0.15485
0.16993
0.18134
0.18879
0.19210
0.19114
0.18596
0.17665
0.16344
0.14666
0.12668
0.10403
0.07924
0.05292
0.02571
-0.00172
-0.02872
-0.05462
-0.07882
-0.10075
-0.11989
-0.13582
-0.14819
-0.15673
-0.16130
-0.16183
-0.15839
-0.15110
-0.14020
-0.12604
-0.10898
-0.08953
-0.06820
-0.04554
-0.02214
0.00139
0.02448
0.04655
0.06705
0.08551
0.10147
0.11459
0.12457
0.13120
0.13439
0.13408
0.13037
0.12338
0.11335
0.10060
0.08549
0.06844
0.04995
0.03049
0.01059
-0.00921
-0.02843
-0.04655
-0.06312
-0.07775
-0.09005
-0.09975
-0.10661
-0.11046
-0.11123
-0.10890
-0.10355
-0.09530
-0.08435
-0.07101
-0.05558
-0.03847
-0.02014
-0.00106
0.01823
0.03718
0.05525
0.07186
0.08648
0.09863
0.10782
0.11371
0.11599
0.11445
0.10906
0.09978
0.08683
0.07045
0.05102
0.02907
0.00514
-0.02009
-0.04591
-0.07159
-0.09638
-0.11952
-0.14033
-0.15815
-0.17239
-0.18260
-0.18835
-0.18940
-0.18559
-0.17688
-0.16342
-0.14539
-0.12318
-0.09726
-0.06821
-0.03673
-0.00357
0.03045
0.06445
0.09756
0.12891
0.15765
0.18302
0.20430
0.22090
0.23239
0.23839
0.23876
0.23347
0.22262
0.20655
0.18563
0.16045
0.13167
0.10004
0.06640
0.03162
-0.00341
-0.03778
-0.07063
-0.10116
-0.12860
-0.15233
-0.17179
-0.18653
-0.19632
-0.20094
-0.20041
-0.19484
-0.18445
-0.16966
-0.15093
-0.12884
-0.10406
-0.07730
-0.04933
-0.02095
0.00708
0.03399
0.05905
0.08164
0.10116
0.11714
0.12921
0.13710
0.14071
0.14001
0.13511
0.12628
0.11381
0.09820
0.07995
0.05967
0.03801
0.01565
-0.00670
-0.02837
-0.04868
-0.06704
-0.08287
-0.09573
-0.10522
-0.11109
-0.11317
-0.11140
-0.10587
-0.09675
-0.08432
-0.06898
-0.05119
-0.03151
-0.01053
0.01110
0.03273
0.05368
0.07333
0.09104
0.10626
0.11853
0.12741
0.13262
0.13396
0.13133
0.12478
0.11443
0.10055
0.08350
0.06371
0.04174
0.01817
-0.00634
-0.03112
-0.05548
-0.07874
-0.10024
-0.11940
-0.13564
-0.14851
-0.15764
-0.16273
-0.16364
-0.16029
-0.15275
-0.14120
-0.12589
-0.10722
-0.08565
-0.06172
-0.03606
-0.00932
0.01782
0.04464
0.07044
0.09456
0.11634
0.13522
0.15067
0.16227
0.16972
0.17275
0.17130
0.16535
0.15502
0.14058
0.12235
0.10078
0.07642
0.04988
0.02184
-0.00698
-0.03584
-0.06395
-0.09060
-0.11507
-0.13669
-0.15489
-0.16915
-0.17906
-0.18436
-0.18484
-0.18050
-0.17140
-0.15775
-0.13992
-0.11831
-0.09351
-0.06615
-0.03693
-0.00664
0.02394
0.05399
0.08272
0.10934
0.13318
0.15355
0.16995
0.18193
0.18915
0.19147
0.18878
0.18122
0.16900
0.15244
0.13207
0.10842
0.08218
0.05409
0.02493
-0.00449
-0.03332
-0.06080
-0.08616
-0.10870
-0.12785
-0.14308
-0.15402
-0.16044
-0.16218
-0.15930
-0.15194
-0.14039
-0.12510
-0.10655
-0.08539
-0.06231
-0.03806
-0.01341
0.01085
0.03396
0.05519
0.07392
0.08957
0.10168
0.10994
0.11414
0.11422
0.11028
0.10252
0.09131
0.07711
0.06048
0.04210
0.02265
0.00287
-0.01647
-0.03467
-0.05105
-0.06498
-0.07600
-0.08365
-0.08770
-0.08801
-0.08455
-0.07751
-0.06715
-0.05388
-0.03823
-0.02079
-0.00225
0.01665
0.03520
0.05265
0.06828
0.08151
0.09173
0.09852
0.10158
0.10066
0.09577
0.08699
0.07456
0.05890
0.04047
0.01992
-0.00204
-0.02466
-0.04710
-0.06856
-0.08824
-0.10537
-0.11930
-0.12945
-0.13534
-0.13671
-0.13336
-0.12529
-0.11270
-0.09585
-0.07527
-0.05152
-0.02532
0.00251
0.03111
0.05959
0.08703
0.11256
0.13535
0.15464
0.16983
0.18037
0.18590
0.18623
0.18125
0.17111
0.15605
0.13647
0.11293
0.08606
0.05661
0.02543
-0.00666
-0.03875
-0.06998
-0.09952
-0.12657
-0.15046
-0.17060
-0.18648
-0.19780
-0.20431
-0.20593
-0.20276
-0.19493
-0.18279
-0.16676
-0.14732
-0.12507
-0.10065
-0.07473
-0.04800
-0.02115
0.00517
0.03032
0.05374
0.07494
0.09348
0.10904
0.12136
0.13030
0.13580
0.13786
0.13663
0.13228
0.12508
0.11534
0.10342
0.08974
0.07471
0.05878
0.04241
0.02601
0.01000
-0.00521
-0.01929
-0.03192
-0.04283
-0.05182
-0.05872
-0.06343
-0.06591
-0.06615
-0.06423
-0.06023
-0.05433
-0.04672
-0.03762
-0.02731
-0.01607
-0.00420
0.00796
0.02011
0.03192
0.04307
0.05328
0.06226
0.06976
0.07559
0.07957
0.08158
0.08155
0.07945
0.07532
0.06923
0.06133
0.05181
0.04089
0.02886
0.01601
0.00268
-0.01078
-0.02403
-0.03671
-0.04848
-0.05904
-0.06809
-0.07540
-0.08077
-0.08406
-0.08517
-0.08410
-0.08087
-0.07559
-0.06841
-0.05954
-0.04928
-0.03790
-0.02578
-0.01328
-0.00078
0.01132
0.02263
0.03278
0.04143
0.04827
0.05307
0.05560
0.05575
0.05344
0.04868
0.04157
0.03224
0.02093
0.00793
-0.00641
-0.02168
-0.03744
-0.05322
-0.06852
-0.08285
-0.09572
-0.10668
-0.11531
-0.12123
-0.12414
-0.12382
-0.12008
-0.11290
-0.10228
-0.08835
-0.07134
-0.05154
-0.02936
-0.00528
0.02017
0.04638
0.07272
0.09853
0.12314
0.14589
0.16616
0.18334
0.19696
0.20656
0.21181
0.21251
0.20850
0.19984
0.18666
0.16923
0.14797
0.12335
0.09600
0.06661
0.03593
0.00474
-0.02612
-0.05587
-0.08372
-0.10897
-0.13100
-0.14924
-0.16333
-0.17295
-0.17797
-0.17841
-0.17437
-0.16617
-0.15419
-0.13893
-0.12101
-0.10107
-0.07983
-0.05801
-0.03632
-0.01546
0.00393
0.02128
0.03611
0.04800
0.05671
0.06203
0.06393
0.06247
0.05779
0.05020
0.04005
0.02780
0.01398
-0.00087
-0.01612
-0.03116
-0.04539
-0.05822
-0.06910
-0.07759
-0.08327
-0.08586
-0.08518
-0.08113
-0.07378
-0.06325
-0.04981
-0.03382
-0.01569
0.00403
0.02482
0.04608
0.06721
0.08763
0.10678
0.12413
0.13924
0.15172
0.16125
0.16764
0.17074
0.17052
0.16705
0.16043
0.15092
0.13877
0.12435
0.10805
0.09031
0.07158
0.05234
0.03304
0.01415
-0.00392
-0.02080
-0.03615
-0.04972
-0.06133
-0.07084
-0.07822
-0.08350
-0.08677
-0.08822
-0.08803
-0.08649
-0.08389
-0.08053
-0.07674
-0.07284
-0.06914
-0.06591
-0.06341
-0.06184
-0.06137
-0.06211
-0.06413
-0.06743
-0.07195
-0.07759
-0.08417
-0.09147
-0.09922
-0.10707
-0.11469
-0.12166
-0.12756
-0.13198
-0.13450
-0.13472
-0.13232
-0.12698
-0.11849
-0.10673
-0.09164
-0.07332
-0.05193
-0.02775
-0.00118
0.02731
0.05714
0.08768
0.11825
0.14811
0.17654
0.20282
0.22625
0.24617
0.26202
0.27328
0.27960
0.28067
0.27633
0.26660
0.25156
0.23149
0.20677
0.17790
0.14556
0.11043
0.07335
0.03521
-0.00309
-0.04063
-0.07649
-0.10982
-0.13980
-0.16573
-0.18704
-0.20324
-0.21406
-0.21932
-0.21901
-0.21333
-0.20256
-0.18717
-0.16774
-0.14493
-0.11951
-0.09230
-0.06414
-0.03589
-0.00838
0.01764
0.04140
0.06233
0.07987
0.09362
0.10332
0.10879
0.11004
0.10717
0.10040
0.09012
0.07674
0.06080
0.04292
0.02374
0.00393
-0.01580
-0.03481
-0.05243
-0.06810
-0.08130
-0.09158
-0.09865
-0.10229
-0.10236
-0.09894
-0.09211
-0.08215
-0.06942
-0.05432
-0.03739
-0.01920
-0.00035
0.01853
0.03683
0.05397
0.06938
0.08259
0.09318
0.10082
0.10531
0.10650
0.10438
0.09904
0.09065
0.07952
0.06599
0.05053
0.03364
0.01586
-0.00223
-0.02003
-0.03698
-0.05251
-0.06611
-0.07735
-0.08585
-0.09132
-0.09360
-0.09257
-0.08831
-0.08091
-0.07063
-0.05780
-0.04283
-0.02621
-0.00850
0.00974
0.02791
0.04540
0.06166
0.07612
0.08834
0.09791
0.10448
0.10788
0.10796
0.10472
0.09827
0.08879
0.07659
0.06205
0.04562
0.02784
0.00924
-0.00959
-0.02806
-0.04560
-0.06168
-0.07579
-0.08754
-0.09656
-0.10259
-0.10548
-0.10514
-0.10164
-0.09510
-0.08575
-0.07392
-0.05999
-0.04443
-0.02774
-0.01046
0.00684
0.02362
0.03934
0.05348
0.06561
0.07534
0.08235
0.08645
0.08748
0.08543
0.08039
0.07250
0.06205
0.04938
0.03492
0.01915
0.00261
-0.01416
-0.03057
-0.04607
-0.06014
-0.07226
-0.08204
-0.08912
-0.09323
-0.09424
-0.09205
-0.08677
-0.07852
-0.06757
-0.05429
-0.03909
-0.02250
-0.00507
0.01262
0.02995
0.04633
0.06120
0.07403
0.08436
0.09182
0.09609
0.09704
0.09457
0.08872
0.07966
0.06764
0.05302
0.03628
0.01791
-0.00148
-0.02128
-0.04085
-0.05953
-0.07672
-0.09183
-0.10434
-0.11382
-0.11992
-0.12237
-0.12106
-0.11594
-0.10712
-0.09481
-0.07929
-0.06102
-0.04046
-0.01821
0.00512
0.02887
0.05236
0.07489
0.09582
0.11454
0.13047
0.14316
0.15219
0.15730
0.15831
0.15514
0.14789
0.13672
0.12194
0.10397
0.08328
0.06049
0.03624
0.01121
-0.01386
-0.03825
-0.06126
-0.08220
-0.10049
-0.11558
-0.12701
-0.13451
-0.13781
-0.13686
-0.13171
-0.12249
-0.10953
-0.09322
-0.07408
-0.05270
-0.02974
-0.00591
0.01802
0.04133
0.06328
0.08316
0.10038
0.11434
0.12461
0.13086
0.13282
0.13046
0.12378
0.11297
0.09836
0.08033
0.05946
0.03635
0.01170
-0.01373
-0.03917
-0.06385
-0.08700
-0.10791
-0.12596
-0.14056
-0.15130
-0.15781
-0.15992
-0.15758
-0.15084
-0.13994
-0.12522
-0.10714
-0.08629
-0.06330
-0.03890
-0.01385
0.01109
0.03514
0.05755
0.07769
0.09492
0.10876
0.11885
0.12488
0.12677
0.12451
0.11825
0.10831
0.09503
0.07896
0.06069
0.04088
0.02023
-0.00051
-0.02063
-0.03942
-0.05625
-0.07054
-0.08180
-0.08969
-0.09392
-0.09438
-0.09109
-0.08415
-0.07385
-0.06054
-0.04470
-0.02689
-0.00774
0.01210
0.03191
0.05101
0.06873
0.08444
0.09759
0.10769
0.11436
0.11736
0.11651
0.11181
0.10337
0.09140
0.07627
0.05841
0.03838
0.01680
-0.00568
-0.02833
-0.05044
-0.07131
-0.09025
-0.10666
-0.12000
-0.12979
-0.13572
-0.13756
-0.13519
-0.12868
-0.11814
-0.10388
-0.08630
-0.06588
-0.04324
-0.01903
0.00604
0.03122
0.05575
0.07890
0.09996
0.11830
0.13335
0.14463
0.15182
0.15463
0.15299
0.14692
0.13655
0.12221
0.10424
0.08319
0.05966
0.03431
0.00787
-0.01889
-0.04521
-0.07032
-0.09348
-0.11405
-0.13139
-0.14504
-0.15458
-0.15972
-0.16036
-0.15643
-0.14807
-0.13554
-0.11917
-0.09948
-0.07702
-0.05247
-0.02656
-0.00005
0.02628
0.05163
0.07526
0.09647
0.11460
0.12913
0.13961
0.14574
0.14733
0.14432
0.13683
0.12508
0.10942
0.09037
0.06848
0.04445
0.01901
-0.00704
-0.03289
-0.05774
-0.08081
-0.10136
-0.11876
-0.13246
-0.14199
-0.14709
-0.14752
-0.14329
-0.13452
-0.12142
-0.10442
-0.08401
-0.06081
-0.03555
-0.00898
0.01807
0.04474
0.07022
0.09370
0.11442
0.13174
0.14508
0.15400
0.15823
0.15755
0.15201
0.14173
0.12701
0.10831
0.08616
0.06128
0.03442
0.00641
-0.02186
-0.04950
-0.07565
-0.09947
-0.12019
-0.13718
-0.14982
-0.15774
-0.16065
-0.15840
-0.15108
-0.13881
-0.12199
-0.10109
-0.07669
-0.04955
-0.02045
0.00974
0.04010
0.06972
0.09771
0.12319
0.14539
0.16359
0.17721
0.18581
0.18902
0.18673
0.17891
0.16569
0.14742
0.12450
0.09755
0.06728
0.03447
0.00002
-0.03515
-0.07009
-0.10383
-0.13544
-0.16407
-0.18888
-0.20921
-0.22447
-0.23418
-0.23810
-0.23603
-0.22803
-0.21426
-0.19504
-0.17089
-0.14238
-0.11028
-0.07541
-0.03868
-0.00106
0.03646
0.07290
0.10729
0.13872
0.16639
0.18954
0.20761
0.22015
0.22684
0.22761
0.22244
0.21159
0.19545
0.17452
0.14951
0.12119
0.09043
0.05821
0.02547
-0.00679
-0.03761
-0.06611
-0.09148
-0.11299
-0.13011
-0.14237
-0.14953
-0.15150
-0.14828
-0.14016
-0.12747
-0.11074
-0.09060
-0.06777
-0.04306
-0.01733
0.00857
0.03374
0.05736
0.07867
0.09694
0.11161
0.12222
0.12838
0.12998
0.12691
0.11931
0.10745
0.09167
0.07253
0.05061
0.02664
0.00137
-0.02440
-0.04984
-0.07416
-0.09659
-0.11644
-0.13305
-0.14596
-0.15472
-0.15907
-0.15890
-0.15415
-0.14502
-0.13175
-0.11473
-0.09450
-0.07162
-0.04679
-0.02074
0.00578
0.03198
0.05709
0.08040
0.10123
0.11898
0.13317
0.14337
0.14934
0.15090
0.14803
0.14086
0.12957
0.11456
0.09626
0.07521
0.05205
0.02746
0.00215
-0.02314
-0.04766
-0.07072
-0.09164
-0.10983
-0.12476
-0.13600
-0.14326
-0.14629
-0.14505
-0.13954
-0.12993
-0.11652
-0.09965
-0.07983
-0.05762
-0.03364
-0.00857
0.01687
0.04198
0.06602
0.08834
0.10830
0.12532
0.13895
0.14879
0.15457
0.15616
0.15346
0.14662
0.13582
0.12136
0.10369
0.08329
0.06076
0.03677
0.01197
-0.01292
-0.03718
-0.06015
-0.08118
-0.09967
-0.11514
-0.12713
-0.13537
-0.13962
-0.13979
-0.13592
-0.12814
-0.11670
-0.10197
-0.08438
-0.06448
-0.04284
-0.02011
0.00304
0.02593
0.04790
0.06831
0.08658
0.10217
0.11464
0.12366
0.12895
0.13040
0.12797
0.12173
0.11192
0.09880
0.08279
0.06438
0.04408
0.02253
0.00034
-0.02183
-0.04334
-0.06356
-0.08193
-0.09789
-0.11103
-0.12096
-0.12740
-0.13021
-0.12931
-0.12475
-0.11670
-0.10537
-0.09115
-0.07444
-0.05573
-0.03558
-0.01457
0.00670
0.02761
0.04759
0.06607
0.08253
0.09654
0.10770
0.11574
0.12045
0.12172
0.11956
0.11404
0.10537
0.09381
0.07969
0.06346
0.04558
0.02657
0.00698
-0.01265
-0.03175
-0.04980
-0.06630
-0.08079
-0.09287
-0.10224
-0.10863
-0.11189
-0.11194
-0.10879
-0.10256
-0.09342
-0.08166
-0.06763
-0.05172
-0.03441
-0.01620
0.00238
0.02078
0.03847
0.05492
0.06965
0.08221
0.09224
0.09940
0.10350
0.10438
0.10199
0.09640
0.08773
0.07626
0.06227
0.04619
0.02848
0.00965
-0.00973
-0.02908
-0.04783
-0.06539
-0.08123
-0.09486
-0.10584
-0.11380
-0.11851
-0.11974
-0.11747
-0.11169
-0.10254
-0.09029
-0.07522
-0.05778
-0.03845
-0.01779
0.00361
0.02511
0.04609
0.06591
0.08397
0.09973
0.11267
0.12241
0.12859
0.13101
0.12957
0.12423
0.11514
0.10253
0.08671
0.06815
0.04734
0.02490
0.00146
-0.02228
-0.04564
-0.06790
-0.08840
-0.10652
-0.12169
-0.13344
-0.14136
-0.14520
-0.14478
-0.14005
-0.13111
-0.11814
-0.10148
-0.08156
-0.05888
-0.03407
-0.00779
0.01924
0.04626
0.07253
0.09732
0.11992
0.13970
0.15610
0.16862
0.17694
0.18076
0.17999
0.17463
0.16479
0.15077
0.13290
0.11170
0.08773
0.06163
0.03414
0.00601
-0.02201
-0.04914
-0.07464
-0.09784
-0.11808
-0.13484
-0.14768
-0.15623
-0.16032
-0.15980
-0.15475
-0.14530
-0.13171
-0.11440
-0.09384
-0.07060
-0.04535
-0.01876
0.00839
0.03536
0.06140
0.08578
0.10779
0.12684
0.14236
0.15391
0.16116
0.16386
0.16196
0.15544
0.14449
0.12941
0.11056
0.08848
0.06376
0.03708
0.00917
-0.01920
-0.04726
-0.07421
-0.09934
-0.12194
-0.14140
-0.15722
-0.16894
-0.17629
-0.17909
-0.17728
-0.17098
-0.16037
-0.14582
-0.12779
-0.10680
-0.08352
-0.05862
-0.03286
-0.00701
0.01818
0.04197
0.06364
0.08258
0.09823
0.11012
0.11795
0.12146
0.12057
0.11534
0.10588
0.09254
0.07568
0.05580
0.03350
0.00942
-0.01573
-0.04122
-0.06632
-0.09033
-0.11253
-0.13235
-0.14919
-0.16261
-0.17227
-0.17787
-0.17932
-0.17659
-0.16976
-0.15906
-0.14477
-0.12731
-0.10715
-0.08482
-0.06091
-0.03601
-0.01073
0.01431
0.03855
0.06146
0.08255
0.10144
0.11778
0.13133
0.14197
0.14960
0.15426
0.15606
0.15517
0.15184
0.14637
0.13909
0.13037
0.12058
0.11008
0.09925
0.08840
0.07783
0.06777
0.05841
0.04991
0.04232
0.03568
0.02998
0.02514
0.02106
0.01763
0.01471
0.01216
0.00985
0.00766
0.00550
0.00332
0.00107
-0.00122
-0.00354
-0.00579
-0.00790
-0.00975
-0.01124
-0.01225
-0.01269
-0.01245
-0.01149
-0.00977
-0.00727
-0.00403
-0.00009
0.00448
0.00959
0.01513
0.02100
0.02708
0.03324
0.03940
0.04542
0.05122
0.05672
0.06182
0.06648
0.07062
0.07420
0.07719
0.07954
0.08124
0.08226
0.08259
0.08220
0.08110
0.07927
0.07669
0.07338
0.06931
0.06448
0.05889
0.05253
0.04539
0.03748
0.02878
0.01931
0.00907
-0.00191
-0.01360
-0.02595
-0.03886
-0.05225
-0.06596
-0.07984
-0.09369
-0.10728
-0.12037
-0.13269
-0.14398
-0.15396
-0.16240
-0.16907
-0.17381
-0.17649
-0.17704
-0.17550
-0.17193
-0.16650
-0.15945
-0.15105
-0.14168
-0.13171
-0.12158
-0.11171
-0.10254
-0.09449
-0.08795
-0.08325
-0.08067
-0.08045
-0.08268
-0.08744
-0.09470
-0.10431
-0.11610
-0.12975
-0.14489
-0.16110
-0.17787
-0.19467
-0.21093
-0.22607
-0.23952
-0.25072
-0.25915
-0.26435
-0.26593
-0.26357
-0.25710
-0.24636
-0.23140
-0.21231
-0.18933
-0.16280
-0.13314
-0.10089
-0.06663
-0.03102
0.00525
0.04147
0.07693
0.11093
0.14284
0.17207
0.19811
0.22057
0.23913
0.25360
0.26395
0.27019
0.27256
0.27132
0.26689
0.25977
0.25053
0.23980
0.22827
0.21661
0.20550
0.19562
0.18753
0.18179
0.17884
0.17901
0.18257
0.18959
0.20007
0.21387
0.23071
0.25024
0.27196
0.29529
0.31962
0.34424
0.36842
0.39146
0.41261
0.43120
0.44664
0.45834
0.46589
0.46894
0.46726
0.46078
0.44952
0.43368
0.41355
0.38953
0.36218
0.33207
0.29990
0.26640
0.23232
0.19841
0.16543
0.13405
0.10490
0.07853
0.05536
0.03575
0.01985
0.00776
-0.00058
-0.00540
-0.00699
-0.00581
-0.00239
0.00265
0.00860
0.01475
0.02033
0.02457
0.02675
0.02620
0.02226
0.01443
0.00229
-0.01450
-0.03606
-0.06248
-0.09362
-0.12923
-0.16898
-0.21230
-0.25862
-0.30720
-0.35726
-0.40797
-0.45844
-0.50779
-0.55516
-0.59975
-0.64080
-0.67766
-0.70976
-0.73670
-0.75818
-0.77404
-0.78432
-0.78914
-0.78880
-0.78376
-0.77452
-0.76177
-0.74622
-0.72866
-0.70992
-0.69083
-0.67218
-0.65473
-0.63917
-0.62606
-0.61589
-0.60895
-0.60544
-0.60538
-0.60859
-0.61482
-0.62357
-0.63426
-0.64618
-0.65850
-0.67035
-0.68078
-0.68882
-0.69355
-0.69406
-0.68952
-0.67923
-0.66256
-0.63907
-0.60848
-0.57062
-0.52561
-0.47363
-0.41510
-0.35062
-0.28086
-0.20670
-0.12907
-0.04899
0.03244
0.11416
0.19510
0.27421
0.35055
0.42329
0.49166
0.55514
0.61326
0.66579
0.71268
0.75396
0.78995
0.82105
0.84779
0.87088
0.89105
0.90915
0.92605
0.94263
0.95973
0.97820
0.99874
1.02200
1.04851
1.07862
1.11260
1.15048
1.19219
1.23748
1.28589
1.33690
1.38979
1.44374
1.49785
1.55112
1.60254
1.65105
1.69563
1.73529
1.76913
1.79630
1.81612
1.82801
1.83154
1.82651
1.81278
1.79046
1.75979
1.72113
1.67506
1.62218
1.56324
1.49905
1.43044
1.35827
1.28340
1.20658
1.12855
1.04995
0.97124
0.89286
0.81499
0.73772
0.66102
0.58462
0.50823
0.43135
0.35342
0.27381
0.19183
0.10676
0.01791
-0.07536
-0.17367
-0.27745
-0.38710
-0.50282
-0.62463
-0.75247
-0.88595
-1.02464
-1.16785
-1.31475
-1.46438
-1.61560
-1.76723
-1.91800
-2.06660
-2.21172
-2.35211
-2.48655
-2.61398
-2.73346
-2.84416
-2.94556
-3.03719
-3.11891
-3.19073
-3.25281
-3.30561
-3.34964
-3.38559
-3.41425
-3.43645
-3.45308
-3.46499
-3.47301
-3.47786
-3.48022
-3.48053
-3.47921
-3.47641
-3.47212
-3.46623
-3.45832
-3.44791
-3.43430
-3.41663
-3.39398
-3.36528
-3.32940
-3.28521
-3.23154
-3.16726
-3.09136
-3.00288
-2.90104
-2.78524
-2.65497
-2.51008
-2.35051
-2.17649
-1.98845
-1.78698
-1.57293
-1.34726
-1.11105
-0.86554
-0.61197
-0.35162
-0.08578
0.18433
0.45760
0.73295
1.00954
1.28657
1.56348
1.83984
2.11535
2.38988
2.66341
2.93600
3.20782
3.47904
3.74980
4.02023
4.29048
4.56069
