1.012572231917781664e+02
1.005413060704463959e+02
1.005787144197685308e+02
1.003707800759160307e+02
1.003872500464310065e+02
1.003379485027893026e+02
1.001950383878653952e+02
1.004289340101522754e+02
1.001741358441925911e+02
9.998767445507290574e+01
9.979257802132607935e+01
1.001196036245426058e+02
1.003743995968440430e+02
1.003208822877410853e+02
1.004263238137151717e+02
1.003783435486405722e+02
1.006038717997106460e+02
1.006047121235762347e+02
1.005491757124534757e+02
1.005840169067000573e+02
1.006925889467022870e+02
1.007454005470887068e+02
1.008990183857899581e+02
1.004992888723989637e+02
1.003301548542638955e+02
1.002590763913533181e+02
1.002227383186194487e+02
1.004384259330928586e+02
1.001953469653112023e+02
1.001959205748280937e+02
1.001021615820941264e+02
1.001141746684956502e+02
1.003871021648309920e+02
1.003584446775198700e+02
1.003658298060908010e+02
1.003997082533589236e+02
1.003488453570558079e+02
1.006295511697020544e+02
1.005479319109604717e+02
1.004309993830968608e+02
1.002507990165949536e+02
1.006974144709455601e+02
1.009539052890528836e+02
1.016581074655254326e+02
1.014806075579949152e+02
1.011502316236903596e+02
1.004369715292710197e+02
1.003013294179607158e+02
1.000823942097076156e+02
9.985478863522327231e+01
9.949562627664384706e+01
9.909724157146837342e+01
9.884405222061813845e+01
9.866955828566068476e+01
9.863085791052237994e+01
9.822301103119002619e+01
9.814893317482166424e+01
9.805840181576269288e+01
9.754754129247001515e+01
9.716684774906703126e+01
9.666423403388982649e+01
9.603295073610060228e+01
9.607736685025075474e+01
9.570397832817337758e+01
9.552275911454279367e+01
9.539478970398170077e+01
9.547306318164721972e+01
9.541156631749090877e+01
9.545559336919531290e+01
9.524811562669981413e+01
9.506585813002396890e+01
9.519124623701672760e+01
9.503267211201867326e+01
9.472297892418998799e+01
9.449020010748269272e+01
9.410852997448979806e+01
9.413173318002523615e+01
9.391435424178406777e+01
9.387697191073962699e+01
9.382548630408892620e+01
9.334975478563518436e+01
9.332546390442297479e+01
9.341638246810660462e+01
9.331442537407266968e+01
9.318581349980492234e+01
9.396909522427306172e+01
9.417757106841693826e+01
9.431499354838710758e+01
9.392936654520042339e+01
9.359713365539451502e+01
9.304277174767972269e+01
9.321757740494265931e+01
9.332569437935451617e+01
9.306413715217868798e+01
9.286828802604189548e+01
9.264942314849272975e+01
9.301948153475717618e+01
9.394574931794662120e+01
9.431840201321169559e+01
9.444201210263788937e+01
9.431459063644152252e+01
9.453551652466403254e+01
9.492070288958670687e+01
9.469343572115612062e+01
9.462869478578545568e+01
9.442129404187807040e+01
9.431838649450082812e+01
9.459264652348016966e+01
9.405168815797669879e+01
9.391803769069699115e+01
9.372669136036978443e+01
9.355790951539626121e+01
9.400522831926323875e+01
9.339022307947699630e+01
9.281240393604714711e+01
9.180139877764476353e+01
9.141029055114366031e+01
9.133598328331946448e+01
9.084786554926935764e+01
9.090930369520242493e+01
9.094854871257984996e+01
9.094840564477487987e+01
9.100677913874123703e+01
9.092284213625025302e+01
9.064667855205023272e+01
9.115462952681588149e+01
9.121888974064137301e+01
9.145161800275069197e+01
9.147528806780306354e+01
9.162240028092128341e+01
9.179341456758014317e+01
9.197766982559528515e+01
9.217762654596454297e+01
9.199450924383083361e+01
9.172119863616718760e+01
9.120467176930161202e+01
9.112021206310328125e+01
9.096876354355607930e+01
9.067195604750747862e+01
9.004752931323284315e+01
9.004835555555555970e+01
8.966420418516169377e+01
8.956261837306493589e+01
8.963124499379622989e+01
8.951375476493011263e+01
8.975115192627671945e+01
8.988063366718027680e+01
9.048466457313006117e+01
9.054213144043653472e+01
9.075949592051054537e+01
9.023999230793884863e+01
9.046696718530367320e+01
9.024388152893028803e+01
9.024317658131307951e+01
9.047382287265658363e+01
9.046914606274673076e+01
9.055280451164061617e+01
9.069177830648123972e+01
9.083089879621257978e+01
9.088741648283632912e+01
9.087677627296253036e+01
9.081145955544280923e+01
9.094517988345579340e+01
9.085121454267613217e+01
9.073467073423948648e+01
9.034607211899474066e+01
9.049840502658288699e+01
9.055278773941431325e+01
9.051846213019648246e+01
9.040526676331427325e+01
9.050715674147375012e+01
9.031819850886856216e+01
9.085935417569888273e+01
9.095458275013272953e+01
9.103583590336674547e+01
9.111699878259754826e+01
9.124085297418629636e+01
9.138301379509009337e+01
9.160310506371617123e+01
9.161651197652537348e+01
9.141658649220704547e+01
9.119896678022486469e+01
9.127684617350197982e+01
9.133198172930524095e+01
9.127329123209899819e+01
9.101553158409335254e+01
9.078545542401546697e+01
9.070169364800727863e+01
9.051945673489895228e+01
9.059160685968383575e+01
9.051952001046298335e+01
9.051217644854941113e+01
9.065626775308803076e+01
9.088275040394313464e+01
9.080914460586716075e+01
9.033624012019073746e+01
8.996316436000327599e+01
8.980238028884772916e+01
8.960304640336880766e+01
8.962131791223775679e+01
8.940117668386098160e+01
8.954584369186190429e+01
8.975124451673319470e+01
8.999784355040495143e+01
9.039042363359988030e+01
9.038424637348964552e+01
9.066542557515650458e+01
9.096273868242418814e+01
9.130954742816254566e+01
9.164357635193766782e+01
9.156285193503239839e+01
9.133135806477798724e+01
9.132939583299342701e+01
9.142426613205549302e+01
9.137793362146292964e+01
9.118541734329326687e+01
9.107895466179755317e+01
9.126200178585924050e+01
9.131250507313430376e+01
9.148963966899069078e+01
9.147003473524567596e+01
9.148864380154469700e+01
9.162414865749835258e+01
9.165449538892690384e+01
9.197922107599896435e+01
9.204330413831277724e+01
9.224362694470401891e+01
9.205151072124755274e+01
9.199726722623462649e+01
9.199132680407348062e+01
9.177529491833030306e+01
9.149386691695255536e+01
9.183718053068534459e+01
9.202984728141011317e+01
9.247717983043284562e+01
9.264054034787568526e+01
9.269950104619347542e+01
9.271802913094988696e+01
9.214807024572650107e+01
9.184447591606844696e+01
9.182071492549466996e+01
9.144410503054726291e+01
9.141328208969808600e+01
9.111893840104849573e+01
9.100128371790704307e+01
9.087046539573252346e+01
9.083650990502920308e+01
9.085770082020569305e+01
9.089025853959191181e+01
9.109615634967128983e+01
9.082853697487207967e+01
9.085886194791412152e+01
9.077630327168355961e+01
9.103289931257582168e+01
9.128336020060899614e+01
9.080815405688503006e+01
9.100192509908598026e+01
9.116168557536467176e+01
9.114523407570936797e+01
9.104750867183194885e+01
9.082775497061901149e+01
9.071879793950942883e+01
9.077975398396677065e+01
9.096245020887981525e+01
9.135928950658374958e+01
9.134469598544886537e+01
9.125717491341323750e+01
9.128922697635189820e+01
9.141320644025813635e+01
9.155415244596132140e+01
9.142888444931365655e+01
9.139510664790827832e+01
9.184576296030880371e+01
9.152287054802249600e+01
9.167099002802581253e+01
9.142483022982999330e+01
9.119357214158307556e+01
9.075826120531549179e+01
9.092190503885360897e+01
9.151605831056428997e+01
9.128078394501362425e+01
9.106865937626568552e+01
9.149177318911831946e+01
9.171749643448467282e+01
9.205551551289192957e+01
9.195465648104129741e+01
9.213842462623227902e+01
9.251011942378428898e+01
9.277903011011140677e+01
9.281843714391180811e+01
9.255077746951415918e+01
9.217351443123938282e+01
9.210492625890601914e+01
9.225194746303465365e+01
9.238419539301520444e+01
9.241922459502845300e+01
9.237828362790396852e+01
9.245054624908958374e+01
9.249893210795417531e+01
9.276256884279686687e+01
9.275482746938973833e+01
9.279919418779630291e+01
9.292585260650540135e+01
9.294337219239265835e+01
9.316047098943168692e+01
9.286874020961515441e+01
9.272225250938011243e+01
9.262137823651220003e+01
9.270926025085593380e+01
9.282361462072074687e+01
9.262490489064447274e+01
9.270386940945711274e+01
9.251543467111169150e+01
9.297176554681915661e+01
9.299089112728324835e+01
9.303303964757709821e+01
9.300946316298565364e+01
9.308621848201715920e+01
9.337598095973241641e+01
9.345183834700698355e+01
9.346329105805767767e+01
9.319407879029049013e+01
9.345917362310883902e+01
9.317318096940485361e+01
9.346107485295303263e+01
9.334405562960702696e+01
9.317534321712616929e+01
9.321579757552434842e+01
9.328457374178726980e+01
9.330479906609311058e+01
9.338291874229149414e+01
9.343484196325324831e+01
9.360892447411069384e+01
9.372367160556905219e+01
9.402154674874951468e+01
9.391686263217674480e+01
9.393600064015363671e+01
9.390388335544932374e+01
9.382761377810470549e+01
9.384778951079206877e+01
9.363488279062323727e+01
9.342550621443783143e+01
9.339273736741604637e+01
9.336537236414601182e+01
9.364100592663783118e+01
9.364443380416567209e+01
9.394909751354130378e+01
9.390593197322385777e+01
9.401974472435662733e+01
9.410072838494041036e+01
9.424481095029730682e+01
9.418636881407417150e+01
9.416576061039579315e+01
9.484192150826018519e+01
9.602235303351386619e+01
9.708552961061725739e+01
9.759755756502283930e+01
9.756400369900158864e+01
9.742625934037619118e+01
9.741214151795013265e+01
9.750680224648550620e+01
9.787758890359395991e+01
9.690866770117490603e+01
9.688025263025262745e+01
9.679220799573728584e+01
9.654492925633257983e+01
9.675839032171454335e+01
9.668798358550262151e+01
9.703436058138986198e+01
9.709025050460797956e+01
9.705686893997166464e+01
9.674802194898259700e+01
9.654486146529200141e+01
9.655969581749049269e+01
9.668575304435610462e+01
9.657034448013099848e+01
9.621090117871733582e+01
9.529205863725536574e+01
9.490807569503932939e+01
9.493382422354385142e+01
9.507693752347564953e+01
9.563711190652644234e+01
9.587581854043392582e+01
9.530459374999999511e+01
9.538453840380284987e+01
9.529386503067483716e+01
9.567637300132719247e+01
9.591250197565986468e+01
9.618820589072733185e+01
9.600833789597183454e+01
9.538585148746780362e+01
9.547863817365505668e+01
9.535905218064841904e+01
9.576183457741009875e+01
9.600590638459590309e+01
9.545826754420248506e+01
9.478141915471113066e+01
9.475917777219009963e+01
9.497950233578033874e+01
9.552706674928896291e+01
9.591052506533618782e+01
9.590654264543591978e+01
9.526188292000310298e+01
9.565328103500085888e+01
9.579342759967249776e+01
9.605826166978708613e+01
9.591629865945843392e+01
9.593449422194079546e+01
9.587474072549360926e+01
9.586521800880557009e+01
9.544456044127271355e+01
9.576711311874151988e+01
9.554053291536050097e+01
9.567850295511084369e+01
9.579594148183105062e+01
9.596055622198372248e+01
9.579285032320672144e+01
9.604629028426636239e+01
9.580325459974051228e+01
9.627754099659351539e+01
9.617148356205110815e+01
9.652025525880407031e+01
9.618201472661758089e+01
9.604578158726187098e+01
9.622440558998354732e+01
9.580126572388466855e+01
9.602032854209446100e+01
9.560548137737175978e+01
9.570544421650623690e+01
9.560278626192108220e+01
9.591605902915078730e+01
9.603352043390515291e+01
9.592473353546087367e+01
9.610206979238972735e+01
9.620721642989889233e+01
9.643418563591652060e+01
9.655743024010382669e+01
9.640764729810069866e+01
9.662574618003324645e+01
9.636301936248887046e+01
9.639765344098908884e+01
9.618660047296133087e+01
9.617145963662721897e+01
9.587568117757594166e+01
9.615085185068116402e+01
9.579385883084576392e+01
9.616744876838728828e+01
9.605643514591777432e+01
9.618894721079428223e+01
9.624603385485862361e+01
9.639675294117647297e+01
9.666826228890703021e+01
9.658315541601255916e+01
9.668934543566832929e+01
9.668782472613457912e+01
9.685757928884129342e+01
9.675989258352421984e+01
9.642331491190779502e+01
9.640101099177978483e+01
9.636130948619099001e+01
9.608333857574231729e+01
9.627639888846785254e+01
9.599984311756769273e+01
9.620311381816448204e+01
9.624106031235717751e+01
9.648814405136519667e+01
9.632250179055210992e+01
9.654911639533595746e+01
9.646524248698160875e+01
9.675117801461054512e+01
9.667943134841742392e+01
9.701508369321943803e+01
9.685438291139240619e+01
9.674785706334186841e+01
9.667134416543574105e+01
9.674246305105239685e+01
9.662894617395251373e+01
9.661162632171335929e+01
9.630476714915040759e+01
9.645041642302889784e+01
9.664473538222567583e+01
9.677509608236987049e+01
9.665489031728233726e+01
9.677423374820563140e+01
9.698515359709389827e+01
9.699166337727953646e+01
9.728081996773275364e+01
9.716094569821102311e+01
9.713967853766152416e+01
9.715808435990624048e+01
9.726760296371190861e+01
9.729532604598567502e+01
9.721162588104854763e+01
9.688386638237383863e+01
9.692807351077311750e+01
9.687970386705521264e+01
9.722077201217965126e+01
9.692106717183676778e+01
9.683461983484173174e+01
9.675073332183025343e+01
9.716366239758173151e+01
9.712665798106959869e+01
9.726062148321425127e+01
9.700729480421685480e+01
9.733269374098095739e+01
9.747844445850202533e+01
9.768365679102464583e+01
9.756223054410422435e+01
9.766318595867585373e+01
9.751458493859387033e+01
9.747151622774333646e+01
9.764337497828249468e+01
9.730839381508361896e+01
9.714216226426975709e+01
9.707775384810287278e+01
9.696783639466967486e+01
9.728418183834831723e+01
9.721606459972819891e+01
9.721873907099482892e+01
9.711759996232279946e+01
9.731803687567089867e+01
9.753725113407257652e+01
9.752191789487000051e+01
9.740922684631367190e+01
9.748686868686868934e+01
9.755544927081699313e+01
9.765320758270038937e+01
9.757170114321148446e+01
9.708407328664331715e+01
9.724193496869808939e+01
9.671855931407827711e+01
9.660601837187202534e+01
9.620113841898074725e+01
9.327292172715077356e+01
9.009526965306012869e+01
8.721101854898769545e+01
8.527617963576159354e+01
8.378582999403188580e+01
8.307786687775330847e+01
8.266569691479539017e+01
8.245338349830340974e+01
8.234971554153449347e+01
8.248320343508696340e+01
8.246152314404156414e+01
8.236604319147012632e+01
8.223912333538953590e+01
8.215341104183607968e+01
8.195558721396135127e+01
8.194040509648952764e+01
8.198387468733923811e+01
8.197413854351687235e+01
8.261575686148461273e+01
8.255049211033167467e+01
8.292948886435718236e+01
8.315351506456241282e+01
8.348031509785809590e+01
8.388489763034834823e+01
8.380739983717586483e+01
8.364543709948254957e+01
8.377525783688425065e+01
8.403005897219881604e+01
8.461101581208920663e+01
8.467217706127468091e+01
8.471668542583307726e+01
8.495411116294337717e+01
8.531440271848043722e+01
8.578329866997572140e+01
8.574446021743646895e+01
8.587320279574740312e+01
8.587590545177278045e+01
8.608308343011665897e+01
8.608485845500034372e+01
8.638848329048842345e+01
8.660205720534463580e+01
8.652468372652293738e+01
8.660202406539288233e+01
8.678479097678641097e+01
8.652579153917785959e+01
8.635136345541401681e+01
8.614280513032684894e+01
8.626375399148483325e+01
8.649281052247954449e+01
8.669225779625779182e+01
8.646261851461680692e+01
8.631711223765253749e+01
8.678039613510500772e+01
8.683026494509630311e+01
8.720085798223944096e+01
8.698599711077548591e+01
8.683284079220206308e+01
8.695929314202973615e+01
8.730605666924303421e+01
8.720162072423032384e+01
8.719204373809681385e+01
8.683638801236040194e+01
8.699380498896101699e+01
8.700568321404588801e+01
8.691893087014199182e+01
8.708965812387866379e+01
8.699627440266255007e+01
8.715729599290837371e+01
8.742671790829062672e+01
8.771921931747537826e+01
8.776103900339160191e+01
8.774253773784184318e+01
8.844645292180797469e+01
8.917622448979591354e+01
8.935523579242826031e+01
8.932607858565903314e+01
8.890275783780174379e+01
8.891857769887063512e+01
8.860277786719025528e+01
8.850474579002498388e+01
8.843671286165815104e+01
8.879760431619067163e+01
8.898594921242941780e+01
8.928357836199863584e+01
8.912941137078952636e+01
8.925115667543187215e+01
8.931994366952790187e+01
8.975274263023287347e+01
9.025310458331254893e+01
9.043861335277642866e+01
9.073033484911120183e+01
9.068083133228451231e+01
9.065158161322892738e+01
9.066982164169208147e+01
9.047576471368853390e+01
9.046509972688902224e+01
9.032519515030725188e+01
9.001767385062213123e+01
9.028749833710256212e+01
9.018979332220918366e+01
9.018830611908295225e+01
9.011852906130015128e+01
9.035372728478577642e+01
9.054257100694732685e+01
9.076421983408123140e+01
9.120562640157980638e+01
9.112288684446511411e+01
9.101967900905700048e+01
9.089524298199152952e+01
9.087896148624035675e+01
9.092359435427891867e+01
9.082113256241004251e+01
9.093558877524259287e+01
9.097630487604362770e+01
9.101672101449274521e+01
9.098417291574767773e+01
9.053316012580336292e+01
9.017915826362944642e+01
9.030731337015861016e+01
9.054601442899877384e+01
9.065354722677200527e+01
9.083914944420243387e+01
9.117258327021932018e+01
9.137622854147555529e+01
9.111478272221407337e+01
9.088084585238406987e+01
9.102390894948007372e+01
9.092298370588717660e+01
9.121862487692811783e+01
9.087188402958028632e+01
9.060128773417024206e+01
9.056275926886179661e+01
9.063030056202654805e+01
9.088976631230197256e+01
9.094998720081915167e+01
9.126418975584283544e+01
9.120086996555062342e+01
9.146677594047791615e+01
9.146081419222377917e+01
9.160015210109868633e+01
9.165086628020583248e+01
9.157490930483380964e+01
9.153016214805390405e+01
9.171244845066749463e+01
9.162300298948856891e+01
9.164189070180776753e+01
9.174032943762831849e+01
9.166289190151097444e+01
9.184950689699624604e+01
9.222263701605896813e+01
9.231404733253108930e+01
9.216243638575039654e+01
9.240459282192041712e+01
9.275557337610264597e+01
9.263904918714132464e+01
9.264845781044388673e+01
9.259448300237774276e+01
9.263221733123414481e+01
9.263125926634464236e+01
9.256663472288772709e+01
9.295069983204031416e+01
9.271842603588278564e+01
9.281211859803826769e+01
9.305543514906322855e+01
9.316826324360570766e+01
9.354482494494622813e+01
9.349148270048968357e+01
9.330167401443996766e+01
9.309798454552696967e+01
9.323015923872993937e+01
9.329408261163517579e+01
9.304011502747165707e+01
9.296408822016461215e+01
9.307607960583517581e+01
9.302343223736968980e+01
9.331129765088775230e+01
9.331929085765719378e+01
9.343164943951083501e+01
9.355813841408559028e+01
9.377486314234799636e+01
9.400890398827829131e+01
9.385629548879413164e+01
9.408421170845967652e+01
9.388917740591139705e+01
9.371310134701732864e+01
9.391334902163052334e+01
9.382473113078249582e+01
9.357416994215958539e+01
9.371161420474558668e+01
9.378374808729968493e+01
9.399856694308026306e+01
9.391156060121522842e+01
9.403984883814423767e+01
9.406531049250534693e+01
9.430448460723572168e+01
9.437019947356736793e+01
9.454471505813674526e+01
9.436010370986844009e+01
9.403698062919421830e+01
9.398640502554015086e+01
9.407125573102393901e+01
9.379215879005025158e+01
9.382542718694210748e+01
9.387473535076966868e+01
9.388279237918513331e+01
9.410770459081837203e+01
9.410324238892702908e+01
9.403228984586048966e+01
9.421486583900680500e+01
9.434160351017150958e+01
9.468029965904179335e+01
9.451766295707471954e+01
9.447836223691354007e+01
9.425517472688940757e+01
9.419740209879702775e+01
9.419219816408674717e+01
9.419461936579661199e+01
9.408886297562378331e+01
9.399050617737783853e+01
9.409012943952049568e+01
9.428068806243528854e+01
9.435127840682243061e+01
9.420462799955591038e+01
9.432228737597264967e+01
9.437723076923077770e+01
9.457193616953777848e+01
9.461548348195867675e+01
9.433243508860921622e+01
9.418051118210863137e+01
9.400405573879149301e+01
9.413398874177435971e+01
9.388689279665712206e+01
9.385705007366104269e+01
9.371481850218872012e+01
9.378366056678105167e+01
9.410086473621578307e+01
9.394564342211205599e+01
9.412227426654429507e+01
9.401010991779786252e+01
9.403703997839863860e+01
9.454046339026594126e+01
9.438263000445547846e+01
9.429643027129937138e+01
9.404960330053950202e+01
9.391194571563832483e+01
9.409901510805124758e+01
9.372091549853487891e+01
9.367224170488265145e+01
9.356696974024531244e+01
9.349241484591163953e+01
9.379816981793834429e+01
9.344377973526779613e+01
9.377475168215315193e+01
9.380237748512094242e+01
9.391118844448682523e+01
9.402270034595517245e+01
9.421590054559128191e+01
9.424361754324876017e+01
9.391297801866907946e+01
9.406554546617215351e+01
9.406521704601406952e+01
9.391199835422204956e+01
9.374530466290089237e+01
9.367139175257732120e+01
9.360259465601869522e+01
9.403516420570264245e+01
9.377916040570998746e+01
9.386671646060452190e+01
9.391319028084568288e+01
9.408076136542393897e+01
9.428614515207314639e+01
9.433322321330250304e+01
9.443369566937231241e+01
9.445017997767962470e+01
9.445049285985088261e+01
9.434651396612939322e+01
9.421406240131369714e+01
9.409766897555113019e+01
9.391813067122193104e+01
9.380985480627641948e+01
9.409148151055978815e+01
9.411602104560411419e+01
9.404737817713406400e+01
9.382231443930962200e+01
9.397760653050933399e+01
9.429245460532504808e+01
9.436912498229823143e+01
9.459812507904388212e+01
9.448456984506864842e+01
9.444778649921506997e+01
9.475248986773068793e+01
9.476706846293232900e+01
9.459406519745786568e+01
9.421858345684462677e+01
9.422452759118588972e+01
9.421849149951944469e+01
9.400606430989093099e+01
9.424697912564002422e+01
9.426763793976209627e+01
9.421649110061751742e+01
9.442585497374768977e+01
9.443129046924730119e+01
9.486757600240800059e+01
9.463227288460933551e+01
9.470022420816621889e+01
9.496693720900968572e+01
9.503879147218367507e+01
9.523572149026034594e+01
9.505594185074814106e+01
9.472404217264427473e+01
9.492680501854334807e+01
9.470741609101351344e+01
9.469322483859313877e+01
9.451725393358027816e+01
9.446904843911451621e+01
9.470743990118138811e+01
9.474663400758532816e+01
9.487019374773383618e+01
9.502153558052434335e+01
9.505534903586061546e+01
9.516835383159886419e+01
9.530771424045620677e+01
9.550513145391194314e+01
9.537284618287009152e+01
9.550175644028102795e+01
9.553783472819834799e+01
9.554039076601540614e+01
9.557345896637313842e+01
9.527910393529123212e+01
9.520140975816984508e+01
9.521839768218178790e+01
9.508316887955668051e+01
9.520567230210143350e+01
9.521563316702304292e+01
9.507803299392217866e+01
9.543368683521131857e+01
9.544396306368983574e+01
9.538467583497053681e+01
9.541051752132037223e+01
9.551924535456959120e+01
9.565293671366251260e+01
9.578642742771027940e+01
9.580475264906890231e+01
9.566873406164405935e+01
9.533905166981726609e+01
9.526435391670329977e+01
9.521659567755166620e+01
9.524589205586804042e+01
9.505521734317927951e+01
9.506402443850012673e+01
9.512332371683099552e+01
9.516067044381492224e+01
9.524302349400437606e+01
9.528069817130648289e+01
9.515013139053672830e+01
9.542510586716622356e+01
9.551508800680733202e+01
9.569347361759355408e+01
9.562185284386323758e+01
9.547042423090326224e+01
9.489864607774747185e+01
9.401712986680328754e+01
9.288647634584013701e+01
9.226253671562083980e+01
9.192219070939101755e+01
9.175901197210893656e+01
9.193938125744455192e+01
9.182177606679337600e+01
9.097711648006286111e+01
9.066043740156840158e+01
9.099695136783044802e+01
9.133907645428463695e+01
9.212526794413770403e+01
9.230311797889021364e+01
9.247102785752089460e+01
9.311172057755909748e+01
9.336096235184380987e+01
9.371039703632118290e+01
9.340172339094016252e+01
9.277183976972894186e+01
9.256193666746430893e+01
9.270126866870081983e+01
9.270270096772641466e+01
9.261210346041806929e+01
9.251085235360919512e+01
9.271896917830254381e+01
9.291205803815590514e+01
9.312744767320450023e+01
9.310559145288209493e+01
9.311125725834911293e+01
9.337295835932876287e+01
9.348135397819160630e+01
9.365627453179320128e+01
9.356268357274697678e+01
9.351348237289762722e+01
9.347545178314409497e+01
9.354918653960882580e+01
9.349533128677411753e+01
9.345349844406661077e+01
9.335305887249096202e+01
9.352789203084832081e+01
9.353177492495368028e+01
9.387884846061575672e+01
9.377857528503827211e+01
9.396501006100481845e+01
9.419557723163931939e+01
9.435881056565204972e+01
9.422164931737847837e+01
9.381886254824975424e+01
9.303635447645979184e+01
9.318037075313267792e+01
9.314133149737415351e+01
9.362432712886698027e+01
9.337782109315850221e+01
9.306020837667846024e+01
9.276629346659618136e+01
9.225068852879010706e+01
9.233473674022454247e+01
9.210297780706125081e+01
9.241126751458537569e+01
9.260216301597279198e+01
9.300464018366720609e+01
9.327761459005810707e+01
9.319256772956124735e+01
9.334273670037988779e+01
9.370316629029933608e+01
9.374534002621733464e+01
9.387926895624619306e+01
9.388635414994381279e+01
9.377674351538844633e+01
9.370170155816843760e+01
9.378925765029067918e+01
9.398937049159491153e+01
9.400017548897609743e+01
9.389637627994514446e+01
9.408530578300921832e+01
9.419939836699613522e+01
9.426883706121148521e+01
9.429553286433439041e+01
9.436778323088896059e+01
9.449646713558861677e+01
9.449781197175310865e+01
9.451255763837170321e+01
9.449284614040938379e+01
9.433999840675535609e+01
9.414796477029278776e+01
9.415070163768253053e+01
9.424844957542218538e+01
9.402825235171877694e+01
9.393363760694634834e+01
9.399079783852511127e+01
9.419241843373686152e+01
9.444668729667539253e+01
9.410441536943302765e+01
9.382055496162499253e+01
9.387740668603723293e+01
9.406150135664758238e+01
9.454487805659198330e+01
9.387520627062707490e+01
9.313775689023418636e+01
9.305125424593747141e+01
9.315645789583366820e+01
9.345593333545370740e+01
9.340749916622992544e+01
9.349076063601202691e+01
9.350758152518714894e+01
9.364591861113322580e+01
9.373990383852489572e+01
9.384072107278485930e+01
9.382552120435009613e+01
9.390022564814668726e+01
9.383277818996953101e+01
9.375423648284817091e+01
9.330400533621319425e+01
9.337915271186172106e+01
9.302981929132000971e+01
9.324251896042903809e+01
9.324784308759043938e+01
9.327210399645322525e+01
9.319284978200555258e+01
9.313554112417641306e+01
9.331395771730365141e+01
9.357514043832581763e+01
9.351998919073582783e+01
9.301332105488782531e+01
9.252968579170034502e+01
9.230998374294730979e+01
9.239507552773608268e+01
9.264531696949359230e+01
9.289407960753707982e+01
9.278827123174340841e+01
9.262577837082221777e+01
9.233801158424033417e+01
9.195041021830884631e+01
9.201801715463126641e+01
9.213507018493173462e+01
9.284913279175874834e+01
9.333757961783439328e+01
9.366196715611121704e+01
9.331502259869148475e+01
9.284269076178118496e+01
9.241089407654438048e+01
9.250680059595329396e+01
9.243899223205350779e+01
9.287356761494940827e+01
9.317548446388110506e+01
9.280602502801053788e+01
9.266660856889340891e+01
9.215563034238674334e+01
9.243377310378687639e+01
9.291131938298140369e+01
9.347488030742093201e+01
9.361492851862919906e+01
9.314441563369591393e+01
9.302046917759463440e+01
9.282838085604096534e+01
9.318011525090089719e+01
9.365157092986352438e+01
9.348613830123146329e+01
9.318045694089431663e+01
9.248136463799362161e+01
9.207918032527277319e+01
9.227406092020221706e+01
9.229672963962534027e+01
9.244347245196588858e+01
9.264341294543605443e+01
9.237801257146468004e+01
9.244488537549406715e+01
9.225517592577858750e+01
9.213942070108876692e+01
9.215432519371859144e+01
9.304685421022620062e+01
9.338603444208540338e+01
9.308320390503661201e+01
9.266518733736690194e+01
9.211294099034962812e+01
9.217033563042369337e+01
9.232516693239041672e+01
9.270929810439257324e+01
9.270774642283022615e+01
9.223134541530454555e+01
9.181303624023561838e+01
9.187216468644767531e+01
9.217251277521923214e+01
9.291287254280278773e+01
9.276227570560517677e+01
9.229351557432805464e+01
9.238796551559288162e+01
9.252975047984645585e+01
9.269562386865254666e+01
9.258654792519922694e+01
9.276140339716266681e+01
9.276208588368785968e+01
9.255174387180873907e+01
9.259985984583040874e+01
9.219168046884952616e+01
9.223126963475391449e+01
9.264737278144218635e+01
9.262426555115597182e+01
9.257575564848234251e+01
9.250733715957328229e+01
9.262254426292095388e+01
9.280404944383617760e+01
9.298451162421645222e+01
9.304711759574975360e+01
9.303286996584319013e+01
9.301788059559788735e+01
9.313383470550982679e+01
9.302202692179331223e+01
9.298649184278534108e+01
9.267019844475062484e+01
9.274120547073790988e+01
9.265490016138730311e+01
9.290875318877552047e+01
9.310837146788696828e+01
9.306574565387127507e+01
9.307176267059652730e+01
9.325757190124713247e+01
9.339013209385531411e+01
9.349746467231486236e+01
9.350907551209536450e+01
9.352972472080649879e+01
9.376918047426923408e+01
9.391802596404731673e+01
9.388182963187347241e+01
9.372465467394795269e+01
9.348588841557777585e+01
9.335568661022860226e+01
9.335023519094315247e+01
9.338728018194048275e+01
9.297581300489157741e+01
9.307755952858173032e+01
9.318481478518280881e+01
9.306588332696472321e+01
9.343064106049219220e+01
9.342236471792247698e+01
9.335928438646944016e+01
9.337248162696401721e+01
9.365905440435108176e+01
9.390037353936530451e+01
9.387430467610330709e+01
9.370878455854249012e+01
9.395447701425595710e+01
9.373688499704383048e+01
9.365779163668345575e+01
9.315630367024999714e+01
9.310206405465655166e+01
9.299955327228053648e+01
9.306623349736436523e+01
9.328209249769233224e+01
9.308124880352244190e+01
9.308759159120725712e+01
9.320363792746444176e+01
9.335788313824436102e+01
9.340500492861457360e+01
9.334204351365588082e+01
9.354347199077041353e+01
9.367318779245253779e+01
9.362672430233297405e+01
9.382338237167240891e+01
9.344209129851032003e+01
9.310419293569341903e+01
9.299364746613304078e+01
9.285020010523463441e+01
9.296802515843749859e+01
9.297613097526591730e+01
9.277752374252550283e+01
9.285003040681111486e+01
9.290578939853084250e+01
9.321138301934826131e+01
9.305850126244580167e+01
9.311089562203923720e+01
9.325622115430364545e+01
9.333430181789313451e+01
9.346785145043034504e+01
9.356053289987410437e+01
9.348028890515129774e+01
9.334058582737365839e+01
9.324960688702171296e+01
9.312843745032586185e+01
9.281369214140386248e+01
9.257460025672314430e+01
9.275974698468841950e+01
9.279281052025341125e+01
9.290006698350930492e+01
9.275266663487370522e+01
9.277897278663002112e+01
9.281178961444172160e+01
9.290129116172830948e+01
9.348179495368891878e+01
9.352243074173368598e+01
9.395106007375946433e+01
9.416103148883074425e+01
9.399361032887044587e+01
9.373557329393059945e+01
9.314107546749069400e+01
9.301750770754460973e+01
9.274305434073886545e+01
9.264780184772220650e+01
9.260198973449084292e+01
9.252839615481912006e+01
9.265040261500438135e+01
9.251185014683704821e+01
9.275152862701500567e+01
9.308863364441253907e+01
9.300946412381301798e+01
9.298150382624709209e+01
9.300775844324461161e+01
9.336002412009266038e+01
9.347829324714010113e+01
9.340542219532009938e+01
9.309127734269510768e+01
9.300889776357827543e+01
9.294669880595110101e+01
9.279639605281975889e+01
9.272386915208146263e+01
9.273409206027606899e+01
9.282572813204740214e+01
9.278943691047098241e+01
9.303879028006326735e+01
9.289042890744627812e+01
9.306876913558703279e+01
9.315686181032289426e+01
9.340408299653120139e+01
9.364596381903157862e+01
9.343468717430438630e+01
9.362636943282822699e+01
9.309464468806687876e+01
9.302262213248971534e+01
9.313011394293332046e+01
9.288975383303595379e+01
9.286609401097589966e+01
9.277815460552503168e+01
9.287486031735896574e+01
9.290268898231141748e+01
9.298559435222286140e+01
9.305805139288381156e+01
9.292839108754655797e+01
9.319667409293444393e+01
9.348463195918755275e+01
9.348755620290037882e+01
9.363745368382552670e+01
9.340327608142493432e+01
9.323969494817620784e+01
9.307816318111134990e+01
9.309220411281593499e+01
9.291027900846394516e+01
9.260929931682997562e+01
9.280021540118470114e+01
9.301203155505469056e+01
9.311297464322120732e+01
9.315654505926973172e+01
9.304656909332827297e+01
9.307581674445184206e+01
9.354078755623139330e+01
9.350599573426021038e+01
9.375212847067793120e+01
9.355511997723752415e+01
9.366923979203652095e+01
9.350825103335121469e+01
9.333378952561308495e+01
9.328431743032592749e+01
9.301994085740943774e+01
9.290240090922006289e+01
9.309876972706284448e+01
9.296058988452583094e+01
9.294242663300724416e+01
9.301526644721148784e+01
9.304995332204623537e+01
9.322241821933127426e+01
9.332649906948870466e+01
9.364186356707318737e+01
9.353739498452404177e+01
9.337237985584278022e+01
9.346670767095635313e+01
9.331251279950849664e+01
9.343146355759026278e+01
9.316067276144363518e+01
9.293253974569124409e+01
9.292238516658987635e+01
9.296288084223958492e+01
9.303746168871386146e+01
9.283342035727282848e+01
9.290648450115567414e+01
9.313668675752612103e+01
9.317694918479983812e+01
9.338045139109951265e+01
9.331092597000713340e+01
9.327159400113902166e+01
9.341757046472034176e+01
9.343907104689031939e+01
9.331317234157332052e+01
9.304664616750143580e+01
9.270362310783549731e+01
9.269991971411930365e+01
9.258606647937119760e+01
9.270417377028478256e+01
9.240926395939087001e+01
9.241917743460447809e+01
9.269135371733062811e+01
9.284227189563280547e+01
9.299662935639786099e+01
9.281027749229187407e+01
9.301166608230005295e+01
9.311533352310466682e+01
9.314143208310206035e+01
9.338787329164877349e+01
9.309529456408311887e+01
9.295685787916387710e+01
9.286758767606752940e+01
9.274744265836456236e+01
9.277988161914458942e+01
9.254396064972242186e+01
9.222780905985069921e+01
9.255337367099006940e+01
9.243223788643184946e+01
9.259176296015660057e+01
9.243046451531576224e+01
9.251445542058577587e+01
9.267941643478124547e+01
9.300069623558080423e+01
9.316820506325105100e+01
9.308370197168858340e+01
9.299531664258839214e+01
9.302814791453124599e+01
9.315923990498812657e+01
9.323812761919823799e+01
9.296123796642534387e+01
9.270640173088548863e+01
9.276414959617918043e+01
9.272955614905252730e+01
9.297413998380773137e+01
9.283552830639381170e+01
9.282771315676723134e+01
9.294173882813981891e+01
9.297075402983185199e+01
9.312277481526021461e+01
9.322449270315615877e+01
9.319925227158000780e+01
9.316336618027919769e+01
9.371285164397266954e+01
9.420967488338779106e+01
9.382376561064417331e+01
9.358198655958040035e+01
9.335630371109466807e+01
9.284463214047565316e+01
9.292931534644831970e+01
9.262213377311216789e+01
9.248194222144748267e+01
9.245601881075620554e+01
9.239988932806322453e+01
9.268986640496392226e+01
9.286374579486933101e+01
9.273728611221648066e+01
9.321149785654873199e+01
9.309141493179050997e+01
9.342848718602574820e+01
9.328330260062313073e+01
9.330021783721041118e+01
9.328859444259090594e+01
9.297613542788370466e+01
9.321376771170366737e+01
9.295752529010401588e+01
9.271730247406225089e+01
9.264566778667771985e+01
9.256756799720221807e+01
9.288434007684092819e+01
9.291593153285370477e+01
9.293601043688548202e+01
9.295778174742416411e+01
9.302543505233352050e+01
9.330170459986592846e+01
9.327387584718188407e+01
9.333428612490618548e+01
9.326891638306669563e+01
9.334088674637656879e+01
9.367964556801219089e+01
9.355807202781588217e+01
9.318302391491259584e+01
9.305615058493513914e+01
9.323128010626210482e+01
9.317770123740272936e+01
9.314964336434282188e+01
9.328770561248140325e+01
9.304887313646332814e+01
9.315304580237682330e+01
9.344788683088282255e+01
9.353404017857143060e+01
9.351448321785866824e+01
9.363361130966562484e+01
9.364084618052271480e+01
9.414231758022027918e+01
9.404549265252533985e+01
9.414388455094362484e+01
9.391494710877093155e+01
9.380596306319137057e+01
9.378198528250639754e+01
9.374000601618034523e+01
9.362820614375564787e+01
9.343175399567694228e+01
9.345925879218752641e+01
9.373043684335254966e+01
9.373181452947014236e+01
9.383385560092426658e+01
9.389712265416606840e+01
9.378636765076961979e+01
9.404872239747635376e+01
9.421247902750957337e+01
9.406639277425828993e+01
9.402094610496588700e+01
9.425961947027995791e+01
9.408727123951597093e+01
9.408991579314610476e+01
9.392692935342300586e+01
9.371235380116958424e+01
9.362348904808042960e+01
9.371885601953137268e+01
9.361078081648831528e+01
9.363905110066625070e+01
9.354509692402483267e+01
9.366308686561491470e+01
9.381957446808509360e+01
9.378200501174133308e+01
9.406722755774268308e+01
9.402919430076477170e+01
9.423204815823420688e+01
9.426212991463840751e+01
9.434349110064650290e+01
9.393631089565285208e+01
9.354544304598064741e+01
9.345892243631354290e+01
9.361829101655598606e+01
9.345918578218639539e+01
9.347312222098267398e+01
9.328792623797789929e+01
9.335789943137474722e+01
9.350453997079179658e+01
9.354870976407566729e+01
9.359276620003799962e+01
9.343634571982579473e+01
9.346830282069993245e+01
9.380961459028372929e+01
9.388938074083442586e+01
9.395562384561493730e+01
9.355952418968546169e+01
9.308168630279715217e+01
9.310828493010787099e+01
9.306679404506010655e+01
9.306033720636524720e+01
9.291226119959982555e+01
9.272768539755352890e+01
9.280425293788472629e+01
9.301054108791683461e+01
9.304648328690807091e+01
9.291574279379157986e+01
9.305997753413386420e+01
9.325678113625572507e+01
9.338412427503595836e+01
9.364542729824449907e+01
9.332981718117409287e+01
9.342612619745071356e+01
9.328125690476942111e+01
9.319489658451540492e+01
9.308987283493942755e+01
9.264854285850118742e+01
9.256663951575551152e+01
9.248249150766692139e+01
9.252797086004231630e+01
9.259644524921377240e+01
9.255842540775815053e+01
9.263627652948785851e+01
9.275626631644696829e+01
9.265220675688706820e+01
9.268116289477049463e+01
9.293522169856689175e+01
9.281600585269653436e+01
9.319782335438908660e+01
9.284020922704004875e+01
9.261732253332483822e+01
9.202769313781502092e+01
9.205984833941255374e+01
9.200528694874374480e+01
9.209298763462304294e+01
9.199153457641116916e+01
9.180239857434136752e+01
9.180679871263190250e+01
9.202109454014222933e+01
9.196095909011037861e+01
9.209816884661118763e+01
9.202921505393426571e+01
9.202262155101000474e+01
9.243021168556042255e+01
9.283638236218273221e+01
9.302388602499823378e+01
9.215106696593078084e+01
9.177647632991704540e+01
9.147659765255960451e+01
9.127748265135200256e+01
9.142111987734372747e+01
9.123211507930143682e+01
9.132027822535614803e+01
9.118380532097275193e+01
9.134478440076094330e+01
9.161224879469186533e+01
9.138130371587462264e+01
9.145658939345823057e+01
9.156651575144736910e+01
9.175022943764042793e+01
9.190662602787566016e+01
9.156574413693452641e+01
9.108765570838411918e+01
9.135696424305167795e+01
9.099100137347457462e+01
9.119714513556620261e+01
9.085376738886164105e+01
9.080191048381968244e+01
9.101475621209466738e+01
9.122980952380952147e+01
9.123895626492397071e+01
9.146119436014163284e+01
9.173711791784137404e+01
9.170773706557633886e+01
9.186115200151952820e+01
9.222316456099035520e+01
9.191169071048693695e+01
9.190753599184608902e+01
9.170828560519281325e+01
9.148303203298445396e+01
9.149048400197486330e+01
9.107038869481371535e+01
9.105148986889155083e+01
9.095443531144580618e+01
9.114745163038280396e+01
9.124184834424458757e+01
9.140784955808481982e+01
9.122767155890520030e+01
9.141119798716499645e+01
9.149105487505346446e+01
9.160297636971647250e+01
9.158495172566863118e+01
9.168623783406779637e+01
9.171758650724521544e+01
9.184203372686610578e+01
9.178775328858634452e+01
9.154979538308394638e+01
9.124916540690351496e+01
9.127875895744816148e+01
9.114746078338541224e+01
9.128321024438174902e+01
9.112928768201494734e+01
9.128869297730985011e+01
9.136023612675944605e+01
9.149199084668191517e+01
9.179867524361506526e+01
9.168345585905316852e+01
9.163124831874930010e+01
9.178181846842586822e+01
9.199919230951965687e+01
9.218848875109308949e+01
9.164037475470026095e+01
9.153714865808005641e+01
9.159332270916334551e+01
9.135807666036566843e+01
9.138909293266554812e+01
9.125409044111823675e+01
9.113749861280656717e+01
9.124325780383458095e+01
9.126700168035254990e+01
9.149402738507481558e+01
9.152390223826257909e+01
9.156146899267717743e+01
9.161424539371451203e+01
9.173442851706202816e+01
9.204036627483286281e+01
9.198842427413856626e+01
9.200805023091035650e+01
9.190926143770070667e+01
9.193768621640137439e+01
9.181398738790126401e+01
9.160135799727130745e+01
9.139416555745704329e+01
9.138000126714607063e+01
9.140998070902249140e+01
9.168066268590524714e+01
9.186426737662831954e+01
9.210557589009840740e+01
9.214307359648984175e+01
9.235902986253752545e+01
9.257880782159935507e+01
9.242380914764198963e+01
9.235470371077587970e+01
9.239823935284320555e+01
9.256531186094071018e+01
9.271378181300516985e+01
9.236637255057266316e+01
9.217827245053271668e+01
9.185151452644272752e+01
9.174431827155423491e+01
9.204404214650175220e+01
9.211651687891010454e+01
9.215308293116585503e+01
9.216201312632097142e+01
9.217681108855620664e+01
9.247986640919306467e+01
9.261160841824587919e+01
9.259998416217928252e+01
9.282096464654476620e+01
9.278279108643883433e+01
9.305429231421970826e+01
9.329066793741560559e+01
9.316485017953037584e+01
9.276406902529352294e+01
9.282384361320501398e+01
9.270089426783796682e+01
9.271624753921382478e+01
9.236145834979534186e+01
9.250033177451972222e+01
9.254153076411540724e+01
9.305835378825069881e+01
9.338456730101403025e+01
9.384706170335529407e+01
9.311379622186494487e+01
9.312007681791550340e+01
9.313027179006560630e+01
9.319333960369206693e+01
9.312599790083012863e+01
9.299685554567398071e+01
9.283034685274940045e+01
9.301938021228203013e+01
9.270572797988528180e+01
9.267136261581761403e+01
9.248650449850049426e+01
9.240469350914371205e+01
9.254938935645130016e+01
9.255166601024025397e+01
9.276762019919178215e+01
9.269161998797430613e+01
9.266928176795579475e+01
9.300623052959501535e+01
9.309808129460949999e+01
9.322071829334009863e+01
9.298567380601858190e+01
9.310384506108532321e+01
9.320082311040759748e+01
9.315568947518269738e+01
9.292308786796091624e+01
9.267550884745654116e+01
9.272319518186860421e+01
9.273018680225489163e+01
9.260703455682607910e+01
9.272560705002219095e+01
9.270971405138557486e+01
9.304820864485611764e+01
9.317690180898965480e+01
9.322063194979632783e+01
9.340099212598425993e+01
9.332244291523302593e+01
9.337454077307124578e+01
9.370428400804627245e+01
9.352068446784504374e+01
9.363684959127213858e+01
9.326862938442035045e+01
9.322204912744497562e+01
9.325717306903190718e+01
9.293374453786815081e+01
9.277169858633983779e+01
9.271741937515747622e+01
9.260288848378174009e+01
9.285763517341221984e+01
9.293034299958978295e+01
9.314645833662802943e+01
9.291250197316495019e+01
9.295047999239615422e+01
9.325515161136688391e+01
9.322349177330895031e+01
9.347385750870886056e+01
9.339881385418313187e+01
9.329948787873982496e+01
9.331878615006733924e+01
9.319237824161923811e+01
9.308428051290168526e+01
9.277066750728977240e+01
9.270075763567056981e+01
9.303063318117474978e+01
9.306558674963976330e+01
9.295070211659390225e+01
9.289127684473542956e+01
9.291915181876899510e+01
9.318959848245336275e+01
9.331640884502230904e+01
9.307129473634488193e+01
9.333020935921466332e+01
9.330160087406774494e+01
9.343558689602832601e+01
9.311281679485563245e+01
9.295995430502958357e+01
9.266330082473579921e+01
9.250671262414026330e+01
9.245479551098677007e+01
9.259024497764343664e+01
9.289940144413479572e+01
9.269824782951855013e+01
9.262045644001949540e+01
9.276511598627678268e+01
9.264987794314512826e+01
9.272612598425196495e+01
9.264751415984895289e+01
9.275219874447364532e+01
9.302684120266209788e+01
9.290097613712924840e+01
9.308764589297511804e+01
9.266665091069515370e+01
9.276937783796702774e+01
9.282616376223441534e+01
9.267071279356841274e+01
9.252977947560340510e+01
9.249000506874486405e+01
9.252222540866073075e+01
9.252061782403386303e+01
9.265604783220764773e+01
9.281788016685628406e+01
9.274554205459998002e+01
9.288170075859132169e+01
9.315104978815227810e+01
9.337507330913470582e+01
9.349453030039937573e+01
9.336993299172250715e+01
9.309967683455506915e+01
9.305557139237299680e+01
9.315078127486235360e+01
9.292764825139381912e+01
9.261774776488492478e+01
9.253448932322238818e+01
9.262278019801981088e+01
9.268032174479786534e+01
9.291603162280772210e+01
9.294452587305633529e+01
9.270325055649401236e+01
9.293969381313131350e+01
9.321291304623579776e+01
9.314564926372155185e+01
9.303559880709465801e+01
9.322384174908901855e+01
9.333743423332599320e+01
9.331231278574807675e+01
9.321702838063440311e+01
9.295949255098977915e+01
9.271108797501301524e+01
9.271598925356251186e+01
9.268642730943967933e+01
9.301682657996987302e+01
9.275436279596264910e+01
9.262183380006922562e+01
9.276477731516527570e+01
9.297594736007610550e+01
9.297974380008834316e+01
9.299291071937210518e+01
9.297355636087416997e+01
9.314978565892086237e+01
9.330532923311037052e+01
9.332181137819495120e+01
9.302888485518113271e+01
9.296170111287757720e+01
9.293546434771529619e+01
9.266922930903568556e+01
9.265834018857178478e+01
9.248933554031685844e+01
9.256400450657739043e+01
9.273011151233635019e+01
9.277264664892943813e+01
9.294708162552028341e+01
9.284043715846993905e+01
9.282645387039059415e+01
9.306188625366860379e+01
9.324726713100319841e+01
9.345940685672350412e+01
9.317484065855856556e+01
9.308184333254287424e+01
9.285092312803557490e+01
9.276193957502265164e+01
9.291418968428429537e+01
9.253902589103991261e+01
9.230067296023702283e+01
9.248079572992064357e+01
9.264438018367282268e+01
9.284596391263058024e+01
9.281488467940081932e+01
9.269792671548084684e+01
9.294527457885220656e+01
9.312672971943634082e+01
9.321434795696879405e+01
9.320880882469644746e+01
9.310797147385102335e+01
9.306960013913703733e+01
9.307760939032492331e+01
9.306084500785352986e+01
9.276972765363127849e+01
9.244128922334233778e+01
9.238122220287745279e+01
9.228064403884478395e+01
9.233568943706515597e+01
9.239171601380665777e+01
9.248875017913728414e+01
9.242337297706552590e+01
9.258567411292617066e+01
9.261670870113492526e+01
9.262290485192185940e+01
9.266153235410877187e+01
9.271896557155007201e+01
9.273379483952170688e+01
9.286747785518393528e+01
9.278349092524432251e+01
9.242351822503961500e+01
9.239623088588399469e+01
9.229004850521511116e+01
9.228929978396239164e+01
9.213335869875392348e+01
9.218049492849092985e+01
9.217758427232642759e+01
9.235699043705049860e+01
9.262177218404303858e+01
9.247650136739436277e+01
9.248612077141953591e+01
9.263202024996044770e+01
9.267667190750709949e+01
9.288904994485584155e+01
9.290265277119847553e+01
9.270245685086456433e+01
9.263405917949206980e+01
9.242868906977480492e+01
9.251856137458787543e+01
9.196767207557829238e+01
9.198333096332811465e+01
9.208971356227250737e+01
9.214909240532371371e+01
9.235290762161307043e+01
9.224232195493011943e+01
9.218439001338899175e+01
9.225951129961386243e+01
9.258964118169140534e+01
9.267039150046363716e+01
9.288507827633290503e+01
9.281086468187426419e+01
9.283709784568662826e+01
9.260415685535775765e+01
9.285057107602746385e+01
9.248670750189442913e+01
9.230442399659085595e+01
9.211446648049100361e+01
9.193367242813859264e+01
9.222116787176310027e+01
9.222199367088607858e+01
9.224767981438515108e+01
9.222439215686274849e+01
9.232869866792781011e+01
9.246733896896220983e+01
9.274747426911662274e+01
9.292571013557135018e+01
9.318023976128570496e+01
9.310247639896019223e+01
9.321898025346301608e+01
9.309031104298395576e+01
9.273256202555819527e+01
9.249988006332657164e+01
9.243987095338748361e+01
9.234931376588798457e+01
9.212580599391463920e+01
9.221902472961862429e+01
9.217208757830790944e+01
9.211301505703903558e+01
9.244392626437686999e+01
9.249092898601287516e+01
9.249445377618609143e+01
9.243537522034750964e+01
9.248926734915318093e+01
9.285098473463577307e+01
9.289039882298968109e+01
9.290144795096819053e+01
9.284390550192293290e+01
9.274104393187103312e+01
9.268169098226638880e+01
9.251981976304512045e+01
9.224075909927772443e+01
9.220850868588424021e+01
9.224946062567421734e+01
9.235879400147918261e+01
9.244023806892631967e+01
9.239400407950286365e+01
9.233743718592965877e+01
9.235180673655753480e+01
9.276941625165478911e+01
9.289592373230291855e+01
9.275658569692377853e+01
9.278464909515102477e+01
9.287165421356284867e+01
9.316629962876739057e+01
9.286660876431109557e+01
9.259210153371334684e+01
9.249694972965303918e+01
9.232267710371820613e+01
9.245321637426901873e+01
9.213037866417853650e+01
9.255942551643416039e+01
9.198731790916880868e+01
9.260738106527580271e+01
9.242550510942092501e+01
9.252098428531100183e+01
9.272633641636620894e+01
9.283256247138866968e+01
9.250361240310077449e+01
9.315708374946497372e+01
9.290351041569068968e+01
9.322020246687408473e+01
9.264415673658072592e+01
9.299715009499684015e+01
9.268240651217914206e+01
9.280783097438481377e+01
9.243536777678890815e+01
9.227762238854946020e+01
9.251406109684432977e+01
9.238374512964151108e+01
9.268455668318777896e+01
9.246772735772610474e+01
9.269546207876253163e+01
9.274619513039645824e+01
9.295578557180328971e+01
9.311040493345498703e+01
9.312887970183845709e+01
9.302901698517118234e+01
9.322949684445774210e+01
9.348203096639782927e+01
9.337874663687713905e+01
9.346154822133759410e+01
9.367630425440481190e+01
9.391216950057864210e+01
9.379343467800984513e+01
9.352612286954611420e+01
9.334443250984604390e+01
9.297945039890403507e+01
9.256852735545444943e+01
9.301762128625794901e+01
9.295423239280160033e+01
9.285748998075041527e+01
9.272647338403041317e+01
9.307302945168724762e+01
9.325666346924975869e+01
9.316315450879478988e+01
9.340737301075100163e+01
9.318136460218777017e+01
9.312963752665244499e+01
9.320711132134972843e+01
9.308498936254038369e+01
9.284340495139828420e+01
9.276740999716525948e+01
9.257532845566831270e+01
9.286110108161567211e+01
9.292130822908154641e+01
9.314322596895563322e+01
9.311338649554097913e+01
9.304676766726264248e+01
9.337451422840665316e+01
9.339092544786043959e+01
9.342099741642526567e+01
9.335833294075155209e+01
9.334718910779270118e+01
9.328929509632223471e+01
9.331175316008479115e+01
9.303717197732305522e+01
9.286278788639968695e+01
9.267832955345271273e+01
9.283311940391961059e+01
9.292538137531748532e+01
9.289168108193111095e+01
9.284842429868311342e+01
9.268094127955188810e+01
9.307659414501198114e+01
9.298568033919890752e+01
9.316223802690299749e+01
9.304446244683667544e+01
9.315535151904485645e+01
9.324650035191990582e+01
9.325782740608676136e+01
9.333634456412825386e+01
9.297107198294109764e+01
9.272473764056366008e+01
9.287814808992295923e+01
9.254676213805664986e+01
9.271850871387601956e+01
9.252066271891142435e+01
9.253145237346745944e+01
9.261955208186198263e+01
9.278130034252465919e+01
9.279351037059035434e+01
9.290044649196156001e+01
9.306016355140187102e+01
9.320832536190293638e+01
9.403531275287959090e+01
9.516900195144249608e+01
9.487369197516039776e+01
9.411378623159053802e+01
9.377909768935961665e+01
9.358016542070939181e+01
9.371683571917644429e+01
9.345201642723395707e+01
9.347291673235172027e+01
9.362946161358408403e+01
9.365633993300728832e+01
9.375150562151112865e+01
9.366320837512537878e+01
9.368119356726072056e+01
9.374789425533928977e+01
9.364748972101008917e+01
9.373718289593041675e+01
9.356514278517678918e+01
9.333666897071761070e+01
9.310903534205783671e+01
9.283212673937569548e+01
9.285774032361648267e+01
9.272413468478363541e+01
9.240429206109986637e+01
9.259687750830198638e+01
9.271587818184677587e+01
9.281974202011367936e+01
9.295805052790345258e+01
9.271847291412100844e+01
9.302799717358875853e+01
9.327529175239921244e+01
9.357897216072353785e+01
9.342933945357940217e+01
9.325737646085912047e+01
9.354785504592948087e+01
9.325050037528146163e+01
9.326471791321858973e+01
9.289832123057703939e+01
9.268407019965182769e+01
9.249958815758799346e+01
9.267748965257746363e+01
9.271778332313196813e+01
9.263448178524942023e+01
9.252469815117595431e+01
9.285963092206607428e+01
9.282154555000079199e+01
9.320442040912297443e+01
9.296956562412299263e+01
9.288784286741939411e+01
9.303575718809965167e+01
9.307832459747025666e+01
9.300794835142394845e+01
9.293108035346656948e+01
9.254612973989344482e+01
9.271364111332763969e+01
9.273312510845045153e+01
9.283764665013974593e+01
9.268126554945312989e+01
9.293001562573985552e+01
9.290583699566866471e+01
9.299711247159808636e+01
9.318420345519780312e+01
9.335289540958096666e+01
9.322832255718735439e+01
9.337540191652807664e+01
9.340369468256730556e+01
9.338259677215988575e+01
9.303204734696447531e+01
9.291439327116934521e+01
9.287090257721384035e+01
9.284208118383897101e+01
9.303675935592040958e+01
9.277939667555921233e+01
9.289051934746630934e+01
9.296997366387535067e+01
9.305752058814249494e+01
9.326372066616200129e+01
9.337088294907525210e+01
9.329927551165997102e+01
9.335044339950137271e+01
9.338988109262837156e+01
9.365813205524374041e+01
9.338189026123764336e+01
9.329444092492873608e+01
9.290821668643732778e+01
9.292386010118468676e+01
9.312413727600835500e+01
9.286018055424490569e+01
9.291317795206008157e+01
9.312655948959287855e+01
9.318582100159510162e+01
9.341861787847189191e+01
9.347073521737068802e+01
9.349987335359676877e+01
9.355054616734376793e+01
9.375122104931463696e+01
9.378999368686868365e+01
9.384538609977539636e+01
9.385249212761220861e+01
9.362797209434766899e+01
9.355146346498959531e+01
9.353684326641241853e+01
9.338832491329205254e+01
9.314906469827451474e+01
9.316784569996509902e+01
9.332154239373953430e+01
9.334707277611096288e+01
9.353136763848856106e+01
9.346623358193659215e+01
9.355039077272154202e+01
9.381655498620418143e+01
9.401826794031735801e+01
9.404638239426614632e+01
9.404445465055508180e+01
9.404786806747839023e+01
9.417794833808764565e+01
9.398259981138006935e+01
9.375747960108793677e+01
9.338171446432757250e+01
9.342294824471844095e+01
9.333751566416040646e+01
9.357586428157814851e+01
9.342102214917429137e+01
9.355733228097868448e+01
9.345173027671934562e+01
9.358360088133460408e+01
9.391750894594764532e+01
9.400974914932342585e+01
9.373213924149209220e+01
9.388567657595373817e+01
9.389878296146045500e+01
9.427885069783560823e+01
9.395396768177045033e+01
9.386644154450634403e+01
9.368242584379225946e+01
9.362573522473500987e+01
9.358432469153356692e+01
9.324987003166501154e+01
9.329245104829061574e+01
9.334606773461150908e+01
9.335492740871094952e+01
9.385469950114814708e+01
9.369720682705630566e+01
9.379891141437248336e+01
9.366813685338037487e+01
9.388305009652204092e+01
9.404829862475442326e+01
9.412987299834344412e+01
9.410486288617501316e+01
9.387318914990758856e+01
9.382838492981399270e+01
9.378208351120176189e+01
9.360777507809787323e+01
9.337654970852123881e+01
9.334069848074133802e+01
9.329183332808415230e+01
9.358075053654840758e+01
9.326254669354965188e+01
9.360504731861199446e+01
9.331698549637410167e+01
9.363369628590788807e+01
9.380629323461593572e+01
9.385979106118921322e+01
9.395165598290597586e+01
9.392606588995343486e+01
9.409033517530188817e+01
9.408661045743409090e+01
9.391067193675888802e+01
9.357148462021343960e+01
9.340205765189298859e+01
9.342469240560033938e+01
9.331800302095790300e+01
9.335893123772102342e+01
9.328631942265454313e+01
9.310957149329043148e+01
9.320059297838295720e+01
9.339726604559710665e+01
9.361012546636652587e+01
9.344374766005242350e+01
9.345958872858290079e+01
9.355555555555555713e+01
9.378996894702174814e+01
9.366133266658333412e+01
9.334634966602830275e+01
9.321284656449113015e+01
9.301385609543929434e+01
9.293281645717127049e+01
9.276090425531914718e+01
9.295568261925276943e+01
9.270360680246682250e+01
9.284948939512960919e+01
9.304549573477486035e+01
9.317965262877636690e+01
9.322691255541930389e+01
9.314139264082136549e+01
9.320432026297251582e+01
9.353531312751003668e+01
9.348139964899084475e+01
9.330444763719275159e+01
9.308918770150192756e+01
9.276152774952669233e+01
9.311337539432177834e+01
9.276223435214170365e+01
9.277676231966411535e+01
9.249440427538509368e+01
9.248600440806045242e+01
9.261540999057493195e+01
9.269944942582978342e+01
9.287270184480969704e+01
9.269623205648002795e+01
9.270431253329989829e+01
9.281531355813191908e+01
9.264474794263247759e+01
9.151691355295157848e+01
9.080547792950142139e+01
9.172266395267477890e+01
9.313735016273714962e+01
9.340049399030897348e+01
9.225424264950099484e+01
9.138285442133673087e+01
9.117344238250112198e+01
9.154799368692907535e+01
9.197040229885058693e+01
9.196071943129462056e+01
9.178416173885248952e+01
9.151784973017849723e+01
9.151400466289801727e+01
9.190356009757185518e+01
9.234221971649485283e+01
9.238109625200756625e+01
9.252064494521792426e+01
9.242216853682570843e+01
9.218226147175145968e+01
9.207250309435399060e+01
9.178098410343031333e+01
9.181315843670294896e+01
9.168458962532380951e+01
9.145261931746630069e+01
9.156991962895899917e+01
9.143358693929306469e+01
9.161248632276685555e+01
9.185118934348240316e+01
9.193210630702103003e+01
9.215937260414004584e+01
9.187230771669017315e+01
9.215813982956885297e+01
9.239488995699467466e+01
9.216348100559550005e+01
9.191894334596540261e+01
9.172062150915333234e+01
9.155139935839693521e+01
9.165712086462031039e+01
9.176291731029917287e+01
9.182529102367676899e+01
9.178390738888094802e+01
9.167348545692192374e+01
9.205522220287193136e+01
9.206627664942601541e+01
9.213897381469102754e+01
9.197607391029690405e+01
9.215066649779943475e+01
9.235169370908056408e+01
9.221473374093197606e+01
9.223106581768151102e+01
9.178780718336483346e+01
9.183948111262647274e+01
9.182911673324456103e+01
9.175884193558583490e+01
9.166293849299984231e+01
9.161098880212870199e+01
9.166913892622757487e+01
9.184341698719970282e+01
9.205173477621148947e+01
9.207250913713650675e+01
9.200355623293326346e+01
9.210001736686717777e+01
9.232609106962664214e+01
9.223229883795693240e+01
9.232311380668106437e+01
9.179087129087129426e+01
9.176139155242094603e+01
9.188555522166163314e+01
9.177857651809040362e+01
9.185625169082895525e+01
9.169420597459371436e+01
9.170345066431585224e+01
9.195789274328461715e+01
9.209388337961127036e+01
9.215038473084639747e+01
9.226327542245378766e+01
9.219493248034287092e+01
9.272213065390344866e+01
9.261585807385952762e+01
9.260665500779883530e+01
9.221505816424512147e+01
9.232244241246375793e+01
9.235894043957094368e+01
9.200292892991149074e+01
9.185466425253876821e+01
9.189550456231985720e+01
9.180465197621545315e+01
9.203900478225638437e+01
9.215697839906385980e+01
9.231930057968260428e+01
9.218566542041206446e+01
9.230603078876369239e+01
9.268569974392822530e+01
9.273989927074561024e+01
9.283068842199374160e+01
9.238069730586370554e+01
9.223848941928744694e+01
9.228053252551021046e+01
9.213171717814847739e+01
9.202693210300292037e+01
9.173879947459209916e+01
9.198143704009790156e+01
9.229737954894925167e+01
9.215401256661098728e+01
9.228366244912825778e+01
9.233016524978508244e+01
9.237363851870834708e+01
9.274812947561092358e+01
9.274567127124578292e+01
9.270871110119664138e+01
9.251776351329880299e+01
9.217283127846272350e+01
9.225058129419021213e+01
9.227208317411795235e+01
9.206498659006871321e+01
9.197518082314536514e+01
9.211291120652502684e+01
9.230221317730857322e+01
9.239047770954621797e+01
9.251362790995959529e+01
9.231079749531166101e+01
9.237820421249782044e+01
9.268564069133290673e+01
9.262867512456024599e+01
9.267273857334097897e+01
9.264598271446861588e+01
9.231353256362824311e+01
9.245162736339912612e+01
9.228404160285860769e+01
9.217744284615510253e+01
9.211033666491320560e+01
9.251997395466703722e+01
9.290449368103955408e+01
9.263730949845505336e+01
9.239685465460387093e+01
9.212217983828898582e+01
9.160291436066414406e+01
9.204444302849769599e+01
9.249913635927454436e+01
9.260917744455360889e+01
9.219699665047998849e+01
9.211823368653209343e+01
9.220048019207683865e+01
9.213592326139090005e+01
9.213558836176007105e+01
9.187375579302766937e+01
9.184279358016844697e+01
9.207521242168694187e+01
9.207823508783114619e+01
9.227593582887701018e+01
9.203754452395469343e+01
9.214524343369635062e+01
9.237150739984689096e+01
9.254747503840245315e+01
9.263111932687404249e+01
9.261486356955717270e+01
9.238179323985899316e+01
9.236105140819282155e+01
9.221735384222620269e+01
9.217943731569299359e+01
9.191537163238011487e+01
9.197534991602016419e+01
9.205185362735699073e+01
9.219862020617242138e+01
9.231856978454062812e+01
9.218774068806827415e+01
9.228610467439072806e+01
9.246133044889128882e+01
9.256697180636344058e+01
9.264371852110774341e+01
9.255213055303715919e+01
9.230408527452917156e+01
9.231368494719428952e+01
9.220253447039132766e+01
9.205113110621869055e+01
9.178876915975614281e+01
9.176717471881391930e+01
9.178422491338483269e+01
9.191563740276234284e+01
9.196896590060829624e+01
9.187182449864670275e+01
9.197732634545656083e+01
9.218517461223713383e+01
9.215833571360563781e+01
9.232151558297738347e+01
9.215049123421601962e+01
9.181727953397812314e+01
9.183651541843228472e+01
9.168445368812116669e+01
9.165826013486584145e+01
9.125626439977754956e+01
9.124104648209295476e+01
9.147963858488165556e+01
9.132811036497277257e+01
9.163098542403528768e+01
9.132536362772127347e+01
9.151780878323803847e+01
9.164743173209502913e+01
9.195256076664340128e+01
9.202039909901336046e+01
9.194465994721947766e+01
9.172260687289588077e+01
9.162298207703064179e+01
9.152813193783697443e+01
9.152352753900032667e+01
9.110951049839586346e+01
9.102010613766307756e+01
9.121851128368827233e+01
9.132290759363368693e+01
9.144564358625920875e+01
9.132776057139246006e+01
9.156601975669408944e+01
9.166962657575517426e+01
9.162369639875232963e+01
9.183390690666878697e+01
9.183200151905944608e+01
9.183489046905391717e+01
9.174903069980295811e+01
9.158721475709627668e+01
9.153019517067524191e+01
9.124169160373025989e+01
9.111075593815770901e+01
9.128745836188896590e+01
9.114441887226698213e+01
9.114349598008278974e+01
9.110627652162898471e+01
9.114633682508993218e+01
9.135957747149043939e+01
9.140873906037724339e+01
9.162170895546147165e+01
9.155811359834302721e+01
9.166487663049521473e+01
9.186788630853642701e+01
9.181675025873735763e+01
9.159313500419561649e+01
9.141098638643420315e+01
9.120157297288690756e+01
9.120879835129993296e+01
9.117258267791903847e+01
9.131040308570152320e+01
9.090735729319976599e+01
9.134226271199960934e+01
9.141503589808755237e+01
9.148260869565217490e+01
9.163140121127563020e+01
9.159470835838845915e+01
9.176555849170054557e+01
9.184134425035236404e+01
9.191888335816872768e+01
9.195405040146275155e+01
9.162207474676911545e+01
9.153455387739560933e+01
9.158997631574764853e+01
9.117691135382270318e+01
9.133442227790288825e+01
9.126930967034016362e+01
9.142545685682505052e+01
9.149298223228811366e+01
9.162640681630317374e+01
9.173796477184288278e+01
9.167540399541925922e+01
9.178771644503970606e+01
9.204687127106105038e+01
9.208961355349266853e+01
9.236439347833049851e+01
9.212033952594489961e+01
9.181142620575450053e+01
9.181601738468370399e+01
9.178899024351551361e+01
9.173381214765741731e+01
9.156572059741631620e+01
9.153418319319686702e+01
9.185887502595970489e+01
9.188722222222222058e+01
9.188911958158331572e+01
9.201019985337710239e+01
9.190088523553588118e+01
9.230923465256940119e+01
9.238138567322502581e+01
9.240294141028698505e+01
9.228215471104829248e+01
9.237852247982579001e+01
9.240516855370050564e+01
9.238181789167970237e+01
9.218658594870160528e+01
9.207897213405004777e+01
9.179432567623538830e+01
9.212039253231212399e+01
9.211157024793386938e+01
9.218694239102728716e+01
9.218946645147889285e+01
9.227822329926820544e+01
9.244410165071084862e+01
9.247239263803682263e+01
9.268665595622503872e+01
9.269719036060475048e+01
9.275099706045921266e+01
9.308324680096490056e+01
9.272556964438935267e+01
9.261208115536771857e+01
9.237056168346100549e+01
9.230941240132415260e+01
9.225842501264543216e+01
9.229511727720498016e+01
9.231848685347875971e+01
9.254720464551149917e+01
9.246268562301330007e+01
9.262110019023462826e+01
9.291149403401880136e+01
9.316683050578723169e+01
9.295383491135540055e+01
9.293396166539731951e+01
9.318925709197303320e+01
9.294872323552735338e+01
9.291294865108339707e+01
9.271956805241897825e+01
9.260936681118680269e+01
9.248141122913506251e+01
9.258820924089276616e+01
9.263983600848450806e+01
9.236058839329446357e+01
9.250547606989110250e+01
9.263150992289217811e+01
9.281021828384825767e+01
9.297061718204329850e+01
9.277143804680838457e+01
9.290177777777776669e+01
9.306977297983807773e+01
9.318573466476462386e+01
9.296868114573497621e+01
9.288623286042641780e+01
9.263617368179443190e+01
9.267383796457652068e+01
9.247670364000694576e+01
9.267939838661108354e+01
9.238304167992363602e+01
9.222988322633064229e+01
9.255122744891612285e+01
9.265216769436145228e+01
9.269991431563579454e+01
9.268832014742795877e+01
9.285137073637233129e+01
9.302828189480729293e+01
9.315431784965367967e+01
9.329298755780141050e+01
9.274853884307965757e+01
9.279895795042274642e+01
9.240238759591603923e+01
9.254903797891918771e+01
9.303280865114166431e+01
9.305871870266416579e+01
9.283920809502859584e+01
9.286843215690247177e+01
9.254030051287092817e+01
9.248017124462818117e+01
9.238398682150312879e+01
9.236936125620159999e+01
9.248185054537769645e+01
9.251114376683811713e+01
9.259298711390273695e+01
9.233449104128797558e+01
9.192602638590184938e+01
9.168063747822054665e+01
9.138689793577982812e+01
9.138245658999167631e+01
9.107225987978003445e+01
9.095032853191796107e+01
9.115888673595208047e+01
9.119146312164652102e+01
9.127435508345978121e+01
9.131840963855422899e+01
9.123931159130532365e+01
9.143917393740494504e+01
9.154770922223821117e+01
9.170191982204168824e+01
9.156985695041375095e+01
9.148562965335041497e+01
9.150590955806782745e+01
9.121321402892066033e+01
9.099910035825020316e+01
9.082942242609908590e+01
9.071565260450778112e+01
9.081782127550692962e+01
9.085547695811879976e+01
9.096606500493425074e+01
9.100230814536539015e+01
9.096466705802090758e+01
9.126847435999680158e+01
9.123944247971708421e+01
9.157973358096640482e+01
9.120097294010338373e+01
9.121429599884812944e+01
9.101653011355469403e+01
9.106300705254872696e+01
9.059264755157722959e+01
9.042699022905654260e+01
9.047629822196546456e+01
9.030407468668489912e+01
9.059152237463459301e+01
9.060561415883805125e+01
9.044071196586639871e+01
9.054379614651567465e+01
9.080192810509936407e+01
9.070948364008181386e+01
9.108103808452514727e+01
9.081713892577718639e+01
9.075117642335180790e+01
9.078598619265758884e+01
9.059902271229485393e+01
9.028799732317841631e+01
9.018973578863089813e+01
9.007618729309905348e+01
9.028777999202870319e+01
9.036097451586552154e+01
9.042295029566885489e+01
9.031092571538376035e+01
9.040197617064890778e+01
9.074125592988661992e+01
9.056550737681206442e+01
9.083777919591575767e+01
9.052846219201359190e+01
9.018987725171369618e+01
9.029986698931107014e+01
9.020504377158461295e+01
9.006870805099713095e+01
8.977499521164527607e+01
8.976581234892023531e+01
8.996727944127799503e+01
9.003337082262210345e+01
9.024327735791779048e+01
9.027160889858373594e+01
9.037057522123893705e+01
9.064476464937560252e+01
9.048832669258956685e+01
9.068025324571244994e+01
9.017247420053509188e+01
9.010197421047580235e+01
8.994521377464025136e+01
8.991620745284073735e+01
8.966397704574997363e+01
8.967591639871382370e+01
8.965149542773572477e+01
8.960054828580990716e+01
8.982319306851846363e+01
9.013914025350275949e+01
9.008873883964287188e+01
9.008681379969723935e+01
9.041939131404183172e+01
9.048232214400867690e+01
9.037132153674478729e+01
9.015607500559981702e+01
8.993674968071520937e+01
9.011330842566349020e+01
8.962562103615189812e+01
8.968801745000637027e+01
8.951360288831733669e+01
8.959439426270276385e+01
8.973636523715762792e+01
8.973671297476421671e+01
8.982233170700597213e+01
8.981936060809300670e+01
8.975260130344025811e+01
8.993993172982710860e+01
8.999494103139721801e+01
8.997145977775667802e+01
8.958963094539514316e+01
8.961585907274687202e+01
8.948833921138754022e+01
8.921656703941452804e+01
8.922236862994127193e+01
8.916353219381358031e+01
8.931399116815451578e+01
8.944845409711685136e+01
8.986301457530039727e+01
8.997524477521939446e+01
8.981907633708935634e+01
8.977552763978103201e+01
8.983987533026405004e+01
9.008561354244778840e+01
8.992361078024995891e+01
8.974631381166206268e+01
8.947680649354767013e+01
8.952943050577458450e+01
8.931322472448491112e+01
8.936465703106283343e+01
8.961694031879005706e+01
8.988153580254891040e+01
8.971420382165604224e+01
8.922821345559907513e+01
8.947508791085277835e+01
8.988534857510867937e+01
9.025855379188712391e+01
9.017502303561782639e+01
8.989261414218492519e+01
8.944233148295003843e+01
8.907486665176148222e+01
8.957701707560214288e+01
9.022001801975737578e+01
8.964480795676229263e+01
8.885472290778550075e+01
8.823191100567434830e+01
8.870653676730651682e+01
8.973778477826672884e+01
8.956506943212424687e+01
8.915256949890370208e+01
8.864133714340448478e+01
8.888324588006868510e+01
8.943220352576955179e+01
8.998001214290279393e+01
9.009616831857556463e+01
8.959025440625248393e+01
8.893998789885995393e+01
8.901745792111012179e+01
8.920358518852867746e+01
9.005524309864148336e+01
8.950838726090344721e+01
8.916923298316304169e+01
8.869388375778336808e+01
8.841842975074648336e+01
8.913879209288134575e+01
8.986393432087658084e+01
8.997720423212568619e+01
8.974736220409597820e+01
8.930690332784817542e+01
8.942260320899922021e+01
8.920049441786284206e+01
8.942814705976300615e+01
8.932716020070594709e+01
8.923038680156429336e+01
8.920043698068671745e+01
8.903750159377788975e+01
8.883249675256988098e+01
8.929710940358579307e+01
8.904600269392282996e+01
8.937969948849104185e+01
8.954549243395742053e+01
8.943112240819785086e+01
8.959467818822440677e+01
8.968470750436860328e+01
9.005209420301487455e+01
8.948998481108790770e+01
8.948205726337317856e+01
8.956748035018212306e+01
8.947845621388201209e+01
8.924388688749321830e+01
8.905258383333598715e+01
8.914314709454707497e+01
8.926022056366269908e+01
8.935541755136576114e+01
8.931064391889741216e+01
8.937434901017692823e+01
8.934194041983455747e+01
8.966093954587550741e+01
8.958458658544323328e+01
9.003171825788183469e+01
8.991501286000062976e+01
8.969285691568869368e+01
8.938217601777635934e+01
8.937240027411668564e+01
8.969833960099431636e+01
8.952507889720133960e+01
8.907382710548093030e+01
8.880397759014221037e+01
8.871968114786767501e+01
8.901115366740917523e+01
8.956943087347227106e+01
8.962022970879058903e+01
8.973966869257044721e+01
8.956635382299241144e+01
8.956399731680826903e+01
8.956981823979592150e+01
8.975504525538107714e+01
9.014916663980142175e+01
8.964115594781030438e+01
8.964156824937735735e+01
8.919373419949438642e+01
8.900971013565394685e+01
8.913218098627351083e+01
8.920543883699428989e+01
8.909656975362433684e+01
8.907680912407015228e+01
8.945718597967277219e+01
8.954460176145502714e+01
8.964501448076126167e+01
8.992771026311986304e+01
8.952647049477263863e+01
8.959609452024297127e+01
8.990322272618762156e+01
8.978667942889047993e+01
8.957113507142970832e+01
8.929092386369067924e+01
8.915652062965503433e+01
8.905480806019640738e+01
8.892232037878547146e+01
8.921726280812178800e+01
8.887654944015139336e+01
8.914366787095949007e+01
8.932729412887523779e+01
8.947626708292186493e+01
8.968017255152579992e+01
8.950485855152935244e+01
8.965097583495176536e+01
8.984099323375463086e+01
8.971034285168559563e+01
8.961643398992795539e+01
8.927358865518830555e+01
8.916684998326240930e+01
8.922169368566747494e+01
8.925442378944678978e+01
8.929380084061816092e+01
8.930805368051434812e+01
8.947965800935634206e+01
8.967142765644014446e+01
8.967906100888880871e+01
8.962271062271062760e+01
8.957875868250056328e+01
8.984361540309022587e+01
8.978721645551512154e+01
8.972438342232391051e+01
8.965343109906750385e+01
8.948146074604902367e+01
8.917330686856722366e+01
8.921026875378581167e+01
8.919816990546637214e+01
8.936891898381597343e+01
8.919083604361966877e+01
8.921641339322691522e+01
8.975303298471440883e+01
8.970111061323774493e+01
8.978411978076412936e+01
8.984121323115974178e+01
9.007568987331634958e+01
9.014743569311190186e+01
9.018493172639271904e+01
8.999243832105094043e+01
8.984241810850322452e+01
8.969039014439678681e+01
8.976241197324307564e+01
8.974684914684591774e+01
8.973618187681393010e+01
8.968609331229673387e+01
8.967021429828913881e+01
9.017701903499984439e+01
9.011146827871867515e+01
9.027390305425684858e+01
8.998044625527340656e+01
9.033532347890285052e+01
9.047013914346280217e+01
9.058590237893355379e+01
9.059252949307274605e+01
9.021437967211011255e+01
9.016906422668621701e+01
9.011184294259895466e+01
9.010013484011815876e+01
9.004381964738750810e+01
8.978382890761646706e+01
9.002669325271757828e+01
9.015098899701075652e+01
9.015773421863582371e+01
9.020817499600831013e+01
9.039010037520444030e+01
9.054003074361109782e+01
9.054959074050390200e+01
9.059686047252117191e+01
9.065965571005823165e+01
9.024968594463084059e+01
9.012294260770002552e+01
9.022697106027247571e+01
9.045739960595236084e+01
9.024525591713614858e+01
9.042372607084486447e+01
9.040130434782608404e+01
9.072767589790070986e+01
9.084423736491297063e+01
9.075100446607225990e+01
9.091267341763973775e+01
9.102098173184086249e+01
9.123845758684902307e+01
9.129064736630478194e+01
9.125134948983678385e+01
9.102858987811768543e+01
9.095784216105097642e+01
9.081949147128345601e+01
9.063715652855795213e+01
9.076677054552463630e+01
9.047589437002460500e+01
9.070964264452703674e+01
9.090967431413443478e+01
9.084824480148211023e+01
9.103953365638344053e+01
9.086844417464095613e+01
9.103468412102544960e+01
9.129103588223925669e+01
9.127979166666666799e+01
9.143211351272820764e+01
9.114633753861997434e+01
9.093280092555396266e+01
9.145520703042511457e+01
9.076046801971956768e+01
9.042012233299618629e+01
9.068515242593387882e+01
9.107786464782255109e+01
9.183277854267240059e+01
9.118679954309931190e+01
9.097415999740790937e+01
9.051877549030758985e+01
9.015280953147642151e+01
9.081578268995295389e+01
9.159051360301278066e+01
9.230247718383311906e+01
9.180190666045045589e+01
9.092317010966590374e+01
9.063180171225189952e+01
9.009135850025680270e+01
9.050785484314582163e+01
9.096245103705129509e+01
9.170726934742198466e+01
9.129035699500016676e+01
9.086460332693538078e+01
9.040394898561827119e+01
9.054119048385538804e+01
9.120081664148152356e+01
9.235101071307381915e+01
9.223279812838509883e+01
9.185800776606703266e+01
9.118745158791634253e+01
9.115752853661665256e+01
9.133690045176381034e+01
9.104154752967110653e+01
9.106695311998973352e+01
9.088573758173590988e+01
9.072515337423313042e+01
9.086102331252908471e+01
9.104042590721765293e+01
9.099358124830349936e+01
9.075450128608173372e+01
9.123880765630548240e+01
9.138082616124036406e+01
9.137171942102750677e+01
9.144330819378755848e+01
9.138588040132071910e+01
9.118077321642088862e+01
9.131256284615261620e+01
9.109871292669278375e+01
9.108271822849808075e+01
9.085277173217257030e+01
9.088724759017787846e+01
9.092396849690707938e+01
9.119820632134863558e+01
9.126644567456230561e+01
9.099107470741324732e+01
9.104612434073837335e+01
9.135975998978679513e+01
9.151990053741877773e+01
9.143888968698621511e+01
9.132163808302613006e+01
9.103527328419640696e+01
9.089596465110385282e+01
9.105771908763506417e+01
9.089068410591779923e+01
9.055433987468592250e+01
9.073979239864593183e+01
9.115872246197612583e+01
9.090643424353301327e+01
9.106638479155655830e+01
9.102772693703239781e+01
9.128553996339230991e+01
9.140125391849529990e+01
9.133099503044054757e+01
9.161387361095522408e+01
9.112780867630701209e+01
9.109189658219915486e+01
9.153700032499186534e+01
9.113074397373269164e+01
9.092663039116546031e+01
9.065232435203282080e+01
9.080906392877196254e+01
9.094199535962877690e+01
9.090529497369304579e+01
9.109086360775326341e+01
9.114788074133763018e+01
9.111296001543432510e+01
9.144207752984080173e+01
9.154077342747112311e+01
9.173313759336635087e+01
9.151111575831670564e+01
9.143189101273773645e+01
9.125217723574645845e+01
9.118094350836051376e+01
9.115264973244794078e+01
9.078443959429965560e+01
9.084523505365356755e+01
9.095246220577915608e+01
9.094757076265078410e+01
9.082829832805856540e+01
9.093295758410324936e+01
9.108988638361111612e+01
9.144439101793527414e+01
9.139686939246347208e+01
9.146202207646776117e+01
9.134399948904642486e+01
9.128384216819449648e+01
9.109713097845059337e+01
9.090067385659440902e+01
9.083277971190392464e+01
9.060750254971954121e+01
9.060754169919231060e+01
9.115844889573703824e+01
9.112212678151541922e+01
9.115233273519609725e+01
9.113803153368371568e+01
9.098277256936182766e+01
9.133701516767200701e+01
9.115130306952367789e+01
9.129098935090460998e+01
9.073430614981799636e+01
9.049997595267485906e+01
9.079925819147729271e+01
9.034977060540921912e+01
9.043146207824665339e+01
9.051979690553224600e+01
9.086922792759511935e+01
9.129800390887828598e+01
9.125092710997441259e+01
9.127903355273718944e+01
9.102229764019284630e+01
9.101869546491408869e+01
9.120551872137343707e+01
9.071999616411206091e+01
9.059211494767832562e+01
9.033978034011852287e+01
9.014287095215078693e+01
9.025891025641026033e+01
9.037230813701403065e+01
9.057288102769351212e+01
9.054816951053432206e+01
9.077223281372658903e+01
9.084370717404468110e+01
9.092979734160815042e+01
9.099320890991019439e+01
9.092655982324406239e+01
9.095646545524284932e+01
9.093653045932113343e+01
9.099667959708187936e+01
9.113069758540397913e+01
9.071453108350959837e+01
9.074940258085071321e+01
9.083563209269104277e+01
9.114511447920025944e+01
9.093685552633677105e+01
9.064078163476050065e+01
9.095780313471584577e+01
9.103220212241261322e+01
9.101942149418151473e+01
9.094004422315194347e+01
9.085380274974170334e+01
9.108076213499585094e+01
9.134931343378573843e+01
9.130247512932750453e+01
9.101757753628936598e+01
9.068297049327068748e+01
9.092223203532718401e+01
9.102164751878736126e+01
9.088810365135452685e+01
9.092632965219600294e+01
9.066940199811978118e+01
9.086341946089149246e+01
9.122691728359453123e+01
9.101167922754576978e+01
9.115012917424169814e+01
9.099786997297725577e+01
9.109599771207041385e+01
9.140619214810087101e+01
9.116084349803597320e+01
9.123218592764155233e+01
9.088330534520451920e+01
9.100385884904245870e+01
9.110971556407798744e+01
9.129008781718499677e+01
9.104333891413537572e+01
9.106861600933638101e+01
9.142811958127288108e+01
9.150158563210148088e+01
9.148901800536329176e+01
9.166012915188133547e+01
9.146046861496111546e+01
9.172875848848165958e+01
9.192787209665659987e+01
9.211125993702924575e+01
9.158249917136227225e+01
9.142757556061097546e+01
9.138320902163185622e+01
9.100125363634901987e+01
9.057412627734888133e+01
9.041786085150570784e+01
9.085719347980156613e+01
9.116546107784431285e+01
9.185375769355360376e+01
9.177343194884051059e+01
9.096400170742889202e+01
9.097138411690166038e+01
9.095353177641653986e+01
9.114836585561711502e+01
9.174481519257855666e+01
9.168824578026884353e+01
9.134882458157659357e+01
9.089297866251152413e+01
9.066490487940778564e+01
9.080932544150286390e+01
9.124638150963579619e+01
9.131493438531518336e+01
9.190459069020866423e+01
9.215766292422760841e+01
9.157515932723177343e+01
9.120598286522657361e+01
9.124636865217880199e+01
9.129154588985154817e+01
9.158469060596345912e+01
9.184085392319192920e+01
9.151066040148319303e+01
9.083590687254979912e+01
9.066417060851438237e+01
9.044350327633051734e+01
9.079416542030523374e+01
9.136105349476629556e+01
9.174536686075582281e+01
9.093265212071129611e+01
9.067462974887314431e+01
9.025679314960248689e+01
9.032304859136728226e+01
9.073558686348991387e+01
9.153717450983577919e+01
9.198563022204882600e+01
9.122100758170772394e+01
9.070201050070431847e+01
9.036937067439241389e+01
9.085864069488559380e+01
9.141754807692308304e+01
9.224378744086160964e+01
9.214156636122729083e+01
9.203052532323280843e+01
9.173398825618789942e+01
9.183240625299703197e+01
9.210872546014743989e+01
9.232746885000892689e+01
9.214188950027350700e+01
9.204422105734192883e+01
9.210667439203000129e+01
9.122220982320776272e+01
9.095525152061814822e+01
9.079720537157673732e+01
9.123814456349334989e+01
9.148126717310489653e+01
9.181201666639645964e+01
9.168918049659076530e+01
9.180957843881789415e+01
9.193429657549691569e+01
9.179949397088731189e+01
9.179756720710877005e+01
9.164542972095203766e+01
9.170846227378039828e+01
9.208696357062953552e+01
9.188690847946192264e+01
9.184011168135309333e+01
9.120488162147532307e+01
9.126624734573063336e+01
9.146005189948905922e+01
9.191608974358973683e+01
9.217611173543104996e+01
9.217499639232285347e+01
9.207570286303844398e+01
9.156864806320082550e+01
9.176042616499496773e+01
9.204986796341620447e+01
9.194422310756971228e+01
9.204397554404813775e+01
9.160571830850706476e+01
9.153979614659552055e+01
9.154664941867892480e+01
9.138594394786737496e+01
9.146671347418140385e+01
9.170516088692221501e+01
9.186103265526323014e+01
9.180702537294402532e+01
9.185657129194230208e+01
9.192020089285715301e+01
9.180224235130170030e+01
9.189178206619604339e+01
9.149942128712086742e+01
9.156794904621686726e+01
9.124665230229032886e+01
9.121016103929103735e+01
9.147837846437776932e+01
9.136944895425459379e+01
9.131911085542611772e+01
9.135122114633018953e+01
9.145492773087747196e+01
9.154375823791905020e+01
9.159732815311370757e+01
9.157728285077951114e+01
9.149868650102864365e+01
9.144226329782999585e+01
9.171952137628346691e+01
9.145341585108424454e+01
9.123726803628088078e+01
9.098615773153032649e+01
9.107496398271169369e+01
9.127210721741485600e+01
9.117866104105735303e+01
9.130939750514403386e+01
9.129316033958032506e+01
9.145885772695329763e+01
9.162418195816758271e+01
9.166672001536441883e+01
9.148225286475789630e+01
9.119924518687199111e+01
9.125116756808807850e+01
9.124938956714761673e+01
9.101442438392528800e+01
9.091705757946793653e+01
9.083118205981124049e+01
9.104952393124162313e+01
9.136834548442161008e+01
9.121863415569475819e+01
9.114628786189763332e+01
9.120908815703519679e+01
9.139749181244506815e+01
9.133575694213435270e+01
9.148611111111111427e+01
9.123665992965928240e+01
9.104791949524798156e+01
9.097850911974623500e+01
9.093513522117694947e+01
9.058610642295322180e+01
9.038659185820395692e+01
9.044435924470430166e+01
9.068221159230165540e+01
9.076997753530167756e+01
9.063099447955835331e+01
9.060153821502964888e+01
9.060681104632537597e+01
9.083923950950612891e+01
9.097771147488106180e+01
9.070880023183926255e+01
9.058898291398857339e+01
9.034674822402382688e+01
9.018736471424416834e+01
9.017728313078238500e+01
8.995945750277523700e+01
8.985564786192684039e+01
8.995101691908195107e+01
9.006230589749777948e+01
9.026690854216498394e+01
9.024548788495107488e+01
9.030722244488977424e+01
9.052102826275681480e+01
9.053082032813125579e+01
9.058509695201560419e+01
9.035597019739388713e+01
9.010665143151423706e+01
8.991008021089517399e+01
8.992366044164444361e+01
8.992026700388980487e+01
8.997142169061572758e+01
9.000169445465733986e+01
9.001360053825450791e+01
9.024208941839610532e+01
9.027776272806949009e+01
9.029726998588475340e+01
9.021725434733696147e+01
9.023610226693836012e+01
9.034865943364475527e+01
9.018213713553348043e+01
8.986041018274679004e+01
8.980487569704469308e+01
8.966585859234523070e+01
8.967281268538262395e+01
8.997481660620717037e+01
8.971239834131601754e+01
8.988195362636653840e+01
8.988794594248382452e+01
9.011765181270104108e+01
9.031173527037934434e+01
9.028445135279544331e+01
9.015195714608410071e+01
9.012687875344910537e+01
8.987445817948305660e+01
8.991974651702786048e+01
8.968185428316719765e+01
8.957186375862850980e+01
8.951133456394312304e+01
8.941173250909558590e+01
8.959537376313538459e+01
8.960642212244501081e+01
8.942220439595699588e+01
8.975162663667765628e+01
8.971038865175390242e+01
8.994146044169299614e+01
8.999116983564292127e+01
8.981209496310555096e+01
8.977382997511439555e+01
8.959937404702672836e+01
8.943522643505015424e+01
8.927434253859624391e+01
8.911767930856552766e+01
8.903482506889271519e+01
8.907933224518819770e+01
8.933766212763205772e+01
8.918683105052228655e+01
8.921530484073561240e+01
8.917826344335472299e+01
8.945232072948719804e+01
8.964168301862514454e+01
8.955144629763920250e+01
8.938150438334490389e+01
8.908401665805784830e+01
8.876653921537128156e+01
8.907690192335689972e+01
8.846059597882243963e+01
8.833299752138802319e+01
8.849310542947429781e+01
8.871066956995099417e+01
8.892580411124545492e+01
8.879779258642233231e+01
8.866098600121729589e+01
8.890568094383174014e+01
8.886280204088181733e+01
8.911325084653282147e+01
8.883348101367788274e+01
8.851266436209736810e+01
8.828995598239296783e+01
8.817314459244501279e+01
8.812648627803842771e+01
8.797319700683782173e+01
8.782001417845518176e+01
8.796533723115473435e+01
8.801506561089605896e+01
8.809138041733547198e+01
8.828372787305501390e+01
8.815048504511483429e+01
8.825747337259065262e+01
8.847637776159261591e+01
8.885946546775717536e+01
8.897223212376131585e+01
8.866785120752449245e+01
8.796440816049425848e+01
8.794948419301164222e+01
8.762376124843376601e+01
8.781203875288532856e+01
8.762082623163703943e+01
8.778269513634086252e+01
8.792993517592802277e+01
8.789862763330874884e+01
8.799865447147959685e+01
8.787658927141713150e+01
8.806326642571316654e+01
8.823977921827867021e+01
8.819309770243854985e+01
8.773354522368273933e+01
8.782688564672574216e+01
8.764712321710292997e+01
8.728810838577116726e+01
8.753933292395204546e+01
8.738009521214354436e+01
8.746737856282618395e+01
8.758450872199341575e+01
8.770768440319835690e+01
8.783143383826241291e+01
8.782152974504249698e+01
8.806050309198660386e+01
8.798119252827530090e+01
8.791862797003096830e+01
8.797812399614520018e+01
8.781929055529495542e+01
8.762469760990872203e+01
8.754870979655409258e+01
8.748637773899554304e+01
8.755332819326650906e+01
8.750032192640762219e+01
8.751470066733293152e+01
8.764543261498874926e+01
8.766165835511441173e+01
8.788257404658965299e+01
8.797730473492514136e+01
8.787157335907335209e+01
8.817041353079225985e+01
8.811275245798421452e+01
8.808030447500686932e+01
8.785149089034587178e+01
8.758575532410009146e+01
8.763664144353899133e+01
8.758555740110625720e+01
8.756743998711131383e+01
8.771241257322752460e+01
8.751722968608707731e+01
8.772033748493370808e+01
8.782046161032099008e+01
8.798025082422910259e+01
8.811093112162249952e+01
8.806578307787030724e+01
8.820119921130037710e+01
8.812150437054478402e+01
8.824238735229189956e+01
8.803602019215111341e+01
8.769911504424779025e+01
8.789475995316159640e+01
8.783344131653113607e+01
8.794083598158115933e+01
8.782524791845877132e+01
8.791414378408116193e+01
8.813814802265356718e+01
8.829310456563300136e+01
8.850094781354805207e+01
8.839914031811450457e+01
8.851906248483574302e+01
8.862883222861934485e+01
8.847951585869004987e+01
8.862851642751994063e+01
8.839761100425106122e+01
8.824082014249331962e+01
8.845861587878394516e+01
8.853677354383913212e+01
8.843340104468948937e+01
8.842305080360895886e+01
8.856571753062382868e+01
8.859433051093010647e+01
8.873554279075770523e+01
8.891343539616778457e+01
8.887103072156962469e+01
8.892727565651682653e+01
8.915099494043289496e+01
8.905204203333011037e+01
8.912804670947289765e+01
8.887823691460054931e+01
8.871893486329233269e+01
8.878071042946774583e+01
8.876461165048543478e+01
8.895907849884488883e+01
8.885202104991282113e+01
8.887969377185031306e+01
8.914266213822577356e+01
8.912251521953268707e+01
8.933116610059840923e+01
8.935553184265413051e+01
8.931495910251850034e+01
8.951057421381609913e+01
8.935592145899028083e+01
8.920081901138232183e+01
8.904794156064050981e+01
8.881779579231809407e+01
8.905457580964113617e+01
8.895306148783792821e+01
8.904862893203569740e+01
8.892855532291835630e+01
8.913355011787660942e+01
8.936171481045899156e+01
8.941090408295528391e+01
8.955500831624333102e+01
8.948612098494150757e+01
8.956053680832441444e+01
8.981725350965766097e+01
8.936794720792526903e+01
8.926051367986852370e+01
8.912921774805769815e+01
8.887350565428108951e+01
8.896486259023079413e+01
8.913301963329547561e+01
8.915006937945722143e+01
8.907701013759316311e+01
8.915371229698376965e+01
8.930891581035956506e+01
8.933878071208478389e+01
8.950822278611120453e+01
8.950121509616158733e+01
8.966901023231868351e+01
8.967508024511234055e+01
8.949512242392920314e+01
8.947993349199620639e+01
8.919884057029652524e+01
8.898753323390181436e+01
8.892533754390487388e+01
8.904576770061778745e+01
8.914240859727773625e+01
8.907822549524055944e+01
8.911414624684813646e+01
8.929379408529088380e+01
8.956163117001085539e+01
8.944730781000853881e+01
8.961556216576452982e+01
8.960505982460144025e+01
8.947813302744881980e+01
8.948295335026941189e+01
8.933352216629168652e+01
8.907416821455339573e+01
8.887718012604425155e+01
8.898154597233524044e+01
8.896947865452953863e+01
8.905619453952597553e+01
8.914968629108285825e+01
8.921607145773118930e+01
8.933465548504081255e+01
8.942629784621350097e+01
8.956598853218439160e+01
8.964298135838386372e+01
8.957456943341811950e+01
8.969528758519093969e+01
8.948859666149068914e+01
8.940562895257711773e+01
8.928041120284927956e+01
8.903813676072546457e+01
8.924206419864998452e+01
8.904445517463383908e+01
8.921155809017709259e+01
8.926554110873924230e+01
8.928023451127333487e+01
9.018676206935538175e+01
8.947946590149501844e+01
8.847282112566183798e+01
8.772699038204649469e+01
8.863367387554728793e+01
9.015896779277061057e+01
8.989678777458181003e+01
8.940901179341194904e+01
8.902837507585822152e+01
8.950156760181289428e+01
8.976811029375943463e+01
8.934627329192547052e+01
8.947962352027944632e+01
8.973151214128034781e+01
9.000722050818163211e+01
9.018106650301993454e+01
8.992735865853065036e+01
8.971834956017430329e+01
8.923375886984415217e+01
8.939645548196007496e+01
8.965153086019763862e+01
9.032450740921673571e+01
9.095191725447196518e+01
9.012460300827034132e+01
8.920928628708901442e+01
8.920912776592800242e+01
8.892554099998389461e+01
8.960879056905835682e+01
9.026341637356759406e+01
9.039069586626928299e+01
9.004608569587628608e+01
8.977067049932175280e+01
8.959902184650763957e+01
8.970007105025190697e+01
8.970774478716248268e+01
9.006753774025681025e+01
8.968822801690204471e+01
8.961105274217273120e+01
8.926283565540182963e+01
8.924680617096284152e+01
8.948902382064454741e+01
8.952580696964830054e+01
8.971930360906853252e+01
8.962303941162362264e+01
8.979713796556514183e+01
8.995500217031332113e+01
9.003337252564948301e+01
9.037748376544509199e+01
8.999913952657725247e+01
8.970219982556450589e+01
8.984369701764867955e+01
8.958620410803816014e+01
8.962917161592658033e+01
8.930229950434711839e+01
8.924148796923226712e+01
8.938007772814501095e+01
8.945633807358679235e+01
8.969336476819481163e+01
8.926353027804901785e+01
8.929590429455724632e+01
8.956009511801975975e+01
8.968857115192201945e+01
8.949192345326510178e+01
8.918533588510589993e+01
8.878239475996484487e+01
8.895593116560858959e+01
8.864941218039317050e+01
8.867894108922064333e+01
8.848247054278540702e+01
8.857125539446249718e+01
8.874891242823643722e+01
8.890525038427311699e+01
8.887517339269008687e+01
8.871921680747855987e+01
8.896050033981681793e+01
8.902305136146598841e+01
8.918649287169041884e+01
8.893769790748538639e+01
8.847337556091949295e+01
8.864301152737752432e+01
8.855598744450045956e+01
8.833150600753569393e+01
8.835027358781601947e+01
8.824935026963811424e+01
8.828079560375431356e+01
8.857958985166573029e+01
8.851812916727503477e+01
8.863807754442649411e+01
8.863849045644492719e+01
8.893188452805708266e+01
8.904903259149196515e+01
8.899663316172264160e+01
8.852735530377719897e+01
8.833256160347116293e+01
8.810348715470726688e+01
8.836153622626888193e+01
8.823121322047560966e+01
8.825914496219220950e+01
8.817415402567094418e+01
8.835698827481508033e+01
8.875949857844403823e+01
8.897762925230763642e+01
8.888361010597053280e+01
8.900835596069303790e+01
8.906672594987874447e+01
8.904186376919227541e+01
8.866161298135141067e+01
8.830233006588461819e+01
8.818499772889494182e+01
8.820177139901733199e+01
8.854812960283526024e+01
8.834216142801706440e+01
8.805989917801181832e+01
8.808979327117957325e+01
8.818488152956525994e+01
8.869670587856649036e+01
8.889425680030939247e+01
8.886360710607620206e+01
8.901583736000905844e+01
8.878900043508387796e+01
8.894316633136477890e+01
8.873448014329746059e+01
8.871587509500477609e+01
8.854512892821834669e+01
8.838287129349714633e+01
8.834882556298666145e+01
8.840029692265488848e+01
8.850195024843412739e+01
8.870516624205875189e+01
8.892500851070727208e+01
8.901322049257257163e+01
8.863396165619461442e+01
8.879320882852290708e+01
8.876237559673111832e+01
8.900922544996284103e+01
8.896156020350481697e+01
8.873005600296961859e+01
8.821292708700245555e+01
8.771276321720652902e+01
8.768912409582266321e+01
8.857163683485867978e+01
8.973551633151417661e+01
9.055204594400574081e+01
8.968715606693885434e+01
8.906999611851468046e+01
8.881157469717362574e+01
8.938384936016996107e+01
9.068803245436106408e+01
9.028931154133022119e+01
8.961941969679882902e+01
8.917439215243379635e+01
8.887281675190581609e+01
8.915990657216495663e+01
8.919873913674399546e+01
8.927922486879289465e+01
8.926562172447711418e+01
8.943853458649063271e+01
9.017428293631500935e+01
9.127568205327126805e+01
9.060427151890566222e+01
8.926563980268531395e+01
8.841811420543756128e+01
8.859515695067264573e+01
9.008035280002594902e+01
9.135170997294036965e+01
9.013206174735312004e+01
8.922534751680478848e+01
8.899298228632271446e+01
8.999237646293887849e+01
9.023433031169712137e+01
8.964758561282039295e+01
8.903090287434358174e+01
8.881391014004150009e+01
8.926858754132365448e+01
9.065354459327018333e+01
9.171917442331040604e+01
9.171909732833637463e+01
9.120353797121978801e+01
9.068772495561960056e+01
9.036290648926009794e+01
9.064674009736846472e+01
9.050772760587616972e+01
9.057819767909739994e+01
9.050843350135711773e+01
9.054410838567991959e+01
9.083295860763793428e+01
9.109990242315822684e+01
9.115590867166135070e+01
9.119377179310012593e+01
9.140498987886772397e+01
9.186795316915623744e+01
9.174327239695695368e+01
9.185426622819095144e+01
9.157758038041905024e+01
9.165486668601089093e+01
9.154877793689358612e+01
9.139891104171671543e+01
9.152430376482723773e+01
