2.025271314071488575e+02
2.019840586690697819e+02
2.015233030966531089e+02
2.010112944457355297e+02
2.008629511545842945e+02
2.014779264369959435e+02
2.016101568218273599e+02
2.015500250673685230e+02
2.009602464749988258e+02
2.006553551826877708e+02
2.009903829641078232e+02
2.016360695384518635e+02
2.016091277027984745e+02
2.011294138138518690e+02
2.012722128789903024e+02
2.016563099167059363e+02
2.022040322073347340e+02
2.016887814011546425e+02
2.013874777113898915e+02
2.013502661239824647e+02
2.019202331286426215e+02
2.022848925361469128e+02
2.020238547834216263e+02
2.010917509198280868e+02
2.008851729360492016e+02
2.011400842449584161e+02
2.011980067058352972e+02
2.010939517315045464e+02
2.003149698930390059e+02
2.002387081820288870e+02
2.003195462210639164e+02
2.003164609053497998e+02
2.002238055450056891e+02
1.996318725584081903e+02
1.994259279067279920e+02
1.996779884836851977e+02
1.995590726297830884e+02
1.996295511697020686e+02
1.994257105445582567e+02
1.993767735965453483e+02
1.990978488014750951e+02
1.995077627541974437e+02
1.984734932349323344e+02
1.984090051978290319e+02
1.977663455320277706e+02
1.975639331196971398e+02
1.972069584337057222e+02
1.967566510796533805e+02
1.963043077997523653e+02
1.960249623682890103e+02
1.962349804312912340e+02
1.963917061391288144e+02
1.961909685030813932e+02
1.958331301384851031e+02
1.960533929017745720e+02
1.960487119876425766e+02
1.963664904267300528e+02
1.960504656805196646e+02
1.952572222571123461e+02
1.949034594611617592e+02
1.949727503367056443e+02
1.946057652202122483e+02
1.944276637641918626e+02
1.938024613003096022e+02
1.936320869267411808e+02
1.941331225961164364e+02
1.946113200451297303e+02
1.945211525908426609e+02
1.943585935417091548e+02
1.940427383635091871e+02
1.945388834046287059e+02
1.953044273172884573e+02
1.951057743858210642e+02
1.943634004403900519e+02
1.941745645370341151e+02
1.941532206632653299e+02
1.947271435187403199e+02
1.943819114633797369e+02
1.940694495398210222e+02
1.939779118697896081e+02
1.939430153456731603e+02
1.945191598881545474e+02
1.943854837691044395e+02
1.938824343015214140e+02
1.934799063597346844e+02
1.949075759386685434e+02
1.952525254281491698e+02
1.954156559139784974e+02
1.942464766468660002e+02
1.938829146537842121e+02
1.936600755073147582e+02
1.944146436716968083e+02
1.948114474958602784e+02
1.942457100730934769e+02
1.941398657213953527e+02
1.945839070834883842e+02
1.953520904343475308e+02
1.963968609865470683e+02
1.963474048442906508e+02
1.960784482354229112e+02
1.965295006621484504e+02
1.971587732241737569e+02
1.975538268785485627e+02
1.968556741670477379e+02
1.967256092739320934e+02
1.966873596079232129e+02
1.969215212513924200e+02
1.971334736708820685e+02
1.959166355198405256e+02
1.957848450021254223e+02
1.960201032070155520e+02
1.960750725643614203e+02
1.966550428498337340e+02
1.955007509762691313e+02
1.949705905655294771e+02
1.943551446033646073e+02
1.943819804397102189e+02
1.940096309447124270e+02
1.926239070583608282e+02
1.921353045106537252e+02
1.930138680261580646e+02
1.940727390760004596e+02
1.941346429396810720e+02
1.940069101219341974e+02
1.935294938376870277e+02
1.948221633540076994e+02
1.951868372301009344e+02
1.949898983511706376e+02
1.944742405485191910e+02
1.944186206125999377e+02
1.949475348777472732e+02
1.951859361312415331e+02
1.954214905010837526e+02
1.950346266761881964e+02
1.943082070080517383e+02
1.941117604090576947e+02
1.947619124353417135e+02
1.947554856418241229e+02
1.941063424093076151e+02
1.929650496070094334e+02
1.932819232323232370e+02
1.930619213696892871e+02
1.930488049211889745e+02
1.929607199509981115e+02
1.926185514612452323e+02
1.934287405606041261e+02
1.940294523626091632e+02
1.948343123057648256e+02
1.942818420332544633e+02
1.940729461184263869e+02
1.937928912534854646e+02
1.948840095002665862e+02
1.945475485676388132e+02
1.943462499594326971e+02
1.939950521293514782e+02
1.941174862951301918e+02
1.947863236877199142e+02
1.951190221469973096e+02
1.946691567144057728e+02
1.941729856691688667e+02
1.946467935792197750e+02
1.948080350065002904e+02
1.951258709146187016e+02
1.947421922256534401e+02
1.943557795205162222e+02
1.938280583470466922e+02
1.946801031093926042e+02
1.948978338131000498e+02
1.945038623032789360e+02
1.937199662264421534e+02
1.941943003100451222e+02
1.945078467998147858e+02
1.951785731489956106e+02
1.950889843460913653e+02
1.945612149832947750e+02
1.948940859870570819e+02
1.955369889369889336e+02
1.959044265915565006e+02
1.957664486833058959e+02
1.952808024750422646e+02
1.952464242191007600e+02
1.955582585608495947e+02
1.957941101315957440e+02
1.954726340251622787e+02
1.950646668580359062e+02
1.951442722274760229e+02
1.955232664894902257e+02
1.958933261816526681e+02
1.952780992204340293e+02
1.949898641468717813e+02
1.949045579387914984e+02
1.952754565150108021e+02
1.954826080605106426e+02
1.956398948931794735e+02
1.950807186692772177e+02
1.944402312365275236e+02
1.945359593808860836e+02
1.945960885887116660e+02
1.941960587567647565e+02
1.936904006965779104e+02
1.934831819904744918e+02
1.941255535981823925e+02
1.945010925460429974e+02
1.946462270362810045e+02
1.946491309232700928e+02
1.944832345525393862e+02
1.951913828144053582e+02
1.957914082466507466e+02
1.959809083960775808e+02
1.958309238854598391e+02
1.957706441428246080e+02
1.958199691533403666e+02
1.964037134326410126e+02
1.963317523185500306e+02
1.955929054880534750e+02
1.954584443000974261e+02
1.957058641321182222e+02
1.961692994561246621e+02
1.962243705254955444e+02
1.958173258617319448e+02
1.958792420214934680e+02
1.964559824584369494e+02
1.968240340537000463e+02
1.967037507739433693e+02
1.964752872812744897e+02
1.964620356200957474e+02
1.972057082902998388e+02
1.971165692007797077e+02
1.968534712733424215e+02
1.962350858386525658e+02
1.959152190821882016e+02
1.959787850346300786e+02
1.966802539475826279e+02
1.965279320808529633e+02
1.962502811244980023e+02
1.967966745081266140e+02
1.970561725414453633e+02
1.972717610983343661e+02
1.962470285790598439e+02
1.956004948641565591e+02
1.958512987541731150e+02
1.958332575068243955e+02
1.963226069113767380e+02
1.959684796854521664e+02
1.952360578485537701e+02
1.948952778409275481e+02
1.953176462909173949e+02
1.957060115870329184e+02
1.957746293833327798e+02
1.953742107661264242e+02
1.949974578756966537e+02
1.956574577516531974e+02
1.957572117322669385e+02
1.961872219975738005e+02
1.958229039454187443e+02
1.949156232374506601e+02
1.956588530292000314e+02
1.963336142625607863e+02
1.961230277254723546e+02
1.956066554284047072e+02
1.951915962327940122e+02
1.953803672065496642e+02
1.959747979617669102e+02
1.961367919945593883e+02
1.960039291454920090e+02
1.955924873327270177e+02
1.958634937153449869e+02
1.965210854121386888e+02
1.967029365751906766e+02
1.964061921014139500e+02
1.960400206225430111e+02
1.964094988599427722e+02
1.974267333344191400e+02
1.969503410025313030e+02
1.967348628038845106e+02
1.963361366753135258e+02
1.964500646385966149e+02
1.962107210656713789e+02
1.965726586859238409e+02
1.969884982248327105e+02
1.962764395020101063e+02
1.962318995544754898e+02
1.973302032120616047e+02
1.976016458746577769e+02
1.973876912492219162e+02
1.969984918280028126e+02
1.974324606646209759e+02
1.981193751721679064e+02
1.984262513398512340e+02
1.977282575550883621e+02
1.972558229563197756e+02
1.970852453714932153e+02
1.974161828328803097e+02
1.979532446920498217e+02
1.976516169676606296e+02
1.973085404809391719e+02
1.975896313289605359e+02
1.980327911305332975e+02
1.983345090932625681e+02
1.979624786627588833e+02
1.976523899401506696e+02
1.978574294914321570e+02
1.985941931018943194e+02
1.985917541398603703e+02
1.984497884729840393e+02
1.977652245530739776e+02
1.976650097809704221e+02
1.981191550154903211e+02
1.984917490142627798e+02
1.979383399591186503e+02
1.974792054523967408e+02
1.976460308969184041e+02
1.977500961661751546e+02
1.988042107999220036e+02
1.981784985621797262e+02
1.978433550918036019e+02
1.979677091729808467e+02
1.985852905414053566e+02
1.992111958059951178e+02
1.986919829199251524e+02
1.982752168545270877e+02
1.980099323517708001e+02
1.991454474997174202e+02
1.986943198684903678e+02
1.987416646523245731e+02
1.981863045817341060e+02
1.980528659235000646e+02
1.985131165415945134e+02
1.988773513678494851e+02
1.984630834919162794e+02
1.981628037353238199e+02
1.982552839522035413e+02
1.988886927779471705e+02
1.994117064759228697e+02
1.993502148262152218e+02
1.986148197917166840e+02
1.986675522125310067e+02
1.991736558538106010e+02
1.992964307416765166e+02
1.991165734613104519e+02
1.983991519321545525e+02
1.978827362598938180e+02
1.985002326738234046e+02
1.985104797094986111e+02
1.986722889636392608e+02
1.983174686776793862e+02
1.985251780060112026e+02
1.988797309603310453e+02
1.992163453090305154e+02
1.990832282272813245e+02
1.988240771906204429e+02
1.985162163017339765e+02
1.989515498330948731e+02
1.998522685794994516e+02
2.005213248567616517e+02
2.003364529861024153e+02
2.005159566203660404e+02
2.011609379163336087e+02
2.015679753929399567e+02
2.008721616554405784e+02
2.010376914221927507e+02
2.011532630927622449e+02
2.000716819203851173e+02
2.005356737856737652e+02
2.002337131125703422e+02
1.998936970984164816e+02
1.999097872609251851e+02
2.000715158349779301e+02
2.008174259483803894e+02
2.008260862762278975e+02
2.004439325790235387e+02
1.999195411232531683e+02
2.003101425241320896e+02
2.006999366286438544e+02
2.004646192188781697e+02
1.999050632911392427e+02
1.991163063725873599e+02
1.985814912646554546e+02
1.989954520675959770e+02
1.991700651373548396e+02
1.985165894578690597e+02
1.990180387581008858e+02
1.995341222879684437e+02
1.992616250000000093e+02
1.994872404303227427e+02
1.990603271983640070e+02
1.990504645136826127e+02
1.994980559506875295e+02
2.002032016197918551e+02
2.000212592882283786e+02
1.990044350745686188e+02
1.987171798898989152e+02
1.989527829152242191e+02
1.997515966972535182e+02
1.998641531542943994e+02
1.988642737661606930e+02
1.979309344707251057e+02
1.986948705054061008e+02
1.991586264976006362e+02
1.996424837535948598e+02
1.995951690821256079e+02
1.991715907299385151e+02
1.985724947523905826e+02
1.998249640185363774e+02
2.000644958115513248e+02
1.998698156316440873e+02
1.991723216671119303e+02
1.995852778217508217e+02
2.000257295311683663e+02
1.998934179172781569e+02
1.989244289320328107e+02
1.990620557854502977e+02
1.990749529780564444e+02
1.998717497742073590e+02
2.001093125688217640e+02
1.997771166108971670e+02
1.992027515612527679e+02
1.997451104600522456e+02
1.998514170483500436e+02
2.007044918006812964e+02
2.000933074624063295e+02
2.000837942172851456e+02
1.999168416105279675e+02
2.002324741139300102e+02
2.005606424686986031e+02
1.997653410422689149e+02
1.994302163955141509e+02
1.991861482002030357e+02
1.998452106675082973e+02
1.997430966776787216e+02
2.000542207740853939e+02
1.996327888496468290e+02
1.995505266777107352e+02
2.003766959045876206e+02
2.006366270828739857e+02
2.006699350526514820e+02
2.002672638926259481e+02
2.001216871616759079e+02
2.009709603356820367e+02
2.008099480442481877e+02
2.005487604869740892e+02
1.997678730834886380e+02
1.998256567025417212e+02
2.000928437206388821e+02
2.006326927331921297e+02
1.998934235074626713e+02
1.999419980723957337e+02
1.999053026733264460e+02
2.006517236487445075e+02
2.008188780693665194e+02
2.007435607843137291e+02
2.006168780212191791e+02
2.005348979591836667e+02
2.010301404772766602e+02
2.010845383411580656e+02
2.012601335391011332e+02
2.007055524840060059e+02
2.002808243981546923e+02
2.007285439828666824e+02
2.010118024394868428e+02
2.003004372169098986e+02
2.001046482253378542e+02
1.996780772489096876e+02
2.004648303939186746e+02
2.007331253053441174e+02
2.008398652299672733e+02
2.001238283561174569e+02
2.002296264654231095e+02
2.005674289478637320e+02
2.011367129439296946e+02
2.011706428098078163e+02
2.008000661980266841e+02
2.007120094936709052e+02
2.009352586631892166e+02
2.012618404098180065e+02
2.012310800706365228e+02
2.004305301216133728e+02
2.004670978583091596e+02
2.003938797986154725e+02
2.009129067433664488e+02
2.011997115277931982e+02
2.006488525471712876e+02
2.004406576225145784e+02
2.008360229047371206e+02
2.015431888178156896e+02
2.016198468461356015e+02
2.013328113631330893e+02
2.009838169290094356e+02
2.013905924992120902e+02
2.017052595144821794e+02
2.019041375061217423e+02
2.013281348159316337e+02
2.009313692880335793e+02
2.009889441680486470e+02
2.015341888466413138e+02
2.013570764747578323e+02
2.013762845724435522e+02
2.006771489462467457e+02
2.008513892631278566e+02
2.011172844347539694e+02
2.017105878609498006e+02
2.010109093192270961e+02
2.010538028703293776e+02
2.007177459839357141e+02
2.018003520400881996e+02
2.020426050101214628e+02
2.017109510132186756e+02
2.014466595336249668e+02
2.016704383152950300e+02
2.018695139402135510e+02
2.020713164528864354e+02
2.018446448596654648e+02
2.009419848532660069e+02
2.010576142052073294e+02
2.014355165642617180e+02
2.013740310987926989e+02
2.013596520416409419e+02
2.008874561486678658e+02
2.011738307951546858e+02
2.013611202687640400e+02
2.018140430637115514e+02
2.015593025453628968e+02
2.011647953697260789e+02
2.012225650066108358e+02
2.017055555555555486e+02
2.020883801160420035e+02
2.017237932333186734e+02
2.013267931248310560e+02
2.006350050025012308e+02
2.015028427239044220e+02
2.009663766936821219e+02
2.005289356984478957e+02
2.008705181402276878e+02
1.987462930065620128e+02
1.964286328383873013e+02
1.939867507230814567e+02
1.926214300496688736e+02
1.907127802881745993e+02
1.907789268997797478e+02
1.913251223803633820e+02
1.917039329102128988e+02
1.914787409389788024e+02
1.913338024103341297e+02
1.915412827428902744e+02
1.919855606758832494e+02
1.921200696687107836e+02
1.915049606939549847e+02
1.905648651055115295e+02
1.903203026705180037e+02
1.910427702187294869e+02
1.910420248667850842e+02
1.914836877912894408e+02
1.906467761030516215e+02
1.909102665194764370e+02
1.916327991041746941e+02
1.926526255250178679e+02
1.929791407604602682e+02
1.922873153072006289e+02
1.914874404578321503e+02
1.918388858732528206e+02
1.924669924178601548e+02
1.926805822109750466e+02
1.921929435070701402e+02
1.920374501176711419e+02
1.929443839734618678e+02
1.941475298422932951e+02
1.944858521068913149e+02
1.939608925974655449e+02
1.936389288749371360e+02
1.941607285204311495e+02
1.948636828511501164e+02
1.944936424703543594e+02
1.943315509854327274e+02
1.943182004579161344e+02
1.943700442020763148e+02
1.949512599637834285e+02
1.951929031282042786e+02
1.944581781295729570e+02
1.939245621019108228e+02
1.939899048407116311e+02
1.948654038052155215e+02
1.948969949971838673e+02
1.947148274428274419e+02
1.939536640769028395e+02
1.942645849502138446e+02
1.953704910944437927e+02
1.951607835436201981e+02
1.953600020030714006e+02
1.943777496880950650e+02
1.946895684686596724e+02
1.953932802422008592e+02
1.957097633573977475e+02
1.951536729293028998e+02
1.946441189991462579e+02
1.945022644409201575e+02
1.953734471282169523e+02
1.951517270747006876e+02
1.945341063561473334e+02
1.943339258966635441e+02
1.942264004106436062e+02
1.946792520971157217e+02
1.948987156746813696e+02
1.946211922913326475e+02
1.939054754761283448e+02
1.939860585281835483e+02
1.954640802208401453e+02
1.967400680272108673e+02
1.966444260327015172e+02
1.957582327434665217e+02
1.955507829454776072e+02
1.960014795088030723e+02
1.953300125535133418e+02
1.948965595036661114e+02
1.940994083799335499e+02
1.948407167252388490e+02
1.954709242809497312e+02
1.962351442699921904e+02
1.957047646152815901e+02
1.953241853343540697e+02
1.954670399678111607e+02
1.965102638309328142e+02
1.971162369291639607e+02
1.966953783949491879e+02
1.964832740801984414e+02
1.965238552620683947e+02
1.969709830665584889e+02
1.972242573929187017e+02
1.966583670625704769e+02
1.960609120251593254e+02
1.962030725793057400e+02
1.961933397141820024e+02
1.968366702141811970e+02
1.962562408101901497e+02
1.957078344054098409e+02
1.957446213425129145e+02
1.965276893487199743e+02
1.970422808442904170e+02
1.971797618850490892e+02
1.971369950128861603e+02
1.968998638280912701e+02
1.972448721363878406e+02
1.972981660487288025e+02
1.972258005762161872e+02
1.964744983968532210e+02
1.962862838519695003e+02
1.965627240143369079e+02
1.975620512633136627e+02
1.977721557971014477e+02
1.972222673136303399e+02
1.964593873923150795e+02
1.963192217409990974e+02
1.967283974545337344e+02
1.965940684337657842e+02
1.959824003597006765e+02
1.957798267266830976e+02
1.968897626375751315e+02
1.978787839077447188e+02
1.975042835462867856e+02
1.964152024820378983e+02
1.965035945304184111e+02
1.967655285351674479e+02
1.976135214965539717e+02
1.970738691088365329e+02
1.960813893292781245e+02
1.959093207155820267e+02
1.964351388775759517e+02
1.970625954935104573e+02
1.969581946755407671e+02
1.968612908840609350e+02
1.966245495388230040e+02
1.973097751852030513e+02
1.975330905941229105e+02
1.978401967605701941e+02
1.974496026835146267e+02
1.972124718109618868e+02
1.972210531467162582e+02
1.979233076333762540e+02
1.976248031116397215e+02
1.971623620962964196e+02
1.969754457430128127e+02
1.973417672371954268e+02
1.979781326543766795e+02
1.984224889775689462e+02
1.979167589249899777e+02
1.974274397465032109e+02
1.981798509487257149e+02
1.989733279871692275e+02
1.989012260818133768e+02
1.984124273838944816e+02
1.979334393676498962e+02
1.982968865469267428e+02
1.988277456278795512e+02
1.988400415269126427e+02
1.988715028393185946e+02
1.982907051384921715e+02
1.984793124380970539e+02
1.993166209121995678e+02
1.994494843056486957e+02
1.994520314045894054e+02
1.991241390382917302e+02
1.990967190594849967e+02
1.993155421014896831e+02
1.997607574252667462e+02
1.993276777953060162e+02
1.987297497027921622e+02
1.987821019804526941e+02
1.994304576047402691e+02
1.994988773055332842e+02
1.992738053040311854e+02
1.990256525652565074e+02
1.992145225732356266e+02
1.998054074026474609e+02
2.003012313175257759e+02
1.999856859935273121e+02
1.994303600628426807e+02
1.998927499959891634e+02
2.002208116945566303e+02
2.002729313662604511e+02
1.999392669481964049e+02
1.995670842806236749e+02
1.991381299332118999e+02
1.999231963879726948e+02
2.002467423693323951e+02
1.999955237098461964e+02
1.994673169171730081e+02
1.998538554313741145e+02
2.002865064399629205e+02
2.009160701101088193e+02
2.004741540608251569e+02
2.003866851683493735e+02
2.002550014404148442e+02
2.001902971459394109e+02
2.004937498017069117e+02
2.000341632705043367e+02
1.992832411179986423e+02
1.993165168324406977e+02
1.998465432432862769e+02
2.002167229216323108e+02
2.002650538922155761e+02
1.997276776449176907e+02
1.996419037025266334e+02
2.002945454545454425e+02
2.007401037096130665e+02
2.008230699044356697e+02
2.000218759936406911e+02
2.000635878764651352e+02
2.001793905321663374e+02
2.004450665472229218e+02
2.000371796299536982e+02
1.996257270585973345e+02
1.994018561707293600e+02
1.998175236146850295e+02
2.002060511381750700e+02
2.001022377956518028e+02
1.997076033664979207e+02
1.993730947962760069e+02
2.000813907041398636e+02
2.002794792899408378e+02
2.003992576377653165e+02
1.999229158071784411e+02
1.994523032051485529e+02
1.997664536741214079e+02
1.998169078542459260e+02
1.997583762784428814e+02
1.990459488121052800e+02
1.987570136391718449e+02
1.990154553643388908e+02
1.996371362307790207e+02
1.997213169377231168e+02
1.990508517390000236e+02
1.990353672817039694e+02
1.992855973040219055e+02
1.996867008688193721e+02
2.003076264332270853e+02
1.996994144230157247e+02
1.991610820244328011e+02
1.994434147889558631e+02
1.994850875808742501e+02
1.997235927838337375e+02
1.986503207412687004e+02
1.985758263380885182e+02
1.986865171926818050e+02
1.992077727952167265e+02
1.993362082708924561e+02
1.982447752288535980e+02
1.986701217558474752e+02
1.989912941623401537e+02
1.996116540337830543e+02
1.994790452269244838e+02
1.994315450952784943e+02
1.990025165793514077e+02
1.990244219401258192e+02
1.998015251310909548e+02
1.995775028192950913e+02
1.990129605013292746e+02
1.984020189553962723e+02
1.987408839251622794e+02
1.990458957402818783e+02
1.995458089358452014e+02
1.987445216629100742e+02
1.986447414423290923e+02
1.988072735878826052e+02
1.996734151329243332e+02
1.998362594450441350e+02
1.993692167319521218e+02
1.989675479818357076e+02
1.993714613558842359e+02
1.999514406672564348e+02
1.998030602947183354e+02
1.993944767258257968e+02
1.987212575513173363e+02
1.986780548198530028e+02
1.993332488876925765e+02
1.995393734788411848e+02
1.993932539619462432e+02
1.985012095887398118e+02
1.988018642522556547e+02
1.994279343166919034e+02
1.997941324050553362e+02
1.996124179818419009e+02
1.995838655621600992e+02
1.995357727673510624e+02
1.999371114599685768e+02
2.005291715102579246e+02
2.001766958165918311e+02
1.996384892655009935e+02
1.991932452461291234e+02
1.998430535501287011e+02
2.000393590369798744e+02
1.991106462329196347e+02
1.990436392280425650e+02
1.993176727410782121e+02
1.998144632732671084e+02
2.001280923324345906e+02
1.998495994230437702e+02
1.999000205947119184e+02
1.997511721577142225e+02
2.004007010452521342e+02
2.007851075877689482e+02
2.005577772171060928e+02
2.004291275294710886e+02
2.002313671696387587e+02
2.003212996956289942e+02
2.009634971987690335e+02
2.002547717581155382e+02
1.997965095273252984e+02
1.997593155412036765e+02
2.000457150014090359e+02
2.007415829981313209e+02
2.004374683944374169e+02
1.998242397490265603e+02
2.001489398844664436e+02
2.007704414951674607e+02
2.009557237464522359e+02
2.011075875178203773e+02
2.007676908457396223e+02
2.004880518173814892e+02
2.012126875118678129e+02
2.015571106592904300e+02
2.012462079229868266e+02
2.008172576794776489e+02
2.003937029020995624e+02
2.006712557232091001e+02
2.009441487686590904e+02
2.005823242449598354e+02
2.002545899826196774e+02
2.003485705234814134e+02
2.004795958639197977e+02
2.012150522362150298e+02
2.009367845171083502e+02
2.004790098231827074e+02
2.003315257657203290e+02
2.010625869043104785e+02
2.014126888790541727e+02
2.014842705095601616e+02
2.007733086713900548e+02
2.007137864811258510e+02
2.007935255198487710e+02
2.009464005276713294e+02
2.006111847294526171e+02
2.000679548758137116e+02
1.997884125804462485e+02
2.002997198436189308e+02
2.006292996861427582e+02
2.003904154863078588e+02
1.999302743330759426e+02
1.997622070005655814e+02
1.999102138439993155e+02
2.007173149882719656e+02
2.007428026662044545e+02
2.002508029428051657e+02
2.000701276193477156e+02
2.004288724139023259e+02
2.002530439469845760e+02
1.998120677510246139e+02
1.984770309951060483e+02
1.980894526034713010e+02
1.977066253280955266e+02
1.970128272595711110e+02
1.970149051926729555e+02
1.966649935838084673e+02
1.960259772146926025e+02
1.960413047360815426e+02
1.966761314803704011e+02
1.968758286464495768e+02
1.970731406300747039e+02
1.968069406953626412e+02
1.971446281654451411e+02
1.984273130596112082e+02
1.986383461185892827e+02
1.984299750342272830e+02
1.979607663794348582e+02
1.973918605580874726e+02
1.975666905958363202e+02
1.977270114019592029e+02
1.971920206705076453e+02
1.968570216716284165e+02
1.970660258153260713e+02
1.978532591210346538e+02
1.981829295756522811e+02
1.979719210319181286e+02
1.975712206512699254e+02
1.978703121491129764e+02
1.986580921757770852e+02
1.986483275423118187e+02
1.983277047052980606e+02
1.980655645614316711e+02
1.982042119413016508e+02
1.988937310091156121e+02
1.990768312936358200e+02
1.982134976976208804e+02
1.981107760418337591e+02
1.981568172359701805e+02
1.988516709511567910e+02
1.987647058823529278e+02
1.986667572970811761e+02
1.982885635341569355e+02
1.986506755246095395e+02
1.993109600139800079e+02
1.994807723018940351e+02
1.992337776048253772e+02
1.989407087122906432e+02
1.982158679082768629e+02
1.988386513370365662e+02
1.983106346868195260e+02
1.981864906933004704e+02
1.973498397151924451e+02
1.972402573499992116e+02
1.978105008569185941e+02
1.974987830653942353e+02
1.972521131758936406e+02
1.965526057820560197e+02
1.970227871422337671e+02
1.977205325338877628e+02
1.983329776398118156e+02
1.979323757262750405e+02
1.975432110604970717e+02
1.978583724695058663e+02
1.989274331747785709e+02
1.990788119065127546e+02
1.987279230547642612e+02
1.983878632204205985e+02
1.983001586106349237e+02
1.985978236624924307e+02
1.990271513447901270e+02
1.987115574057008587e+02
1.983497335758271731e+02
1.982566908035344113e+02
1.990464112077789309e+02
1.993775963329036074e+02
1.988921595160391576e+02
1.986481713804767537e+02
1.986791982338272931e+02
1.992721820820772791e+02
1.993740027488586009e+02
1.991346400671853303e+02
1.987706794975624405e+02
1.985117661116864554e+02
1.988002856462746877e+02
1.990192752383667596e+02
1.988684603886397326e+02
1.981201795713764398e+02
1.979162717470818222e+02
1.986934043229497888e+02
1.991217568362947929e+02
1.989807347456954574e+02
1.982505173017540301e+02
1.978244483094254065e+02
1.985364315591174602e+02
1.990168827253542645e+02
1.991880955049882402e+02
1.977291190657527409e+02
1.969590090807710681e+02
1.973546015596345171e+02
1.981085266347124900e+02
1.980918227791736967e+02
1.975934219511807726e+02
1.975140778939661743e+02
1.980243306686968481e+02
1.986338456637731724e+02
1.984175883463717298e+02
1.979982351365405577e+02
1.979071725950198584e+02
1.984898931721711222e+02
1.987014854689251138e+02
1.984209559405783523e+02
1.973874313121366981e+02
1.973379787622418746e+02
1.974031423493701425e+02
1.981068130612763127e+02
1.977685415314473971e+02
1.973695610868325900e+02
1.972024098295679835e+02
1.975069669934743501e+02
1.982511345487895653e+02
1.983477173827043316e+02
1.978229824031537873e+02
1.970272613244843569e+02
1.970580405951419039e+02
1.972487807210481208e+02
1.971858333599463435e+02
1.971131406107675446e+02
1.969449373237978591e+02
1.971588761256244595e+02
1.974392076502732323e+02
1.968968079689389583e+02
1.961108775035963276e+02
1.960220582362994435e+02
1.966047044593691453e+02
1.977048471456051573e+02
1.978066626726366906e+02
1.976973083184498137e+02
1.972466892126805647e+02
1.970870019305630478e+02
1.973869620454184428e+02
1.973976225949600405e+02
1.968633540372670723e+02
1.966916248306638124e+02
1.971262220532078686e+02
1.974706717795767759e+02
1.971912314615287301e+02
1.961470035234077329e+02
1.964555662902484698e+02
1.970431154381084582e+02
1.980853124606274207e+02
1.981870940345690144e+02
1.974239817859853190e+02
1.967002388598003790e+02
1.969062085098311741e+02
1.979551537472417806e+02
1.984165344335131635e+02
1.975038048626460636e+02
1.969974123512890856e+02
1.964923984210275876e+02
1.966106386685036398e+02
1.969913771037307129e+02
1.963914907128115601e+02
1.964973279043135221e+02
1.968260179127231027e+02
1.967049022394895701e+02
1.970881264822134256e+02
1.967254093795254732e+02
1.961243723199056035e+02
1.965105138891089496e+02
1.979104416143952392e+02
1.981449555712825372e+02
1.975998605344067869e+02
1.964920898453089819e+02
1.962443758898908470e+02
1.970058224859622271e+02
1.971825601035533566e+02
1.970415423710087168e+02
1.967439239841474432e+02
1.964126543307836528e+02
1.964936131386861291e+02
1.966039932651375466e+02
1.966512522869219595e+02
1.969101616994292954e+02
1.969577033523187026e+02
1.969139733915492059e+02
1.972450560132583348e+02
1.972828374920025567e+02
1.969125885229762787e+02
1.967980283836555770e+02
1.977444971054138136e+02
1.978239496268358835e+02
1.972038597272120626e+02
1.968273873988660227e+02
1.965479997451904524e+02
1.971105258147431414e+02
1.979007105757894465e+02
1.974417550134116937e+02
1.968197255656432390e+02
1.970823701489689768e+02
1.976730827354723772e+02
1.981261960298947997e+02
1.980701420296754804e+02
1.974802315438902838e+02
1.975889745015489609e+02
1.981879519597449075e+02
1.983851171627612473e+02
1.981699378605597417e+02
1.975127550615952714e+02
1.972367875073248626e+02
1.978807092875318006e+02
1.979495427359893540e+02
1.979637755102041012e+02
1.976526448846363166e+02
1.978486543333811198e+02
1.982669315050938792e+02
1.986050362687706752e+02
1.984314214065519764e+02
1.978494380950867253e+02
1.979868500942702951e+02
1.984784234155070237e+02
1.992749453808984867e+02
1.992979942693409896e+02
1.986161376209683738e+02
1.985788146482492778e+02
1.986369597472837540e+02
1.986263990614794182e+02
1.984504982858965150e+02
1.980489285371088215e+02
1.974399706824301859e+02
1.981477270905155024e+02
1.985166653332266549e+02
1.982635651509361878e+02
1.980787693685338411e+02
1.980129845209159498e+02
1.983836413034843247e+02
1.986412823112012234e+02
1.989981870517326570e+02
1.987172434710427353e+02
1.984360462320257739e+02
1.984404382723913898e+02
1.992282396283837897e+02
1.989272143302280256e+02
1.982877108819061220e+02
1.975123878888111619e+02
1.978086218786586130e+02
1.979443185806821930e+02
1.980096985332760084e+02
1.977650316707515117e+02
1.974984844617446527e+02
1.977186830064314051e+02
1.983913001927273285e+02
1.985165359863304673e+02
1.979411428026328110e+02
1.978082908998036658e+02
1.983445391616459403e+02
1.987899292524394355e+02
1.987983758184476528e+02
1.983512132212457004e+02
1.977865066172239494e+02
1.976171931112636173e+02
1.977728175075833121e+02
1.976897173015291003e+02
1.972725444183707850e+02
1.971456170703575594e+02
1.970079781280977045e+02
1.977001728387158721e+02
1.977761506608069340e+02
1.977280263492871484e+02
1.971789814682482813e+02
1.977037325533335661e+02
1.982264833230242118e+02
1.983369214892434513e+02
1.981476888747210694e+02
1.979639208936909256e+02
1.980268382703872305e+02
1.981678002006912891e+02
1.983279118156260381e+02
1.975668574153552584e+02
1.968816759918616413e+02
1.967720552113212023e+02
1.975298344566065794e+02
1.978117680936840088e+02
1.974469075946541068e+02
1.968390004292050151e+02
1.970399065880820331e+02
1.976699194498392274e+02
1.979814891187107264e+02
1.983010220376876589e+02
1.977384027947030631e+02
1.982346145106881181e+02
1.992055005805590895e+02
1.991769016682311531e+02
1.982849043573229721e+02
1.973208403682584446e+02
1.973387326081052890e+02
1.974213355385569741e+02
1.977392640968461421e+02
1.971303624611875023e+02
1.967343473311408957e+02
1.969648409471418233e+02
1.972386697356933212e+02
1.979405701580243147e+02
1.981304139746350756e+02
1.974872671746011861e+02
1.973683358206585297e+02
1.979991291543296938e+02
1.988269065981148174e+02
1.985415597173368951e+02
1.981844725146944199e+02
1.975273307810836911e+02
1.982351118210862637e+02
1.983466413383564486e+02
1.977634393224325322e+02
1.971926196461604377e+02
1.970778460174749966e+02
1.978458647217823625e+02
1.982159145043986257e+02
1.981902768680203906e+02
1.973765134891944228e+02
1.976145438393324412e+02
1.981229659293160239e+02
1.988488050154345501e+02
1.988376943375830876e+02
1.981565233869184794e+02
1.981933822009508503e+02
1.979839577253726759e+02
1.983921593564695058e+02
1.982398197226013394e+02
1.974039096177227748e+02
1.973531853972798729e+02
1.976617466762200479e+02
1.983159701158967039e+02
1.981699690648052865e+02
1.977976372193601833e+02
1.975250687304336736e+02
1.977374550274569174e+02
1.984974379376193383e+02
1.988041129313349700e+02
1.983135171933379866e+02
1.983251276179571789e+02
1.983513358778625957e+02
1.986915091786208905e+02
1.983209831487417034e+02
1.980192111797287851e+02
1.973448779635716903e+02
1.972400246130544019e+02
1.979600399125724550e+02
1.983436770844907358e+02
1.980503631498471009e+02
1.976685814938826127e+02
1.977432522334157170e+02
1.983263644156586167e+02
1.989305581955268565e+02
1.984057666482344473e+02
1.983195565156617306e+02
1.984062944579684711e+02
1.990586799391326451e+02
1.990069573722904011e+02
1.982827065994048326e+02
1.978346402141395117e+02
1.977146607207805573e+02
1.981266751906047432e+02
1.984950188177994335e+02
1.979612234876685193e+02
1.974443673082991211e+02
1.976693064898303192e+02
1.983699742084526463e+02
1.985635739372844455e+02
1.983560704034318860e+02
1.981494855182926926e+02
1.981858852883582927e+02
1.984943772376701361e+02
1.988263626040878194e+02
1.982538949888939612e+02
1.979833827047064005e+02
1.978101965406300735e+02
1.979714181135318540e+02
1.981434086973100932e+02
1.979556069548572452e+02
1.974920042559273554e+02
1.973274157054476916e+02
1.978770699426906674e+02
1.984390515418012058e+02
1.981100520205544626e+02
1.977672852868147970e+02
1.978405459017694170e+02
1.982097228374359190e+02
1.986051611072577145e+02
1.984993043918171054e+02
1.977943864436899162e+02
1.975305585494199079e+02
1.974527058150801224e+02
1.977451316845867098e+02
1.974177215189873493e+02
1.970236313695775721e+02
1.967568686548223411e+02
1.970540970690198606e+02
1.978194620654656433e+02
1.979385729058945174e+02
1.975113679725260738e+02
1.971782907739742257e+02
1.978855225831128450e+02
1.982701236676471694e+02
1.983630005550709825e+02
1.979877810128394913e+02
1.975093128419188702e+02
1.980365403582450199e+02
1.981565927951416484e+02
1.978732289217866480e+02
1.973545379327902083e+02
1.968914387840637517e+02
1.968790016449449638e+02
1.977057457463783123e+02
1.972782938060885840e+02
1.968931931552693015e+02
1.964768215051052493e+02
1.968372485071922426e+02
1.975933279881777764e+02
1.980541006693355541e+02
1.976528395687211912e+02
1.973220266683518673e+02
1.975495562717299833e+02
1.981397303477095022e+02
1.982169121140142636e+02
1.978143907646082198e+02
1.973719309412045675e+02
1.972790575583060217e+02
1.978103390825571637e+02
1.978764466488617586e+02
1.976261330624037669e+02
1.971199936300660909e+02
1.974821714775378041e+02
1.978769199165666066e+02
1.980378915033093961e+02
1.977548934284855306e+02
1.974788217417455201e+02
1.978321081524482565e+02
1.980609563514623233e+02
1.983886354772523077e+02
1.991011338026938802e+02
1.978872630755095940e+02
1.980284215702344000e+02
1.984561138111944558e+02
1.976677833169275402e+02
1.974802561704420896e+02
1.967935206622054238e+02
1.969789233475429171e+02
1.974643037495265503e+02
1.975911778656126216e+02
1.973742085602127645e+02
1.972925336011861930e+02
1.971879665738161691e+02
1.984430865698381297e+02
1.983677463207979486e+02
1.985357643758765676e+02
1.978289883639600646e+02
1.979354120621392497e+02
1.984296903547653983e+02
1.982372996769493909e+02
1.980959500167354577e+02
1.973950163851378363e+02
1.971915881883479642e+02
1.976399828017262053e+02
1.977390910391530383e+02
1.978288775168587961e+02
1.973244851404597568e+02
1.972816049893403658e+02
1.979615617723053447e+02
1.984816116819902447e+02
1.983177291154595139e+02
1.978561179626367164e+02
1.979114702265940764e+02
1.983692312585477566e+02
1.986967587453616773e+02
1.987019722425127668e+02
1.981203547162589018e+02
1.976623252555488364e+02
1.980117943323451755e+02
1.987389857090275029e+02
1.983878045669090397e+02
1.979198806427420152e+02
1.978508240484677856e+02
1.980009059410661223e+02
1.985872217891404432e+02
1.985864680796893822e+02
1.982927933673469454e+02
1.979485675328587320e+02
1.985229926137717200e+02
1.990398499322172654e+02
1.993387659885105165e+02
1.988576060994321324e+02
1.987234217431163472e+02
1.988402669070094646e+02
1.991337416322461138e+02
1.990528061143921832e+02
1.983714833050994741e+02
1.980208805310435594e+02
1.982301951688992290e+02
1.988726925926509921e+02
1.988283592700845190e+02
1.984151029604070970e+02
1.982874212642041130e+02
1.987189734362422371e+02
1.989440449154680834e+02
1.990726498422713178e+02
1.989559656842571655e+02
1.983872859562190172e+02
1.987861928296854330e+02
1.995840297121634137e+02
1.991718359061511876e+02
1.987719437352320995e+02
1.981873821632840418e+02
1.982504449529620842e+02
1.985339993964134067e+02
1.987318716509718115e+02
1.980710582639714801e+02
1.975744670749655825e+02
1.978318245730445426e+02
1.985664163973896166e+02
1.987109377462568602e+02
1.981586105813935035e+02
1.982558457020398635e+02
1.985204360105353487e+02
1.992362365231793433e+02
1.991721035763018506e+02
1.988767020512411250e+02
1.977790352062306170e+02
1.976685061033457771e+02
1.980895647630657948e+02
1.983404938193142470e+02
1.976760614875927899e+02
1.972672956476006902e+02
1.973759319608934106e+02
1.977444690441680279e+02
1.982378246237856274e+02
1.977063034306211762e+02
1.973252359536327276e+02
1.974631742903461600e+02
1.978538090554303892e+02
1.982904394242684134e+02
1.981267607860496582e+02
1.974630915228329684e+02
1.973055564425993964e+02
1.972713953674761740e+02
1.975230261058275403e+02
1.969959238914099160e+02
1.965132135640313322e+02
1.964580203585777838e+02
1.968191896024464995e+02
1.972369014309697093e+02
1.971166058015851661e+02
1.964896492782982875e+02
1.964375831485587582e+02
1.971016026705902675e+02
1.975499762620667639e+02
1.973409187882235756e+02
1.972215544172917419e+02
1.968663967611336147e+02
1.974144881640408471e+02
1.974067264290899857e+02
1.971136223155558866e+02
1.964575878327962073e+02
1.958902746303662354e+02
1.964477824094037999e+02
1.964760151115908684e+02
1.963797260971226137e+02
1.957944502684329393e+02
1.959243953380845085e+02
1.965655312285408627e+02
1.971202972596376810e+02
1.966771352341766033e+02
1.961055331799002772e+02
1.965454297714084078e+02
1.967697727308872970e+02
1.975413769511050361e+02
1.969636244757363954e+02
1.960473722813955249e+02
1.951340855710023448e+02
1.958989569335124941e+02
1.960948136789815806e+02
1.960113761467889617e+02
1.951676407992122222e+02
1.951934753640406655e+02
1.957645429362880805e+02
1.964893644346695112e+02
1.961527930863724123e+02
1.955536107808165127e+02
1.954713806853384597e+02
1.958191391066080200e+02
1.966861587722560785e+02
1.969584715288202972e+02
1.970047313042864232e+02
1.954490301832434227e+02
1.954903204815357185e+02
1.955480456678035637e+02
1.951770439499082670e+02
1.949788066566582643e+02
1.945513093958977890e+02
1.951386819392817529e+02
1.952859387897644297e+02
1.954328313253012084e+02
1.951893646474771913e+02
1.946960629423660407e+02
1.951971260717687926e+02
1.957443643419412922e+02
1.959041583594417375e+02
1.954216115820554194e+02
1.950283586592356073e+02
1.946286740847433521e+02
1.955640837779724279e+02
1.950147293307863663e+02
1.949192185007974558e+02
1.940272207890863854e+02
1.944388390870366550e+02
1.950656786743286375e+02
1.953925873015872980e+02
1.947195079803946385e+02
1.947390933232169914e+02
1.954739491247351850e+02
1.958130523667243210e+02
1.960361049115975618e+02
1.960832033860547767e+02
1.954508295914143048e+02
1.957224009427952467e+02
1.959363147511772922e+02
1.956489850935616914e+02
1.953317778591791409e+02
1.943257828430520249e+02
1.946837028208184392e+02
1.950688617538524738e+02
1.954497497848468299e+02
1.949457350791330441e+02
1.949672696636357898e+02
1.949153351844506119e+02
1.956326098380496035e+02
1.958228247262585455e+02
1.953771177710509335e+02
1.951665266261870499e+02
1.955169451225311548e+02
1.961349908939741624e+02
1.963164066821550762e+02
1.958047634915345441e+02
1.951294853766057145e+02
1.947936350466112572e+02
1.955715486080283938e+02
1.955285799955812536e+02
1.951525246442042487e+02
1.946151279024006158e+02
1.949922463411926969e+02
1.956009648190170935e+02
1.960267607424357834e+02
1.959392873065409901e+02
1.953767349008175245e+02
1.954040065192967859e+02
1.961900438223146921e+02
1.966005257906656141e+02
1.964534541696478129e+02
1.953362189023232531e+02
1.953686631558911131e+02
1.958646852589641298e+02
1.958499197814242336e+02
1.954890849829079968e+02
1.948433990654945660e+02
1.947271113084008505e+02
1.953974647440976184e+02
1.956758029231793330e+02
1.956651999872923113e+02
1.950904011143825016e+02
1.952701693896594577e+02
1.959398090888909962e+02
1.963145058987695108e+02
1.964312442571527981e+02
1.959118976261833609e+02
1.958209337635224756e+02
1.962553969414682342e+02
1.966091487022608817e+02
1.960909306968343060e+02
1.954124916711615754e+02
1.950551435634150721e+02
1.956331453733328942e+02
1.959703994181082294e+02
1.960024708174287582e+02
1.957440017749041488e+02
1.958381898559680678e+02
1.963990277624331213e+02
1.970901248222467927e+02
1.969624544292410633e+02
1.964718066197961832e+02
1.963199669021704494e+02
1.969512411769370885e+02
1.974273070040900109e+02
1.972825010676831994e+02
1.964662664153215133e+02
1.959646752917300887e+02
1.961789505418656745e+02
1.964406083674210493e+02
1.965480940871680957e+02
1.961884785163072991e+02
1.961128397256794358e+02
1.966044146391850802e+02
1.970134483633595721e+02
1.970068694798822264e+02
1.968342538805827928e+02
1.964849223946785060e+02
1.972968167615664186e+02
1.975054014414357653e+02
1.975764885208290593e+02
1.976771344611230177e+02
1.972126878713736744e+02
1.970589078874793358e+02
1.975740451018505439e+02
1.971892182266321356e+02
1.969541341207849143e+02
1.963103023215386145e+02
1.967578993933265963e+02
1.974264384559359371e+02
1.978134511536573257e+02
1.977187282955966054e+02
1.979496441872256867e+02
1.972324658360128637e+02
1.976850628214309040e+02
1.977410290216510873e+02
1.976939055301375561e+02
1.971952546038612013e+02
1.975003176216490601e+02
1.978418401982917771e+02
1.978096727318675505e+02
1.968574526596998453e+02
1.966479303038927640e+02
1.967175544659716593e+02
1.971679930931638296e+02
1.972465512877301705e+02
1.967753918865695368e+02
1.965954434085340665e+02
1.969392544067850110e+02
1.974976953433306903e+02
1.978086246975663016e+02
1.974690098081294423e+02
1.972272165340602896e+02
1.974045685520254665e+02
1.980500836569119656e+02
1.981229442026117908e+02
1.974983391857265076e+02
1.968317102475732838e+02
1.969805007755373083e+02
1.975964497979237535e+02
1.975412686131156192e+02
1.967759334133552329e+02
1.967454193875610429e+02
1.967804835733324751e+02
1.978884867533374745e+02
1.979100086894699473e+02
1.976207514823611007e+02
1.975372125984252136e+02
1.975282608695652016e+02
1.981190378999591815e+02
1.985195499119939768e+02
1.980366835903221556e+02
1.976250644742806344e+02
1.974403124070682907e+02
1.978680703079513705e+02
1.980883494839177956e+02
1.974826237163004237e+02
1.965756668651850703e+02
1.967384731670446172e+02
1.973105512949459523e+02
1.975477906464404612e+02
1.971683916569372741e+02
1.969382442711875285e+02
1.968495501183898853e+02
1.976051706111586270e+02
1.979992220987458325e+02
1.975222372817247560e+02
1.975677859608379663e+02
1.975863514154673339e+02
1.979115599879500849e+02
1.981192140083986999e+02
1.976766445287792635e+02
1.970443564983378053e+02
1.968329419181968376e+02
1.971939167707954539e+02
1.978544844368806821e+02
1.976125916425189644e+02
1.966082961655450561e+02
1.968803175506847651e+02
1.973927249239881974e+02
1.979903888713246829e+02
1.978329537186422726e+02
1.967982711656248398e+02
1.975150268449979194e+02
1.979223631498107920e+02
1.983029028585883964e+02
1.976524082713403061e+02
1.968138868892992548e+02
1.965550189720593153e+02
1.970472165824637614e+02
1.973809216937537485e+02
1.971572674601675317e+02
1.971288478591335434e+02
1.967876400947119180e+02
1.971703392629641769e+02
1.976370589531333337e+02
1.973145287030474719e+02
1.968051338582677374e+02
1.968175267463813611e+02
1.973897638414701419e+02
1.979950439748894837e+02
1.975160992118828744e+02
1.973149557995407122e+02
1.968724081426860835e+02
1.973591173424679255e+02
1.977576987347815418e+02
1.972945812496043629e+02
1.965063536914552742e+02
1.965709782677564590e+02
1.970340470955612773e+02
1.972692240875566654e+02
1.972928773666977520e+02
1.968232998356718610e+02
1.967300773236547400e+02
1.973702272619742075e+02
1.979249948810030162e+02
1.983108148805655446e+02
1.975719111588186365e+02
1.974373827355144044e+02
1.975915976984314852e+02
1.979847333079944462e+02
1.980379499093020854e+02
1.970212240243284327e+02
1.965624247035698602e+02
1.968833486689722747e+02
1.974391445544554529e+02
1.972343141462794165e+02
1.969191843977249619e+02
1.969944398419576999e+02
1.968834125317714836e+02
1.977112689393939320e+02
1.979261273546013626e+02
1.970678478620363876e+02
1.970883063883221098e+02
1.975343965422049735e+02
1.982429665101918772e+02
1.981658205896263780e+02
1.973538129587047649e+02
1.968749229821318636e+02
1.970996482261448364e+02
1.974209492686452450e+02
1.974047671630489731e+02
1.971647450638331804e+02
1.966267804924063967e+02
1.969549888298039946e+02
1.974307027504415828e+02
1.976305850642143866e+02
1.969249858017290364e+02
1.968478653036680726e+02
1.972858001930654837e+02
1.979602163974880398e+02
1.980232064166376347e+02
1.976195852096149963e+02
1.969019493331229000e+02
1.972079014308426110e+02
1.976574450125025919e+02
1.972815901037712081e+02
1.967150699234322531e+02
1.964041144478600245e+02
1.967210523810279597e+02
1.973095620635349974e+02
1.973371024958824478e+02
1.970671051377371157e+02
1.966493545576938118e+02
1.967729223071929425e+02
1.976586499563734662e+02
1.980036491138999679e+02
1.977961169695132355e+02
1.971018678138196094e+02
1.971682554738755755e+02
1.973066493695518204e+02
1.973848158802307751e+02
1.970057822804166960e+02
1.962393146211009878e+02
1.962557406502655510e+02
1.969647750130667987e+02
1.973202357876005237e+02
1.968525324469769089e+02
1.965729888246017367e+02
1.966241203169231255e+02
1.974873417721519218e+02
1.977884664212263601e+02
1.974469635755818331e+02
1.971173875089278340e+02
1.970370681458003048e+02
1.976509557765585896e+02
1.976962539943683339e+02
1.971978930333656024e+02
1.964096781361096760e+02
1.961748939056904533e+02
1.967715610705750180e+02
1.968406984468414862e+02
1.964021030993042416e+02
1.961217106304823119e+02
1.962806324740051878e+02
1.966977191709517854e+02
1.971703213371670813e+02
1.965870428751576355e+02
1.961870982986767444e+02
1.964955299722112159e+02
1.970679749267647480e+02
1.972630585273757049e+02
1.969192699303344511e+02
1.966826215255742909e+02
1.961059429477020615e+02
1.965348003285732545e+02
1.967372317154360815e+02
1.963204187317321328e+02
1.956930467040806434e+02
1.959326338513309622e+02
1.962820140019280188e+02
1.966997549988144840e+02
1.965557160315520377e+02
1.959970597069191740e+02
1.960582832753714513e+02
1.968984179718399048e+02
1.971887814251909674e+02
1.970006459744761287e+02
1.965927522501184228e+02
1.963971302463179143e+02
1.968457140134368899e+02
1.967683146992683589e+02
1.964931365711387343e+02
1.952792128307334849e+02
1.955105939233066294e+02
1.961192119006171879e+02
1.965471521942110087e+02
1.963951830137854699e+02
1.958070742607207535e+02
1.957341891785461314e+02
1.962956890548838658e+02
1.969960219348294856e+02
1.965718955789208735e+02
1.966616334825823174e+02
1.964394437940962348e+02
1.970773781278668935e+02
1.971081598693918693e+02
1.970047299648811929e+02
1.962149532710280653e+02
1.959284395271390053e+02
1.963231094492040256e+02
1.962497370445375964e+02
1.963729943378766336e+02
1.959288132911392495e+02
1.958891797830312953e+02
1.963019764705882437e+02
1.968284385591550461e+02
1.966724957262276234e+02
1.967142924796362990e+02
1.965422853453841299e+02
1.970807754724553718e+02
1.972531810097140408e+02
1.971717097291809750e+02
1.967186561921185159e+02
1.962815220331970067e+02
1.966217836982073663e+02
1.968614338159337649e+02
1.964936765032172161e+02
1.957115132979142516e+02
1.958178641452153386e+02
1.961449724735809639e+02
1.966135148428451203e+02
1.966346778005356839e+02
1.962682451076786663e+02
1.959751846100212163e+02
1.962584833795013708e+02
1.968154927584092206e+02
1.970687336866250234e+02
1.966908449478730176e+02
1.965333942554632927e+02
1.967915548230123477e+02
1.970251241279617602e+02
1.967620582316689877e+02
1.961747069573985414e+02
1.954474814709909083e+02
1.961222985159636494e+02
1.965421663811155497e+02
1.964045697021196304e+02
1.961754732172457807e+02
1.958066031023196274e+02
1.961027010050251533e+02
1.966776480203700146e+02
1.970178244972577488e+02
1.968312957273619759e+02
1.962071120791704004e+02
1.966893089097673339e+02
1.972572905829313470e+02
1.974722676650097526e+02
1.967640268456376020e+02
1.959806160047869525e+02
1.964189510853287572e+02
1.965291898238747592e+02
1.965654750675973332e+02
1.957858486898375077e+02
1.960488279396412850e+02
1.955373529640881713e+02
1.970612770665402138e+02
1.965430917829312421e+02
1.963553684012421456e+02
1.963276532371845349e+02
1.968404078990986648e+02
1.967690852713178344e+02
1.977324075395127068e+02
1.967625472375777065e+02
1.968925125159904610e+02
1.964044447220877601e+02
1.972502849905003472e+02
1.969128746530268472e+02
1.966707338192924794e+02
1.957406904304651221e+02
1.958641186305608244e+02
1.967235832558725974e+02
1.966295867432362741e+02
1.966400283219258824e+02
1.958495449728853544e+02
1.965194223028964018e+02
1.969732596754646750e+02
1.973366579232569507e+02
1.972064940376930906e+02
1.966779573428544836e+02
1.967642858258980993e+02
1.974980877886022768e+02
1.980221594406477266e+02
1.974860204226127962e+02
1.972468875390544270e+02
1.977591577137945649e+02
1.986238582747262456e+02
1.985458317352951667e+02
1.975829462340163047e+02
1.969310614197832479e+02
1.968910307035216647e+02
1.968423989726841796e+02
1.978839745434775637e+02
1.973625860919795798e+02
1.966358831140143195e+02
1.967203738910012589e+02
1.976810663215379407e+02
1.979488937461670446e+02
1.973976557719163623e+02
1.972491460592800365e+02
1.971522940111749449e+02
1.975925610045013059e+02
1.979665405234941602e+02
1.974826097234260658e+02
1.964926704205857391e+02
1.967579766291851797e+02
1.970318149634175029e+02
1.974009199227641602e+02
1.973033570126359564e+02
1.970368848587890795e+02
1.970789883452083018e+02
1.973876446786487406e+02
1.980638711294972722e+02
1.977315027771258826e+02
1.972235340170672657e+02
1.973264238940971325e+02
1.979012893713138510e+02
1.980376219664748589e+02
1.978925492659182055e+02
1.968202490695227311e+02
1.967462988837779108e+02
1.969432235864549625e+02
1.974796349633711259e+02
1.974073104166338055e+02
1.967940084919012236e+02
1.965976179612643477e+02
1.968796019589129003e+02
1.974158482527450076e+02
1.972541506825912165e+02
1.968529165943891712e+02
1.967152938977083068e+02
1.974302210801748743e+02
1.977672636271212809e+02
1.975377060461042618e+02
1.970146073396793440e+02
1.966732937173678124e+02
1.967585198392217478e+02
1.970971073730545413e+02
1.967013064505998159e+02
1.962867857930730224e+02
1.960434673050270931e+02
1.964586607984910529e+02
1.968515623773874950e+02
1.967129361715438449e+02
1.961433126494630983e+02
1.963415269078459460e+02
1.969747410962364427e+02
1.972835597219565216e+02
1.975880064048483860e+02
1.986898612893585039e+02
1.977487219954026330e+02
1.973246220897263470e+02
1.973265111397357146e+02
1.973482424049626047e+02
1.969566567411347080e+02
1.964047015876512319e+02
1.967308856449222674e+02
1.974473899757426807e+02
1.973112645268835763e+02
1.968417328406321474e+02
1.966010218154463303e+02
1.971151188348962080e+02
1.977545348433704646e+02
1.975770884859559828e+02
1.968991679439456846e+02
1.967112339032146338e+02
1.969780224959155532e+02
1.970646971240498431e+02
1.966275385483264131e+02
1.960178568631443738e+02
1.956773935419085433e+02
1.956751126391309299e+02
1.964666740112371883e+02
1.965596276905177433e+02
1.960898713223811569e+02
1.961973353443941619e+02
1.961342701381708764e+02
1.968982177906885624e+02
1.971725854838456371e+02
1.970823087914330927e+02
1.966027603986543966e+02
1.966290471063676932e+02
1.976772625398529044e+02
1.973683700275206263e+02
1.969996066832384258e+02
1.961885843679237951e+02
1.963381534166653637e+02
1.963644572227834146e+02
1.967838642919854806e+02
1.963366448514525189e+02
1.959444697100381063e+02
1.961006634385612131e+02
1.969660630639127135e+02
1.967807362597752956e+02
1.969047574261305726e+02
1.961342417911378675e+02
1.964167735276639917e+02
1.971033557465794956e+02
1.971816954897837491e+02
1.964112250828607671e+02
1.962468248186741846e+02
1.959000626762770025e+02
1.966050790031981421e+02
1.967605256100831355e+02
1.964110625128294316e+02
1.959416201161025981e+02
1.965217260918288389e+02
1.969612876612353034e+02
1.972317280989649078e+02
1.967717609496261844e+02
1.968773083091189164e+02
1.968182019381254406e+02
1.975743406985031925e+02
1.977751716066175334e+02
1.972519858781994628e+02
1.965033763044812929e+02
1.964631111391128968e+02
1.970004103341066752e+02
1.969459826147317472e+02
1.968408307234823553e+02
1.960489036922445791e+02
1.964261959177239873e+02
1.970372648278689951e+02
1.972699018710756320e+02
1.970567909412061454e+02
1.968712946541677411e+02
1.968293409851139018e+02
1.975529239120143927e+02
1.975920864552408887e+02
1.975956044649051080e+02
1.968416779859115024e+02
1.969230123535001553e+02
1.969327955713720826e+02
1.970616535210382665e+02
1.968969321851453174e+02
1.961410304803246163e+02
1.965307317227122610e+02
1.972840560942484558e+02
1.975159272888074611e+02
1.973309950390242307e+02
1.970647763035124171e+02
1.970534131205673987e+02
1.976535670813639172e+02
1.979900267843075596e+02
1.976940183080808140e+02
1.974369365094429440e+02
1.975630109100162315e+02
1.978355401578789099e+02
1.980389569139390460e+02
1.975061142803113796e+02
1.971041762348953910e+02
1.967223589161225448e+02
1.973265710750880260e+02
1.977106749550345342e+02
1.973168344826502789e+02
1.970629085353368168e+02
1.968980463884202550e+02
1.975485944787596111e+02
1.982760583366180640e+02
1.981992579142653881e+02
1.976113382694220491e+02
1.976101230540202209e+02
1.982562729377667949e+02
1.987426675702510579e+02
1.981578906004401119e+02
1.971703817175727522e+02
1.966602328670782072e+02
1.974587135788895012e+02
1.977570802005012638e+02
1.975645178959888426e+02
1.969829850512639666e+02
1.970883346487766232e+02
1.974172809044912071e+02
1.979694995278564704e+02
1.980271046518927847e+02
1.977867373585503117e+02
1.971771980375360158e+02
1.978432845201432713e+02
1.981654236230301365e+02
1.984047131470338172e+02
1.975498330799492237e+02
1.972220977387846688e+02
1.975998395772388108e+02
1.977552920454187984e+02
1.974008562807084104e+02
1.967625281598058962e+02
1.966168544985204392e+02
1.969857151866801246e+02
1.973592797435736088e+02
1.978348246100245262e+02
1.971156789268169973e+02
1.970188530409402858e+02
1.973561842353978761e+02
1.980270419949998484e+02
1.978198349705304508e+02
1.974831426993767991e+02
1.973421849853261278e+02
1.975374808448790702e+02
1.978022117304097094e+02
1.975065218422425914e+02
1.968494051939036069e+02
1.963160541160572734e+02
1.969468417071171871e+02
1.971413971213505079e+02
1.972338877666961139e+02
1.963434144511652164e+02
1.967191955835962176e+02
1.966407070517629734e+02
1.976673389956036146e+02
1.975474267070320593e+02
1.972075406488099816e+02
1.970067401960784252e+02
1.974971069261286232e+02
1.982083471087391331e+02
1.979037469326118526e+02
1.972541660079051269e+02
1.962900816070307428e+02
1.967457262946582830e+02
1.972636590769810994e+02
1.968965951287053997e+02
1.965252495088408864e+02
1.960285534985880247e+02
1.962894099636011447e+02
1.967898691682615322e+02
1.971229811338420461e+02
1.969330950994128386e+02
1.963345033071259422e+02
1.966881008197108258e+02
1.972156308851224082e+02
1.973472758069069641e+02
1.968036785848231034e+02
1.958981580955049822e+02
1.962808052976814679e+02
1.963954579346340381e+02
1.962475878249250627e+02
1.956544274092615581e+02
1.955968825879219821e+02
1.956889677941817638e+02
1.963320816967792553e+02
1.966487360559947319e+02
1.964389907753989633e+02
1.962650536112945474e+02
1.965038110591144402e+02
1.969876027236440166e+02
1.973711094377509880e+02
1.968695311520621658e+02
1.961877283942905592e+02
1.962616969411024854e+02
1.963945017289668442e+02
1.971936908517350275e+02
1.960595239967910004e+02
1.958945922909366288e+02
1.958140993398302498e+02
1.963311083123425647e+02
1.963953502984605848e+02
1.961965707094541358e+02
1.958776360036455912e+02
1.958744697171302960e+02
1.963289560284576964e+02
1.964413063491815876e+02
1.962548111360488861e+02
1.947378478254003369e+02
1.944236583042235509e+02
1.958330894981235417e+02
1.970591093117408832e+02
1.966735888238625591e+02
1.949519192749932586e+02
1.945869979361803530e+02
1.950673585868248097e+02
1.957239944521498103e+02
1.956008939974457519e+02
1.952283054416490984e+02
1.955376538277129725e+02
1.958933167289331720e+02
1.959182395963080126e+02
1.959919487269422689e+02
1.958211984536082468e+02
1.962465374401704707e+02
1.967640942219670421e+02
1.967325407673479560e+02
1.960568624025159181e+02
1.954440159954298792e+02
1.954030182960518971e+02
1.960027089967207132e+02
1.958231819043406858e+02
1.951256296436216928e+02
1.949267765812128914e+02
1.951287367253130469e+02
1.959623063383073713e+02
1.962497145575642321e+02
1.959439111463704819e+02
1.958067020189113236e+02
1.954953325831656059e+02
1.963899642031234976e+02
1.968630628636478548e+02
1.962962425672336622e+02
1.955029413163778145e+02
1.953504533156120715e+02
1.956977828347476986e+02
1.956763643218448578e+02
1.955653037420005660e+02
1.951903302743599227e+02
1.954799993648071279e+02
1.957498937024613497e+02
1.963585643493817372e+02
1.960702346411000292e+02
1.956619513045131384e+02
1.955917087807959547e+02
1.963443624734825619e+02
1.967502293070184010e+02
1.961691798397060040e+02
1.955915112149233721e+02
1.955324669187145616e+02
1.959874559928954341e+02
1.961422547714159066e+02
1.955838047978760414e+02
1.950798804467515879e+02
1.951359266357286231e+02
1.955767375662212544e+02
1.958110694243016496e+02
1.958092932744790744e+02
1.954907198474495544e+02
1.955644090937956605e+02
1.961120478694011524e+02
1.965596619576185731e+02
1.960529427446798536e+02
1.957566683602184696e+02
1.950578970578970370e+02
1.957683334654092846e+02
1.960349059737137623e+02
1.954914891932546936e+02
1.951553334712519359e+02
1.950842335350207293e+02
1.954291291480385269e+02
1.960518765190492729e+02
1.958200555335184561e+02
1.953338705345151709e+02
1.958338058058692184e+02
1.963252288735168349e+02
1.969790643126565044e+02
1.965232503227025234e+02
1.958312772762363920e+02
1.955305460670266200e+02
1.962422181157804175e+02
1.962792183988651971e+02
1.957119357851906898e+02
1.947621506730693568e+02
1.951232065226045904e+02
1.953728576425323240e+02
1.958639201792154267e+02
1.957439672348904196e+02
1.952059140295859834e+02
1.954326624771298953e+02
1.960816378352642460e+02
1.967130723840122073e+02
1.962436090942310898e+02
1.959042723034676783e+02
1.955896513470681555e+02
1.957780503632421301e+02
1.961596301020408362e+02
1.956625811791672049e+02
1.950160762464279287e+02
1.948298438019275522e+02
1.956291063396958236e+02
1.963041709379805297e+02
1.956872822715342295e+02
1.952980728119210312e+02
1.955040914445824285e+02
1.961412256535110146e+02
1.971156032240454579e+02
1.964494238971290372e+02
1.958744721872560035e+02
1.957930661921255933e+02
1.957659827676488646e+02
1.960434349345945009e+02
1.960081359062539832e+02
1.951391300207893380e+02
1.952276931447225365e+02
1.959541427910168920e+02
1.963240587636733778e+02
1.960795757237419252e+02
1.959434040915795379e+02
1.956728807094498279e+02
1.962932717489643437e+02
1.967819312165105714e+02
1.963755113735852547e+02
1.960453879008095726e+02
1.961423015364916580e+02
1.961237960068890516e+02
1.967072506924099002e+02
1.957678981623277252e+02
1.950707120297183508e+02
1.951233561283534925e+02
1.962768548500633585e+02
1.975990802302989380e+02
1.966742489045615798e+02
1.955328992982159662e+02
1.954082061815336431e+02
1.951122556703669488e+02
1.962690635105213630e+02
1.965769919713399361e+02
1.963781306875835355e+02
1.957150664294757689e+02
1.961831359575522242e+02
1.965248019207683114e+02
1.961865067945643659e+02
1.957072285127323141e+02
1.953868388781831982e+02
1.960408072461465281e+02
1.964677103094262520e+02
1.959294481461408282e+02
1.957348551360842919e+02
1.954740397265988463e+02
1.960393337604099884e+02
1.967514991069150199e+02
1.964792146697388660e+02
1.961429914584395817e+02
1.961203910793022089e+02
1.962104289291924033e+02
1.965255926509687754e+02
1.961932920602502008e+02
1.956372041125368639e+02
1.953462359085408764e+02
1.959618331600416070e+02
1.963464046021093168e+02
1.961494829756385059e+02
1.956741097116552339e+02
1.957086655694220383e+02
1.962505633240111820e+02
1.965435847676009189e+02
1.964883983344458329e+02
1.958733694529623790e+02
1.958527938159087398e+02
1.960329658073356427e+02
1.964835538872630138e+02
1.960882760819319515e+02
1.953176510002871566e+02
1.950482595062632072e+02
1.955016136247444081e+02
1.957636279838530413e+02
1.956418320368312607e+02
1.950556676143131654e+02
1.950449516453251704e+02
1.956404199059486757e+02
1.960686395787737695e+02
1.957970579834332909e+02
1.952443917101724367e+02
1.954309326284613348e+02
1.952757032276447262e+02
1.956706819660683436e+02
1.951094687708379354e+02
1.945876070079229692e+02
1.940220703900850197e+02
1.945708026416052689e+02
1.952130631203868631e+02
1.946788430093187685e+02
1.944410062015258234e+02
1.940338118325569781e+02
1.947977764756188321e+02
1.953391127945861001e+02
1.953257758456558975e+02
1.948493702610957996e+02
1.947730437823916532e+02
1.951077145397954382e+02
1.952530983856616444e+02
1.947068030447193223e+02
1.941516555237185742e+02
1.938729709983799978e+02
1.940663202451274572e+02
1.946923626661584592e+02
1.945143875207854762e+02
1.940418417975539853e+02
1.939298084823968225e+02
1.948321951529396756e+02
1.951325616427495504e+02
1.948397397523551433e+02
1.946994687177860897e+02
1.947112204693260651e+02
1.952467236376391213e+02
1.954056282972096881e+02
1.948409000556571584e+02
1.941504922867153766e+02
1.940414351082189057e+02
1.943132783694396721e+02
1.949167237779513187e+02
1.943834707837872600e+02
1.938913433025166171e+02
1.938854898980302721e+02
1.943197413670147569e+02
1.948745261621913301e+02
1.947023000853053532e+02
1.943961351119034759e+02
1.945784911973233591e+02
1.950497767750750597e+02
1.957716600740078832e+02
1.955438738953904760e+02
1.944952264846978096e+02
1.943537297985829184e+02
1.945839263823215504e+02
1.948830849714647968e+02
1.946616945583331812e+02
1.943338327409508679e+02
1.937174033455189885e+02
1.949010322765926730e+02
1.951156363174280273e+02
1.950459377975245729e+02
1.946100770523511869e+02
1.946017026932936744e+02
1.953709036821367988e+02
1.958412650650111573e+02
1.955034716717922549e+02
1.950932824548850988e+02
1.947095386276315310e+02
1.950892245208782754e+02
1.953729554449937211e+02
1.949243237236474329e+02
1.944753718798566524e+02
1.942847033379450750e+02
1.950883680279675900e+02
1.956308335194105155e+02
1.954504832453741869e+02
1.949664554247867727e+02
1.948756998345845375e+02
1.956310469083835812e+02
1.960513261101299918e+02
1.958553731509641409e+02
1.957420481117268309e+02
1.954784272901985958e+02
1.956109262296387215e+02
1.960037751411712179e+02
1.956761005790434069e+02
1.949132082683059082e+02
1.949333429380972973e+02
1.954990506884502963e+02
1.961370992220074356e+02
1.957823492063492097e+02
1.951483477296140734e+02
1.954922704236126378e+02
1.956947834334492313e+02
1.966811925513168262e+02
1.964702491543995109e+02
1.957997297082438877e+02
1.957159395893217209e+02
1.964531350070449491e+02
1.968617028081622209e+02
1.965710592665879517e+02
1.958586585948701497e+02
1.958207455377793167e+02
1.957776149361200453e+02
1.966044040210627202e+02
1.962770988225533415e+02
1.957755862860056197e+02
1.959121937968393183e+02
1.963992953143184934e+02
1.970214051715912262e+02
1.967814198071866940e+02
1.963067109930488243e+02
1.962762521219043776e+02
1.969163740367045534e+02
1.977238366055881329e+02
1.969140687068992861e+02
1.962128183536962922e+02
1.959325630185320506e+02
1.964198179271708398e+02
1.964469366464340112e+02
1.964692830332113545e+02
1.958104323500290604e+02
1.960972496173449429e+02
1.965362073600809651e+02
1.970208623969562325e+02
1.970664032749428998e+02
1.968019819248454212e+02
1.966870909321979752e+02
1.972611862147753357e+02
1.977134906500445197e+02
1.971597620935765178e+02
1.964585842302403762e+02
1.963900410318394449e+02
1.966607270475010694e+02
1.968232960293373992e+02
1.968438444138629109e+02
1.960809826827492373e+02
1.958954827700620740e+02
1.964885414028867956e+02
1.968404436860068358e+02
1.967995973558644778e+02
1.963034160899104563e+02
1.961611130412810837e+02
1.968911587301587076e+02
1.972609620574694418e+02
1.970444444444444230e+02
1.961461598992760571e+02
1.959672980898787387e+02
1.960587276209773222e+02
1.964733056620512457e+02
1.958206819293456817e+02
1.955667781352520649e+02
1.952576519249124942e+02
1.956635707571967941e+02
1.961606450686701635e+02
1.960160670014620905e+02
1.953322014534606694e+02
1.952916309217424384e+02
1.959473860376155585e+02
1.963040741861984486e+02
1.962223899091313228e+02
1.957818880996647408e+02
1.950553817963542258e+02
1.958866211702280964e+02
1.953723286194432092e+02
1.952948469131671345e+02
1.957232578047203901e+02
1.961911966497371225e+02
1.961807479102507727e+02
1.967917025334616312e+02
1.957612282685280718e+02
1.950658834294677888e+02
1.948871183455114533e+02
1.953076154765608408e+02
1.957472731114976341e+02
1.956895256755653634e+02
1.952734572298128626e+02
1.951399149571539908e+02
1.948661445125670184e+02
1.950215476590098831e+02
1.944192628695209066e+02
1.940303389504709344e+02
1.936667412712623388e+02
1.938399066361848782e+02
1.944871651160183887e+02
1.942299030992232076e+02
1.937275457231850453e+02
1.938492048192771335e+02
1.941435517666064356e+02
1.945878331865844757e+02
1.945603975901689182e+02
1.943294163160694552e+02
1.942210853807171702e+02
1.945741734048515070e+02
1.948962936793422500e+02
1.942476152432691379e+02
1.935803492537793034e+02
1.933455980239626513e+02
1.938072296854783474e+02
1.941305731465489544e+02
1.940926808142052948e+02
1.933524655397446850e+02
1.936884003756705397e+02
1.940429484840311716e+02
1.947228487120185036e+02
1.944256612952265186e+02
1.941788081590828767e+02
1.939102110703941548e+02
1.942886876669813034e+02
1.943367671250379374e+02
1.941945635934262100e+02
1.928616150495428485e+02
1.928487105558225210e+02
1.934700879388921066e+02
1.934398498632228325e+02
1.937370297793054874e+02
1.931203469171823599e+02
1.927866968095268589e+02
1.935214696413985109e+02
1.940662164546606334e+02
1.936900881901840705e+02
1.936464566929134037e+02
1.933102510359834412e+02
1.937712679675580318e+02
1.941552680818117267e+02
1.936141481683892493e+02
1.924367361896719331e+02
1.926160768614891765e+02
1.929069423223834860e+02
1.935509127142287866e+02
1.932618410725441151e+02
1.928106440786319524e+02
1.927616455027302322e+02
1.933759848824547021e+02
1.939644930449465221e+02
1.935033910835395830e+02
1.933044192724952097e+02
1.929675061316747247e+02
1.929791965566714396e+02
1.935635326356949406e+02
1.932228254758653918e+02
1.924090208420308841e+02
1.920993264381025085e+02
1.925995965869979329e+02
1.931588022798426607e+02
1.929237146529562779e+02
1.926430408870851920e+02
1.928156607374853593e+02
1.933371809670385915e+02
1.939130003202049295e+02
1.934633478949642438e+02
1.930662285622696004e+02
1.925062269078863437e+02
1.929013854669951797e+02
1.930957563781811075e+02
1.926087657929624299e+02
1.915797691893091326e+02
1.920695980707395449e+02
1.925169953232727380e+02
1.925172694091582741e+02
1.925513012455006105e+02
1.922829879610044657e+02
1.922567282153028998e+02
1.927797466337343906e+02
1.935343281680495693e+02
1.931927564685788923e+02
1.926018332536266655e+02
1.924390739496336096e+02
1.926353607918263151e+02
1.931028246585931640e+02
1.921030081313801077e+02
1.916128996306203192e+02
1.915067175743246537e+02
1.923280334996550778e+02
1.925963597944580670e+02
1.921196150904919762e+02
1.915989668037884144e+02
1.917770911181374061e+02
1.921644278725879076e+02
1.925416416448054520e+02
1.921687798400101315e+02
1.917146610947541774e+02
1.913631072272532663e+02
1.919491818354791519e+02
1.921425825310583662e+02
1.915187924861599527e+02
1.909253056040641354e+02
1.909945563332222207e+02
1.917109794453092775e+02
1.919636760242792093e+02
1.923811337055821582e+02
1.918869035339670290e+02
1.916650055546738542e+02
1.922147580925861234e+02
1.924722578195452911e+02
1.927184134531008226e+02
1.917892388076293742e+02
1.917722047068564848e+02
1.918986492913535358e+02
1.922647232178414924e+02
1.917802747164989796e+02
1.915388644893396020e+02
1.918839629730291279e+02
1.928589219661115806e+02
1.928361783439490296e+02
1.921485019263221830e+02
1.918439763001975109e+02
1.924233939784253948e+02
1.934164502164502153e+02
1.934427922346137905e+02
1.928953166730255759e+02
1.918310547184773895e+02
1.918384010987255976e+02
1.927856867221918264e+02
1.938495672040415627e+02
1.924340401036170078e+02
1.912807461777620972e+02
1.907616612701567647e+02
1.920776984662872451e+02
1.933216959225760263e+02
1.927633824169797947e+02
1.914105756765840454e+02
1.911543717373605205e+02
1.922068069128195305e+02
1.929094335990760385e+02
1.930506806416565553e+02
1.924523881959233336e+02
1.921440625249222478e+02
1.918159989809566355e+02
1.923870294231016373e+02
1.922564763915979995e+02
1.926317502779881465e+02
1.918502059052676714e+02
1.922899058217809056e+02
1.921068461575400761e+02
1.917522154981078586e+02
1.917077866812262243e+02
1.926197583625204857e+02
1.931391792241103076e+02
1.931964499497182715e+02
1.923483776141102339e+02
1.922011121556380715e+02
1.919344019138756039e+02
1.924934200019165189e+02
1.924522848504993817e+02
1.921048464985195778e+02
1.915962872589828123e+02
1.916755546347060886e+02
1.920196930577160401e+02
1.926261315006601933e+02
1.920068932731162192e+02
1.918360294117646845e+02
1.923971050269299781e+02
1.926564193563857827e+02
1.930411810659566640e+02
1.929849303429148506e+02
1.929613266764058892e+02
1.920192234668691640e+02
1.927127564389339796e+02
1.930390440283724445e+02
1.924621515209246354e+02
1.917642107947843044e+02
1.916489265195040730e+02
1.923509716806238998e+02
1.926385206639189107e+02
1.924747361867207189e+02
1.918558742082312278e+02
1.921003678988357706e+02
1.925000717257208578e+02
1.933162105195924880e+02
1.926672853607462343e+02
1.925556580663633497e+02
1.924884101228844315e+02
1.929427217504690759e+02
1.928231886358225324e+02
1.924321481505091924e+02
1.921010102619669624e+02
1.921040481873668284e+02
1.922775638169202352e+02
1.923454533846227434e+02
1.919661857313670907e+02
1.915278761558308247e+02
1.925204952826410931e+02
1.929014871966901410e+02
1.932387626485351007e+02
1.927598257471411500e+02
1.921692806490768533e+02
1.923532206632653185e+02
1.929289186682444779e+02
1.938753183532673745e+02
1.925901929234837837e+02
1.922265445488872615e+02
1.918817082146628650e+02
1.920116617609418768e+02
1.924053126588713667e+02
1.921229317435521295e+02
1.913805276083339777e+02
1.916267700982812983e+02
1.926268524911289148e+02
1.926979885011705846e+02
1.926082715381432706e+02
1.925598240516286239e+02
1.920617750802377088e+02
1.926255287345354930e+02
1.931053871250099405e+02
1.926742282842785414e+02
1.918765707369124982e+02
1.918057161974860207e+02
1.920966172788312747e+02
1.922315234026272321e+02
1.915410721662588855e+02
1.914953592025177045e+02
1.911813751774168111e+02
1.921887968794960955e+02
1.924672085513862498e+02
1.923368799974515184e+02
1.922691164722799044e+02
1.921997670448199074e+02
1.929317711483969617e+02
1.933018639091025079e+02
1.926806099385604512e+02
1.920850066934404197e+02
1.917542328420851732e+02
1.920843415746098799e+02
1.924331737117584566e+02
1.921962597419189933e+02
1.916793664999281077e+02
1.918731421058538729e+02
1.927039199870946788e+02
1.929226606033433598e+02
1.925404784322486762e+02
1.918754419493550074e+02
1.920391152651963864e+02
1.931742854855496034e+02
1.929929421863326411e+02
1.925849860157640308e+02
1.919742249143221500e+02
1.921491938063855969e+02
1.921734509308021188e+02
1.923622915803232445e+02
1.920187313682666570e+02
1.918490931502024921e+02
1.918148077290989022e+02
1.922757176080792476e+02
1.931655832662912360e+02
1.927348930994751015e+02
1.922551892747000011e+02
1.926857197937250135e+02
1.933847274940341663e+02
1.935407834762375217e+02
1.933132893134175276e+02
1.926041332906119976e+02
1.927222034796857884e+02
1.930219245410302165e+02
1.931918221338167427e+02
1.929339936659772548e+02
1.923516768784263036e+02
1.924583990726728189e+02
1.930516620520781714e+02
1.938142714022557698e+02
1.933207471733115881e+02
1.931481659999035969e+02
1.929624645097127029e+02
1.939225608679602431e+02
1.940500629572368894e+02
1.938434415345481341e+02
1.935630042752900977e+02
1.933294459238345837e+02
1.937246806385618072e+02
1.936247772686776045e+02
1.935111082573520207e+02
1.928243842127235723e+02
1.926143266020035014e+02
1.936897311378401128e+02
1.937147967945048777e+02
1.934213711598945338e+02
1.929602107616158264e+02
1.935767084629445662e+02
1.942296163453532358e+02
1.943031877477938565e+02
1.939150958415589514e+02
1.935245966843796737e+02
1.931813570372254958e+02
1.935046833007331202e+02
1.937874190357678401e+02
1.939921510836310006e+02
1.930240037026988205e+02
1.936213570238037676e+02
1.940715297906602075e+02
1.948319440622825027e+02
1.946143952630557408e+02
1.938174352899745543e+02
1.944440299110098920e+02
1.950709728481206753e+02
1.954185930777627789e+02
1.949829191797346084e+02
1.944375870961541750e+02
1.946707401727338720e+02
1.948660906433687785e+02
1.945727176898996902e+02
1.941943124169827399e+02
1.940343764055773192e+02
1.938148598100962090e+02
1.948239770880597064e+02
1.949657789186587422e+02
1.943389337847765717e+02
1.940448272001791281e+02
1.942410498905698262e+02
1.951459877434465966e+02
1.953809508471300660e+02
1.949370673076923026e+02
1.948529274080291884e+02
1.945762100926879441e+02
1.948052640881847140e+02
1.957257029612904375e+02
1.940755490108201400e+02
1.935830724525999642e+02
1.941311464147702850e+02
1.954087098029504546e+02
1.962614022551804567e+02
1.944925919181551990e+02
1.941709166315653192e+02
1.944283184115171537e+02
1.943849621639027703e+02
1.954439002384481512e+02
1.955643140055840377e+02
1.956592731421121130e+02
1.952425284954101699e+02
1.949070071410354501e+02
1.949951101420463431e+02
1.938385015408320555e+02
1.941890177805821054e+02
1.944061998330443544e+02
1.958600593549228677e+02
1.950901245183274568e+02
1.948524952015355041e+02
1.939070695462018250e+02
1.944235907671506425e+02
1.952987814680255951e+02
1.965447509169938769e+02
1.959722783065730880e+02
1.948444250733021477e+02
1.945245735784631336e+02
1.953429684494036280e+02
1.954061869212777651e+02
1.945280258134594362e+02
1.942053325210030152e+02
1.942262226414490840e+02
1.944774280933790180e+02
1.949307683668394020e+02
1.946969901059957238e+02
1.942270353989365788e+02
1.940003016734939933e+02
1.954651883412414008e+02
1.952615325658262577e+02
1.949538889772546213e+02
1.945332033746644811e+02
1.947906305329143493e+02
1.949728178557194269e+02
1.953006719550540424e+02
1.944762011351826629e+02
1.941745507060333864e+02
1.943038503392651251e+02
1.947758424353237672e+02
1.948837765448632240e+02
1.949719999355950222e+02
1.944888162976313026e+02
1.943571713688109526e+02
1.949951893878855742e+02
1.952331641771990292e+02
1.950872222667842948e+02
1.945212852559498060e+02
1.948065555377464477e+02
1.947164098146198228e+02
1.946970004117702899e+02
1.945847458983593583e+02
1.940517567480925720e+02
1.937807639706116163e+02
1.944684827774301539e+02
1.952033490116213557e+02
1.943200345119593635e+02
1.940786047182049572e+02
1.946182769803808128e+02
1.952431360585723041e+02
1.953423325443029910e+02
1.948346942362697973e+02
1.946073954107403381e+02
1.945402034006038718e+02
1.948874230713608426e+02
1.958028274293142488e+02
1.944429887082565926e+02
1.939785236192035427e+02
1.938213404671130888e+02
1.945586428170369686e+02
1.948116621551946537e+02
1.941664774271960994e+02
1.941757879956747104e+02
1.944629492344883204e+02
1.949339860769465815e+02
1.953791989975420620e+02
1.949180840821566107e+02
1.948438866213883500e+02
1.948548999420886503e+02
1.953104719882767881e+02
1.948932637042461806e+02
1.944796890309523576e+02
1.940294951969570150e+02
1.939751091282577988e+02
1.945914505620848445e+02
1.947312942527269115e+02
1.942876960289618182e+02
1.935427096320450175e+02
1.942587065473235839e+02
1.948579875037951865e+02
1.952335432995143378e+02
1.947680722891566347e+02
1.945111342185250294e+02
1.948383470652104279e+02
1.951419051414906392e+02
1.948062617030054753e+02
1.942614659168750961e+02
1.938759302436999121e+02
1.938731992605813446e+02
1.942275413805738538e+02
1.950204160246533149e+02
1.945075899355375384e+02
1.941566905921558543e+02
1.944583691670648307e+02
1.946710766350988990e+02
1.952053922426827341e+02
1.946167010210440651e+02
1.945313109181421112e+02
1.940731528194648661e+02
1.942726646039405694e+02
1.947107594629176504e+02
1.935697006641213989e+02
1.933238328687237413e+02
1.937140820706666204e+02
1.946903358442684748e+02
1.948879721892922419e+02
1.942058663682864221e+02
1.940846684861133440e+02
1.940782161887845803e+02
1.947202220485252440e+02
1.949635822042855864e+02
1.938364792941966073e+02
1.932672245511856488e+02
1.934961511208451554e+02
1.937082004188818871e+02
1.937669070512820610e+02
1.933394517512164725e+02
1.932989800529339846e+02
1.934756869342305379e+02
1.943807814928146627e+02
1.941782834560346771e+02
1.938843871463075459e+02
1.935137259914991432e+02
1.941035559326918758e+02
1.945534352975020340e+02
1.943843247293656304e+02
1.940753156777293782e+02
1.939294918822366185e+02
1.937548784172776095e+02
1.942237693165524774e+02
1.941710499166732689e+02
1.943988229603353659e+02
1.936265519164873865e+02
1.936975772499801280e+02
1.947049745184140477e+02
1.945434744562709852e+02
1.940449559832529474e+02
1.935667085567026788e+02
1.940319955495509703e+02
1.946976747884725398e+02
1.950680997311015403e+02
1.943581376840429868e+02
1.936947251526929676e+02
1.938994597359419458e+02
1.946505178643115528e+02
1.946041115864699123e+02
1.938470378505714109e+02
1.936785827621223746e+02
1.939255086919804114e+02
1.946470738441405217e+02
1.950000640964009904e+02
1.940758273450072693e+02
1.941138965968168861e+02
1.941863614687648862e+02
1.948264192313192211e+02
1.950609320140440559e+02
1.942241058507339346e+02
1.941759284402204173e+02
1.940000633693482257e+02
1.947943966960598061e+02
1.947855864493448621e+02
1.948228615787686238e+02
1.939942597464721246e+02
1.947007242090454326e+02
1.955019427140196626e+02
1.952290162706570413e+02
1.948045907291533467e+02
1.947919024327866850e+02
1.951411926634870895e+02
1.959601163206290266e+02
1.956571364094018008e+02
1.958594986692643829e+02
1.942605568445475512e+02
1.946079298017549490e+02
1.951894769200899589e+02
1.947990485221556014e+02
1.940866194701604854e+02
1.936799584631360176e+02
1.947355518330004713e+02
1.951233373253493255e+02
1.959495140913508067e+02
1.953251566436276789e+02
1.939268809384535075e+02
1.945967951494153283e+02
1.950634252169474223e+02
1.951172247651168448e+02
1.953381579160393073e+02
1.949368525864422566e+02
1.947915548741535758e+02
1.949062072693738514e+02
1.946242776406909059e+02
1.944541930710586257e+02
1.947644455970306296e+02
1.951397955076080564e+02
1.961141252006420359e+02
1.961548921312682978e+02
1.948571565479898311e+02
1.943926533466851083e+02
1.950738655556806407e+02
1.954175488045097211e+02
1.955509137544084695e+02
1.955030141302426046e+02
1.945286408387674442e+02
1.946431874549963936e+02
1.949961677222801200e+02
1.945580469873741549e+02
1.944138080764220433e+02
1.944746032511697535e+02
1.956467684962660769e+02
1.950314491394790650e+02
1.950290566645202830e+02
1.940907742174775592e+02
1.940941942362367456e+02
1.948105816544052686e+02
1.958800214421468127e+02
1.964832894437400341e+02
1.946026576049497407e+02
1.942303912152644330e+02
1.945594398841139707e+02
1.957766740130939240e+02
1.957531891025641073e+02
1.963219066380326581e+02
1.954209476070368225e+02
1.961080692333509035e+02
1.962232284283451520e+02
1.961870144816342361e+02
1.963185623719572277e+02
1.963358513247883934e+02
1.965556199118318830e+02
1.965250271687016266e+02
1.965757487969355850e+02
1.948575140684531846e+02
1.946278676224077628e+02
1.950484018118667393e+02
1.961029197552843470e+02
1.959784548246323084e+02
1.959423647476532437e+02
1.953578734079506205e+02
1.960609962998271385e+02
1.965512225765922381e+02
1.958849264176021165e+02
1.957523661080134332e+02
1.953430173374913466e+02
1.958187326841755578e+02
1.966441043433148081e+02
1.957963167587477074e+02
1.954029566508505127e+02
1.944154473227506799e+02
1.952956051734122411e+02
1.959495833534806479e+02
1.960236538461538487e+02
1.956849735109969401e+02
1.955821668510590428e+02
1.958356977044106486e+02
1.956681320081549700e+02
1.957920046071891420e+02
1.956344679891794271e+02
1.952001992031872533e+02
1.959108874155091939e+02
1.953633701860770202e+02
1.950677061699204273e+02
1.947031269962948841e+02
1.943700269266924749e+02
1.949204538201314847e+02
1.956221441970083106e+02
1.953416267335216219e+02
1.948708721152620171e+02
1.948500677452777552e+02
1.955396364795918487e+02
1.955115918160511796e+02
1.954290790878523865e+02
1.944375069366269599e+02
1.945835360389194761e+02
1.946037187774319932e+02
1.949516882126862072e+02
1.949358990676806513e+02
1.943944067742654056e+02
1.942819726097447983e+02
1.948371911241565329e+02
1.951022160399079155e+02
1.948601102094615101e+02
1.943845994618091595e+02
1.943561724467069496e+02
1.947325209685076572e+02
1.951547499641782508e+02
1.950999215108363103e+02
1.943156623808609993e+02
1.939961860196788450e+02
1.941368402544675860e+02
1.947762926204578093e+02
1.944596580134181067e+02
1.938235604353454562e+02
1.941426183127572074e+02
1.945865609482620471e+02
1.951181882067335209e+02
1.950012190427306393e+02
1.945909862040267626e+02
1.943008713971081249e+02
1.944565982451391051e+02
1.949490121812258394e+02
1.944626446805137334e+02
1.938139862152783337e+02
1.936993496271089441e+02
1.941755502856869953e+02
1.947867116109655683e+02
1.947629341288706541e+02
1.940162501597852724e+02
1.939173169411090214e+02
1.945670379044978517e+02
1.952934739196421106e+02
1.946819211455907634e+02
1.945819380292532799e+02
1.943401499116762636e+02
1.944509064771184228e+02
1.947200951625693790e+02
1.942613692437483053e+02
1.934100404419959887e+02
1.932789378048391882e+02
1.939528738937346191e+02
1.943978274433263493e+02
1.941628530166880751e+02
1.936513001040082997e+02
1.935439032206377306e+02
1.938652687896456825e+02
1.944862832071741821e+02
1.943451818401741775e+02
1.934779913704276169e+02
1.933896191983463098e+02
1.936562130847775904e+02
1.936604044842179917e+02
1.931956738983269588e+02
1.927800408642630714e+02
1.924576410355487042e+02
1.933049628231802615e+02
1.935949955748652087e+02
1.933109277423704668e+02
1.927935557228192351e+02
1.929894989979959803e+02
1.938065978585897540e+02
1.939842336934773925e+02
1.936888025660450126e+02
1.929173332473229152e+02
1.926830069040989883e+02
1.929919628361543857e+02
1.933678120279001007e+02
1.929287989627187017e+02
1.926809825800754652e+02
1.928342471665840492e+02
1.932773292323465171e+02
1.939318472969510765e+02
1.935590630228667237e+02
1.931387623508276477e+02
1.930579859213783038e+02
1.935661455680081531e+02
1.941016362441705496e+02
1.933464114066004527e+02
1.925564120979969971e+02
1.926806209523197424e+02
1.930577960441818561e+02
1.931346619422487834e+02
1.930850141072148176e+02
1.923487736667845240e+02
1.926593247121803358e+02
1.932189521552552378e+02
1.936612035106434746e+02
1.934078127522195416e+02
1.928964233092080462e+02
1.927943463809739058e+02
1.931656549261483349e+02
1.930009150746508055e+02
1.927774445304437450e+02
1.918781748926168973e+02
1.920736947856239851e+02
1.925518313416885121e+02
1.925449950094980522e+02
1.923759907023292612e+02
1.920662798048400930e+02
1.918969035777314218e+02
1.930814041288456906e+02
1.930956545460380482e+02
1.929720934708344657e+02
1.926624073477279921e+02
1.925174045556624947e+02
1.929717267399855700e+02
1.928584383275820642e+02
1.921438735937950639e+02
1.916483525310456741e+02
1.915131256449948296e+02
1.919327832659178341e+02
1.922105722458346122e+02
1.920312126014813998e+02
1.913560380486391921e+02
1.915789880511449610e+02
1.919657456442091075e+02
1.926044529651528023e+02
1.922995786019879461e+02
1.918366287970349049e+02
1.918086343014902013e+02
1.920101853047520706e+02
1.918440542364168095e+02
1.918889823517041577e+02
1.905450982901198245e+02
1.906506276485168314e+02
1.914752944556162220e+02
1.920016170866822449e+02
1.917707859733978069e+02
1.912400762502803389e+02
1.913949290450715921e+02
1.922539593485508931e+02
1.921850110708211616e+02
1.919916389838396356e+02
1.911167695058884135e+02
1.910814137563402539e+02
1.911919967987194866e+02
1.912066134293105506e+02
1.906988238318657807e+02
1.900962617726744952e+02
1.900640608384622681e+02
1.908897634000996106e+02
1.911032267390501147e+02
1.907212841091492805e+02
1.908759430824395906e+02
1.908237857730860298e+02
1.914026128648196448e+02
1.918557254997167547e+02
1.917375450005806385e+02
1.913938654024381663e+02
1.916152894169230478e+02
1.903997759598085509e+02
1.908866722129783398e+02
1.900880184856719666e+02
1.904969114730647846e+02
1.902915510104699024e+02
1.911281943524011240e+02
1.914777147095817327e+02
1.906216853176002815e+02
1.904274615963734902e+02
1.906284067253802732e+02
1.915285594423647524e+02
1.917400840767601551e+02
1.910509180632550112e+02
1.901443356598680623e+02
1.907045056058680359e+02
1.911013554847226317e+02
1.907209772698086567e+02
1.904335994311754803e+02
1.899865677144276788e+02
1.902206182256122133e+02
1.908477745798018645e+02
1.912353328409492121e+02
1.907373246774064341e+02
1.904801538758692061e+02
1.910971077041999422e+02
1.913385985710166324e+02
1.911928735300251958e+02
1.907478316736267345e+02
1.903167591349497911e+02
1.903877689255878352e+02
1.906588949371356705e+02
1.906276905177428773e+02
1.900943523515805680e+02
1.897600682483984258e+02
1.902107418034108264e+02
1.907303473785783297e+02
1.909039494572102171e+02
1.907606310898883635e+02
1.905719627681100974e+02
1.907033140283140256e+02
1.913825685846078954e+02
1.914917744305064673e+02
1.908069395736703200e+02
1.901982859996456341e+02
1.900240086020125148e+02
1.905876018626309474e+02
1.907134218122591278e+02
1.900161913968100293e+02
1.901666260973987050e+02
1.901519022090169244e+02
1.907959019686620934e+02
1.908657045758371282e+02
1.906019943112030433e+02
1.905242013866390494e+02
1.908076412067792091e+02
1.914277564081843650e+02
1.913392574912105317e+02
1.909701662121802315e+02
1.905413450578081722e+02
1.904574115044247833e+02
1.911940866510538513e+02
1.911492759726586428e+02
1.906990077177508169e+02
1.903745313489036448e+02
1.908602935227585249e+02
1.916117269309582696e+02
1.918029065811217890e+02
1.914058910257448645e+02
1.911508950994912936e+02
1.916732931109781362e+02
1.922639701969132489e+02
1.919024142599278093e+02
1.915795331381335131e+02
1.912587486058803847e+02
1.914024146490860687e+02
1.922582979137601171e+02
1.923036903485690061e+02
1.915483330108982898e+02
1.913787957183972992e+02
1.919791352316054258e+02
1.923163130613953342e+02
1.924329417839163341e+02
1.919353961677886957e+02
1.918578481993029357e+02
1.922159658450136703e+02
1.931499603963597167e+02
1.926771749991941363e+02
1.922710216888515049e+02
1.919295900178252907e+02
1.921552973209510355e+02
1.926219905643553147e+02
1.924823948220064551e+02
1.921173524612675294e+02
1.917960386130302766e+02
1.923999741033277076e+02
1.932164226400377061e+02
1.928960550325383281e+02
1.925918324437975002e+02
1.925264264118607684e+02
1.929377647020787947e+02
1.936664831427923730e+02
1.931831214849972298e+02
1.924740915100119025e+02
1.920316224017544471e+02
1.920436852602457805e+02
1.927974195221577531e+02
1.926932544035099113e+02
1.922162397714617441e+02
1.918585279433081041e+02
1.926842858304203219e+02
1.934167163409643706e+02
1.931640311082307448e+02
1.927423579375716827e+02
1.924944419311057970e+02
1.929774060747512010e+02
1.938104133415849617e+02
1.930002258829603647e+02
1.922307692307692264e+02
1.920625413900599199e+02
1.921626655896607474e+02
1.926214676463923752e+02
1.927545675807236876e+02
1.919758462680305797e+02
1.918050898155184143e+02
1.923656870327403965e+02
1.929054217547708561e+02
1.928288189459080115e+02
1.921078437670639119e+02
1.921895067192403701e+02
1.928935581440247233e+02
1.932767888986155640e+02
1.928321920020673303e+02
1.923282691618035187e+02
1.917424572115228614e+02
1.919536346540431566e+02
1.922585473528179421e+02
1.923290099298120879e+02
1.917197954262223334e+02
1.915642204785181661e+02
1.920907415788452965e+02
1.925937843784378458e+02
1.926477963957241570e+02
1.918390323256076044e+02
1.921803124136473571e+02
1.924697453786717745e+02
1.927301000048467472e+02
1.925161728774615142e+02
1.917828367026528156e+02
1.914100270472838758e+02
1.915448727343787994e+02
1.921183889340927635e+02
1.918029661360723139e+02
1.913694985643138580e+02
1.914971392347453047e+02
1.921724554613890064e+02
1.925124498122005150e+02
1.923748364059394760e+02
1.920095241180472101e+02
1.922223666888784237e+02
1.925566824905623662e+02
1.930155731468441047e+02
1.926756114130434980e+02
1.918891266916627671e+02
1.917581997733527430e+02
1.920134686137538722e+02
1.925048318953655837e+02
1.919280701754386200e+02
1.915960338933622893e+02
1.917656381395950405e+02
1.919999192454293109e+02
1.935019785828501426e+02
1.920563281542951017e+02
1.910121495792461417e+02
1.904892131979695478e+02
1.920778990314448720e+02
1.938129124396729992e+02
1.927317414150503794e+02
1.917701179341195541e+02
1.913292328888451550e+02
1.923600285904579437e+02
1.929808707231126448e+02
1.920389007505175982e+02
1.918244711818358041e+02
1.924137449681859380e+02
1.932988030432746029e+02
1.938877297244921181e+02
1.931810044834339521e+02
1.924009622705697495e+02
1.918346401840391593e+02
1.928044493628655687e+02
1.933271828932447818e+02
1.936101449275362256e+02
1.938458831808585501e+02
1.927106998339486665e+02
1.918637048917401842e+02
1.926783952325903044e+02
1.920075893072944382e+02
1.925340157505781065e+02
1.929537578812583831e+02
1.940374821821951627e+02
1.934429768041237025e+02
1.931307247593824741e+02
1.922620447294692951e+02
1.927458177238083010e+02
1.929551103423977452e+02
1.935868468961961639e+02
1.928064780450185651e+02
1.921360499135242037e+02
1.918143470086294258e+02
1.923282771111614124e+02
1.928833287699914365e+02
1.925949413842942022e+02
1.922384270060660754e+02
1.921875289791350099e+02
1.931238653616306635e+02
1.932238638007812881e+02
1.929449321113920632e+02
1.928464154426648918e+02
1.924588758645322457e+02
1.924293213166650673e+02
1.929371235730086767e+02
1.923509137958919553e+02
1.919672291195469711e+02
1.916030551718534127e+02
1.920008402953961593e+02
1.926073116060053962e+02
1.923851697784656949e+02
1.921536970949666738e+02
1.918401018072385682e+02
1.922593732961288140e+02
1.928194832346510452e+02
1.927036600716521946e+02
1.916849104120883283e+02
1.915504591582366913e+02
1.913964533908458918e+02
1.921307563404337486e+02
1.912970416291918525e+02
1.908769064585818569e+02
1.906793187817912667e+02
1.913589358159983362e+02
1.918963046818145131e+02
1.917736105493083016e+02
1.912173941094874010e+02
1.909771916862090109e+02
1.920960387067542570e+02
1.919898212672602824e+02
1.918107698574337974e+02
1.910329709790095478e+02
1.906558181729818955e+02
1.914674482577941035e+02
1.913302324068502287e+02
1.906724073804556951e+02
1.902691227329555659e+02
1.904046358261321643e+02
1.909702053850767527e+02
1.914430574694009977e+02
1.910154767119287555e+02
1.907676413570274576e+02
1.910192323206247522e+02
1.919292896529354664e+02
1.921033625117090367e+02
1.917179047152079931e+02
1.907012816990189208e+02
1.907112165268918318e+02
1.910408472255778634e+02
1.914971425803951774e+02
1.908110761789600929e+02
1.904532572868868385e+02
1.906078050045377950e+02
1.912472302076940309e+02
1.918524974153528149e+02
1.916538941972324324e+02
1.910367989144481840e+02
1.914615334884923641e+02
1.920369603880355669e+02
1.919787694344435920e+02
1.912615322515540299e+02
1.904230274787080361e+02
1.906478813834274035e+02
1.910475174553917839e+02
1.916529563817853443e+02
1.907343002198939246e+02
1.901169727716414002e+02
1.904612565869477407e+02
1.909851005911441177e+02
1.917159202458923914e+02
1.915756574706716435e+02
1.911505213697219290e+02
1.916646519820940853e+02
1.917826514333596606e+02
1.920493056006230006e+02
1.912687311397634460e+02
1.908262423389770106e+02
1.910002917294695521e+02
1.911492892519457314e+02
1.912423831217085137e+02
1.908578805531798253e+02
1.905107546894977872e+02
1.912395594827308116e+02
1.919294502893640413e+02
1.919304346418977900e+02
1.910250845819236076e+02
1.909800792303338710e+02
1.913033902419289518e+02
1.921191876433903190e+02
1.920873294032140848e+02
1.913638094930682314e+02
1.902958788305741393e+02
1.902594661600875838e+02
1.909414238074525088e+02
1.922048108852353039e+02
1.928479604044774476e+02
1.930615741042876436e+02
1.921953297722981517e+02
1.925324589209470787e+02
1.923984173571811027e+02
1.926381919327894536e+02
1.936470263691683726e+02
1.932736809676686960e+02
1.930037215446826906e+02
1.924907632984301529e+02
1.916892952491234894e+02
1.916652706185567183e+02
1.921739410844713802e+02
1.927773274121921645e+02
1.926539435279699148e+02
1.925675469120947128e+02
1.927931777669745372e+02
1.943290341349883477e+02
1.940774454768357202e+02
1.931172617686452497e+02
1.919714734319477714e+02
1.916358744394618725e+02
1.934846622782839916e+02
1.949295634597202707e+02
1.934589509415663429e+02
1.923999706323826615e+02
1.915641919143032226e+02
1.930606957087126148e+02
1.937892933895648468e+02
1.932075349033757732e+02
1.921826197915814873e+02
1.918067297717842337e+02
1.926830070655344684e+02
1.944433681803332377e+02
1.950221286928369011e+02
1.943939618149941566e+02
1.934126774619322191e+02
1.934737707854920643e+02
1.933707246799073971e+02
1.939599689456063061e+02
1.928678818393295273e+02
1.927798039625951958e+02
1.934264572831847033e+02
1.937144541153293460e+02
1.940365236238940270e+02
1.938771182306065839e+02
1.937567274551367973e+02
1.940776758311506853e+02
1.948004851717379609e+02
1.952006459426725655e+02
1.943654073869811327e+02
1.941978648609243407e+02
1.943394483602072853e+02
1.948463906889769817e+02
1.942697549437641840e+02
1.936123788934262109e+02
1.936807793965961935e+02
