7.488026618957519531e-01
7.555754184722900391e-01
7.460596561431884766e-01
7.026341557502746582e-01
6.182624697685241699e-01
5.521497130393981934e-01
5.574960708618164062e-01
5.316169857978820801e-01
4.981190264225006104e-01
4.210539758205413818e-01
3.251722753047943115e-01
3.808952569961547852e-01
3.568527400493621826e-01
2.151148319244384766e-01
2.586265802383422852e-01
2.479710876941680908e-01
2.469283044338226318e-01
3.310944736003875732e-01
2.142815589904785156e-01
2.711591720581054688e-01
2.724488973617553711e-01
3.181091845035552979e-01
2.335049211978912354e-01
2.428908646106719971e-01
2.714615464210510254e-01
1.921061128377914429e-01
1.665554940700531006e-01
1.922533661127090454e-01
2.171770781278610229e-01
2.041383534669876099e-01
1.930418312549591064e-01
2.018730193376541138e-01
1.695155352354049683e-01
1.675167083740234375e-01
1.592924594879150391e-01
2.496877014636993408e-01
2.396657168865203857e-01
2.606855630874633789e-01
3.502443134784698486e-01
3.701368868350982666e-01
2.504871189594268799e-01
3.477841913700103760e-01
7.243612408638000488e-01
1.164284110069274902e+00
1.672265529632568359e+00
1.887473583221435547e+00
1.707561016082763672e+00
1.548776745796203613e+00
9.405845403671264648e-01
5.497840642929077148e-01
4.815812110900878906e-01
5.232189893722534180e-01
4.972667396068572998e-01
5.227518081665039062e-01
6.660442948341369629e-01
7.077727317810058594e-01
6.867129802703857422e-01
5.213132500648498535e-01
4.041889011859893799e-01
4.259876906871795654e-01
4.116754233837127686e-01
4.527360796928405762e-01
5.207672715187072754e-01
4.974321126937866211e-01
4.120336174964904785e-01
3.723721802234649658e-01
2.918024063110351562e-01
2.543267607688903809e-01
1.973946690559387207e-01
1.850945055484771729e-01
2.295096516609191895e-01
2.599783539772033691e-01
2.535403072834014893e-01
4.727084040641784668e-01
1.034615397453308105e+00
2.032974481582641602e+00
1.904008746147155762e+00
2.054867029190063477e+00
3.041667938232421875e+00
3.281569242477416992e+00
1.794211864471435547e+00
3.112610340118408203e+00
3.198522329330444336e+00
3.742150068283081055e+00
2.462677001953125000e+00
4.013827145099639893e-01
1.682939887046813965e+00
1.766294479370117188e+00
9.441130161285400391e-01
6.743838191032409668e-01
1.485464692115783691e+00
2.101483583450317383e+00
2.179715394973754883e+00
9.479851722717285156e-01
1.330758452415466309e+00
1.244517564773559570e+00
9.870790839195251465e-01
6.501184105873107910e-01
4.948716461658477783e-01
3.979256153106689453e-01
3.616449236869812012e-01
3.716396391391754150e-01
3.776068985462188721e-01
4.800081253051757812e-01
2.745440900325775146e-01
2.030072957277297974e-01
1.917999088764190674e-01
1.584597527980804443e-01
2.614599168300628662e-01
3.298661410808563232e-01
2.438835650682449341e-01
2.121247053146362305e-01
2.654498517513275146e-01
2.216249257326126099e-01
2.833029925823211670e-01
2.967346906661987305e-01
2.852600216865539551e-01
2.459630072116851807e-01
2.320951521396636963e-01
2.504431605339050293e-01
3.533714413642883301e-01
2.904164791107177734e-01
2.582592070102691650e-01
2.448145747184753418e-01
2.984381318092346191e-01
2.777253091335296631e-01
4.157941043376922607e-01
2.946616113185882568e-01
3.206368684768676758e-01
4.244546294212341309e-01
4.719461500644683838e-01
4.064326584339141846e-01
2.665320038795471191e-01
2.661206126213073730e-01
2.280961275100708008e-01
2.266698628664016724e-01
2.771227061748504639e-01
2.403916865587234497e-01
2.343582063913345337e-01
2.570050060749053955e-01
2.726879119873046875e-01
2.441882044076919556e-01
2.365641444921493530e-01
3.426267802715301514e-01
3.354732692241668701e-01
3.014998137950897217e-01
3.708226680755615234e-01
6.370592713356018066e-01
1.098108172416687012e+00
1.220847129821777344e+00
4.819662868976593018e-01
7.573282718658447266e-01
4.943958520889282227e-01
4.022499322891235352e-01
5.451975464820861816e-01
5.215296745300292969e-01
4.762445390224456787e-01
4.059029221534729004e-01
3.983662724494934082e-01
2.989908754825592041e-01
3.555656373500823975e-01
3.881243169307708740e-01
8.838958740234375000e-01
1.159990072250366211e+00
1.412617206573486328e+00
4.925694763660430908e-01
4.371635019779205322e-01
3.751035630702972412e-01
3.463230729103088379e-01
3.283776640892028809e-01
4.423310458660125732e-01
4.407759606838226318e-01
4.127965867519378662e-01
4.255222380161285400e-01
1.081245541572570801e+00
1.638119220733642578e+00
1.480292558670043945e+00
6.108636856079101562e-01
6.132518649101257324e-01
3.145909905433654785e-01
5.048456192016601562e-01
4.393759965896606445e-01
5.796189904212951660e-01
5.964667201042175293e-01
2.740734815597534180e-01
2.774516046047210693e-01
2.647866606712341309e-01
3.191409409046173096e-01
3.297642469406127930e-01
4.400881230831146240e-01
2.946836948394775391e-01
2.575789093971252441e-01
1.512354165315628052e-01
1.887859553098678589e-01
2.894139885902404785e-01
2.697927057743072510e-01
2.012561112642288208e-01
2.405025213956832886e-01
4.084058105945587158e-01
4.051959514617919922e-01
3.752509653568267822e-01
3.162275254726409912e-01
2.506146132946014404e-01
1.939529180526733398e-01
1.703675687313079834e-01
1.436969935894012451e-01
1.383096277713775635e-01
1.464917212724685669e-01
1.339790970087051392e-01
1.246375888586044312e-01
1.767127066850662231e-01
2.024202644824981689e-01
1.940336376428604126e-01
1.410619914531707764e-01
1.710280179977416992e-01
3.015835285186767578e-01
3.394406735897064209e-01
3.222853243350982666e-01
1.688152998685836792e-01
1.539273709058761597e-01
1.912865191698074341e-01
1.572481095790863037e-01
1.890678554773330688e-01
2.011067569255828857e-01
1.989141106605529785e-01
2.193126976490020752e-01
1.936810761690139771e-01
1.635513305664062500e-01
1.867781728506088257e-01
1.835293471813201904e-01
1.382864564657211304e-01
1.550762802362442017e-01
1.577566713094711304e-01
2.178587764501571655e-01
3.057765662670135498e-01
2.739799022674560547e-01
1.733574718236923218e-01
2.281264215707778931e-01
3.272022902965545654e-01
3.756955564022064209e-01
3.260315060615539551e-01
2.345678806304931641e-01
1.747248023748397827e-01
1.674285531044006348e-01
1.382887214422225952e-01
1.519559472799301147e-01
1.626955568790435791e-01
1.910644024610519409e-01
1.722471565008163452e-01
2.008685469627380371e-01
1.784483939409255981e-01
1.848601102828979492e-01
1.947156935930252075e-01
2.055214643478393555e-01
1.720747798681259155e-01
1.334599852561950684e-01
1.550567299127578735e-01
1.403954923152923584e-01
1.368960589170455933e-01
1.880676746368408203e-01
1.740773618221282959e-01
2.034021914005279541e-01
1.584189981222152710e-01
1.301490813493728638e-01
1.488328427076339722e-01
1.628747135400772095e-01
1.967424005270004272e-01
1.533565819263458252e-01
2.188062220811843872e-01
2.080172598361968994e-01
2.330748140811920166e-01
1.584640294313430786e-01
1.772648990154266357e-01
1.797377020120620728e-01
2.389881312847137451e-01
2.524406909942626953e-01
2.190709114074707031e-01
2.168361842632293701e-01
1.752261817455291748e-01
1.733148247003555298e-01
2.014469057321548462e-01
1.898468434810638428e-01
1.692138463258743286e-01
1.229448691010475159e-01
1.246552020311355591e-01
1.720896959304809570e-01
1.526040136814117432e-01
2.039346843957901001e-01
1.779879182577133179e-01
1.553165018558502197e-01
1.885555535554885864e-01
2.514752745628356934e-01
1.829694211483001709e-01
1.393771618604660034e-01
1.871337890625000000e-01
2.003124058246612549e-01
1.646018326282501221e-01
1.849120408296585083e-01
1.589165627956390381e-01
1.594951897859573364e-01
1.792789399623870850e-01
1.953486204147338867e-01
2.098846584558486938e-01
2.534029483795166016e-01
3.211683034896850586e-01
4.085449278354644775e-01
4.907464087009429932e-01
4.645126461982727051e-01
3.822169899940490723e-01
1.983325928449630737e-01
1.936350762844085693e-01
1.921558976173400879e-01
1.868361681699752808e-01
2.783100903034210205e-01
2.632196545600891113e-01
2.725774347782135010e-01
1.558918058872222900e-01
1.514546573162078857e-01
1.411203294992446899e-01
1.401796489953994751e-01
1.488954126834869385e-01
1.400081068277359009e-01
1.245505735278129578e-01
1.577338129281997681e-01
1.827399879693984985e-01
1.800487637519836426e-01
2.425897866487503052e-01
2.224974185228347778e-01
1.598735153675079346e-01
2.017826735973358154e-01
1.890046447515487671e-01
1.380864977836608887e-01
1.532648503780364990e-01
1.614539623260498047e-01
1.455494165420532227e-01
1.314247846603393555e-01
1.501020044088363647e-01
1.557735651731491089e-01
1.944116652011871338e-01
1.760249286890029907e-01
2.024926543235778809e-01
2.077901661396026611e-01
2.459696978330612183e-01
3.339686989784240723e-01
3.358795344829559326e-01
3.500108122825622559e-01
3.169779181480407715e-01
4.013298451900482178e-01
7.035223245620727539e-01
6.477305293083190918e-01
7.088843584060668945e-01
4.593635499477386475e-01
3.088952302932739258e-01
6.757665276527404785e-01
1.413558483123779297e+00
2.337707281112670898e+00
3.119725704193115234e+00
3.176396369934082031e+00
2.882754802703857422e+00
1.969360113143920898e+00
8.885596394538879395e-01
5.684890747070312500e-01
1.518222808837890625e+00
2.338862895965576172e+00
2.769084453582763672e+00
2.590216636657714844e+00
2.135673999786376953e+00
1.665981054306030273e+00
1.114227294921875000e+00
6.638082265853881836e-01
4.196423590183258057e-01
5.116553306579589844e-01
8.276987075805664062e-01
1.172030687332153320e+00
1.373239517211914062e+00
1.460354447364807129e+00
1.249223828315734863e+00
7.119088768959045410e-01
2.964912354946136475e-01
1.664018332958221436e-01
2.096614837646484375e-01
2.735951244831085205e-01
2.773056626319885254e-01
3.403995037078857422e-01
2.452636063098907471e-01
1.703967750072479248e-01
1.564634591341018677e-01
2.118358165025711060e-01
1.710463315248489380e-01
2.453528195619583130e-01
1.862183660268783569e-01
2.481637001037597656e-01
3.269426822662353516e-01
2.097485959529876709e-01
1.597504764795303345e-01
1.964999735355377197e-01
1.596741229295730591e-01
1.690621525049209595e-01
1.737868785858154297e-01
1.950510889291763306e-01
1.930673718452453613e-01
2.424004077911376953e-01
2.684356868267059326e-01
2.348170280456542969e-01
1.547617018222808838e-01
1.835263371467590332e-01
1.789967268705368042e-01
2.697795629501342773e-01
6.017172336578369141e-01
8.669508695602416992e-01
1.306470632553100586e+00
1.215820908546447754e+00
7.525130510330200195e-01
3.419298231601715088e-01
4.243780672550201416e-01
5.682907700538635254e-01
6.378771066665649414e-01
6.222936511039733887e-01
6.062486171722412109e-01
3.769462406635284424e-01
3.415675759315490723e-01
2.715194821357727051e-01
2.244300991296768188e-01
2.818540334701538086e-01
2.515039145946502686e-01
1.949245482683181763e-01
1.849465072154998779e-01
2.988426685333251953e-01
3.260000944137573242e-01
2.463502436876296997e-01
2.042552530765533447e-01
3.484175801277160645e-01
2.873931527137756348e-01
3.168818354606628418e-01
3.221516311168670654e-01
3.122001290321350098e-01
2.601808607578277588e-01
2.355389446020126343e-01
2.483216077089309692e-01
2.737670838832855225e-01
2.874263823032379150e-01
2.632417976856231689e-01
2.625064253807067871e-01
2.255316674709320068e-01
1.866390258073806763e-01
1.792929619550704956e-01
2.312357872724533081e-01
2.296540737152099609e-01
2.772195041179656982e-01
1.893799006938934326e-01
1.864598393440246582e-01
1.455132663249969482e-01
1.601590067148208618e-01
1.587771922349929810e-01
1.458175778388977051e-01
1.762427538633346558e-01
2.002947032451629639e-01
1.682766526937484741e-01
2.032678723335266113e-01
1.701702922582626343e-01
1.641640216112136841e-01
2.033503949642181396e-01
1.574904471635818481e-01
1.487063169479370117e-01
2.032898068428039551e-01
1.722242981195449829e-01
1.660844087600708008e-01
1.716211736202239990e-01
1.579973250627517700e-01
1.481111496686935425e-01
1.810658127069473267e-01
1.994246542453765869e-01
2.130195498466491699e-01
2.010774016380310059e-01
1.364017575979232788e-01
1.474976390600204468e-01
1.496435403823852539e-01
1.778928339481353760e-01
1.562750339508056641e-01
1.552935242652893066e-01
1.365176290273666382e-01
1.326721310615539551e-01
1.861310601234436035e-01
1.328762769699096680e-01
1.919897794723510742e-01
1.399863362312316895e-01
2.039135992527008057e-01
1.688927710056304932e-01
2.565793097019195557e-01
1.781115233898162842e-01
2.578940987586975098e-01
2.127734124660491943e-01
1.669123023748397827e-01
1.575950980186462402e-01
1.312985271215438843e-01
1.388477683067321777e-01
1.304224133491516113e-01
1.343844085931777954e-01
1.615985184907913208e-01
1.787085682153701782e-01
1.652638912200927734e-01
1.665447950363159180e-01
2.220100164413452148e-01
2.198707014322280884e-01
1.546611040830612183e-01
2.014310210943222046e-01
1.730234026908874512e-01
1.464709937572479248e-01
1.398854404687881470e-01
1.954332441091537476e-01
2.720854878425598145e-01
4.558542072772979736e-01
3.571422100067138672e-01
3.425188958644866943e-01
2.750045061111450195e-01
1.580329239368438721e-01
1.315297633409500122e-01
1.944030523300170898e-01
2.524274289608001709e-01
2.871906757354736328e-01
3.143436014652252197e-01
3.340533077716827393e-01
3.049487769603729248e-01
3.211855888366699219e-01
3.377729356288909912e-01
3.460416197776794434e-01
3.716252744197845459e-01
3.159851729869842529e-01
4.101278483867645264e-01
3.644905090332031250e-01
4.180265665054321289e-01
4.517978727817535400e-01
3.567907512187957764e-01
3.452489376068115234e-01
3.643373548984527588e-01
2.676907479763031006e-01
1.865662932395935059e-01
1.744653731584548950e-01
1.704096198081970215e-01
1.806140542030334473e-01
3.246027231216430664e-01
4.086597561836242676e-01
4.855584502220153809e-01
5.048338770866394043e-01
4.010297060012817383e-01
3.741753101348876953e-01
4.678874313831329346e-01
3.484773635864257812e-01
3.856022953987121582e-01
2.914434671401977539e-01
3.325620591640472412e-01
2.279932349920272827e-01
2.023769021034240723e-01
1.750815659761428833e-01
1.668307334184646606e-01
1.384799927473068237e-01
1.964632421731948853e-01
1.994460821151733398e-01
1.945427507162094116e-01
1.935134083032608032e-01
1.731385737657546997e-01
2.069888859987258911e-01
1.892495751380920410e-01
1.969542503356933594e-01
2.807547152042388916e-01
2.137090712785720825e-01
1.685317158699035645e-01
2.256005555391311646e-01
2.011581361293792725e-01
1.678876876831054688e-01
3.110183179378509521e-01
4.754295647144317627e-01
3.752806484699249268e-01
2.784637808799743652e-01
2.918617427349090576e-01
2.751930058002471924e-01
2.193468660116195679e-01
2.383048832416534424e-01
1.972481757402420044e-01
1.722858548164367676e-01
1.752096563577651978e-01
1.589290499687194824e-01
1.462526917457580566e-01
1.540445983409881592e-01
1.667745709419250488e-01
2.189759314060211182e-01
2.696297168731689453e-01
2.289752662181854248e-01
2.556091845035552979e-01
2.589362263679504395e-01
3.546796739101409912e-01
3.588113486766815186e-01
3.001427650451660156e-01
2.833898365497589111e-01
2.000584006309509277e-01
1.588823199272155762e-01
1.782127171754837036e-01
1.955889612436294556e-01
3.470106422901153564e-01
3.662686049938201904e-01
2.360219657421112061e-01
2.494158446788787842e-01
2.973783016204833984e-01
3.109096884727478027e-01
2.133857905864715576e-01
2.981547117233276367e-01
4.026103913784027100e-01
5.126292109489440918e-01
4.958158731460571289e-01
4.407222270965576172e-01
3.847032785415649414e-01
3.397292196750640869e-01
3.391672372817993164e-01
3.072086572647094727e-01
2.549498379230499268e-01
2.018571197986602783e-01
1.848929226398468018e-01
2.413567155599594116e-01
2.497286051511764526e-01
2.441548109054565430e-01
2.309705317020416260e-01
2.036289274692535400e-01
1.729671359062194824e-01
1.683391183614730835e-01
2.942610085010528564e-01
1.753261983394622803e-01
1.648311316967010498e-01
1.436396092176437378e-01
1.972385346889495850e-01
2.666787505149841309e-01
3.039777576923370361e-01
2.954083979129791260e-01
2.061535716056823730e-01
1.749019324779510498e-01
1.828601956367492676e-01
1.795280575752258301e-01
2.180262356996536255e-01
2.235839217901229858e-01
2.627382874488830566e-01
2.379456758499145508e-01
1.731013804674148560e-01
1.491661369800567627e-01
1.393104642629623413e-01
1.876897066831588745e-01
1.512861996889114380e-01
1.735563129186630249e-01
1.743735969066619873e-01
1.421792805194854736e-01
1.663339585065841675e-01
2.153192013502120972e-01
1.487541049718856812e-01
1.242243647575378418e-01
1.763610392808914185e-01
2.091318219900131226e-01
1.877692490816116333e-01
1.732058078050613403e-01
1.863592416048049927e-01
1.679674535989761353e-01
1.857046633958816528e-01
1.651944071054458618e-01
1.468637585639953613e-01
1.399322897195816040e-01
1.351379007101058960e-01
1.946565806865692139e-01
2.616344988346099854e-01
1.941081285476684570e-01
1.808595955371856689e-01
2.140930145978927612e-01
2.123512029647827148e-01
2.227351665496826172e-01
2.224216163158416748e-01
1.561786681413650513e-01
2.673984766006469727e-01
2.683362066745758057e-01
2.877268493175506592e-01
3.408940732479095459e-01
2.954650223255157471e-01
2.595041692256927490e-01
2.415431439876556396e-01
1.875260174274444580e-01
1.513011157512664795e-01
1.271599382162094116e-01
1.292609870433807373e-01
1.424976736307144165e-01
1.823550611734390259e-01
2.231338620185852051e-01
1.441098451614379883e-01
2.114146351814270020e-01
2.628551721572875977e-01
5.597051382064819336e-01
5.676154494285583496e-01
6.547657251358032227e-01
5.941205620765686035e-01
3.877669870853424072e-01
4.070526957511901855e-01
5.702801346778869629e-01
6.228933930397033691e-01
7.905589342117309570e-01
6.672886013984680176e-01
6.592826843261718750e-01
6.843371987342834473e-01
5.379698872566223145e-01
3.595902323722839355e-01
3.319168984889984131e-01
3.839417397975921631e-01
3.525419533252716064e-01
3.874380588531494141e-01
2.366690188646316528e-01
1.801311224699020386e-01
1.627759486436843872e-01
1.834379732608795166e-01
1.696784198284149170e-01
2.479239702224731445e-01
2.366370707750320435e-01
4.156152904033660889e-01
3.778410553932189941e-01
2.951654493808746338e-01
2.320039123296737671e-01
2.041362375020980835e-01
1.391772776842117310e-01
2.014149278402328491e-01
2.419281303882598877e-01
3.464481234550476074e-01
4.053300023078918457e-01
3.402616977691650391e-01
4.014194905757904053e-01
1.690816044807434082e+00
2.593893527984619141e+00
1.509094357490539551e+00
2.035365581512451172e+00
1.914143681526184082e+00
1.590194463729858398e+00
8.310023546218872070e-01
5.849675536155700684e-01
3.836411535739898682e-01
3.582354187965393066e-01
2.531863749027252197e-01
2.093560993671417236e-01
2.729555368423461914e-01
2.610021531581878662e-01
1.691907346248626709e-01
2.462893277406692505e-01
2.956660687923431396e-01
2.517603635787963867e-01
1.596915870904922485e-01
1.580859422683715820e-01
1.888367831707000732e-01
1.857977658510208130e-01
1.689309179782867432e-01
1.341832131147384644e-01
1.636929810047149658e-01
2.211013585329055786e-01
1.974443793296813965e-01
1.607547402381896973e-01
1.309235841035842896e-01
2.206303775310516357e-01
1.996618956327438354e-01
1.807722896337509155e-01
1.907576769590377808e-01
1.657327562570571899e-01
1.547067910432815552e-01
1.271637976169586182e-01
1.557536572217941284e-01
1.845428645610809326e-01
1.689265072345733643e-01
1.680754423141479492e-01
1.947930157184600830e-01
1.684285104274749756e-01
1.771201342344284058e-01
1.767124235630035400e-01
1.970426440238952637e-01
2.312601506710052490e-01
2.449442893266677856e-01
2.118912339210510254e-01
2.614615559577941895e-01
1.992385834455490112e-01
1.644214391708374023e-01
1.390425413846969604e-01
1.379902958869934082e-01
1.560662239789962769e-01
1.829709112644195557e-01
1.965889930725097656e-01
1.991383880376815796e-01
1.745412498712539673e-01
1.971808820962905884e-01
1.870767623186111450e-01
1.671393513679504395e-01
2.163885980844497681e-01
1.500208526849746704e-01
1.432565599679946899e-01
1.467771828174591064e-01
1.945249438285827637e-01
1.357526630163192749e-01
2.536521852016448975e-01
2.305668592453002930e-01
2.120230346918106079e-01
1.924686878919601440e-01
1.381492763757705688e-01
1.296909153461456299e-01
1.382221877574920654e-01
1.369577497243881226e-01
1.320569068193435669e-01
1.570692360401153564e-01
1.751746088266372681e-01
2.126498669385910034e-01
1.613901853561401367e-01
1.728584468364715576e-01
1.989757567644119263e-01
1.590402722358703613e-01
1.885716170072555542e-01
3.158598542213439941e-01
1.520222663879394531e+00
3.354215860366821289e+00
3.537895679473876953e+00
2.710502386093139648e+00
1.157785415649414062e+00
1.209081649780273438e+00
9.614601731300354004e-01
7.663351297378540039e-01
8.073932528495788574e-01
7.414507269859313965e-01
5.687307715415954590e-01
8.046708106994628906e-01
8.053482770919799805e-01
9.310128092765808105e-01
9.642212390899658203e-01
8.432365059852600098e-01
5.868976712226867676e-01
3.529483377933502197e-01
1.999906450510025024e-01
1.733515709638595581e-01
1.955655366182327271e-01
2.483533322811126709e-01
2.291892021894454956e-01
2.834586501121520996e-01
3.678413629531860352e-01
3.385171294212341309e-01
3.008459508419036865e-01
1.722165942192077637e-01
1.357344090938568115e-01
1.839306950569152832e-01
1.840730905532836914e-01
1.836501657962799072e-01
2.201411426067352295e-01
2.046328037977218628e-01
2.627519965171813965e-01
2.394237071275711060e-01
1.869942247867584229e-01
2.150804400444030762e-01
1.936049908399581909e-01
1.382009536027908325e-01
2.082064598798751831e-01
2.946823835372924805e-01
2.424463629722595215e-01
2.301239073276519775e-01
3.120491206645965576e-01
1.604138612747192383e-01
1.622316539287567139e-01
1.901905238628387451e-01
2.006083726882934570e-01
1.812832504510879517e-01
2.317669540643692017e-01
1.945895850658416748e-01
1.699602901935577393e-01
1.956234127283096313e-01
1.755402088165283203e-01
1.561584323644638062e-01
1.919081062078475952e-01
2.182355225086212158e-01
2.036000341176986694e-01
1.679196059703826904e-01
2.203391641378402710e-01
2.598876953125000000e-01
2.561724185943603516e-01
1.630717366933822632e-01
1.343984752893447876e-01
1.275254189968109131e-01
1.382180601358413696e-01
1.383855193853378296e-01
1.249005347490310669e-01
1.400106698274612427e-01
1.734149307012557983e-01
1.301544606685638428e-01
1.253183335065841675e-01
1.328887790441513062e-01
1.783441901206970215e-01
1.547007411718368530e-01
1.793430596590042114e-01
2.015956342220306396e-01
1.437626630067825317e-01
2.131320834159851074e-01
1.566887646913528442e-01
3.059825897216796875e-01
1.588546335697174072e-01
2.676810324192047119e-01
2.930676341056823730e-01
2.193932980298995972e-01
2.118145227432250977e-01
1.986109316349029541e-01
1.584469377994537354e-01
2.386288046836853027e-01
1.565949916839599609e-01
2.065571844577789307e-01
1.764565855264663696e-01
2.033651620149612427e-01
1.968534588813781738e-01
3.686816394329071045e-01
2.460011541843414307e-01
4.266241490840911865e-01
6.332286000251770020e-01
8.069922924041748047e-01
1.260621547698974609e+00
1.372891306877136230e+00
1.502733826637268066e+00
1.358937263488769531e+00
9.559888243675231934e-01
4.453079402446746826e-01
3.282758295536041260e-01
7.998947501182556152e-01
1.282117486000061035e+00
1.582739591598510742e+00
1.570226669311523438e+00
1.475154876708984375e+00
1.365563988685607910e+00
9.813914299011230469e-01
4.770765304565429688e-01
4.941157698631286621e-01
9.533534646034240723e-01
1.131417870521545410e+00
1.084405541419982910e+00
9.423501491546630859e-01
8.389341831207275391e-01
7.888178229331970215e-01
4.225437045097351074e-01
2.928064167499542236e-01
4.997339546680450439e-01
7.814306020736694336e-01
1.018216729164123535e+00
9.823728203773498535e-01
7.024888992309570312e-01
5.360190272331237793e-01
3.519665300846099854e-01
2.331469804048538208e-01
2.740565836429595947e-01
3.570644259452819824e-01
4.503947198390960693e-01
4.075292348861694336e-01
4.134860038757324219e-01
2.745479643344879150e-01
1.787015050649642944e-01
2.314223498106002808e-01
2.892601788043975830e-01
1.994558721780776978e-01
2.171745598316192627e-01
1.601547300815582275e-01
1.737021356821060181e-01
1.881753355264663696e-01
1.878614872694015503e-01
1.341723054647445679e-01
1.710135340690612793e-01
1.534331589937210083e-01
1.884333640336990356e-01
1.575342565774917603e-01
1.385409235954284668e-01
1.712557077407836914e-01
1.329246461391448975e-01
1.608249694108963013e-01
1.832606196403503418e-01
1.585156917572021484e-01
2.379208654165267944e-01
2.331182807683944702e-01
1.517113000154495239e-01
1.735096275806427002e-01
2.439699620008468628e-01
1.776821762323379517e-01
1.904773265123367310e-01
2.221701890230178833e-01
1.831500381231307983e-01
1.972294151782989502e-01
1.734359562397003174e-01
1.963387131690979004e-01
1.760476082563400269e-01
1.489840000867843628e-01
1.771935671567916870e-01
1.574335992336273193e-01
1.742701828479766846e-01
1.587639600038528442e-01
1.570995450019836426e-01
1.612508744001388550e-01
1.554084718227386475e-01
1.879551410675048828e-01
2.052195072174072266e-01
1.431407481431961060e-01
1.674448549747467041e-01
2.171900421380996704e-01
1.431586295366287231e-01
2.342499494552612305e-01
2.855394780635833740e-01
3.352768421173095703e-01
3.418103754520416260e-01
2.822699844837188721e-01
3.234354555606842041e-01
2.214373052120208740e-01
2.257987856864929199e-01
2.727210819721221924e-01
2.947627604007720947e-01
2.874736785888671875e-01
3.137055933475494385e-01
2.688498497009277344e-01
2.038884609937667847e-01
2.719367742538452148e-01
2.251757979393005371e-01
1.643201410770416260e-01
2.088788002729415894e-01
2.733460366725921631e-01
2.734732329845428467e-01
2.042391151189804077e-01
1.717194169759750366e-01
2.355721741914749146e-01
2.558730840682983398e-01
2.795365154743194580e-01
2.026705443859100342e-01
2.099809795618057251e-01
2.550227344036102295e-01
1.779396831989288330e-01
1.607205718755722046e-01
1.801326423883438110e-01
1.700859814882278442e-01
2.018085420131683350e-01
2.408338785171508789e-01
2.031755447387695312e-01
1.547092646360397339e-01
2.328894883394241333e-01
2.823507487773895264e-01
2.117199599742889404e-01
1.679880917072296143e-01
1.588405072689056396e-01
1.474967598915100098e-01
1.997157484292984009e-01
1.844999194145202637e-01
1.575204133987426758e-01
1.734628081321716309e-01
1.689092069864273071e-01
1.471029222011566162e-01
1.409246921539306641e-01
1.692171543836593628e-01
1.341449916362762451e-01
1.566058844327926636e-01
2.046059519052505493e-01
1.936185061931610107e-01
2.244456708431243896e-01
3.119382560253143311e-01
3.133190870285034180e-01
3.227519989013671875e-01
2.920655310153961182e-01
1.805817484855651855e-01
1.694801598787307739e-01
2.030494064092636108e-01
1.839684098958969116e-01
1.447736471891403198e-01
1.336656808853149414e-01
1.267048865556716919e-01
1.272259801626205444e-01
1.471854150295257568e-01
1.327439248561859131e-01
1.945990622043609619e-01
2.116776406764984131e-01
1.838699579238891602e-01
1.841817051172256470e-01
2.081183344125747681e-01
2.087877094745635986e-01
1.836283206939697266e-01
1.924649477005004883e-01
1.677341461181640625e-01
1.730809062719345093e-01
2.114696800708770752e-01
2.452224493026733398e-01
3.232828676700592041e-01
3.476923108100891113e-01
2.492118179798126221e-01
2.000577896833419800e-01
1.897410601377487183e-01
1.579857617616653442e-01
1.464051008224487305e-01
2.803878784179687500e-01
3.801346421241760254e-01
2.346272021532058716e-01
2.502056062221527100e-01
3.212972879409790039e-01
4.015386998653411865e-01
3.576801717281341553e-01
2.985672354698181152e-01
2.694267034530639648e-01
1.677935123443603516e-01
1.644463837146759033e-01
1.310634911060333252e-01
1.868914365768432617e-01
2.113022208213806152e-01
2.565919458866119385e-01
2.000739127397537231e-01
2.068943828344345093e-01
1.787174791097640991e-01
2.659368813037872314e-01
1.900002807378768921e-01
1.681157201528549194e-01
1.644694358110427856e-01
2.001565694808959961e-01
2.186600565910339355e-01
2.244543582201004028e-01
1.503665000200271606e-01
1.643830835819244385e-01
1.647941321134567261e-01
2.398671209812164307e-01
1.518336534500122070e-01
1.856729984283447266e-01
1.786817610263824463e-01
1.760261952877044678e-01
1.594806313514709473e-01
1.565236896276473999e-01
1.699771732091903687e-01
1.820605695247650146e-01
1.707984805107116699e-01
2.101305276155471802e-01
1.718226373195648193e-01
1.988418251276016235e-01
1.614802181720733643e-01
2.478390038013458252e-01
2.041795104742050171e-01
1.845598220825195312e-01
1.467944532632827759e-01
1.800504475831985474e-01
2.134463042020797729e-01
1.952954381704330444e-01
3.050528466701507568e-01
2.952946126461029053e-01
2.431779056787490845e-01
2.155492305755615234e-01
1.842428892850875854e-01
2.141847908496856689e-01
2.505390644073486328e-01
2.355259060859680176e-01
2.300614416599273682e-01
2.061679512262344360e-01
2.095536142587661743e-01
2.461981624364852905e-01
2.882427573204040527e-01
2.052362859249114990e-01
1.688209325075149536e-01
1.510852724313735962e-01
1.888869106769561768e-01
1.696727722883224487e-01
2.023593485355377197e-01
1.528496891260147095e-01
1.806233525276184082e-01
2.237697839736938477e-01
1.597830802202224731e-01
1.730276346206665039e-01
2.421321719884872437e-01
2.940891385078430176e-01
2.730151116847991943e-01
2.008362114429473877e-01
2.139049023389816284e-01
2.707941532135009766e-01
2.428377419710159302e-01
2.138257175683975220e-01
1.873467117547988892e-01
2.689723074436187744e-01
3.364134132862091064e-01
2.778858840465545654e-01
2.092173844575881958e-01
1.573980003595352173e-01
2.129608690738677979e-01
2.442600131034851074e-01
2.049664407968521118e-01
1.543991267681121826e-01
1.904557049274444580e-01
1.751437038183212280e-01
1.907899677753448486e-01
1.894110888242721558e-01
2.301226407289505005e-01
1.799369454383850098e-01
1.693668067455291748e-01
1.433312445878982544e-01
1.514683663845062256e-01
1.837728023529052734e-01
1.958118677139282227e-01
1.757462471723556519e-01
1.396062374114990234e-01
1.583633273839950562e-01
1.923423111438751221e-01
1.639892309904098511e-01
1.920169591903686523e-01
1.292151808738708496e-01
2.589018046855926514e-01
2.958210408687591553e-01
2.513687312602996826e-01
1.569362580776214600e-01
1.569293290376663208e-01
1.384877562522888184e-01
1.610780209302902222e-01
1.256762295961380005e-01
1.740699857473373413e-01
2.060981541872024536e-01
1.684377640485763550e-01
1.440916061401367188e-01
1.636192053556442261e-01
1.894641667604446411e-01
2.006241977214813232e-01
2.216167598962783813e-01
1.786109805107116699e-01
1.595817506313323975e-01
1.868714839220046997e-01
2.143490761518478394e-01
1.676378250122070312e-01
2.276550531387329102e-01
2.887765467166900635e-01
2.570249736309051514e-01
2.536541521549224854e-01
2.643025219440460205e-01
1.570362150669097900e-01
1.663615256547927856e-01
1.932974010705947876e-01
2.289233952760696411e-01
2.017180919647216797e-01
2.255285829305648804e-01
2.838187217712402344e-01
2.911998927593231201e-01
2.826495468616485596e-01
1.465198546648025513e-01
2.036477178335189819e-01
1.500341147184371948e-01
2.474768608808517456e-01
2.668785452842712402e-01
2.968998551368713379e-01
2.250161916017532349e-01
1.708278805017471313e-01
2.479471862316131592e-01
2.088602334260940552e-01
1.702819913625717163e-01
1.314690262079238892e-01
1.414491832256317139e-01
1.690292209386825562e-01
1.935978382825851440e-01
1.858553141355514526e-01
1.525090485811233521e-01
1.277585774660110474e-01
1.213995888829231262e-01
1.444771885871887207e-01
1.525247544050216675e-01
1.665540486574172974e-01
2.343339771032333374e-01
1.999677568674087524e-01
1.280453801155090332e-01
1.445340067148208618e-01
1.464482694864273071e-01
1.637331694364547729e-01
1.569532006978988647e-01
2.069374918937683105e-01
1.901464015245437622e-01
1.262444257736206055e-01
1.568357348442077637e-01
2.155143469572067261e-01
1.805971860885620117e-01
1.542156338691711426e-01
1.373714655637741089e-01
1.678882539272308350e-01
1.585850715637207031e-01
1.251811683177947998e-01
1.481763124465942383e-01
1.404763758182525635e-01
1.578216403722763062e-01
1.387158334255218506e-01
1.997491270303726196e-01
1.382772326469421387e-01
3.549242019653320312e-01
6.255900859832763672e-01
8.242651224136352539e-01
8.672410845756530762e-01
7.278189659118652344e-01
5.433175563812255859e-01
6.058503985404968262e-01
9.588168859481811523e-01
1.276019096374511719e+00
1.456911087036132812e+00
1.356334686279296875e+00
1.137986540794372559e+00
6.362143754959106445e-01
3.038805127143859863e-01
4.082643985748291016e-01
8.231708407402038574e-01
1.199404954910278320e+00
1.427774190902709961e+00
1.374629378318786621e+00
1.100190758705139160e+00
6.910610795021057129e-01
3.247847557067871094e-01
2.154353111982345581e-01
4.423223137855529785e-01
5.182617902755737305e-01
6.761788725852966309e-01
8.783569335937500000e-01
8.835706114768981934e-01
7.338804602622985840e-01
4.326335787773132324e-01
1.320665627717971802e-01
2.839490473270416260e-01
4.385849535465240479e-01
5.544622540473937988e-01
5.580530762672424316e-01
5.109249353408813477e-01
4.642763733863830566e-01
3.007237315177917480e-01
2.443298697471618652e-01
1.696885079145431519e-01
3.004578053951263428e-01
3.592590987682342529e-01
2.780884504318237305e-01
2.113077044486999512e-01
1.524028480052947998e-01
1.922983080148696899e-01
1.455632299184799194e-01
1.754994988441467285e-01
1.317492574453353882e-01
1.455234587192535400e-01
1.785138249397277832e-01
1.719354689121246338e-01
2.186843007802963257e-01
2.618867456912994385e-01
2.522444725036621094e-01
2.028926908969879150e-01
1.783932745456695557e-01
1.640757620334625244e-01
1.339541971683502197e-01
1.751647740602493286e-01
1.540954113006591797e-01
2.167847156524658203e-01
2.105344235897064209e-01
2.420335114002227783e-01
2.269582748413085938e-01
2.141992896795272827e-01
2.617512643337249756e-01
1.595301181077957153e-01
2.103269100189208984e-01
1.916834712028503418e-01
1.914217025041580200e-01
1.702280342578887939e-01
2.016848325729370117e-01
2.336821109056472778e-01
2.726727724075317383e-01
3.660554885864257812e-01
4.534552693367004395e-01
7.548239827156066895e-01
8.305523991584777832e-01
7.361834645271301270e-01
2.277630805969238281e+00
1.903116345405578613e+00
1.208361029624938965e+00
8.327909111976623535e-01
3.677385151386260986e-01
2.766699790954589844e-01
1.689192205667495728e-01
3.083057999610900879e-01
2.852239310741424561e-01
1.006002068519592285e+00
1.272403001785278320e+00
1.203670978546142578e+00
2.058761835098266602e+00
2.461649656295776367e+00
1.961252570152282715e+00
1.416537284851074219e+00
1.013789176940917969e+00
7.782334685325622559e-01
1.748525142669677734e+00
3.556392431259155273e+00
4.772383689880371094e+00
4.906595230102539062e+00
3.380226612091064453e+00
1.715511679649353027e+00
1.980650305747985840e+00
2.973416328430175781e+00
3.434762716293334961e+00
3.083816528320312500e+00
2.668444156646728516e+00
2.261295318603515625e+00
1.862246274948120117e+00
1.982401728630065918e+00
1.820350408554077148e+00
1.325829982757568359e+00
8.464867472648620605e-01
6.248143911361694336e-01
7.416297197341918945e-01
1.046957850456237793e+00
9.193348884582519531e-01
6.105601787567138672e-01
4.762087762355804443e-01
3.540076315402984619e-01
2.441868633031845093e-01
2.005325704813003540e-01
2.499245256185531616e-01
3.690033555030822754e-01
2.709812819957733154e-01
3.727295398712158203e-01
4.404515922069549561e-01
4.406611919403076172e-01
5.846515297889709473e-01
6.974000334739685059e-01
7.345286011695861816e-01
7.796815633773803711e-01
9.151759147644042969e-01
8.316601514816284180e-01
8.191485404968261719e-01
4.680313766002655029e-01
5.990831851959228516e-01
3.347415328025817871e-01
7.993001937866210938e-01
9.155105352401733398e-01
6.028884053230285645e-01
1.203302860260009766e+00
2.698467254638671875e+00
2.046880960464477539e+00
5.500500202178955078e-01
1.945597052574157715e+00
2.054811954498291016e+00
9.221203923225402832e-01
3.114586472511291504e-01
5.043184757232666016e-01
3.629440367221832275e-01
2.822887599468231201e-01
4.343658983707427979e-01
3.613674044609069824e-01
2.557994425296783447e-01
3.264660835266113281e-01
4.347766041755676270e-01
5.448699593544006348e-01
9.738864302635192871e-01
1.661666870117187500e+00
9.159434437751770020e-01
6.473584175109863281e-01
1.074079394340515137e+00
6.258475780487060547e-01
4.443973302841186523e-01
9.415401220321655273e-01
1.268519520759582520e+00
1.067662596702575684e+00
2.034384965896606445e+00
1.689189314842224121e+00
1.755000948905944824e+00
1.498443245887756348e+00
7.159271836280822754e-01
4.084291756153106689e-01
4.689452052116394043e-01
4.489848613739013672e-01
3.525873422622680664e-01
3.341064155101776123e-01
2.668335139751434326e-01
1.929433941841125488e-01
2.736268043518066406e-01
2.735933065414428711e-01
2.038693279027938843e-01
2.524982392787933350e-01
2.093719989061355591e-01
2.090059518814086914e-01
2.527459859848022461e-01
2.706680595874786377e-01
2.443951070308685303e-01
2.622938752174377441e-01
2.647251486778259277e-01
2.820112705230712891e-01
2.862392067909240723e-01
1.859030425548553467e-01
1.615613102912902832e-01
2.053947597742080688e-01
1.724912375211715698e-01
1.871638894081115723e-01
1.542698591947555542e-01
2.423090785741806030e-01
2.304918617010116577e-01
2.096696197986602783e-01
2.112400233745574951e-01
1.872997879981994629e-01
1.584821641445159912e-01
1.499217301607131958e-01
1.415200382471084595e-01
1.454798132181167603e-01
1.984646022319793701e-01
1.776182353496551514e-01
1.466972529888153076e-01
1.619769483804702759e-01
1.477935016155242920e-01
1.554514020681381226e-01
1.938728839159011841e-01
1.655961424112319946e-01
1.398896723985671997e-01
1.373833566904067993e-01
1.782704293727874756e-01
1.562640368938446045e-01
1.321869045495986938e-01
1.479326486587524414e-01
1.730165779590606689e-01
1.559692025184631348e-01
1.543105244636535645e-01
1.308500766754150391e-01
1.629803925752639771e-01
1.354768872261047363e-01
1.722027063369750977e-01
1.420110464096069336e-01
1.622684001922607422e-01
1.641422957181930542e-01
2.161300480365753174e-01
1.539469510316848755e-01
2.130907773971557617e-01
2.395026832818984985e-01
2.350983917713165283e-01
1.998293995857238770e-01
1.346687823534011841e-01
1.435829252004623413e-01
1.532942950725555420e-01
1.780444383621215820e-01
1.691850423812866211e-01
1.764550805091857910e-01
1.890357434749603271e-01
2.650568187236785889e-01
3.428889214992523193e-01
6.064567565917968750e-01
6.512231826782226562e-01
7.146546244621276855e-01
1.695628643035888672e+00
2.975644350051879883e+00
3.047373056411743164e+00
1.423208236694335938e+00
6.557697653770446777e-01
8.626853227615356445e-01
7.478891611099243164e-01
1.139110326766967773e+00
1.425194263458251953e+00
1.513979792594909668e+00
1.561378002166748047e+00
1.637868404388427734e+00
1.533859491348266602e+00
1.080996036529541016e+00
5.715901851654052734e-01
5.328357815742492676e-01
2.405841946601867676e-01
3.074981868267059326e-01
1.911002099514007568e-01
2.285319417715072632e-01
1.755024939775466919e-01
1.987449377775192261e-01
2.219611704349517822e-01
4.676758348941802979e-01
4.606028199195861816e-01
3.756727874279022217e-01
3.855363726615905762e-01
3.072277903556823730e-01
2.511037886142730713e-01
3.441802263259887695e-01
4.741663932800292969e-01
6.081182360649108887e-01
1.563854336738586426e+00
2.270244598388671875e+00
3.858146190643310547e+00
3.627205371856689453e+00
2.652878046035766602e+00
1.103578686714172363e+00
2.486684322357177734e+00
1.681863427162170410e+00
2.946195840835571289e+00
8.628249764442443848e-01
1.270969748497009277e+00
2.206175565719604492e+00
1.859613537788391113e+00
1.156777262687683105e+00
2.394753694534301758e+00
2.349299192428588867e+00
1.808722019195556641e+00
2.492745399475097656e+00
3.010667800903320312e+00
3.617591619491577148e+00
2.752475738525390625e+00
8.288072943687438965e-01
1.802987575531005859e+00
3.498290538787841797e+00
3.814398050308227539e+00
3.834829568862915039e+00
3.732074260711669922e+00
2.706748008728027344e+00
1.991325020790100098e+00
2.158523559570312500e+00
2.309294223785400391e+00
1.709625959396362305e+00
1.233399868011474609e+00
1.159969687461853027e+00
6.493618488311767578e-01
4.498729705810546875e-01
3.953533470630645752e-01
4.840529859066009521e-01
6.370401978492736816e-01
5.189766883850097656e-01
5.669651627540588379e-01
6.629688739776611328e-01
6.017160415649414062e-01
5.146563053131103516e-01
3.481445908546447754e-01
2.382738441228866577e-01
1.969185918569564819e-01
2.159890383481979370e-01
1.615538299083709717e-01
1.553301513195037842e-01
1.804495453834533691e-01
1.535567641258239746e-01
1.772293299436569214e-01
1.782733500003814697e-01
2.114113867282867432e-01
2.339755296707153320e-01
2.991887032985687256e-01
2.418731451034545898e-01
2.128109037876129150e-01
2.602184712886810303e-01
2.539360523223876953e-01
2.230757325887680054e-01
1.943340152502059937e-01
1.873536258935928345e-01
1.621713042259216309e-01
1.658958345651626587e-01
1.558356434106826782e-01
1.582798212766647339e-01
1.569417864084243774e-01
1.690809726715087891e-01
1.573572754859924316e-01
1.924252510070800781e-01
1.736279278993606567e-01
2.002024501562118530e-01
1.665568500757217407e-01
1.689941436052322388e-01
1.509429216384887695e-01
1.816196888685226440e-01
1.671786010265350342e-01
2.260939031839370728e-01
1.875965297222137451e-01
2.047828435897827148e-01
2.628602981567382812e-01
3.048596084117889404e-01
3.267623782157897949e-01
3.097151219844818115e-01
2.748081684112548828e-01
2.003718018531799316e-01
1.594484150409698486e-01
1.649217605590820312e-01
1.525970846414566040e-01
1.919548958539962769e-01
1.609611809253692627e-01
2.470939457416534424e-01
2.057095170021057129e-01
2.259690314531326294e-01
2.244919091463088989e-01
1.831522583961486816e-01
2.748917937278747559e-01
3.345457911491394043e-01
3.100543916225433350e-01
3.933088183403015137e-01
2.944001555442810059e-01
2.859662473201751709e-01
3.853470683097839355e-01
4.209436774253845215e-01
3.328207433223724365e-01
2.363990396261215210e-01
2.516199946403503418e-01
1.935815662145614624e-01
2.067306190729141235e-01
1.618966162204742432e-01
1.902913600206375122e-01
1.646754443645477295e-01
1.903329491615295410e-01
2.375625371932983398e-01
1.925888657569885254e-01
4.030155837535858154e-01
3.049746155738830566e-01
3.472696542739868164e-01
4.014660120010375977e-01
3.047060072422027588e-01
2.177470475435256958e-01
3.716504275798797607e-01
3.684157431125640869e-01
2.352321147918701172e-01
2.708420157432556152e-01
3.021379709243774414e-01
2.456384450197219849e-01
2.223370075225830078e-01
2.118822187185287476e-01
3.548220098018646240e-01
3.551016747951507568e-01
2.521235048770904541e-01
1.958320289850234985e-01
2.233603447675704956e-01
2.218091785907745361e-01
2.542909383773803711e-01
2.615335881710052490e-01
2.457750886678695679e-01
1.758472770452499390e-01
1.568914204835891724e-01
1.674951910972595215e-01
1.770077347755432129e-01
1.510583311319351196e-01
2.059564292430877686e-01
1.782646626234054565e-01
1.914961040019989014e-01
2.909777164459228516e-01
2.466013878583908081e-01
2.917168736457824707e-01
2.638248801231384277e-01
2.232374548912048340e-01
1.819725632667541504e-01
2.262276560068130493e-01
2.729191184043884277e-01
1.750239878892898560e-01
1.909730732440948486e-01
1.392965167760848999e-01
2.104125618934631348e-01
1.362130939960479736e-01
2.000989317893981934e-01
2.496995478868484497e-01
4.597532153129577637e-01
2.287943363189697266e+00
3.687628507614135742e+00
4.313649654388427734e+00
4.683073043823242188e+00
7.706526517868041992e-01
3.473857164382934570e+00
5.114937305450439453e+00
4.932311534881591797e+00
5.236593723297119141e+00
4.708426952362060547e+00
2.518295288085937500e+00
8.700765967369079590e-01
1.594708204269409180e+00
9.592770338058471680e-01
1.426340818405151367e+00
2.826370477676391602e+00
2.310547828674316406e+00
3.599789440631866455e-01
6.337629556655883789e-01
4.520658850669860840e-01
4.009687006473541260e-01
6.710725426673889160e-01
1.160795092582702637e+00
1.193698644638061523e+00
5.509380102157592773e-01
3.017674088478088379e-01
1.962301135063171387e-01
2.582268118858337402e-01
2.790788710117340088e-01
2.064973711967468262e-01
2.779271602630615234e-01
2.311357408761978149e-01
3.196293711662292480e-01
3.147757649421691895e-01
3.698455095291137695e-01
2.942709028720855713e-01
3.626059889793395996e-01
3.418716490268707275e-01
3.179576396942138672e-01
2.700038850307464600e-01
2.611263692378997803e-01
3.629250228404998779e-01
3.248590230941772461e-01
3.337958157062530518e-01
2.531172633171081543e-01
1.913940906524658203e-01
2.696093022823333740e-01
3.160915374755859375e-01
4.189035594463348389e-01
3.593060672283172607e-01
2.734630405902862549e-01
3.241410553455352783e-01
3.632641434669494629e-01
3.605226278305053711e-01
2.167826145887374878e-01
1.787553578615188599e-01
2.196054905652999878e-01
2.063763886690139771e-01
2.148658633232116699e-01
4.146910011768341064e-01
4.555917978286743164e-01
3.543364703655242920e-01
3.665376305580139160e-01
4.800445735454559326e-01
2.379997521638870239e-01
4.851812422275543213e-01
8.161008954048156738e-01
7.040739655494689941e-01
5.197402834892272949e-01
3.774996101856231689e-01
4.967224299907684326e-01
4.837104082107543945e-01
3.581624627113342285e-01
5.610718727111816406e-01
7.243121862411499023e-01
6.315672993659973145e-01
4.029684066772460938e-01
2.504708468914031982e-01
2.738231122493743896e-01
2.258854955434799194e-01
3.063896596431732178e-01
3.022105991840362549e-01
3.435975909233093262e-01
5.872002840042114258e-01
4.658859372138977051e-01
3.457140326499938965e-01
2.900401949882507324e-01
2.655261158943176270e-01
3.517462313175201416e-01
3.809414505958557129e-01
2.601811289787292480e-01
3.638801276683807373e-01
4.350191354751586914e-01
4.736631512641906738e-01
4.179160892963409424e-01
4.731418490409851074e-01
3.997975885868072510e-01
3.854855000972747803e-01
3.699517548084259033e-01
2.945982813835144043e-01
3.171209096908569336e-01
4.086178839206695557e-01
6.913369297981262207e-01
1.229633331298828125e+00
5.839052200317382812e-01
7.415791749954223633e-01
6.894814372062683105e-01
4.714117646217346191e-01
4.070804119110107422e-01
4.131129980087280273e-01
3.665220737457275391e-01
2.767454683780670166e-01
2.267830967903137207e-01
2.812595069408416748e-01
3.677841424942016602e-01
3.034535348415374756e-01
4.158856868743896484e-01
7.677546739578247070e-01
7.004514336585998535e-01
1.076114058494567871e+00
1.070194482803344727e+00
7.539096474647521973e-01
3.652192950248718262e-01
3.507937788963317871e-01
2.536764442920684814e-01
1.846901178359985352e-01
3.286654651165008545e-01
2.818994522094726562e-01
2.051909714937210083e-01
2.082234770059585571e-01
1.974154412746429443e-01
2.282703220844268799e-01
2.457466721534729004e-01
1.831096708774566650e-01
2.488940805196762085e-01
2.408212870359420776e-01
2.259236425161361694e-01
3.878436982631683350e-01
3.672886371612548828e+00
4.221828460693359375e+00
4.188553333282470703e+00
3.691903591156005859e+00
1.467823863029479980e+00
3.758041858673095703e+00
4.496627330780029297e+00
5.318181037902832031e+00
5.052416324615478516e+00
5.319822788238525391e+00
4.992990016937255859e+00
4.660446643829345703e+00
3.997211694717407227e+00
3.146428585052490234e+00
1.510933995246887207e+00
1.464667439460754395e+00
1.650240063667297363e+00
1.914840221405029297e+00
3.306130409240722656e+00
4.176493167877197266e+00
3.551256895065307617e+00
3.120719432830810547e+00
2.203494787216186523e+00
1.910097002983093262e+00
1.146084070205688477e+00
7.940827012062072754e-01
1.493278384208679199e+00
2.248068571090698242e+00
1.947623610496520996e+00
1.222823977470397949e+00
8.638603687286376953e-01
7.691476941108703613e-01
6.882203817367553711e-01
8.462105989456176758e-01
6.847262978553771973e-01
4.269060790538787842e-01
3.984287679195404053e-01
4.412837624549865723e-01
5.015071034431457520e-01
5.260665416717529297e-01
5.035922527313232422e-01
6.376188993453979492e-01
4.836917221546173096e-01
3.234922885894775391e-01
3.386449515819549561e-01
3.749684393405914307e-01
3.084904849529266357e-01
4.408774971961975098e-01
2.138927131891250610e-01
3.208951652050018311e-01
3.697911500930786133e-01
2.649640738964080811e-01
2.147847265005111694e-01
3.653939664363861084e-01
2.821499705314636230e-01
2.081332951784133911e-01
2.576544880867004395e-01
3.101480603218078613e-01
5.020570158958435059e-01
3.509247899055480957e-01
3.771691620349884033e-01
4.619118571281433105e-01
3.355706632137298584e-01
3.490792512893676758e-01
3.392636477947235107e-01
3.283818066120147705e-01
5.826687216758728027e-01
8.217645287513732910e-01
8.636598587036132812e-01
8.175161480903625488e-01
7.935780286788940430e-01
6.764407157897949219e-01
4.319330751895904541e-01
4.216787815093994141e-01
4.582672715187072754e-01
3.144609630107879639e-01
2.006215602159500122e-01
3.051962852478027344e-01
4.835250675678253174e-01
1.070151805877685547e+00
2.012894392013549805e+00
2.411212921142578125e+00
2.646458625793457031e+00
3.555540323257446289e+00
4.653499126434326172e+00
4.501197814941406250e+00
4.019212245941162109e+00
3.327795743942260742e+00
2.335004806518554688e+00
1.498813271522521973e+00
1.788830518722534180e+00
3.092215776443481445e+00
3.748910903930664062e+00
3.333462953567504883e+00
2.590183496475219727e+00
2.429997920989990234e+00
2.561392545700073242e+00
2.326556205749511719e+00
1.742781162261962891e+00
2.673750638961791992e+00
3.771703720092773438e+00
1.512743711471557617e+00
1.215386629104614258e+00
2.763751029968261719e+00
3.500731945037841797e+00
2.671486616134643555e+00
1.830500841140747070e+00
1.701934218406677246e+00
1.293087005615234375e+00
6.927117705345153809e-01
1.113360524177551270e+00
2.341828584671020508e+00
3.733381032943725586e+00
3.783585309982299805e+00
2.663692712783813477e+00
1.798479080200195312e+00
1.023464560508728027e+00
9.332820773124694824e-01
1.427158355712890625e+00
1.437504529953002930e+00
1.170071840286254883e+00
5.654039382934570312e-01
8.589371442794799805e-01
9.858921766281127930e-01
1.065330862998962402e+00
1.062711954116821289e+00
3.753803074359893799e-01
3.131093382835388184e-01
2.958452999591827393e-01
4.101431965827941895e-01
3.298587501049041748e-01
2.673935592174530029e-01
3.248465657234191895e-01
4.595280885696411133e-01
6.530184149742126465e-01
4.987259805202484131e-01
2.819631099700927734e-01
3.830370903015136719e-01
6.367672085762023926e-01
7.912824749946594238e-01
1.044610738754272461e+00
1.197949886322021484e+00
1.010950803756713867e+00
5.287104845046997070e-01
2.542429566383361816e-01
3.189284205436706543e-01
5.187494158744812012e-01
9.916146397590637207e-01
9.355120062828063965e-01
8.848593235015869141e-01
5.544389486312866211e-01
3.933246135711669922e-01
3.005567193031311035e-01
2.904066145420074463e-01
3.323988020420074463e-01
4.276669919490814209e-01
6.929806470870971680e-01
1.400466322898864746e+00
1.464962840080261230e+00
1.425014257431030273e+00
7.475299239158630371e-01
3.980273008346557617e-01
9.843764305114746094e-01
1.104903459548950195e+00
7.822036743164062500e-01
4.285318255424499512e-01
2.517490088939666748e-01
2.774340510368347168e-01
2.231356054544448853e-01
3.620541691780090332e-01
2.892580330371856689e-01
3.395883440971374512e-01
7.787068486213684082e-01
7.169255614280700684e-01
7.170480489730834961e-01
9.392458796501159668e-01
1.033438205718994141e+00
8.526293039321899414e-01
3.673976957798004150e-01
4.905044734477996826e-01
3.323203623294830322e-01
2.900537550449371338e-01
5.245102047920227051e-01
1.169854044914245605e+00
1.113742828369140625e+00
7.792029380798339844e-01
5.321465134620666504e-01
6.128795742988586426e-01
5.246156454086303711e-01
5.335764288902282715e-01
4.353649616241455078e-01
5.345417261123657227e-01
2.846014499664306641e-01
1.904484331607818604e-01
5.222811698913574219e-01
6.958296895027160645e-01
7.208054065704345703e-01
5.011902451515197754e-01
4.501667022705078125e-01
4.365251958370208740e-01
5.301468968391418457e-01
4.940829277038574219e-01
6.918274164199829102e-01
6.032519936561584473e-01
4.375177323818206787e-01
4.022709429264068604e-01
2.157134860754013062e-01
2.610592544078826904e-01
2.569760680198669434e-01
3.375531435012817383e-01
2.874563336372375488e-01
2.803707122802734375e-01
4.698849022388458252e-01
4.354402422904968262e-01
4.274735748767852783e-01
3.622168898582458496e-01
3.543643653392791748e-01
3.664872348308563232e-01
4.530512094497680664e-01
3.283184468746185303e-01
2.665998935699462891e-01
3.690473437309265137e-01
4.994136393070220947e-01
5.900690555572509766e-01
1.319503664970397949e+00
2.515486478805541992e+00
3.618358135223388672e+00
3.628287792205810547e+00
4.014188289642333984e+00
4.508449554443359375e+00
2.368747949600219727e+00
1.661087989807128906e+00
2.563091993331909180e+00
3.378844976425170898e+00
3.888972520828247070e+00
3.440693378448486328e+00
4.138197422027587891e+00
3.706825494766235352e+00
3.049178600311279297e+00
2.066914081573486328e+00
1.041918396949768066e+00
7.712867259979248047e-01
5.040116906166076660e-01
3.427572548389434814e-01
7.746382355690002441e-01
4.591302871704101562e-01
1.423052072525024414e+00
1.516201734542846680e+00
9.609022736549377441e-01
1.803639769554138184e+00
1.784903407096862793e+00
3.291775941848754883e+00
3.378070116043090820e+00
1.982243418693542480e+00
1.293310999870300293e+00
2.669791936874389648e+00
1.644911289215087891e+00
2.294007539749145508e+00
1.213781714439392090e+00
1.476339697837829590e+00
1.379916310310363770e+00
8.069728612899780273e-01
1.015784502029418945e+00
1.216615438461303711e+00
1.124360322952270508e+00
1.022011756896972656e+00
9.317213296890258789e-01
1.178096413612365723e+00
1.203399181365966797e+00
7.823917269706726074e-01
5.293185114860534668e-01
6.407868862152099609e-01
7.238282561302185059e-01
5.188561677932739258e-01
4.144676923751831055e-01
2.566736042499542236e-01
2.267608344554901123e-01
2.851723134517669678e-01
3.913937509059906006e-01
3.977419734001159668e-01
3.302824795246124268e-01
3.145048916339874268e-01
2.257095575332641602e-01
2.338836193084716797e-01
4.030077755451202393e-01
3.888610899448394775e-01
3.533884286880493164e-01
4.272116124629974365e-01
5.601455569267272949e-01
5.371329784393310547e-01
3.889446556568145752e-01
1.903578191995620728e-01
2.121340632438659668e-01
2.962336838245391846e-01
3.746205866336822510e-01
4.471367895603179932e-01
3.725314736366271973e-01
3.069209754467010498e-01
2.811383605003356934e-01
2.738340497016906738e-01
2.911940515041351318e-01
2.055413126945495605e-01
3.329492807388305664e-01
2.818789184093475342e-01
4.876734912395477295e-01
5.098940730094909668e-01
3.706840574741363525e-01
1.768261641263961792e-01
2.003813683986663818e-01
2.222268283367156982e-01
3.289602994918823242e-01
5.224006175994873047e-01
9.249382615089416504e-01
6.442331671714782715e-01
5.562450289726257324e-01
2.306680679321289062e+00
2.405525445938110352e+00
3.952509641647338867e+00
4.317473411560058594e+00
2.356292247772216797e+00
2.468261003494262695e+00
3.726701259613037109e+00
4.052865028381347656e+00
4.961394786834716797e+00
4.688055992126464844e+00
2.840214014053344727e+00
2.612369775772094727e+00
3.425026655197143555e+00
2.845355033874511719e+00
2.093448162078857422e+00
1.278910517692565918e+00
8.144545555114746094e-01
6.464813351631164551e-01
5.478467345237731934e-01
4.995090663433074951e-01
3.184184134006500244e-01
3.078527152538299561e-01
4.019842147827148438e-01
2.732200324535369873e-01
3.019992411136627197e-01
2.133209407329559326e-01
3.178799152374267578e-01
2.753233313560485840e-01
2.770044207572937012e-01
2.882033884525299072e-01
3.139507472515106201e-01
3.382631540298461914e-01
3.344544470310211182e-01
3.693748712539672852e-01
3.299445807933807373e-01
5.493667721748352051e-01
1.369567275047302246e+00
1.899271726608276367e+00
1.905966401100158691e+00
1.425949931144714355e+00
1.203324556350708008e+00
9.724835753440856934e-01
1.019775152206420898e+00
1.871218562126159668e+00
1.874821066856384277e+00
1.145229339599609375e+00
1.075672864913940430e+00
1.257956743240356445e+00
8.933464884757995605e-01
4.633001089096069336e-01
4.740383625030517578e-01
5.167554020881652832e-01
5.959740281105041504e-01
4.700593650341033936e-01
4.282514154911041260e-01
2.893944680690765381e-01
2.941155433654785156e-01
2.250157594680786133e-01
3.580513596534729004e-01
3.439551591873168945e-01
2.668078839778900146e-01
4.028918743133544922e-01
3.045651018619537354e-01
1.845778673887252808e-01
1.674174964427947998e-01
1.469820737838745117e-01
1.775774061679840088e-01
1.861664652824401855e-01
1.618249267339706421e-01
1.895337700843811035e-01
1.568385809659957886e-01
1.911104023456573486e-01
2.019427567720413208e-01
1.574295759201049805e-01
1.629623323678970337e-01
2.266114205121994019e-01
2.372203171253204346e-01
1.955629885196685791e-01
2.246846705675125122e-01
2.385103106498718262e-01
2.992617487907409668e-01
2.294846475124359131e-01
2.569295763969421387e-01
2.420806139707565308e-01
1.637726575136184692e-01
1.888201683759689331e-01
1.498669981956481934e-01
1.606855690479278564e-01
2.226129323244094849e-01
1.864554733037948608e-01
2.103720009326934814e-01
2.871958017349243164e-01
2.557023763656616211e-01
2.838854789733886719e-01
2.353874146938323975e-01
2.211971133947372437e-01
2.260554730892181396e-01
2.625443339347839355e-01
2.194272130727767944e-01
2.186513394117355347e-01
2.062951624393463135e-01
1.643769145011901855e-01
2.006552368402481079e-01
1.978646367788314819e-01
2.350550293922424316e-01
2.587025761604309082e-01
2.258608788251876831e-01
1.499268710613250732e-01
1.737790256738662720e-01
1.930253058671951294e-01
1.505695879459381104e-01
1.429710537195205688e-01
1.395448744297027588e-01
1.670203208923339844e-01
1.473611146211624146e-01
1.492133736610412598e-01
1.663085818290710449e-01
2.060377895832061768e-01
2.378322333097457886e-01
1.736448407173156738e-01
2.420132905244827271e-01
1.575382351875305176e-01
1.671993434429168701e-01
1.449516415596008301e-01
1.592645943164825439e-01
2.021189182996749878e-01
2.183689028024673462e-01
2.113206833600997925e-01
2.179270684719085693e-01
2.488952428102493286e-01
2.507243156433105469e-01
3.113220036029815674e-01
2.871068418025970459e-01
2.130387276411056519e-01
1.977005451917648315e-01
1.576973348855972290e-01
2.052439004182815552e-01
2.837675511837005615e-01
1.627954244613647461e-01
2.014400810003280640e-01
1.680706888437271118e-01
1.723808795213699341e-01
1.882541328668594360e-01
1.992121636867523193e-01
1.937450766563415527e-01
3.503115177154541016e-01
2.620329856872558594e-01
2.930313646793365479e-01
2.335131764411926270e-01
2.286572605371475220e-01
1.486994028091430664e-01
1.833314597606658936e-01
1.495618224143981934e-01
1.830620914697647095e-01
1.722338199615478516e-01
1.594208031892776489e-01
1.732528805732727051e-01
1.704591810703277588e-01
1.826126575469970703e-01
2.601310312747955322e-01
1.762808412313461304e-01
1.858072131872177124e-01
1.601234823465347290e-01
1.646634191274642944e-01
2.029371112585067749e-01
2.120132893323898315e-01
1.870024353265762329e-01
1.842523664236068726e-01
1.408716440200805664e-01
1.385803371667861938e-01
1.454202681779861450e-01
1.448899060487747192e-01
1.462171822786331177e-01
1.640323996543884277e-01
1.691320389509201050e-01
1.607344448566436768e-01
1.593375355005264282e-01
1.775029599666595459e-01
1.411078870296478271e-01
2.182400822639465332e-01
1.858741194009780884e-01
1.842579692602157593e-01
1.959434449672698975e-01
2.268616408109664917e-01
1.413542181253433228e-01
2.042601406574249268e-01
2.672907114028930664e-01
2.628432214260101318e-01
2.437053918838500977e-01
2.429678738117218018e-01
2.404625862836837769e-01
2.453301101922988892e-01
3.409332036972045898e-01
2.502880394458770752e-01
2.408079504966735840e-01
2.368898391723632812e-01
2.455187141895294189e-01
3.147810995578765869e-01
2.347541600465774536e-01
1.778278946876525879e-01
1.372687518596649170e-01
2.096694111824035645e-01
1.979256272315979004e-01
2.969263195991516113e-01
2.058062404394149780e-01
2.207555919885635376e-01
1.528869420289993286e-01
1.747718304395675659e-01
1.811920255422592163e-01
2.207688391208648682e-01
2.619471251964569092e-01
2.266506403684616089e-01
1.825734227895736694e-01
2.275383174419403076e-01
1.918441057205200195e-01
1.668484956026077271e-01
1.354359835386276245e-01
2.178656011819839478e-01
1.876659542322158813e-01
1.388527750968933105e-01
1.464146822690963745e-01
1.905930936336517334e-01
2.369182258844375610e-01
2.927305698394775391e-01
5.077477097511291504e-01
1.764551639556884766e+00
3.207390785217285156e+00
9.843864440917968750e-01
6.917814612388610840e-01
2.035691738128662109e-01
8.099174499511718750e-01
1.398440241813659668e+00
1.654531002044677734e+00
1.310803413391113281e+00
8.101469874382019043e-01
6.126084923744201660e-01
4.340176284313201904e-01
4.054818153381347656e-01
2.833688557147979736e-01
2.091335803270339966e-01
2.611980438232421875e-01
3.610998690128326416e-01
3.828645348548889160e-01
3.481188118457794189e-01
2.644077539443969727e-01
2.967250049114227295e-01
3.665256798267364502e-01
2.513526976108551025e-01
2.098380029201507568e-01
1.715646833181381226e-01
1.783979386091232300e-01
2.040635794401168823e-01
1.566655188798904419e-01
2.223544865846633911e-01
2.224536538124084473e-01
2.345085740089416504e-01
1.611182540655136108e-01
2.041358351707458496e-01
2.000176459550857544e-01
3.526747822761535645e-01
3.855434060096740723e-01
2.264463603496551514e-01
1.854528486728668213e-01
1.585649698972702026e-01
2.603157758712768555e-01
2.224215567111968994e-01
2.613229453563690186e-01
2.312778234481811523e-01
2.737901210784912109e-01
3.232707381248474121e-01
3.369445800781250000e-01
4.404525160789489746e-01
4.319410622119903564e-01
3.977051377296447754e-01
4.539617002010345459e-01
3.378112614154815674e-01
3.212796747684478760e-01
3.032898306846618652e-01
2.896602749824523926e-01
1.734994351863861084e-01
2.140009254217147827e-01
3.647862672805786133e-01
2.841717302799224854e-01
2.323001921176910400e-01
2.011875957250595093e-01
2.542788684368133545e-01
2.627255022525787354e-01
2.378440797328948975e-01
1.651335805654525757e-01
1.786781996488571167e-01
1.926281899213790894e-01
3.144034743309020996e-01
3.932129442691802979e-01
4.441385269165039062e-01
2.309481352567672729e-01
2.804068624973297119e-01
1.968787610530853271e-01
2.238630056381225586e-01
