78.62
78.24
77.97
77.60
77.15
76.56
76.09
75.74
75.43
75.14
74.74
74.55
74.59
74.59
74.51
74.17
73.95
73.83
73.69
73.66
73.48
73.42
73.41
73.34
73.23
73.01
72.98
73.04
73.09
73.07
72.90
72.97
73.18
73.22
73.20
72.98
73.01
73.16
73.29
73.54
73.61
73.69
73.67
73.22
72.53
71.44
70.51
69.88
69.30
68.99
68.85
68.98
69.17
69.24
69.30
69.31
69.57
69.87
70.02
70.06
70.00
70.01
70.09
70.07
70.05
69.91
69.91
69.98
69.95
69.89
69.81
69.94
70.03
69.89
69.65
69.08
68.52
68.05
68.51
69.16
68.91
68.52
68.13
68.09
68.15
68.30
68.50
68.74
68.71
68.64
68.72
69.15
69.39
68.94
68.58
68.45
68.56
68.89
69.08
69.23
69.19
69.15
69.04
68.70
68.28
67.98
67.97
68.11
68.10
68.17
68.12
68.17
68.24
68.19
68.22
68.25
68.51
68.78
68.93
69.10
69.13
69.27
69.49
69.49
69.57
69.64
69.83
70.07
69.95
69.76
69.51
69.45
69.48
69.41
69.38
69.31
69.37
69.50
69.43
69.43
69.45
69.64
69.81
69.85
69.90
69.92
70.12
70.29
70.41
70.90
71.52
71.80
71.37
71.19
70.99
70.38
69.71
69.13
68.69
68.36
68.39
68.87
69.24
69.10
68.05
66.53
66.42
66.73
66.86
67.07
67.26
67.62
67.98
68.16
68.56
68.63
68.54
68.17
68.41
68.77
68.74
68.73
68.74
68.62
68.52
68.57
68.72
68.84
68.65
68.55
68.42
68.40
68.43
68.34
68.35
68.37
68.41
68.31
68.16
68.13
68.24
68.39
68.52
68.44
68.49
68.57
68.73
68.84
68.78
68.77
68.85
68.98
69.03
68.84
68.68
68.61
68.65
68.71
68.65
68.61
68.65
68.71
68.79
68.70
68.76
68.86
68.97
69.07
69.04
69.12
69.10
69.05
68.93
68.75
68.65
68.71
68.81
68.89
68.79
68.79
68.89
68.88
68.84
68.67
68.62
68.69
68.78
68.92
68.75
68.64
68.60
68.55
68.53
68.40
68.43
68.58
68.67
68.77
68.69
68.76
68.92
69.07
69.18
69.11
69.16
69.33
69.45
69.53
69.29
69.10
69.05
68.97
68.94
68.80
68.79
68.85
68.84
68.85
68.75
68.78
68.90
69.01
69.08
69.03
69.12
69.29
69.38
69.31
69.08
68.95
68.94
68.88
68.93
68.79
68.82
68.91
68.90
68.92
68.83
68.91
69.09
69.16
69.28
69.27
69.48
69.82
70.04
70.18
70.07
70.00
69.99
69.97
69.96
69.80
69.74
69.81
69.78
69.82
69.67
69.71
69.84
69.90
69.95
69.86
69.94
70.06
69.99
69.84
69.62
69.51
69.58
69.57
69.55
69.46
69.45
69.60
69.58
69.60
69.50
69.60
69.77
69.81
69.84
69.75
69.84
69.94
69.85
69.71
69.45
69.50
69.71
69.90
70.03
69.77
69.46
68.94
67.99
66.86
65.78
65.06
64.69
64.46
64.48
64.65
65.27
66.10
66.70
67.21
67.45
67.74
67.97
68.01
68.00
67.77
67.57
67.39
66.98
66.63
66.38
66.40
66.55
66.56
66.62
66.61
66.76
66.79
66.67
66.57
66.43
66.44
66.59
66.53
66.53
66.43
66.50
66.66
66.70
66.84
66.81
66.99
67.16
67.21
67.32
67.27
67.22
67.24
67.04
66.98
66.87
66.80
66.89
67.13
67.44
67.63
67.78
67.82
67.49
67.16
66.89
66.93
67.14
67.26
67.39
67.41
67.41
67.47
67.35
67.35
67.28
67.43
67.65
67.60
67.56
67.45
67.54
67.64
67.60
67.61
67.52
67.67
67.85
67.93
68.03
68.04
68.05
68.14
68.03
68.02
67.96
68.09
68.23
68.21
68.22
68.16
68.24
68.39
68.42
68.43
68.41
68.53
68.73
68.77
68.87
68.83
68.84
68.89
68.76
68.69
68.66
68.72
68.86
68.82
68.81
68.72
68.83
68.97
69.00
69.03
69.00
69.14
69.31
69.33
69.38
69.37
69.37
69.38
69.19
69.10
68.95
69.04
69.12
69.05
68.98
68.87
68.96
69.10
69.08
69.10
69.10
69.24
69.41
69.40
69.42
69.49
69.56
69.54
69.34
69.18
69.01
69.04
69.10
68.94
68.84
68.67
68.70
68.76
68.68
68.69
68.67
68.77
68.95
68.93
69.02
69.06
69.21
69.21
69.04
68.91
68.75
68.84
69.00
68.98
69.00
68.97
69.03
69.26
69.25
69.28
69.26
69.35
69.41
69.26
69.12
69.01
69.03
69.01
68.71
68.42
68.19
68.09
68.06
67.97
67.95
67.87
67.94
68.00
67.94
67.92
67.96
68.09
68.25
68.22
68.29
68.34
68.55
68.79
68.70
68.57
68.44
68.40
68.43
68.39
68.42
68.39
68.45
68.45
68.33
68.31
68.32
68.43
68.60
68.55
68.56
68.61
68.75
68.85
68.64
68.49
68.35
68.32
68.29
68.14
68.02
67.94
67.95
67.96
67.84
67.82
67.84
68.06
68.30
68.32
68.38
68.46
68.58
68.70
68.45
68.35
68.18
68.10
68.06
67.92
67.82
67.78
67.84
67.90
67.77
67.83
67.91
68.07
68.17
68.13
68.18
68.31
68.51
68.74
68.57
68.47
68.38
68.42
68.42
68.38
68.38
68.46
68.53
68.61
68.54
68.53
68.58
68.67
68.74
68.68
68.71
68.78
68.92
68.95
68.70
68.58
68.53
68.55
68.60
68.45
68.43
68.47
68.57
68.60
68.52
68.53
68.63
68.74
68.84
68.81
68.83
68.95
69.13
69.24
69.08
68.95
68.91
68.85
68.81
68.68
68.56
68.56
68.54
68.55
68.39
68.38
68.47
68.56
68.62
68.58
68.61
68.69
68.83
68.98
68.87
68.75
68.64
68.53
68.71
68.58
68.24
68.21
68.17
68.16
67.94
67.71
67.45
67.22
67.12
66.95
66.97
67.10
67.30
67.51
67.56
67.52
67.54
67.47
67.35
67.05
66.92
66.90
66.82
66.76
66.53
66.43
66.47
66.49
66.56
66.53
66.61
66.91
67.23
67.53
67.52
67.17
66.89
66.97
66.84
66.64
66.67
66.98
67.15
67.20
67.01
66.97
67.09
67.20
67.31
67.27
67.27
67.34
67.38
67.40
67.28
67.29
67.29
67.16
67.07
66.84
66.73
66.87
66.90
66.92
66.77
66.79
66.88
66.96
67.02
66.96
67.02
67.17
67.26
67.39
67.39
67.44
67.50
67.47
67.45
67.34
67.34
67.46
67.54
67.56
67.45
67.46
67.62
67.69
67.76
67.71
67.78
67.95
68.04
68.15
68.06
68.00
68.00
67.93
67.87
67.70
67.72
67.84
67.82
67.82
67.70
67.75
67.87
67.94
67.95
67.83
67.89
68.07
68.18
68.30
68.12
68.06
68.06
67.99
67.94
67.75
67.30
66.86
67.08
67.16
66.86
66.79
66.78
66.91
67.02
66.91
66.84
66.95
67.02
67.16
67.20
67.33
67.42
67.38
67.33
67.11
67.08
67.13
67.07
67.00
66.84
66.80
66.86
66.87
66.91
66.86
66.91
67.07
67.14
67.25
67.17
67.29
67.35
67.24
67.12
66.88
66.85
66.96
66.99
66.99
66.91
66.95
67.08
67.15
67.19
67.09
67.17
67.29
67.33
67.40
67.34
67.39
67.37
67.23
67.12
66.93
66.89
67.06
67.06
67.04
66.95
66.99
67.14
67.19
67.21
67.17
67.25
67.44
67.44
67.51
67.45
67.45
67.40
67.22
67.03
66.82
66.80
66.87
66.82
66.76
66.63
66.66
66.79
66.75
66.78
66.66
66.71
66.83
66.84
66.90
66.94
67.09
67.15
66.97
66.73
66.62
66.63
67.03
67.42
67.85
68.05
68.23
68.27
68.00
67.72
67.27
67.11
67.02
66.85
66.72
66.66
66.92
67.30
67.46
67.74
67.95
68.24
68.55
68.68
68.73
68.64
68.65
68.64
68.47
68.42
68.28
68.32
68.42
68.39
68.43
68.40
68.49
68.69
68.58
68.45
68.24
68.24
68.29
68.21
68.23
68.20
68.30
68.46
68.45
68.47
68.42
68.56
68.73
68.75
68.80
68.78
68.95
69.11
68.98
68.83
68.65
68.65
68.69
68.69
68.67
68.61
68.73
68.83
68.72
68.63
68.48
68.53
68.62
68.62
68.67
68.63
68.68
68.65
68.48
68.34
68.21
68.28
68.37
68.31
68.28
68.29
68.52
68.49
68.39
68.30
68.15
68.44
68.67
68.61
68.49
68.16
68.03
68.05
67.91
67.86
67.89
67.99
68.06
67.92
67.86
67.79
67.89
68.03
67.97
68.04
68.02
68.17
68.37
68.38
68.25
68.06
68.04
68.03
67.89
67.89
67.83
67.90
67.96
67.82
67.80
67.76
67.85
67.99
67.90
67.92
67.95
68.11
68.26
68.10
67.98
67.81
67.78
67.85
67.86
67.97
68.04
68.18
68.34
68.27
68.27
68.25
68.37
68.44
68.34
68.34
68.38
68.50
68.69
68.65
68.56
68.39
68.32
68.26
68.09
67.96
67.94
68.01
68.07
67.99
67.95
68.04
68.24
68.43
68.42
68.51
68.53
68.65
68.78
68.67
68.66
68.64
68.54
68.53
68.43
68.43
68.50
68.67
68.79
68.70
68.73
68.77
68.85
68.96
68.95
68.99
69.06
69.17
69.25
69.17
69.20
69.11
69.06
68.98
68.78
68.68
68.67
68.77
68.86
68.75
68.73
68.75
68.90
69.03
69.01
69.04
69.11
69.25
69.33
69.28
69.27
69.22
69.18
69.11
68.89
68.77
68.81
68.90
68.98
68.86
68.80
68.86
68.96
69.03
68.93
68.91
68.89
68.95
69.04
68.95
68.98
68.99
68.98
68.90
68.66
68.54
68.51
68.62
68.65
68.53
68.45
68.45
68.54
68.65
68.58
68.63
68.72
68.88
68.98
68.92
68.97
68.93
68.82
68.65
68.32
68.13
68.08
68.13
68.14
68.01
68.00
68.02
68.09
68.19
68.14
68.13
68.20
68.30
68.36
68.29
68.33
68.30
68.22
68.13
67.89
67.73
67.70
67.76
67.80
67.64
67.59
67.59
67.68
67.77
67.73
67.73
67.83
67.92
68.04
68.01
68.06
68.20
68.28
68.26
68.00
67.89
67.86
67.89
67.95
67.87
67.82
67.82
67.88
67.94
67.86
67.86
67.97
68.12
68.28
68.26
68.31
68.47
68.67
68.80
68.60
68.46
68.41
68.45
68.47
68.37
68.34
68.36
68.44
68.46
68.41
68.46
68.56
68.67
68.79
68.73
68.75
68.89
69.01
69.14
69.07
68.96
68.89
68.84
68.85
68.63
68.61
68.65
68.71
68.77
68.67
68.65
68.74
68.88
68.99
68.92
68.93
69.02
69.15
69.26
69.22
69.25
69.33
69.32
69.27
69.03
68.96
69.00
69.18
69.38
69.30
69.21
69.07
68.87
68.70
68.44
68.28
68.26
68.28
68.39
68.36
68.49
68.78
69.16
69.47
69.46
69.45
69.44
69.36
69.21
68.92
68.67
68.47
68.34
68.23
68.03
68.00
68.07
68.22
68.39
68.38
68.45
68.63
68.80
68.94
68.68
68.45
68.27
68.17
68.03
67.84
67.75
67.77
67.78
67.81
67.70
67.71
67.82
67.94
68.06
67.99
68.02
68.10
68.19
68.30
68.23
68.05
67.92
67.72
67.59
67.36
67.28
67.35
67.38
67.41
67.28
67.27
67.40
67.54
67.67
67.67
67.76
68.00
68.48
68.66
68.40
67.41
66.34
65.78
65.37
64.92
64.71
64.65
64.61
64.55
64.41
64.38
64.41
64.27
64.01
63.75
63.74
63.94
64.09
64.12
64.03
64.11
64.09
64.01
64.13
64.19
64.37
64.59
64.67
64.69
64.52
64.50
64.54
64.74
64.93
64.94
64.98
65.11
65.16
65.32
65.28
65.26
65.36
65.45
65.49
65.49
65.59
65.76
65.90
66.07
66.04
66.21
66.62
67.09
67.53
67.95
68.67
69.17
69.38
68.98
68.77
69.03
69.00
68.79
69.02
68.50
67.62
67.50
67.62
68.02
67.94
67.78
67.96
68.23
68.38
68.47
68.61
68.66
68.61
68.38
67.92
67.91
68.29
68.34
68.51
68.84
68.87
68.87
69.13
69.47
69.43
69.32
69.07
68.84
68.62
68.29
68.03
67.77
67.56
67.52
67.36
67.37
67.42
67.39
67.35
67.25
67.33
67.46
67.45
67.42
67.20
67.10
67.16
66.99
66.76
66.43
66.28
66.28
66.28
66.31
66.19
66.20
66.29
66.31
66.32
66.22
66.28
66.41
66.43
66.51
66.44
66.47
66.44
66.31
66.18
65.96
65.92
66.03
66.02
66.02
65.91
65.91
66.03
66.07
66.14
66.09
66.18
66.37
66.44
66.45
66.22
66.13
66.12
66.02
65.97
65.88
65.90
65.94
65.85
65.80
65.69
65.79
66.00
66.11
66.21
66.24
66.44
66.68
66.79
66.64
66.12
65.60
65.26
65.31
66.22
66.48
66.30
66.21
65.88
65.56
65.30
65.33
65.50
65.61
65.90
66.04
66.31
66.58
66.61
66.55
66.47
66.52
66.68
66.71
66.75
66.69
66.76
66.91
66.95
67.06
66.96
67.11
67.26
66.95
66.59
67.01
68.65
68.86
67.58
66.91
66.87
68.32
68.86
68.38
68.20
67.82
68.36
68.72
68.50
68.19
67.66
67.32
67.20
66.73
66.04
65.56
65.42
65.49
65.82
66.62
67.05
66.88
66.43
66.30
66.21
66.19
66.66
67.36
67.62
67.73
67.82
68.29
68.78
68.85
68.81
68.56
68.42
68.23
67.90
67.75
67.54
67.58
67.70
67.64
67.67
67.67
67.82
68.03
68.06
68.15
68.21
68.37
68.35
68.13
67.91
67.76
67.95
68.10
68.02
67.95
67.83
67.90
68.02
67.96
68.04
68.06
68.32
68.56
68.58
68.47
68.33
68.37
68.44
68.36
68.37
68.35
68.42
68.53
68.41
68.38
68.36
68.45
68.53
68.44
68.46
68.42
68.34
68.21
67.92
67.65
67.46
67.46
67.49
67.40
67.29
67.22
67.30
67.42
67.38
67.41
67.41
67.52
67.65
67.60
67.48
67.32
67.27
67.30
67.18
67.16
67.19
67.29
67.37
67.31
67.34
67.35
67.41
67.50
67.27
67.23
67.20
67.35
67.28
67.04
66.92
66.88
66.91
67.03
66.95
66.92
66.95
66.95
67.01
66.94
66.94
66.98
67.09
67.18
67.13
67.19
67.26
67.27
67.23
67.03
66.90
66.95
67.11
67.24
67.20
67.21
67.28
67.39
67.52
67.51
67.53
67.64
67.65
67.68
67.54
67.37
67.25
67.11
66.25
65.81
65.68
65.57
65.96
67.54
68.18
67.09
66.99
66.57
66.52
66.44
66.49
67.05
67.14
67.47
67.40
67.22
67.24
67.30
67.27
66.92
66.83
66.92
67.00
67.11
67.02
67.00
67.11
67.24
67.37
67.35
67.43
67.56
67.65
67.64
67.38
67.20
67.10
66.97
66.87
66.73
66.72
66.81
66.90
67.03
67.04
67.17
67.41
67.58
67.77
67.79
67.90
68.07
67.97
67.79
67.41
67.09
66.96
66.85
66.80
66.57
66.52
66.58
66.63
66.74
66.71
66.84
67.11
67.20
67.28
67.09
66.87
66.80
66.60
66.47
66.24
66.23
66.34
66.37
66.39
66.43
66.50
66.70
66.83
66.99
67.10
67.26
67.48
67.74
68.05
68.12
68.37
68.60
68.71
68.93
69.03
69.27
69.58
69.92
70.68
70.93
70.55
70.36
70.05
69.58
68.99
68.65
68.60
68.37
68.31
68.27
68.45
68.81
68.79
68.72
67.81
67.01
66.76
66.65
66.76
66.74
66.88
67.13
67.30
67.49
67.49
67.55
67.70
67.73
67.75
67.74
67.87
68.14
68.24
68.43
68.48
68.12
67.60
67.33
67.29
67.10
66.97
66.90
66.51
66.14
65.64
65.24
64.73
64.58
65.05
66.07
67.02
66.55
66.41
66.88
67.19
68.09
69.08
68.96
68.90
68.69
68.91
69.51
69.88
70.06
70.02
70.02
70.10
70.15
70.15
70.03
70.04
70.12
70.02
69.91
69.69
69.64
69.81
69.75
69.64
69.44
69.38
69.44
69.53
69.77
69.76
69.88
70.15
70.15
70.17
70.13
70.28
70.53
70.51
70.48
70.21
69.96
69.76
69.40
69.14
68.93
68.86
68.84
68.62
68.50
68.42
68.53
68.70
68.76
68.86
68.86
69.03
69.13
68.64
67.94
67.22
66.67
65.88
65.26
64.80
64.35
64.10
64.09
64.22
64.53
64.84
65.26
65.78
66.14
66.53
66.75
67.03
67.30
67.84
68.33
68.45
68.49
68.26
67.85
67.76
68.10
68.53
68.84
68.97
69.03
68.99
69.05
69.04
68.82
68.51
68.08
67.70
67.26
66.72
66.20
66.10
66.27
66.51
66.65
66.98
67.18
67.52
67.75
67.62
67.59
67.50
67.50
67.72
67.80
67.98
68.03
68.18
68.44
68.61
68.86
69.20
69.54
69.83
69.75
69.55
69.37
69.41
69.61
69.73
69.78
69.82
69.80
69.93
69.88
69.88
70.12
70.67
71.40
72.04
72.44
72.58
72.62
72.50
72.12
71.91
71.92
72.04
72.16
72.15
72.16
72.19
72.27
72.52
72.72
73.01
73.32
73.45
73.41
73.09
72.84
72.91
73.28
73.97
74.47
74.86
75.13
75.25
75.27
75.10
75.11
75.33
75.44
75.31
74.85
74.43
74.09
73.92
73.94
73.82
73.69
73.61
73.54
73.64
73.56
73.56
73.69
73.76
73.86
73.74
73.46
73.21
72.95
72.77
72.50
72.42
72.58
72.77
73.01
72.99
73.10
73.31
73.55
73.75
73.64
73.32
73.00
72.72
72.54
72.42
72.18
72.07
72.02
71.93
71.72
71.58
71.53
71.43
71.38
71.19
71.19
71.30
71.55
71.84
71.98
72.20
73.00
73.41
73.34
73.51
73.38
74.46
75.17
75.06
74.94
74.29
74.19
75.96
76.32
75.36
74.34
74.47
75.38
76.19
76.21
75.96
75.60
74.98
74.37
73.80
73.40
73.26
73.06
72.86
72.54
72.31
72.31
72.26
72.28
72.16
72.12
72.22
72.35
72.55
72.50
72.54
72.75
72.99
73.36
73.60
73.72
73.86
73.88
73.93
73.74
73.59
73.57
73.46
73.38
73.22
73.15
73.04
72.77
72.63
72.35
72.31
72.44
72.45
72.50
72.42
72.42
72.55
72.62
72.80
72.78
73.01
73.60
72.71
72.69
72.79
72.71
72.78
72.77
72.52
71.54
70.97
70.83
71.01
71.43
71.71
71.96
72.25
72.38
72.38
71.96
71.54
71.27
70.99
70.83
70.67
70.58
70.58
70.61
70.63
70.56
70.63
70.83
70.97
71.16
71.14
71.14
71.42
71.50
71.60
71.25
70.60
70.03
69.35
69.95
70.84
71.21
71.05
70.99
71.09
70.97
70.77
70.45
70.08
69.84
69.55
69.60
69.79
69.96
70.14
70.24
70.28
70.26
70.11
70.10
70.03
70.10
70.16
69.93
69.80
69.54
69.42
69.61
69.67
69.76
69.70
69.72
69.84
69.92
70.02
70.02
70.20
70.44
70.57
70.52
70.30
70.21
70.23
70.25
70.35
70.25
70.28
70.41
70.40
70.43
70.39
70.45
70.61
70.59
70.65
70.56
70.47
70.48
70.39
70.34
70.32
70.41
70.64
70.65
70.74
70.68
70.75
70.96
71.03
71.12
71.10
71.25
71.47
71.52
71.43
71.19
71.06
71.09
70.99
71.04
70.94
70.97
71.10
71.13
71.18
71.19
71.33
71.58
71.62
71.69
71.73
71.84
72.09
72.07
71.95
71.73
71.62
71.64
71.55
71.55
71.38
71.30
71.35
71.23
71.19
71.11
71.15
71.31
71.28
71.30
71.21
71.34
71.47
71.26
71.00
70.67
70.49
70.47
70.37
70.33
70.22
70.21
70.29
70.23
70.22
70.19
70.27
70.45
70.42
70.42
70.41
70.47
70.67
70.58
70.36
70.02
69.81
69.72
69.49
69.46
69.36
69.38
69.42
69.31
69.29
69.32
69.46
69.66
69.72
69.77
69.82
69.92
70.10
70.03
70.01
69.74
69.55
69.49
69.34
69.31
69.34
69.43
69.58
69.52
69.50
69.50
69.60
69.75
69.76
69.78
69.79
69.92
70.09
70.11
69.97
69.76
69.70
69.75
69.71
69.87
70.27
70.88
70.69
71.16
71.71
71.77
71.38
71.33
71.36
71.50
71.54
71.55
71.56
71.29
71.04
70.81
70.66
70.62
70.55
70.53
70.42
70.36
70.37
70.25
70.24
70.31
70.43
70.56
70.43
70.41
70.43
70.50
70.65
70.50
70.29
70.15
70.07
70.07
70.05
70.02
70.08
70.14
70.26
70.22
70.26
70.33
70.47
70.60
70.56
70.56
70.60
70.66
70.53
70.20
69.96
69.90
69.90
70.03
69.97
69.92
69.95
70.00
70.07
70.01
70.03
70.11
70.21
70.32
70.33
70.27
70.19
70.07
69.95
69.69
