1.092174147410788123e+02
1.075305901740652956e+02
1.071924289145952969e+02
1.073459424396572217e+02
1.077378848174755035e+02
1.102920615898609071e+02
1.090635979581059729e+02
1.095351220121744404e+02
1.082422570030815336e+02
1.076491746097527340e+02
1.075850006923289897e+02
1.076443254147681898e+02
1.068425987600553242e+02
1.060827585052236941e+02
1.051372594063305002e+02
1.057002902031421883e+02
1.055848886061965430e+02
1.053119531121016905e+02
1.056745547369996387e+02
1.057256837891927859e+02
1.054746617710297301e+02
1.053687943262411437e+02
1.056556738466617134e+02
1.059340945679053334e+02
1.057677451551193570e+02
1.056258754024361792e+02
1.051908123711340295e+02
1.055008310893919798e+02
1.054028831562974062e+02
1.057558955596208250e+02
1.050416831422169537e+02
1.053736225610864210e+02
1.054308055375513220e+02
1.051533174381320350e+02
1.055753869736907831e+02
1.051515421702661541e+02
1.060616846189871012e+02
1.094800277936145960e+02
1.101754307810189033e+02
1.099438026794428112e+02
1.097283271957446118e+02
1.087846328274899577e+02
1.079061912091670905e+02
1.083331836784030600e+02
1.081686453839516844e+02
1.080609640260435498e+02
1.077140892052683938e+02
1.077559263719249998e+02
1.079346882026811301e+02
1.079161973650219579e+02
1.074744122424553296e+02
1.077342832188789714e+02
1.079877113983225598e+02
1.082440376188579165e+02
1.079278033268938231e+02
1.084048782171894203e+02
1.078696031474512438e+02
1.079220628613332735e+02
1.074520168997082692e+02
1.077861896978785836e+02
1.074487815469927057e+02
1.075072701688555412e+02
1.073143877448853516e+02
1.075912902579179473e+02
1.069954478489017049e+02
1.072307525663244832e+02
1.070337626692680288e+02
1.073307774369916103e+02
1.072430093649690548e+02
1.078823806005239447e+02
1.080599482074393052e+02
1.078013232799878978e+02
1.070039289824100024e+02
1.081247615222411724e+02
1.081182195170891447e+02
1.080729582880548492e+02
1.078110040719038665e+02
1.088004043807919174e+02
1.081748821827201397e+02
1.084242540231989125e+02
1.079021432784951173e+02
1.087683227331757223e+02
1.079393869517236908e+02
1.089807990399520037e+02
1.119493203439604656e+02
1.119349544927434295e+02
1.107257225132706537e+02
1.100941240944666220e+02
1.096471949983102405e+02
1.092756250104797289e+02
1.091348824786324911e+02
1.091031280221429398e+02
1.091129802492554006e+02
1.093919487648673368e+02
1.089671370834161479e+02
1.095852830504222766e+02
1.091805495707514382e+02
1.097976936575582840e+02
1.097358481155758057e+02
1.093314089664500273e+02
1.094586509491430633e+02
1.092906361592381899e+02
1.092018380354760581e+02
1.092766171285464765e+02
1.093145974813740366e+02
1.092596815411834115e+02
1.085957108042242112e+02
1.080710307751738526e+02
1.085153364355064696e+02
1.091225576397030181e+02
1.094079938307053652e+02
1.096374139300847474e+02
1.096192646913090840e+02
1.099489541132699486e+02
1.101349273698397724e+02
1.096388468124341387e+02
1.098686753743650684e+02
1.098301528294093288e+02
1.105430704122096728e+02
1.101115934374277856e+02
1.101821650134359487e+02
1.101776915036583517e+02
1.140088404353827087e+02
1.144607639812106754e+02
1.132597267313668681e+02
1.124414683912020934e+02
1.111775585278611373e+02
1.108849570949306269e+02
1.106950372416101800e+02
1.106580271766482042e+02
1.104141019866886921e+02
1.101786309127248558e+02
1.101863130539081794e+02
1.100340321488163227e+02
1.100667759182930325e+02
1.099244912766729385e+02
1.098482567681824804e+02
1.101871032075785308e+02
1.095764232824988937e+02
1.095824411134903613e+02
1.114863567712703514e+02
1.133325559945006233e+02
1.128626015131533364e+02
1.119277228231986498e+02
1.107591862854063578e+02
1.100228016818733323e+02
1.089300671736166919e+02
1.094199280551576976e+02
1.086390220753080627e+02
1.087512776271464929e+02
1.092356934693336825e+02
1.090526089330928272e+02
1.087572890614716243e+02
1.090476088742810248e+02
1.091191688500008183e+02
1.089120078901947863e+02
1.086131051344743241e+02
1.085020578820147534e+02
1.085223328499030515e+02
1.083791486937413566e+02
1.078427144545351553e+02
1.068758701989709010e+02
1.071091095091190937e+02
1.064970298602287073e+02
1.071366422056318584e+02
1.068627673156718885e+02
1.064719275222540347e+02
1.066352349420603502e+02
1.088821231242030905e+02
1.125885961871750567e+02
1.126243486089229862e+02
1.113032611283027791e+02
1.120875262595998265e+02
1.123792895638548686e+02
1.113187327310019867e+02
1.097662663828088512e+02
1.093623470431082723e+02
1.078564070472706220e+02
1.073190556653701293e+02
1.075529467983434273e+02
1.071977143402104531e+02
1.059713538015795109e+02
1.053815970451419446e+02
1.051978402389522813e+02
1.052646650415033776e+02
1.046848827438698208e+02
1.048510198413923007e+02
1.045447181962098284e+02
1.048070660947373369e+02
1.047278399509428084e+02
1.047747048284099805e+02
1.046664374875861370e+02
1.042606063371818834e+02
1.044074833340926034e+02
1.043473365617433473e+02
1.034124166865032066e+02
1.045069469891291050e+02
1.041479694895836445e+02
1.040854260859184990e+02
1.037758726270667466e+02
1.033261596821888304e+02
1.036649726407315768e+02
1.032339130694191738e+02
1.045286984146378728e+02
1.039303498219469191e+02
1.029736799517441170e+02
1.037759446673453425e+02
1.030071870397643607e+02
1.030278624035020272e+02
1.055935048152364431e+02
1.113747329059829241e+02
1.120308267007689835e+02
1.102092098533221218e+02
1.117849362805339979e+02
1.119472945552925296e+02
1.107071136658138641e+02
1.088838178294573567e+02
1.068618053927315259e+02
1.055898605598893027e+02
1.048257707794939648e+02
1.042671831633940371e+02
1.045133537850762337e+02
1.041853315371950401e+02
1.039264842814703087e+02
1.041051004867560579e+02
1.041430723790202251e+02
1.040951780040975194e+02
1.041624451148481114e+02
1.059896601317084333e+02
1.053584595426295749e+02
1.049266408114558544e+02
1.059021752320854404e+02
1.055426142401700247e+02
1.058979040507520324e+02
1.057164844801257857e+02
1.051992582000178800e+02
1.038058845002555302e+02
1.039872134749176240e+02
1.036120865659452903e+02
1.036009918516026147e+02
1.029135504914199970e+02
1.025239013717559260e+02
1.034030615231516776e+02
1.036054009531093669e+02
1.043036935907519194e+02
1.093803426969870713e+02
1.120020404100726523e+02
1.108052253045648143e+02
1.098499927298576608e+02
1.070039927573239282e+02
1.052751447854780480e+02
1.040459599594600490e+02
1.035929938710895470e+02
1.040887853215325265e+02
1.035330471727037747e+02
1.049497473370950473e+02
1.037433662087589568e+02
1.038282349498939254e+02
1.049140545855431697e+02
1.038820674950371199e+02
1.036213746057360794e+02
1.035300136325657121e+02
1.032543581963267059e+02
1.036252821999213438e+02
1.040436058394160597e+02
1.040398613264679142e+02
1.036126550247892482e+02
1.038657038439522751e+02
1.073762010118670105e+02
1.111736132567934447e+02
1.130214764196990558e+02
1.117310938221138059e+02
1.108220895130594670e+02
1.098872564882531861e+02
1.075180276870430731e+02
1.047677889313316086e+02
1.042219005701119556e+02
1.032438229387968960e+02
1.034240683891247130e+02
1.032617353363202426e+02
1.034492885700846756e+02
1.027302871301559577e+02
1.027792808569010390e+02
1.023267171585270319e+02
1.029277802843960643e+02
1.023832408049965323e+02
1.019841931911343806e+02
1.015711763439316684e+02
1.028056814220982886e+02
1.026624768303985178e+02
1.027489640036386191e+02
1.029668146423113342e+02
1.017594266528925573e+02
1.014959176985223905e+02
1.021274051261386973e+02
1.008134845173558887e+02
1.006751388631073922e+02
1.000881544640969736e+02
1.004577627855121307e+02
1.057707649854361449e+02
1.089995654483124810e+02
1.089710255494594691e+02
1.061580545209852602e+02
1.036419080221611608e+02
1.013932194109849547e+02
1.012477663131196692e+02
1.004626784694460326e+02
1.019398979398979463e+02
9.973207753437328904e+01
1.013802614360287038e+02
1.002219022207163306e+02
1.009358826461582339e+02
1.006278907297043048e+02
1.003265745660644797e+02
1.007182269372431307e+02
9.931196186961869898e+01
1.006318014416118558e+02
9.959612104810634037e+01
9.973923169739316563e+01
1.002245510259217696e+02
9.987136572572684656e+01
1.008742724934254937e+02
9.987229879190063286e+01
1.001417457359087280e+02
1.008581338138962735e+02
9.931662901921414743e+01
9.953245560318433149e+01
9.965255059703801521e+01
1.001905265532898994e+02
1.028120870837582572e+02
1.075977593230961986e+02
1.075393430219728259e+02
1.058950849356269117e+02
1.089428640698238269e+02
1.092355431101849490e+02
1.073712129654689278e+02
1.051443723310774345e+02
1.026975506330990839e+02
1.003602967503544647e+02
9.923131097303831893e+01
1.006877804625474653e+02
9.891190205730153195e+01
1.005525489352548902e+02
9.905768126898792048e+01
1.000674248232387811e+02
9.972827225862333478e+01
9.991405005287275287e+01
9.934010073941044539e+01
9.954581122276165672e+01
9.939798062414507740e+01
1.001478963388615568e+02
9.872028811524610603e+01
9.933742659587952062e+01
9.892315677252834405e+01
9.880769015738127337e+01
9.906579020979020811e+01
9.848248221827071802e+01
9.885529079046845879e+01
9.891857452916053717e+01
9.914596907245324076e+01
9.927058807041147759e+01
9.878677759536992653e+01
9.921385374282370151e+01
9.856259480437842058e+01
9.888364573057108942e+01
9.917360002202522651e+01
9.905722559293988638e+01
9.931253658944551432e+01
9.850297508622941223e+01
9.833953589597105349e+01
9.772280282130383000e+01
9.736595080467193952e+01
9.763838914840590633e+01
9.910223798288355113e+01
1.013084886722110696e+02
1.063412112710417148e+02
1.092855305364118550e+02
1.086799576793102347e+02
1.066670206871074953e+02
1.063449877750611137e+02
1.091397974771256258e+02
1.089033921217265544e+02
1.069100135526396826e+02
1.038285142806718255e+02
1.024756184961155867e+02
1.025340958260016748e+02
1.007672808799831898e+02
9.968690736184446166e+01
9.933802855993006631e+01
9.877314021841900171e+01
9.942695661834137866e+01
9.926140563799856409e+01
9.837759780370625151e+01
9.819248908769036177e+01
9.880597897864846857e+01
9.834367819236240393e+01
9.871515134822486459e+01
9.859972945366203589e+01
9.872998343456653458e+01
9.975183157894737462e+01
1.013805577348263398e+02
1.027011805718303208e+02
1.027428550350424246e+02
1.019067557340784731e+02
1.017475549235278720e+02
1.016088467017472396e+02
1.020860898009475903e+02
1.023068054325361658e+02
1.024323239478189009e+02
1.022139577056948099e+02
1.026640897755610951e+02
1.022614860040508802e+02
1.025916276605139927e+02
1.017399783315276380e+02
1.018398133748056011e+02
1.018493243731483489e+02
1.017369601713557898e+02
1.038684866114716243e+02
1.098497786824335378e+02
1.115931979831034937e+02
1.105849463427480259e+02
1.117352439269223083e+02
1.111430066619042094e+02
1.097990044067243218e+02
1.065999719770211556e+02
1.042192601467724984e+02
1.040005353319057804e+02
1.035409524090520108e+02
1.033474860498835568e+02
1.024654938716654726e+02
1.023957077440296786e+02
1.022874397882281414e+02
1.020721039847319389e+02
1.021642833340577567e+02
1.021184689983645626e+02
1.024077388219410238e+02
1.020599919972562049e+02
1.014278772595908578e+02
1.019751704893292867e+02
1.024417268033885762e+02
1.018900094770640834e+02
1.016853519573607798e+02
1.017999202983120313e+02
1.021490292784445586e+02
1.023692696443697798e+02
1.014422527199032942e+02
1.015105836620037962e+02
1.012866931070265935e+02
1.019972266927233022e+02
1.020008461814270362e+02
1.016038864188411708e+02
1.018678255678426154e+02
1.021993532324070628e+02
1.025272037779049867e+02
1.091398747718834557e+02
1.115918270644750123e+02
1.100873180205775128e+02
1.053818886861313899e+02
1.032523993718008484e+02
1.030175430940432051e+02
1.029109892336188921e+02
1.023409162899185105e+02
1.023882552603949421e+02
1.017564305359611154e+02
1.008135329274109893e+02
1.016635488622874419e+02
1.012965318815846985e+02
1.019908381453318924e+02
1.015246474885327643e+02
1.012180327407740776e+02
1.021694454771641745e+02
1.012664327188680318e+02
1.022149471183432752e+02
1.012021448097007124e+02
1.013360239331677519e+02
1.011331404981886664e+02
1.018819889000865828e+02
1.005789820434825259e+02
1.008563411581034899e+02
1.008405915263291064e+02
1.002130205441421396e+02
1.005099008514452237e+02
1.003392377810088334e+02
9.993615839604565565e+01
1.001497692944195848e+02
9.944354827590962032e+01
9.961391676034250509e+01
9.963830824292895727e+01
9.907785678078720082e+01
9.933391704814957279e+01
9.955628589220231106e+01
9.996870164089838795e+01
9.973354788591721842e+01
9.947824035525950137e+01
9.925413529664599821e+01
9.971988354599655224e+01
1.037447620461801137e+02
1.077793387390784972e+02
1.064282957799078844e+02
1.028667201926937054e+02
1.003139849155924139e+02
9.945828351175320847e+01
9.874389040943634654e+01
9.922271655904380339e+01
9.898347578347578235e+01
9.936188549576012008e+01
9.897204452936779262e+01
9.836432302793896554e+01
9.712693481652310368e+01
9.698992072788689711e+01
9.817557115085000419e+01
9.731085709625683933e+01
9.823837870840618791e+01
9.759996983077809318e+01
1.049685112329682681e+02
1.080360268447816736e+02
1.058315458780197247e+02
1.023528443713027656e+02
9.948826932008500989e+01
9.898487747235742518e+01
9.953221513371920537e+01
9.960331986427695483e+01
9.871321383909962321e+01
9.949398296803015285e+01
9.911891583690271545e+01
1.004152257918934907e+02
9.863667963254158622e+01
9.941815792416956299e+01
9.970667263770711486e+01
9.958754658212357924e+01
9.925894246794210574e+01
9.958173470378538639e+01
9.889971465199950273e+01
9.945482337900558889e+01
9.852165018752130266e+01
9.946297197014966684e+01
9.890571853003652336e+01
9.860041231445849519e+01
9.809563049933258583e+01
9.835095827103438637e+01
9.899257976749937882e+01
9.824552537090983151e+01
9.798933340571056760e+01
9.873812265263042320e+01
9.772285876808061289e+01
9.845665006581536716e+01
9.838664905064152322e+01
9.845801276804714064e+01
9.917013453664243627e+01
1.057502225575254613e+02
1.066224699775791578e+02
1.041893631889617495e+02
1.076839789007147488e+02
1.073201250500508337e+02
1.039478508170873710e+02
1.004350292749046218e+02
9.882251265909401639e+01
9.831282683093770913e+01
9.894526925876584755e+01
9.870515325853752131e+01
9.816240853863195071e+01
9.721808839997365226e+01
9.660300195494443187e+01
9.712110094156015805e+01
9.664177587868996966e+01
9.626571635535778171e+01
9.433768611949534488e+01
9.292097649410800386e+01
9.466086189516128968e+01
9.362815050370794268e+01
9.463089906121106765e+01
9.414022512745444260e+01
9.400848691809370905e+01
9.537901765650080677e+01
9.459117983963345466e+01
9.320116694243664313e+01
9.714670686152435053e+01
9.826316495786139171e+01
9.802403446147239663e+01
9.808005498024981250e+01
9.830673773075793065e+01
9.835520216500093227e+01
9.707487671773291993e+01
9.706871526642694903e+01
9.634831299914154101e+01
9.605552313896343719e+01
9.566543330840832482e+01
9.511637710127101286e+01
9.670746556007961203e+01
9.675195195974164619e+01
9.708409851652145051e+01
9.716939869281044651e+01
9.886632459804698669e+01
1.049817985904828532e+02
1.087464538191409389e+02
1.098444582235312481e+02
1.099223214703269065e+02
1.104232744859414339e+02
1.100013469068128416e+02
1.095654615216645311e+02
1.091268279095677940e+02
1.084548397935184312e+02
1.083471959480075668e+02
1.087997570389506592e+02
1.096437200323805854e+02
1.097765591263259921e+02
1.085098782921293576e+02
1.084389646569010210e+02
1.094719581307485043e+02
1.091146746224128208e+02
1.100948638303212732e+02
1.099259762999093368e+02
1.096114580251335298e+02
1.091217174145713500e+02
1.084589745966994201e+02
1.079002607260216990e+02
1.058668852057228662e+02
1.025622394720949728e+02
1.003567180569619381e+02
9.855905192882482879e+01
9.696082876927489735e+01
9.696621436403509620e+01
9.607545034295610265e+01
9.505568458007020638e+01
9.509113137453562103e+01
9.633775668345602128e+01
9.507133773472590121e+01
9.493695383319062842e+01
9.532955418908531442e+01
9.490171475231355203e+01
9.545478846730858891e+01
9.457581305774812108e+01
9.468357137093519782e+01
9.454992806916116876e+01
9.751217670907311685e+01
9.945374110953058278e+01
1.002193603007648335e+02
9.865991091937922874e+01
1.010100114623989782e+02
1.037180937237489502e+02
1.057892971394850576e+02
1.063019880039574616e+02
1.059017509727626418e+02
1.065269228377790114e+02
1.069823494278888347e+02
1.079693880796387049e+02
1.064196387437050220e+02
1.019390941272578743e+02
9.776858320925438761e+01
9.577839604924533035e+01
9.420770408094161041e+01
9.325542113364478780e+01
9.347130220397990286e+01
9.379151316687132578e+01
9.325262089956036959e+01
9.296695560879747688e+01
9.319179006762867346e+01
9.270470807770274746e+01
9.301123686556279324e+01
9.363496848825471375e+01
9.394242721622505599e+01
9.323449985102521964e+01
9.199768687768367670e+01
9.133872291964617318e+01
9.201062406336973254e+01
9.257740043553192777e+01
9.228911673608885735e+01
9.154183014306661903e+01
9.202752513802576573e+01
9.189478734889176792e+01
9.192089816453928108e+01
9.098997750858225686e+01
9.157185998266852778e+01
9.847552866558521600e+01
1.019055746220202110e+02
1.015202212451252990e+02
1.010301529384364585e+02
1.031222238120220567e+02
1.010216264166526514e+02
9.684095813239490269e+01
9.374295111499303346e+01
9.362302529262503015e+01
9.400354113481017748e+01
9.367674143395404940e+01
9.314650292492468964e+01
9.220335020390812986e+01
9.166011795595782985e+01
9.219965215544137038e+01
9.117279036270787174e+01
9.165488367163071359e+01
9.117787138371687661e+01
9.146161820281335508e+01
9.136598422729409208e+01
9.153732460980607755e+01
9.103895430932857380e+01
9.090220226585515206e+01
9.118779482660308133e+01
9.065210016573441010e+01
9.098702444594384531e+01
9.118641081123104186e+01
9.140881968443805761e+01
9.195632333767926525e+01
9.098122125539856597e+01
9.078661077170828264e+01
9.094606744451132840e+01
9.010955888790225288e+01
9.286360069062941136e+01
9.094714003944773140e+01
8.913249058433083860e+01
9.106215422615971988e+01
9.051342944233459775e+01
9.120773476485709352e+01
8.907482245414685451e+01
8.936004964318956922e+01
9.046836401554179474e+01
9.112895862696917959e+01
8.967498640834280366e+01
8.959576012599045214e+01
8.826460304155190784e+01
9.031623109335801303e+01
8.929057733875934844e+01
8.937291187236935741e+01
8.926422213969981101e+01
8.981828557403203206e+01
8.760431927104905014e+01
8.853696130482613569e+01
8.893621778480786588e+01
8.935848554815468958e+01
8.969006178374461058e+01
8.839225926283289425e+01
8.900477492210909247e+01
8.891780346128510359e+01
8.944795670342564620e+01
8.883954474984076910e+01
8.913087492717032490e+01
8.968400067865626113e+01
8.952977184195881932e+01
8.947575953458306230e+01
9.629213723419894677e+01
1.009837868723662666e+02
1.039531076743507469e+02
1.061928956223875389e+02
1.054193470991347681e+02
1.040364171336477739e+02
1.034874534161490658e+02
1.034295536650740104e+02
1.038024371423995831e+02
1.047412679971175180e+02
1.045820314794150505e+02
1.041690708992853018e+02
1.046313786896521520e+02
1.050337252247612696e+02
1.053850761721638776e+02
1.055062718028649869e+02
1.059166877577453931e+02
1.058467229342502947e+02
1.061956346119322632e+02
1.055270879691440342e+02
1.059494865058514534e+02
1.058937102979332536e+02
1.065501835801131563e+02
1.063739438003537003e+02
1.054958826595190260e+02
1.057366037510986700e+02
1.065486773764947372e+02
1.059061672625013131e+02
1.065450445678657303e+02
1.059602383304889344e+02
1.059841538231333260e+02
1.065877208908254659e+02
1.071507759184107726e+02
1.063528316897074433e+02
1.062800720558432772e+02
1.056328564204765144e+02
1.059720083027495292e+02
1.046615955036341745e+02
1.058584053564206613e+02
1.057055153220014319e+02
1.056509692798992432e+02
1.059116383841417672e+02
1.056063315213321943e+02
1.056155126897461969e+02
1.056746205860255401e+02
1.052432141575989419e+02
1.050313118830308241e+02
1.056871265127173416e+02
1.058703906261706038e+02
1.058574067122156350e+02
1.053812966871753360e+02
1.052419791090721617e+02
1.056869089546646592e+02
1.050173997316236694e+02
1.054736565989657464e+02
1.060328560160184566e+02
1.026634190717943511e+02
1.005387068588903503e+02
9.569049806509090672e+01
9.174558493708116202e+01
8.933107385874808415e+01
8.758394482689058691e+01
8.724702414269188466e+01
8.649618367522522533e+01
8.591153514681427339e+01
8.606554414583817447e+01
8.633305089949038802e+01
8.604300185058926331e+01
8.516019938927981059e+01
8.383919549631910684e+01
8.386027136682679384e+01
8.383327505757243614e+01
8.405204460966542968e+01
8.350363844807820612e+01
8.358413400529349246e+01
8.257488759046863436e+01
8.318568395511070435e+01
8.330102182719632253e+01
8.235584964950447784e+01
8.380461066443531593e+01
8.228052214585720492e+01
8.319224204250409116e+01
8.282974571473312153e+01
8.279882483263497761e+01
8.310620852168894146e+01
8.167240927082836777e+01
8.234707490036961985e+01
8.214781582338700616e+01
8.211645206404320163e+01
8.329349873036315444e+01
7.987250155035061994e+01
8.196571834992887773e+01
8.238242699793553925e+01
8.367320840872933729e+01
8.052040998535767358e+01
8.257009167984588771e+01
8.211098979349631577e+01
8.217580186764109840e+01
8.241698153308459496e+01
8.178892795423395512e+01
8.194300113571833322e+01
8.244373318159726693e+01
8.259815698927290839e+01
8.120475914515155580e+01
8.283045249890112416e+01
8.206224021785867251e+01
8.230608703976260188e+01
8.127542007755278064e+01
8.194076416586034384e+01
8.177582797825012051e+01
8.293748087110064660e+01
9.122579870285851200e+01
9.155753904578519098e+01
8.978056074278177334e+01
8.727748691099476730e+01
8.587493565387914884e+01
8.578585545578762606e+01
8.508637453463295230e+01
8.503865422456149759e+01
8.437649643705462665e+01
8.488347079535040507e+01
8.229170291303222484e+01
8.267742814491860770e+01
8.326123471518043573e+01
8.352724693315531113e+01
8.338861339154368579e+01
8.309522685425616828e+01
8.392476729680451797e+01
8.319241358936483266e+01
8.313981314151399715e+01
8.426999891913963836e+01
8.098605185817216068e+01
8.240840801886791667e+01
8.254823295753256218e+01
9.130771557847108966e+01
9.430895353546638660e+01
9.157712166290875189e+01
8.979884895043805670e+01
9.414953690080849924e+01
9.294444746943997870e+01
9.033807298531506547e+01
8.687692883895131502e+01
8.491519999999999868e+01
8.489137341449810492e+01
8.450965199947145834e+01
8.381293968809487183e+01
8.328832419863809378e+01
8.287725636003236218e+01
8.237299512470853813e+01
8.344178539757611190e+01
9.016361193367859528e+01
9.480213478442863106e+01
9.744080368307378137e+01
9.907287751413078070e+01
9.980793398002028027e+01
9.960748297356573744e+01
1.002214855077743607e+02
1.009641718224168585e+02
1.012507262537046273e+02
1.008036592505854827e+02
1.005035860729964980e+02
1.006209787340065418e+02
1.013142621817593465e+02
1.008376280748936722e+02
1.013715114652214169e+02
1.006811625874125866e+02
1.001277105996908290e+02
1.004805023420392445e+02
1.005732737280484628e+02
1.008536043281181520e+02
1.004403554595730412e+02
9.941950282421079521e+01
9.936947573811117707e+01
9.960187767777553347e+01
9.925266858147210769e+01
9.937770778151620732e+01
9.905667663000728851e+01
9.957157309054122152e+01
9.947183574809720596e+01
9.880821003606622810e+01
9.872676320805713601e+01
9.793420589684046718e+01
9.688393783817444671e+01
9.740039684757699945e+01
9.695012173913043796e+01
9.694922672891742366e+01
9.729859016623413481e+01
9.648152852172952976e+01
9.706063410598348185e+01
9.644913824107118216e+01
9.633965209634256155e+01
9.603968617649100281e+01
9.644662303300376038e+01
9.585858195033648599e+01
9.589573190184900398e+01
9.597021394447138221e+01
9.611695179708104320e+01
9.640966543781355824e+01
9.628654454092409765e+01
9.526138434763542762e+01
9.526348556271730672e+01
9.585061808898817048e+01
9.483906826128956880e+01
9.536365637857251443e+01
9.453161095465490860e+01
9.516048275862068806e+01
9.442661995064825931e+01
9.398187282548363441e+01
9.443052874813102449e+01
9.433755291491416983e+01
9.475384846950643691e+01
9.399809474907439721e+01
9.457888366020183923e+01
9.461885721304092556e+01
9.526972366290716820e+01
9.483811956937537957e+01
9.470397979384259202e+01
9.491394569454892860e+01
9.475253557991166531e+01
9.471908827253788843e+01
9.482461155487470705e+01
9.444947203487976140e+01
9.458897975343700182e+01
9.423779109890257644e+01
9.513279482150939259e+01
9.479146459747818199e+01
9.471729282146033313e+01
9.447976752732371608e+01
9.443138615612797082e+01
9.409530502473172930e+01
9.406490563989852660e+01
9.391559967585089908e+01
9.400078380496771047e+01
9.443186125852918167e+01
9.429761872363586406e+01
9.388328259251741770e+01
9.453675155321909074e+01
9.404039497307002193e+01
9.426112585936968458e+01
9.373013678202990207e+01
9.369339240369549771e+01
9.331434462682946673e+01
9.409252576968640369e+01
9.405031181641554383e+01
9.429570448606271782e+01
9.429369167497847570e+01
9.383173422720425094e+01
9.366503223709162285e+01
9.472913105900047981e+01
9.415250751035210897e+01
9.384439704363893497e+01
9.339743917364931747e+01
9.361611406463481444e+01
9.361152045593323123e+01
9.408197503270824313e+01
9.438237140985039275e+01
9.352132344029840283e+01
9.381725015568731862e+01
9.339805562691834950e+01
9.405989201801507704e+01
9.394899891774892353e+01
9.416499475969456512e+01
9.436539139872472504e+01
9.403935652621736097e+01
9.432369619908887159e+01
9.376269673860133480e+01
9.401724883161790558e+01
9.407440819371905150e+01
9.460668787634665478e+01
9.499365907219325322e+01
9.447807124475146168e+01
9.528246869409660746e+01
9.460375514193785307e+01
9.542140344126215723e+01
9.500658548200557618e+01
9.487411190958118823e+01
9.501025858182960349e+01
9.500107567876692372e+01
9.440402740913276602e+01
9.476603502494035070e+01
9.454312908175042196e+01
9.490581570689163016e+01
9.448762879655195945e+01
9.361138276553106152e+01
9.360320337253638456e+01
9.387529046203728456e+01
9.383733534669885046e+01
9.304094807464021244e+01
9.379598770425498344e+01
9.365007058823529462e+01
9.372446616928222340e+01
9.273321142063883826e+01
9.356972768430298970e+01
9.317303057891072626e+01
9.253164490172801493e+01
9.278632022621779640e+01
9.232490673863004815e+01
9.268241812394283841e+01
9.207040663638987610e+01
9.266455830201662991e+01
9.144571229592725103e+01
8.424088603483170345e+01
7.819737414137900089e+01
7.288098708222779010e+01
6.838472434081498363e+01
6.684995401876034293e+01
6.432346965163101515e+01
6.312491154013284955e+01
6.304213704707912314e+01
6.150896236431542974e+01
6.132189678876559213e+01
5.970776475228972657e+01
5.830190929273707212e+01
5.971128856264259355e+01
5.918581801060613401e+01
5.737450223838143870e+01
5.916397313851376083e+01
5.777856790373397189e+01
5.953642367846006067e+01
5.840393147568592980e+01
5.988816534196720909e+01
5.807226136449114051e+01
6.043128124693657099e+01
5.923315217391304088e+01
7.193073491735268021e+01
7.098663963401953936e+01
6.739599960708234505e+01
6.571260113616801846e+01
6.326151311775473118e+01
5.964004809560823617e+01
6.089071577332018137e+01
5.941153769045709510e+01
6.028502740530488779e+01
5.769604802149915912e+01
5.813992225174687434e+01
6.023836646700718944e+01
5.649850616128328795e+01
5.720680894932561245e+01
5.409486788682966818e+01
5.846726227664625242e+01
5.605702798903997319e+01
5.656757801299073662e+01
5.800205415037370926e+01
5.831830483531010856e+01
5.962340558489456299e+01
6.252866304641619877e+01
7.297511521940647583e+01
7.309089465955841547e+01
7.149736015246729437e+01
7.321633907925163953e+01
7.362778139838003710e+01
7.154400245737981834e+01
6.779029847088806093e+01
6.582776041288070701e+01
6.142128543169224031e+01
6.102148879670080817e+01
5.877450582930994472e+01
5.823294088486801456e+01
5.864301433562521026e+01
5.745266238455398877e+01
5.827261538461538493e+01
5.627583451926198421e+01
5.726988779201668223e+01
5.667077477925631257e+01
5.670431595390083857e+01
5.571348272502435606e+01
5.617866537018337425e+01
5.682614500278138081e+01
5.729927252378288216e+01
5.775869816246611066e+01
5.695938894826176835e+01
5.696939095921725027e+01
5.665334008097165963e+01
5.811861176091987602e+01
5.737727547234923975e+01
5.687711805686785738e+01
5.714572187464595743e+01
5.620485550282037224e+01
5.571451910872050917e+01
5.538969064442835588e+01
6.024832722045995581e+01
7.083903002016563732e+01
7.038004444668922588e+01
7.068155450927346806e+01
7.293394554535203156e+01
7.049709552215479391e+01
6.672205559619604287e+01
6.186102198823165565e+01
5.830351207897216881e+01
5.781528693708629163e+01
5.711977670654644612e+01
5.662400009936900602e+01
5.654462071457946593e+01
5.639587779896692865e+01
5.821324084035067870e+01
5.681452044325563833e+01
5.806401760576367366e+01
5.726875832285846002e+01
5.675227636923764862e+01
5.655417531936316067e+01
5.730536971174173999e+01
5.698400974644027173e+01
5.652550034677499013e+01
5.697390330408811110e+01
5.780761535575840782e+01
5.661899099281449566e+01
5.908467131548254514e+01
6.222869588236709859e+01
6.213886393008800724e+01
6.536839034351980615e+01
6.673123142991182988e+01
6.647031471368200073e+01
6.728493546546218340e+01
6.874417944349801246e+01
7.128770496875193885e+01
7.265535261288685831e+01
7.296608980941171296e+01
7.417290982202884209e+01
7.441644645384297974e+01
7.512795960351598978e+01
7.536892362186195271e+01
7.603544845322585388e+01
7.565438706581521444e+01
7.629771376651441983e+01
7.700628519213671552e+01
7.719437817525556511e+01
7.703269784699506317e+01
7.784661917754101523e+01
7.960144037870061595e+01
8.031900183091558176e+01
8.081724428768593782e+01
8.032089299383839887e+01
8.110549064371737416e+01
8.120957515471354782e+01
8.206234567111475542e+01
8.197116502497668478e+01
8.198419878942338812e+01
8.232945771176130734e+01
8.217698440912091939e+01
8.186504474977940049e+01
8.232757938281220333e+01
8.109601161520896540e+01
8.169761868725089471e+01
8.167362806028734212e+01
8.195346760092084537e+01
8.189902613396658637e+01
8.233320180742060757e+01
8.197659079644667202e+01
8.190574293988946408e+01
8.186680007504220669e+01
8.209437184531113019e+01
8.195625994092250721e+01
8.257484769920434076e+01
8.192948581047977541e+01
8.159309762428125623e+01
8.181137215696075771e+01
8.129100633426170930e+01
8.153541806769781886e+01
8.078397375244227874e+01
8.161114704345878579e+01
8.072063461021340913e+01
8.167490800224535974e+01
8.066350901576386434e+01
8.093420842789670644e+01
8.066343828623072909e+01
8.116908194655498221e+01
8.034211511295171704e+01
8.111295332955302229e+01
8.095207125861753639e+01
8.204020175416800953e+01
8.128898907875824875e+01
8.151312163999070037e+01
8.187767681728880120e+01
8.130874494026146238e+01
8.279203601724555028e+01
8.260876950574872524e+01
8.274740694773369398e+01
8.255623349881885531e+01
8.280107952225398549e+01
8.274319331122237031e+01
8.204608850085072902e+01
8.399610627279453468e+01
8.423830991822185865e+01
8.342446201711175036e+01
8.428985865310846748e+01
8.457972702409149690e+01
8.507106256206554917e+01
8.429634804206931165e+01
8.596407001191863628e+01
8.442016567065502386e+01
8.559103805629187889e+01
8.545945445650592376e+01
8.530569811121104351e+01
8.527323969569958706e+01
8.580311686241164182e+01
8.525334667175633285e+01
8.580162105235092440e+01
8.563317229846308010e+01
8.606629388676810777e+01
8.613482483756448005e+01
8.672685297364240853e+01
8.647725381786951004e+01
8.502128156246352830e+01
8.650105094049132504e+01
8.611558990619631970e+01
8.639317422497903465e+01
8.673136134006912812e+01
8.429768354927365692e+01
7.996287353238025730e+01
7.259073885334676390e+01
6.994188067429112721e+01
6.742471530486990616e+01
6.415693483449456380e+01
6.328353415623735856e+01
6.315684062059238357e+01
6.245093961045316888e+01
6.250403917070583759e+01
6.277255717255717116e+01
6.148834260672608565e+01
6.101725599720711557e+01
6.028953388082648956e+01
5.969995869268610278e+01
5.917936711540616557e+01
5.938160548103057579e+01
6.541150541930973361e+01
7.375259280734815093e+01
7.394410831049732735e+01
7.156391467612391466e+01
7.042574510832704959e+01
6.819059698551866688e+01
6.730253241819156074e+01
6.644429294418239351e+01
6.610635404336767351e+01
6.583230514595244642e+01
6.579117772696433519e+01
6.599159422102695771e+01
6.715789277133930568e+01
6.672429847422888827e+01
6.645249170270541583e+01
6.750744267635634799e+01
6.658165506226447405e+01
6.607342730133849784e+01
6.589867381177714378e+01
6.483437982879988226e+01
6.605230635018719454e+01
6.556913238852402515e+01
6.646402666143893612e+01
6.705024161717510367e+01
6.656742793984327022e+01
6.778790271831003622e+01
6.699232930528619079e+01
6.748751964557526151e+01
6.688523417065587751e+01
6.809024978852565368e+01
6.853637069310897800e+01
6.660335489878939086e+01
6.795653350388664649e+01
6.777485149491016614e+01
6.995457542768274095e+01
7.550803077338372304e+01
7.846424280120439221e+01
7.987940303642854190e+01
8.089237908781089459e+01
8.079969561659177657e+01
8.210826579295280681e+01
8.263390431358874366e+01
8.238673597983617469e+01
8.304887813589101597e+01
8.179124803378348929e+01
7.927706766402256733e+01
7.449109227653288201e+01
7.118243917221177242e+01
6.735335814066979765e+01
6.739780091749800306e+01
6.760834639256671608e+01
6.732608138612653192e+01
6.668114429912891694e+01
6.619537417308117710e+01
6.643025224517839433e+01
6.622842614834956976e+01
6.500129465648855387e+01
6.533267793944159507e+01
6.620319953034417892e+01
6.575382360127045445e+01
6.573729394763269340e+01
6.612506701106292439e+01
6.668898429833170383e+01
6.632266164469554326e+01
6.613067532404367910e+01
6.587378948652273891e+01
6.636413673586447715e+01
6.609497641394737855e+01
6.636074056897372486e+01
6.593738553254256374e+01
6.634282082324455132e+01
6.635190720007840071e+01
6.686748139885511932e+01
6.725719985491475938e+01
7.462832534909794902e+01
7.578312182243540462e+01
7.449131444378180333e+01
7.822350797514312148e+01
7.914612998828313550e+01
7.802707008537697675e+01
7.551335548678402176e+01
7.368983130331183418e+01
7.128403553674263549e+01
7.057457004548882651e+01
7.042949551937550723e+01
6.989291307990238522e+01
6.803587935101825224e+01
6.700846933203906985e+01
6.744212793030881414e+01
6.798852308258230437e+01
6.845828012696559028e+01
6.769765090979107924e+01
6.767972734405648794e+01
6.727141601356956357e+01
6.759752333312999895e+01
6.829297019223669452e+01
6.777737960826665642e+01
6.919114697970164229e+01
6.779224783438554880e+01
6.815537465625075697e+01
6.858469632570545116e+01
6.733043808962987953e+01
6.842528972506424623e+01
6.676669276504122763e+01
6.787291322187519427e+01
6.666694433555468891e+01
6.633182258425013345e+01
6.660578988478813756e+01
6.672719185529307140e+01
6.683078055061622536e+01
6.681035726953608389e+01
6.751770205437323114e+01
6.696426300083166439e+01
6.755547540743094714e+01
6.748267046851186990e+01
6.700905449899258315e+01
6.685797412994330102e+01
6.626441612380870083e+01
6.641949930527987078e+01
6.614869014907559119e+01
6.688561685543783142e+01
6.602886938513880466e+01
6.603646497801449300e+01
6.660848276976227567e+01
6.583160936647318806e+01
6.502875291709824523e+01
6.457305658316161612e+01
6.729648284631433341e+01
7.935385422817030587e+01
7.809759072096734656e+01
7.383647225472685705e+01
6.998983822648293085e+01
6.987083541893029803e+01
6.738698052538980221e+01
6.941427136408195508e+01
6.823985433109227472e+01
7.046452843398799359e+01
7.094693396226415416e+01
7.023847082200630609e+01
7.078131513888216375e+01
7.190443640262699887e+01
7.910393051480566839e+01
8.306999142962087035e+01
8.440134940298716515e+01
8.460360185365041730e+01
8.510086184237830764e+01
8.518711664955178264e+01
8.525076985243914862e+01
8.494163772669642753e+01
8.395389498378527549e+01
8.056722705934276973e+01
7.585931348425197029e+01
7.180743790739829535e+01
7.056070978958095452e+01
7.021147023323295855e+01
6.818050585457289969e+01
6.943419404273950590e+01
6.761787410203336890e+01
6.886155964299948096e+01
6.878910824521727818e+01
6.739518423932871372e+01
6.923372715931606081e+01
6.761443845093248228e+01
6.965043495404026430e+01
6.725601884052665014e+01
6.831733191884366363e+01
6.882282876018710738e+01
7.302034574305393733e+01
8.019141418136750588e+01
8.066409788413439230e+01
7.947976824967517473e+01
8.035098155060826741e+01
8.110960254327876839e+01
7.804004234484584401e+01
7.362320675105485179e+01
7.065325381980711938e+01
6.839556392500864490e+01
6.846849944103186658e+01
6.925076039202433265e+01
6.794573840582343394e+01
6.795930624428289946e+01
6.820908935296131403e+01
6.872851086638729612e+01
6.808373762618838043e+01
6.858015519436013108e+01
6.833827066092769087e+01
6.714333202492517216e+01
6.826005058734830300e+01
6.778148975429736822e+01
6.737193033593237601e+01
6.643556242562536340e+01
6.752297947499847908e+01
6.728640115787020193e+01
6.794888580066316308e+01
6.812910623452347636e+01
6.758980472158386021e+01
6.769857748879032044e+01
6.813424810841057422e+01
6.768580647526857774e+01
6.707883710987601944e+01
6.714032077492211670e+01
6.674370891788483107e+01
6.660818892996181262e+01
6.663362675840791383e+01
6.596201810548737399e+01
6.623822053905173846e+01
6.570330511193938605e+01
6.727639838617277235e+01
6.625167139509066772e+01
6.684695341373273436e+01
6.542403185122904574e+01
6.664245913360782936e+01
6.584109737210846447e+01
6.625420439844761233e+01
6.592591909277639672e+01
6.669482392507764246e+01
6.609840733050688755e+01
6.499385629172705592e+01
6.531146113176069434e+01
6.420902698404810849e+01
7.271131727697222402e+01
7.657981698342612731e+01
7.458493791161832576e+01
7.029222348420772448e+01
6.842077754707524662e+01
6.804925931682588214e+01
6.743721048674605356e+01
6.770966352425726598e+01
6.716929569585153104e+01
6.633915695377321242e+01
6.654429026191910168e+01
6.651251106085931042e+01
6.680289694280078550e+01
6.685019517738906814e+01
6.633989844212187847e+01
6.613101108236098469e+01
6.591712788542957924e+01
6.578397375244227874e+01
6.595403338745057908e+01
6.464725164206161878e+01
6.568750000000000000e+01
6.646962882419809659e+01
6.574401634559252727e+01
6.548116203492035936e+01
6.580556614094825818e+01
6.730479679810400739e+01
7.816581048776767204e+01
8.291583467970228583e+01
8.627629838142152607e+01
8.903453582774444897e+01
8.951396508381827744e+01
8.823707956233958782e+01
8.788613083301719087e+01
8.719037519296597338e+01
8.851161705573167637e+01
8.685210576566063878e+01
8.789156008850035562e+01
8.906349596158044335e+01
8.822994845223151117e+01
8.899728312549243014e+01
8.918370308092862331e+01
8.834325251204312224e+01
8.945624599790187403e+01
8.872400879589524436e+01
8.954529877335654930e+01
8.936618080532194597e+01
8.998105740098806393e+01
9.007377988863413520e+01
9.001426759237789099e+01
8.984002564172509153e+01
9.032384361157964747e+01
9.055014562840028702e+01
9.056194315386717619e+01
9.008233371910954190e+01
9.055249444612051946e+01
9.078250072430776640e+01
8.941846530945734628e+01
8.723359897731599233e+01
8.024980046857702121e+01
7.359791735415979019e+01
6.815414995966236233e+01
6.903279458522015943e+01
6.852285630741489797e+01
6.882939407480766647e+01
6.759831016959530814e+01
6.559683276552731002e+01
6.805222329448444896e+01
6.519103250385802539e+01
6.658135012840895683e+01
6.756538861371002724e+01
6.495336419098474323e+01
6.682466816868296178e+01
6.519964906644258917e+01
6.607647795001425095e+01
6.508950785547901319e+01
6.451174687145191911e+01
6.523049305299397815e+01
6.532288405179971846e+01
6.453588746992411984e+01
6.413341332772547787e+01
6.398190487986127550e+01
6.335783420703671709e+01
6.514465671348590092e+01
6.311853269216244655e+01
6.419021154086868819e+01
6.403251742224630050e+01
6.294292339916218282e+01
6.295148137064192184e+01
6.279913712249108926e+01
6.302915192129106714e+01
6.197685068375637485e+01
6.182926859851286849e+01
6.340622633780613882e+01
6.340880456624382333e+01
6.376080495356036693e+01
6.355043913751418927e+01
6.269595440881763437e+01
6.356230573608364409e+01
6.427576023427943142e+01
6.961550131685943654e+01
7.867651836298085755e+01
7.551257253384913781e+01
7.159183524250548203e+01
6.708928506369697686e+01
6.808123443784715789e+01
6.533071802478822576e+01
6.577165163417708982e+01
6.446107220328478604e+01
6.449782394885664871e+01
6.392818284757778713e+01
6.400188809635461951e+01
6.328694048204623357e+01
6.347910915006902144e+01
6.291078172789974587e+01
6.225415472779369708e+01
6.410496293473316598e+01
6.253585674807117556e+01
6.195133898600094113e+01
6.378587925993267760e+01
7.112507054695359443e+01
7.870477582198604694e+01
7.701873609430499812e+01
7.189670194437607620e+01
6.688578114280113596e+01
6.607414393146584075e+01
6.612169855794219586e+01
6.472873980505271163e+01
6.542583377579117609e+01
6.406626683346824791e+01
6.421620365841728528e+01
6.319520271862481309e+01
6.270850532664309895e+01
6.344214386250833115e+01
6.319515547795073473e+01
6.356443629020341746e+01
6.378001666911800527e+01
6.437373663126170698e+01
6.235325383389763232e+01
6.492463138895325869e+01
6.280693928128872017e+01
6.339813104961145740e+01
6.367984945630187354e+01
6.389860334849367973e+01
6.356893626438478151e+01
6.253693454357611614e+01
6.337911682727761331e+01
6.470784318520873057e+01
6.443461988304093779e+01
6.573618508455912490e+01
7.498916484051619591e+01
8.155459718889269993e+01
8.493470891880107843e+01
8.726583342674588550e+01
8.874439888607453497e+01
8.795596475004079196e+01
8.580037865656915130e+01
8.525416417016177206e+01
8.570683334899896977e+01
8.590465932338875632e+01
8.524551098504107927e+01
8.573218507261060495e+01
8.473711639461568268e+01
7.705655658146885401e+01
6.820827475883464786e+01
6.574308067740075501e+01
6.213366547864062994e+01
6.271453916325888400e+01
6.216809169995893569e+01
6.238621695302098402e+01
6.179740272565673109e+01
6.045946463203021182e+01
6.267267010438938257e+01
6.336563127992656064e+01
6.250381698527107943e+01
6.260354948974536171e+01
6.061509626640763315e+01
5.963506063947078673e+01
6.063545690543914191e+01
6.283793861273674253e+01
6.244924435097329507e+01
6.069500849147161148e+01
6.242156826408707815e+01
6.103507584798415309e+01
6.142624054444417681e+01
6.214339524773996004e+01
6.248573958602368350e+01
6.394245516501468529e+01
6.370479506444321771e+01
6.418637610857955167e+01
6.360619615436463903e+01
6.303326061913282530e+01
6.387643872299131687e+01
6.454643858596494965e+01
6.286089016546373642e+01
6.361418019590252015e+01
6.285926181441876537e+01
6.310968813434213587e+01
6.190346938517384245e+01
6.063082110985742190e+01
6.280894939181949610e+01
6.223703843019247017e+01
6.355150130630687499e+01
6.112829255498520098e+01
6.263444150785923625e+01
6.449385324864199731e+01
6.301188296354291651e+01
6.426789507484068054e+01
6.378435992370694407e+01
6.500033188696176012e+01
6.514054877293776258e+01
6.854702970297030618e+01
7.347518484631173408e+01
7.526862916302856377e+01
7.685916758412108152e+01
7.768073554269324177e+01
7.814355951400330014e+01
8.033715253694712999e+01
8.064027527315158750e+01
7.997451051392805255e+01
7.979602208801583174e+01
8.009764847596103721e+01
7.994555810724897071e+01
7.984650341820672281e+01
8.256767917901437670e+01
8.093446301559886535e+01
7.476039392798895733e+01
7.119385654784967699e+01
6.769408254838981520e+01
6.634466860915428299e+01
6.660571142895464902e+01
6.442205449189985700e+01
6.532440696475156017e+01
6.551436356749226775e+01
6.410077394787596461e+01
6.399707161673711653e+01
6.553885419824189285e+01
6.447917793401838082e+01
6.369814088813275532e+01
6.527665076789830323e+01
6.475539550661225974e+01
6.426495505160741573e+01
6.461439161710286783e+01
6.397892131031017726e+01
6.361692830946876853e+01
6.429141784265036108e+01
6.475406528620098356e+01
6.401095404643932341e+01
6.465479106540877297e+01
6.348831064948916492e+01
6.510825035389771642e+01
6.219462361628149694e+01
6.386386986301369717e+01
6.289053893970665854e+01
6.347005841664018533e+01
6.299159253700381811e+01
6.404045704612779844e+01
6.665540343722692285e+01
6.639940565359835034e+01
6.693196007281702009e+01
6.694016648678154979e+01
6.712451999510822986e+01
6.716460335359874989e+01
6.687530972251327910e+01
6.643062224642345370e+01
6.730277264783529745e+01
6.691430234430147550e+01
6.810064369463422906e+01
7.362483198088315817e+01
7.870273400063891245e+01
8.306148069270862777e+01
8.392019767031415256e+01
8.385571314113826702e+01
8.468554543912232191e+01
8.493193482345682810e+01
8.696454152187787656e+01
8.633586657928130137e+01
8.765202864634730417e+01
8.640323792038721251e+01
8.851160041587739613e+01
8.789992710757240957e+01
8.816346891788180073e+01
8.695591309130912805e+01
8.855758676011144814e+01
8.827868489511263306e+01
8.822734165240738946e+01
8.799002621759214549e+01
8.793699607266268004e+01
8.813676731793961494e+01
8.773751559683904588e+01
8.817180940240810116e+01
8.732185829338710903e+01
8.806148420729837767e+01
8.772826026790656329e+01
8.781319245827894804e+01
8.846348526819440394e+01
8.850183554110077466e+01
8.848070023592477185e+01
8.787398842325897874e+01
8.857291753871912476e+01
8.847440860215053249e+01
8.835958264842726351e+01
8.817127572131124680e+01
8.782339873609846848e+01
8.593811084001394818e+01
8.007529856105540489e+01
7.623355050100964547e+01
7.178413220705235176e+01
6.832965205888420712e+01
6.737525585902015735e+01
6.726108499401790652e+01
6.761209808734537319e+01
6.737136844142335690e+01
6.631758533393667676e+01
6.725056171543008077e+01
6.559571081304524398e+01
6.692279839015499476e+01
6.571497212441315128e+01
6.727060681751396487e+01
6.477413359435983864e+01
6.693608650497893109e+01
6.704911756916187926e+01
6.669448943554770892e+01
6.624946762942111889e+01
6.630542132467844851e+01
6.591107489461816726e+01
6.471334278589938549e+01
6.580396808811417486e+01
6.530453274856620283e+01
6.037832526056855897e+01
6.414234426309856474e+01
6.315325141000261056e+01
6.391554058178000730e+01
6.492974913896284761e+01
6.292744401999680548e+01
6.404938925281977902e+01
6.205415637653725014e+01
6.473831584274130080e+01
6.545979684249174113e+01
7.391068380359473622e+01
7.707244634244095494e+01
7.460801195486763504e+01
7.148711376721061583e+01
6.900196303983595669e+01
6.781059761854082524e+01
6.581823456073865941e+01
6.579434895162378893e+01
6.550418526440732592e+01
6.506554279362727300e+01
6.587986721583574479e+01
6.523934610497508402e+01
6.736416640015744406e+01
7.389989867207081886e+01
7.630507168182518285e+01
7.568426589611591737e+01
7.400914601293104056e+01
7.276980913060110367e+01
7.112909705800086613e+01
7.017657142857143526e+01
6.901556195256372916e+01
6.941657314110233301e+01
6.881303895786190594e+01
6.930615971082791305e+01
7.038073377648831297e+01
7.166186300894175076e+01
7.130919024245862659e+01
7.176557061393764059e+01
7.111388321060019280e+01
7.107845033355773978e+01
7.083833817277415790e+01
7.154550395928301043e+01
7.077745050109997749e+01
7.137823783836321923e+01
7.091774922931135450e+01
7.167576172087787256e+01
7.466809287894710678e+01
7.912201742116852188e+01
7.630299699373584588e+01
7.357102808501963409e+01
7.071657432829967149e+01
6.930058878215061213e+01
7.042430371110407350e+01
7.026750983358547842e+01
7.025418901832733809e+01
6.981293262717083792e+01
7.000774452858858865e+01
6.990987354085604011e+01
7.038124523381958397e+01
6.989885177200164890e+01
7.078719036038567936e+01
7.022302332626476584e+01
7.020981288474432347e+01
7.059488691034431440e+01
7.040105463241155803e+01
7.160142793506236103e+01
7.180587699428797066e+01
7.247576540113723809e+01
7.219947383372651473e+01
7.124776439287562368e+01
7.039703736135435008e+01
7.139110342967812528e+01
7.187500623534693034e+01
7.178460711624668988e+01
7.258467368737024117e+01
7.224496342080264810e+01
7.304372385461286399e+01
7.278269654892007168e+01
7.280162174225704064e+01
7.263542331288343235e+01
7.338217633002760465e+01
7.565468370654276953e+01
8.200365229110511223e+01
8.557907532380433224e+01
