Filtered Signals
-2.901619482246378320e-02
-1.018025988274576243e-01
-1.569359243186306818e-01
-1.809370236823888145e-01
-1.666846212058923360e-01
-1.148447743714774705e-01
-3.367025531152829931e-02
6.275200895475172014e-02
1.573829777520610873e-01
2.335729963657953712e-01
2.781505539553954520e-01
2.837005471494165598e-01
2.496895151238968658e-01
1.822775678743413230e-01
9.285609283423040816e-02
-4.368996348600023838e-03
-9.515588729933135981e-02
-1.676976652592154782e-01
-2.143009201187041357e-01
-2.320884081303337954e-01
-2.227620918246436266e-01
-1.915697927569490200e-01
-1.457226821388517835e-01
-9.265778417757336571e-02
-3.861807846872787608e-02
1.209293848597502163e-02
5.710169189831039438e-02
9.538609990908991643e-02
1.264430670812929924e-01
1.495245776548021488e-01
1.632251977712926849e-01
1.656123684848131994e-01
1.548936604779558857e-01
1.303499544801337562e-01
9.309686363472555182e-02
4.631199121763555915e-02
-5.162859118441567863e-03
-5.567080415252136094e-02
-9.976438530603347343e-02
-1.331602980430086625e-01
-1.534207734848662130e-01
-1.601808970979239910e-01
-1.548312202364766910e-01
-1.397629356221280761e-01
-1.174798001056688579e-01
-8.992378787218929803e-02
-5.822693843248473444e-02
-2.291122881075507989e-02
1.557580020081356098e-02
5.618160799015599338e-02
9.668667393851278213e-02
1.335438951801634910e-01
1.622873574551964293e-01
1.784277390184081380e-01
1.785221902835956997e-01
1.610596536151359393e-01
1.269333547398584505e-01
7.943670791532683739e-02
2.381210576907115406e-02
-3.356781313461042193e-02
-8.622984639704539545e-02
-1.286004020185682328e-01
-1.567386381471456702e-01
-1.686840962419972889e-01
-1.644428373268769783e-01
-1.456980938372763601e-01
-1.153236802434446373e-01
-7.679292398294698674e-02
-3.364066528410723789e-02
1.084212313863659738e-02
5.361535442963788478e-02
9.172659684156651838e-02
1.222118023022632505e-01
1.422261118340631403e-01
1.494135930719409089e-01
1.424089686932606957e-01
1.213189998057968844e-01
8.800917494068821734e-02
4.602445824916873846e-02
6.833738874766071003e-05
-4.483943232644357901e-02
-8.423413142088145844e-02
-1.148136227697867107e-01
-1.346609018893408505e-01
-1.431512499383528203e-01
-1.406844263413747353e-01
-1.283456514250661817e-01
-1.075657600390860780e-01
-7.986725566432101298e-02
-4.678087136592290474e-02
-9.935831634431388504e-03
2.878004065224439023e-02
6.712144731956169730e-02
1.025075531738652013e-01
1.321459849691597188e-01
1.532387335580266963e-01
1.632945980733096769e-01
1.605625688620566927e-01
1.445045658697107216e-01
1.161359833564438726e-01
7.807816444075924012e-02
3.426948617043941436e-02
-1.062596028402514048e-02
-5.202606502611271944e-02
-8.630917938056330285e-02
-1.115163532700068072e-01
-1.275790829118840231e-01
-1.359017245001183927e-01
-1.384223430805467392e-01
-1.365478119934563361e-01
-1.304135249406598307e-01
-1.187438336283750256e-01
-9.934100591439418149e-02
-7.004455432782338842e-02
-2.988832562069332344e-02
1.989635997959704472e-02
7.539199695952887581e-02
1.302492526931707806e-01
1.766643420754668015e-01
2.068302568643581030e-01
2.145179381893659032e-01
1.964641046871032359e-01
1.532834698514633498e-01
8.966172271320391185e-02
1.370144275633473907e-02
-6.447153384575041168e-02
-1.344854703943995089e-01
-1.874329651677102693e-01
-2.171632677660246258e-01
-2.209829460252543121e-01
-1.997232105062785867e-01
-1.572228387573023078e-01
-9.938933216056497488e-02
-3.311858850296699186e-02
3.463198908197662185e-02
9.746101480815841378e-02
1.498717599654689481e-01
1.874947080432450286e-01
2.072873794849904860e-01
2.077207888999255125e-01
1.889155605895844747e-01
1.526979888178462974e-01
1.025432988147255281e-01
4.334064330466083637e-02
-1.908242320488776067e-02
-7.864717706348679782e-02
-1.297757449511167116e-01
-1.680293090674946366e-01
-1.905282958864745746e-01
-1.961364332903203223e-01
-1.854127421259237907e-01
-1.603313506435465885e-01
-1.238198131091786114e-01
-7.926212102427807049e-02
-3.013875408934926781e-02
2.013423031173951216e-02
6.825546950789976308e-02
1.111003374860232706e-01
1.458209960651995762e-01
1.699297398699804451e-01
1.813514829612042911e-01
1.785243234342618335e-01
1.606334890470333399e-01
1.279587964716424053e-01
8.220551311308288422e-02
2.666893107247640671e-02
-3.385672916750838424e-02
-9.344487766823814101e-02
-1.456541033445008515e-01
-1.843276218528973054e-01
-2.044411289990640257e-01
-2.028286531046061270e-01
-1.786688689474361658e-01
-1.337232289717218414e-01
-7.235981424825803365e-02
-1.320434973484232999e-03
7.089269778034995584e-02
1.350706641262374996e-01
1.826591786035131892e-01
2.071444001464113893e-01
2.051835612975794754e-01
1.772893131248140519e-01
1.279276190551041359e-01
6.490778942171374077e-02
-1.955566071014214202e-03
-6.270273853526596441e-02
-1.091726732617034068e-01
-1.365180797039113325e-01
-1.439111679486025086e-01
-1.342957171584530096e-01
-1.132665731458802061e-01
-8.735076661263954656e-02
-6.214212449696230461e-02
-4.083992561798559240e-02
-2.364638734275915227e-02
-8.177011443829027004e-03
9.312233811783122983e-03
3.229292065831321223e-02
6.238338921817286609e-02
9.823773289119400176e-02
1.352517049852478004e-01
1.662657471220278516e-01
1.831455109878470933e-01
1.788018552785185789e-01
1.490679980224768886e-01
9.395957270438143327e-02
1.808973835433855260e-02
-6.977955693782991742e-02
-1.579577297199525332e-01
-2.336411025705248945e-01
-2.850302202204608726e-01
-3.033492363810111336e-01
-2.843704143966954145e-01
-2.291810920150534614e-01
-1.441091230610364593e-01
-3.984963411361297503e-02
7.008822013945453788e-02
1.714044680382223462e-01
2.511766666562759154e-01
2.997928898538169129e-01
3.123279083140572676e-01
2.891563218399082480e-01
2.356865895710953396e-01
1.611934797807927922e-01
7.691486201121633393e-02
-6.158710973447861781e-03
-7.921306439336331384e-02
-1.367656256353009248e-01
-1.768566289198724995e-01
-2.003919915334535784e-01
-2.099243031683939997e-01
-2.082263618098944835e-01
-1.970611387815638937e-01
-1.765580993731816206e-01
-1.454567405129480462e-01
-1.021513059561592329e-01
-4.612654851254201216e-02
2.077286064852099101e-02
9.369178442159631359e-02
1.649595996282715860e-01
2.251461014897291890e-01
2.648048548133850599e-01
2.765275646232110973e-01
2.567743144680793010e-01
2.069545724095454287e-01
1.334481431270136409e-01
4.655938648599562690e-02
-4.135569264477792495e-02
-1.182037421993371029e-01
-1.744315431829233654e-01
-2.047451644710845398e-01
-2.088339801719525934e-01
-1.909231291719900581e-01
-1.583244348315548944e-01
-1.194188853968269071e-01
-8.159227034362928621e-02
-4.960530421925059968e-02
-2.478477083233158323e-02
-5.261654759781853041e-03
1.279469933385329189e-02
3.334164902339163683e-02
5.865942821809276564e-02
8.818766588772633530e-02
1.183535203474268827e-01
1.434118961676043025e-01
1.570418167557106615e-01
1.542383865839035417e-01
1.329140246611447973e-01
9.465893559040836069e-02
4.438760234493319135e-02
-1.096058731655620566e-02
-6.413229449022969653e-02
-1.090696095203962379e-01
-1.418033486525641373e-01
-1.606023243678551538e-01
-1.654772830303837816e-01
-1.573046495603921124e-01
-1.369708026223507846e-01
-1.049701829270965614e-01
-6.170926660104802952e-02
-8.401392017166331438e-03
5.190683838736089017e-02
1.137439090373460193e-01
1.694583377365617149e-01
2.103950784924422390e-01
2.287782216794612133e-01
2.197942077922099557e-01
1.831882639405290614e-01
1.237348714047269010e-01
5.030494225227155614e-02
-2.620049920180003711e-02
-9.534786376628240356e-02
-1.493046113031971378e-01
-1.840407254287692307e-01
-1.993923686366869397e-01
-1.981204930777007989e-01
-1.843550302517444339e-01
-1.619740767426068873e-01
-1.334720143896232780e-01
-9.966483721082425307e-02
-6.022258771196756927e-02
-1.470031169813400262e-02
3.636937708514549616e-02
9.067427276942004177e-02
1.438371517818177736e-01
1.897857552211725252e-01
2.217990707430702590e-01
2.340289768140006166e-01
2.230518861778138517e-01
1.889232617738796360e-01
1.353763706026111235e-01
6.911933189029172142e-02
-1.537080254171513394e-03
-6.833052545664961008e-02
-1.245349033308256748e-01
-1.658895334364726692e-01
-1.907540328422649700e-01
-1.995655921418079126e-01
-1.939364910616470927e-01
-1.757961837049414888e-01
-1.468474074902800242e-01
-1.084245847733133761e-01
-6.174055180019741990e-02
-8.448465408251781827e-03
4.866670131667300003e-02
1.051956235369741199e-01
1.551644709005491618e-01
1.918124926717642287e-01
2.089443385960300936e-01
2.024776170465246994e-01
1.717390087430016310e-01
1.201169674880004506e-01
5.479392610282909915e-02
-1.452079509274929736e-02
-7.762421562337494529e-02
-1.260581705153797638e-01
-1.548534459773043270e-01
-1.632524900333988949e-01
-1.542700827431305877e-01
-1.333252233634238393e-01
-1.063976522947261000e-01
-7.824902238761219375e-02
-5.124531353499553465e-02
-2.517254933525284177e-02
1.898219304236420379e-03
3.206097164949882339e-02
6.597911473258315229e-02
1.018632690442324712e-01
1.353781658895194251e-01
1.605021129839364624e-01
1.710903893271484288e-01
1.627010111797767000e-01
1.341244568818398541e-01
8.808802097434312306e-02
3.085796414835210999e-02
-2.913384238072115606e-02
-8.317955962407089232e-02
-1.241468615171646694e-01
-1.478442505469544921e-01
-1.536192823363217719e-01
-1.440707562700158650e-01
-1.239508946736377487e-01
-9.857769123065511507e-02
-7.227080857811558900e-02
-4.732238126229660474e-02
-2.379255558206253007e-02
-1.158541945174770826e-04
2.572939967697628061e-02
5.486816252050141784e-02
8.643848988273278300e-02
1.171896974810425207e-01
1.420064367325034882e-01
1.552413009294925650e-01
1.523841867103849779e-01
1.314650304544836834e-01
9.374515433533150977e-02
4.355890389575818589e-02
-1.256935392306017529e-02
-6.725823952786627591e-02
-1.137015722648477001e-01
-1.468281425548988162e-01
-1.639103134100741710e-01
-1.645676220198049045e-01
-1.503414844238319392e-01
-1.240892571521364229e-01
-8.935765738557548132e-02
-4.980081040236693929e-02
-8.713086979084301575e-03
3.121251685969016199e-02
6.783668015434946019e-02
9.931680753082781921e-02
1.238445942139804190e-01
1.395796845281864762e-01
1.448625699699020997e-01
1.386443450722225912e-01
1.209667434112267903e-01
9.327737795785875918e-02
5.838229471027883699e-02
1.995372215062779508e-02
-1.827963748394531573e-02
-5.333588885136889002e-02
-8.342166158575856083e-02
-1.078396456320461355e-01
-1.264588818982256835e-01
-1.390172978363404810e-01
-1.445430547995885662e-01
-1.411259390593333773e-01
-1.262059488670050356e-01
-9.742478668248313878e-02
-5.385757967316485290e-02
2.802895968036039909e-03
6.761841991217287795e-02
1.326760257289953948e-01
1.882844201601767131e-01
2.248379958964853154e-01
2.349237751533816976e-01
2.151686734663896539e-01
1.673094396034926212e-01
9.808496103644440134e-02
1.787199050656627930e-02
-6.157470517510571506e-02
-1.295927292203077064e-01
-1.785838285024926586e-01
-2.050264247491353220e-01
-2.094100660999657082e-01
-1.952605629145415800e-01
-1.676275783935203822e-01
-1.315317923250930998e-01
-9.086461053743200011e-02
-4.804004882770709223e-02
-4.378600546067951127e-03
3.907129830573187468e-02
8.067935433260385591e-02
1.177172389303450112e-01
1.464343372925070164e-01
1.627964877491889506e-01
1.637006587335503305e-01
1.482162139364941456e-01
1.183000819338987236e-01
7.861094790894469775e-02
3.543990914060676095e-02
-4.852056339486661429e-03
-3.734867142202701051e-02
-5.958407678016648668e-02
-7.176597180198646120e-02
-7.615980563061554298e-02
-7.583426089868433584e-02
-7.322834735370642445e-02
-6.911778796336755237e-02
-6.240635976978751998e-02
-5.080252881604807591e-02
-3.207943324417986131e-02
-5.438103314713234326e-03
2.749297943203993233e-02
6.237769685517328966e-02
9.279531853962347254e-02
1.116889964414728570e-01
1.132483167691662879e-01
9.462700042610142082e-02
5.694373861223741423e-02
5.291376201977678051e-03
-5.219727323828032839e-02
-1.059688530243859395e-01
-1.469960458385857760e-01
-1.686209153906690905e-01
-1.678316573499325781e-01
-1.456227359097259089e-01
-1.063784786838151419e-01
-5.655222757997546007e-02
-3.106262166721482365e-03
4.783182604071679889e-02
9.178486481656977780e-02
1.260935986983298396e-01
1.495221724714114464e-01
1.615875470515990009e-01
1.620023043370666938e-01
1.505214945976570406e-01
1.272087346301432609e-01
9.287828947621866449e-02
4.942012289504611050e-02
-1.330052171245876824e-04
-5.177004825340007776e-02
-1.008316793585867371e-01
-1.424801081295558880e-01
-1.722771894067684217e-01
-1.867707829442065981e-01
-1.839574663192056203e-01
-1.635517668630222521e-01
-1.270745948084864296e-01
-7.777506093323784120e-02
-2.034285986923990708e-02
3.962304223541031345e-02
9.630702867428667102e-02
1.443432947011113743e-01
1.793052160450020471e-01
1.980118270773684186e-01
1.987449495838951585e-01
1.814337972849824898e-01
1.477550954607013967e-01
1.010442029897845179e-01
4.596450550433441029e-02
-1.202964141807051635e-02
-6.735639423387104752e-02
-1.150030506860360291e-01
-1.511267910094372113e-01
-1.733991778621273572e-01
-1.809999620112816565e-01
-1.743339834355532303e-01
-1.546774260387816236e-01
-1.239265382486027939e-01
-8.446950751639142885e-02
-3.910368852043524801e-02
9.043397495794164298e-03
5.656739120418470546e-02
9.982961153075234351e-02
1.350969561547759601e-01
1.588873424903052278e-01
1.684966279875080020e-01
1.625443681141158225e-01
1.413537596532381535e-01
1.070556779536533387e-01
6.337914535313081410e-02
1.513170246808311081e-02
-3.256179215958199258e-02
-7.508518671824666868e-02
-1.089757294145624472e-01
-1.322065845385593241e-01
-1.441055667361290094e-01
-1.450603093975571523e-01
-1.361717277636217416e-01
-1.189302131301443743e-01
-9.493303364508545727e-02
-6.568719917987766999e-02
-3.256874126677952036e-02
3.048020295147280123e-03
3.958220315777093157e-02
7.509128187272481880e-02
1.072456287624383997e-01
1.334382602132258566e-01
1.510257205966561989e-01
1.577124877533251923e-01
1.520441568631181739e-01
1.338608286846533213e-01
1.044976908704603191e-01
6.660921917282516813e-02
2.368985860064842103e-02
-2.049803315521647740e-02
-6.239976510841245549e-02
-9.896934183907424298e-02
-1.277888519030932479e-01
-1.470114200118107228e-01
-1.551734823862362667e-01
-1.510226520673319250e-01
-1.335663236754318361e-01
-1.024520086923147860e-01
-5.858171102296224481e-02
-4.700862309864869970e-03
5.430933291702301491e-02
1.116173026222335857e-01
1.591879564467000296e-01
1.890713112942397078e-01
1.950438016540421426e-01
1.742005520929890139e-01
1.279856869888264526e-01
6.226806270821651917e-02
-1.361440510227950040e-02
-8.859087408427623878e-02
-1.519396137440967298e-01
-1.952496282163220243e-01
-2.138414596107592880e-01
-2.073298904555176403e-01
-1.792135902793251245e-01
-1.356616127181793641e-01
-8.390134667247250988e-02
-3.066815139196962803e-02
1.893119032476811570e-02
6.194415666154982902e-02
9.743120032232378824e-02
1.257603388591912730e-01
1.476234652852670415e-01
1.631682185532216112e-01
1.715653499875557930e-01
1.711117615862486063e-01
1.597649599380898677e-01
1.359190277171519468e-01
9.921682502661892389e-02
5.116738146047445507e-02
-4.669960407948536840e-03
-6.306609051033815194e-02
-1.179723225617900495e-01
-1.635414901319498515e-01
-1.949979948758139847e-01
-2.091920574755051221e-01
-2.048490639636035282e-01
-1.825776297745399790e-01
-1.446599912804419352e-01
-9.464748934616812326e-02
-3.686416579602565247e-02
2.402156677593415834e-02
8.326697700434218530e-02
1.362257217253334263e-01
1.785582599064356457e-01
2.065639990669186632e-01
2.176020021626865475e-01
2.104977189966453499e-01
1.858201993730474733e-01
1.459154809919222806e-01
9.460646357171777210e-02
3.657209893831306347e-02
-2.341091472467586587e-02
-8.106701064923518829e-02
-1.328374564393538237e-01
-1.757268280837422092e-01
-2.070139268521705711e-01
-2.240994143768737512e-01
-2.246370168113300814e-01
-2.069494144898259003e-01
-1.706464451343158717e-01
-1.172960978888924061e-01
-5.090284868551131492e-02
2.210115308768592635e-02
9.353101047882098062e-02
1.547055360030845650e-01
1.979613647716210456e-01
2.180360216012290631e-01
2.130215488310381600e-01
1.847120233365626141e-01
1.382620984214330551e-01
8.118554744456218941e-02
2.188644272503126320e-02
-3.193288992965621909e-02
-7.460127017096682134e-02
-1.032497920026251431e-01
-1.178859475635258974e-01
-1.207866419245583467e-01
-1.153755502901109842e-01
-1.049156425703433593e-01
-9.146722672713683555e-02
-7.550043784139241765e-02
-5.626672759766652987e-02
-3.268444236174724432e-02
-4.308680858295416138e-03
2.798720545775713886e-02
6.181148781521925151e-02
9.356801316901026955e-02
1.191920124101280426e-01
1.350824524395199122e-01
1.389056270607891830e-01
1.299885585468085469e-01
1.092295907666686883e-01
7.868761484808922679e-02
4.110117605091975074e-02
-4.889007006407125600e-04
-4.296125565772261623e-02
-8.319109780544442501e-02
-1.180237546619219147e-01
-1.442474398873850039e-01
-1.587261036484060583e-01
-1.587991537115610030e-01
-1.428761133910836922e-01
-1.109991063859667587e-01
-6.516175147606939611e-02
-9.324335575471576210e-03
5.082207714743074145e-02
1.083162844702027922e-01
1.556650282963359944e-01
1.858870926428060066e-01
1.937362183445041630e-01
1.768202398109407214e-01
1.363105783740937715e-01
7.703581852967000820e-02
6.879166763509109161e-03
-6.448183439168776732e-02
-1.272959399569791872e-01
-1.735253791555280978e-01
-1.982013208761062850e-01
-1.999731251996571535e-01
-1.807945289015602808e-01
-1.449985685236811483e-01
-9.813904583991703290e-02
-4.592554704138694655e-02
6.535371514229809664e-03
5.509972266256291107e-02
9.659499885545176634e-02
1.286704116760945260e-01
1.497218146746179257e-01
1.589903866321749071e-01
1.567123454531669513e-01
1.440963945884518038e-01
1.230334629473465724e-01
9.566196891317466089e-02
6.399678730367117097e-02
2.973868859018270749e-02
-5.735412252618019013e-03
-4.123093635557728565e-02
-7.546986495454643951e-02
-1.067804969614262467e-01
-1.328974340780118835e-01
-1.510190158963373164e-01
-1.581596500394572558e-01
-1.517179197861675544e-01
-1.301413161878857139e-01
-9.357524418410423372e-02
-4.435767085290355516e-02
1.283813346583539960e-02
7.140187448144394433e-02
1.237589927183529170e-01
1.627092077313445351e-01
1.827621603546747964e-01
1.811264491977081226e-01
1.581528449997118280e-01
1.171704850294956191e-01
6.375994829417053200e-02
4.638070832067811566e-03
-5.352237150810115751e-02
-1.049773243635369335e-01
-1.453081865242555615e-01
-1.714166408437101941e-01
-1.813740949676078684e-01
-1.743370551188677120e-01
-1.505807520092777851e-01
-1.115990605982854211e-01
-6.021436947707677068e-02
-6.496649853608843506e-04
6.153018064844284485e-02
1.197480312672011826e-01
1.671074150294659111e-01
1.973933773571125150e-01
2.061781275662258328e-01
1.917664231204937730e-01
1.557315513612481661e-01
1.028471162758526347e-01
4.032727516504516774e-02
-2.351846049310843401e-02
-8.088161567738362534e-02
-1.258436588482594598e-01
-1.551765319651211283e-01
-1.684074936786544852e-01
-1.672448222624013381e-01
-1.546110310389908760e-01
-1.335894115540322835e-01
-1.065936503776445665e-01
-7.500373612092287035e-02
-3.934486663388948868e-02
1.294332445544305044e-04
4.272679220730013494e-02
8.674031790044811618e-02
1.291676008174068579e-01
1.658121723668275482e-01
1.918239768936249590e-01
2.026429842270579540e-01
1.951180901131472356e-01
1.684149742356936263e-01
1.243719459767611557e-01
6.720876784794349579e-02
2.754205609035262348e-03
-6.253299444548912622e-02
-1.225108264989820672e-01
-1.720943384866875370e-01
-2.076559203338812776e-01
-2.270287896069084210e-01
-2.292154522440152109e-01
-2.140512546557060691e-01
-1.820660875604977746e-01
-1.346191414394257713e-01
-7.420355346708916444e-02
-4.749825500720533666e-03
6.823028992382026980e-02
1.378059704158740295e-01
1.962287242518442332e-01
2.360152212391754545e-01
2.513576284141288975e-01
2.394984225797062161e-01
2.016272864121839703e-01
1.429662193370745960e-01
7.194104515276492084e-02
-1.404336696799443618e-03
-6.736956617775061162e-02
-1.184125765395293295e-01
-1.503109306406772983e-01
-1.623807541709426927e-01
-1.568169001734263102e-01
-1.375281083368437296e-01
-1.089378119313802185e-01
-7.509041937327992633e-02
-3.919516709383850939e-02
-3.600493512455199552e-03
2.988272882903184047e-02
5.948421467536112173e-02
8.308323237691077334e-02
9.820078834920302480e-02
1.024711577419325226e-01
9.442258508486793545e-02
7.422839976056616607e-02
4.410814412111541127e-02
8.193844553073689752e-03
-2.817263305086759040e-02
-5.958934933842960358e-02
-8.188758572836898897e-02
-9.313025027602109263e-02
-9.392165229354845768e-02
-8.688990054022596721e-02
-7.553631819479769693e-02
-6.287881516466381493e-02
-5.036363161610089845e-02
-3.741347005389384500e-02
-2.178771970571662803e-02
-6.858201943113484411e-04
2.775068139226013336e-02
6.309660581423394421e-02
1.020247296041849189e-01
1.387067161168482610e-01
1.661282356668536686e-01
1.778938016000004008e-01
1.699713249244526325e-01
1.418666294496078728e-01
9.687436526615580967e-02
4.131817641466853375e-02
-1.697177207457926940e-02
-7.043533567987754485e-02
-1.132671848817513177e-01
-1.422519243345673479e-01
-1.568575273579848051e-01
-1.586942552995437850e-01
-1.505567309689272715e-01
-1.353445396305359427e-01
-1.152047571648776858e-01
-9.118032993720646961e-02
-6.344178572642319991e-02
-3.192639422697399892e-02
2.927303156303587284e-03
3.962585972131472956e-02
7.541495105453496772e-02
1.065100255055013156e-01
1.287822641665801737e-01
1.387683051197040329e-01
1.346729169406098992e-01
1.169597487265117280e-01
8.829113861690363052e-02
5.287635965072111366e-02
1.550020859644247323e-02
-1.946252099005327252e-02
-4.880159332530654981e-02
-7.080936905348562960e-02
-8.510407569875126643e-02
-9.202668689581385009e-02
-9.192895067616874138e-02
-8.475352727005790177e-02
-7.013090165399279985e-02
-4.790023699771382704e-02
-1.874663373912059325e-02
1.534558179752296136e-02
5.099097972136706902e-02
8.371097636699545430e-02
1.086431782507848998e-01
1.215340683305211888e-01
1.197357919133815174e-01
1.028498359197615175e-01
7.278733040939744381e-02
3.327687163197350778e-02
-1.095431234755719907e-02
-5.506590255409234136e-02
-9.484044205669812933e-02
-1.270910465240453480e-01
-1.496381640435044957e-01
-1.609346181653444618e-01
-1.596347496026568613e-01
-1.444669223627813304e-01
-1.145823080950119921e-01
-7.024857648330670723e-02
-1.356485782341478041e-02
5.111448226151393825e-02
1.172385911273519238e-01
1.766826751270939577e-01
2.209253090173547984e-01
2.426282817394735392e-01
2.372662922300019239e-01
2.043255087902564604e-01
1.476685823673947462e-01
7.492630454735046963e-02
-3.936672332051430190e-03
-7.854466437058518768e-02
-1.400840417603317067e-01
-1.828416298870906564e-01
-2.048891719615513196e-01
-2.077468591347876870e-01
-1.952210873661579804e-01
-1.718750623105065878e-01
-1.416261535599955268e-01
-1.068366381790658570e-01
-6.810865484309755469e-02
-2.484121243487441566e-02
2.359812522601148488e-02
7.648406423010084554e-02
1.306863857732037948e-01
1.804550608719703297e-01
2.182285708600322782e-01
2.362893882287609437e-01
2.288279729224843573e-01
1.938572885214930597e-01
1.343967804027504376e-01
5.843645826937317322e-02
-2.251266264759577140e-02
-9.599013867421907209e-02
-1.515260944056437964e-01
-1.830200895771647296e-01
-1.898273178726025412e-01
-1.762653347989717179e-01
-1.497533026937299117e-01
-1.182177390649649662e-01
-8.764974675953876582e-02
-6.066009527509612365e-02
-3.648461815987420059e-02
-1.228226387711643663e-02
1.493592462240320162e-02
4.654914423615651164e-02
8.133307502460161709e-02
1.154745984328864050e-01
1.435245315733094940e-01
1.599619968653969715e-01
1.608447906540453332e-01
1.449639572870650150e-01
1.141072279888013796e-01
7.241574534398104168e-02
2.518266333789082739e-02
-2.240272145831694039e-02
-6.614020700606336456e-02
-1.031138185302564736e-01
-1.314154247146544496e-01
-1.495480850684409446e-01
-1.559271261621483218e-01
-1.488792913178021704e-01
-1.272725030175053118e-01
-9.150904615191030045e-02
-4.434264239758397425e-02
8.976777307466266009e-03
6.141291949101780612e-02
1.055229500256100877e-01
1.350870739817580934e-01
1.465014613260764431e-01
1.395134978611612953e-01
1.170627558481317498e-01
8.428428533001755540e-02
4.703843016851381315e-02
1.048870231341325621e-02
-2.183828658793542099e-02
-4.832940598177725561e-02
-6.895806241587090768e-02
-8.454803202648983329e-02
-9.588582115192668953e-02
-1.029792248738151950e-01
-1.047379695045483894e-01
-9.921209782207146555e-02
-8.430665415528038054e-02
-5.872378314850128928e-02
-2.284340233206911402e-02
2.070483039148177107e-02
6.698390356848138438e-02
1.093559018438344660e-01
1.407414337302598517e-01
1.552488641791346935e-01
1.496658205405803632e-01
1.243149978116314808e-01
8.302513344468842593e-02
3.227495799189929182e-02
-2.022747564259223807e-02
-6.716880857460671983e-02
-1.030449243351219818e-01
-1.249760150718081109e-01
-1.327122952514192267e-01
-1.279356800301201802e-01
-1.132352563021105096e-01
-9.119027730532049125e-02
-6.383957616129004586e-02
-3.260762960411994760e-02
1.382619764649505034e-03
3.676566460015733007e-02
7.140219294457060550e-02
1.021607392502240919e-01
1.252265805197210757e-01
1.369030901703326975e-01
1.346041820144995571e-01
1.176415166796291600e-01
8.752975034534907217e-02
4.774161390583929465e-02
3.009430011401831306e-03
-4.162374195776158414e-02
-8.171476320887069433e-02
-1.139812116172474743e-01
-1.363341505063363768e-01
-1.474800377106849081e-01
-1.464245627192073962e-01
-1.322283982300706817e-01
-1.041815500964591995e-01
-6.235034115356013346e-02
-8.321823930899044375e-03
5.410465105464973279e-02
1.185940293890075103e-01
1.766317841422233859e-01
2.187041672082892518e-01
2.361371642014823136e-01
2.231356114735874585e-01
1.784491829160139431e-01
1.061860011538202225e-01
1.550770011885979627e-02
-8.081106086888120710e-02
-1.687010961397785724e-01
-2.354620309468191675e-01
-2.720855216266603871e-01
-2.746632815760701174e-01
-2.446475602501314572e-01
-1.880948114483789735e-01
-1.142161664078981953e-01
-3.358828591392690188e-02
4.362817387751694032e-02
1.091177674674721765e-01
1.572294096742316849e-01
1.851493075269686761e-01
1.926293805639130441e-01
1.815438140060304240e-01
1.554201840556047043e-01
1.189316491185760660e-01
7.730210255678715559e-02
3.565011639728049575e-02
-1.645661240608102538e-03
-3.149029495979535631e-02
-5.247333657780520189e-02
-6.503237035332744276e-02
-7.123443082016973904e-02
-7.408462203364768461e-02
-7.645684682130043930e-02
-7.994650935697740490e-02
-8.403825556018915122e-02
-8.593346387543951415e-02
-8.122861690863211748e-02
-6.538970283855273513e-02
-3.564962293926301345e-02
7.317003374871483556e-03
5.863397103543277478e-02
1.098012783685418520e-01
1.505447383430553177e-01
1.713962890886008006e-01
1.662137882782073750e-01
1.338917320181071680e-01
7.878044086190860718e-02
9.712429562792029847e-03
-6.205891992890916198e-02
-1.253740287047427349e-01
-1.713844315624305503e-01
-1.948982351694464321e-01
-1.946602668279187043e-01
-1.727469082250497889e-01
-1.334589617509339687e-01
-8.212010238107275706e-02
-2.411399931771593397e-02
3.563100917970993264e-02
9.268067973442958851e-02
1.428394707841573186e-01
1.819213627547061063e-01
2.058296155235702640e-01
2.110376501253793391e-01
1.953554496803341367e-01
1.587474573940506062e-01
1.039342754025676108e-01
3.651910812615760671e-02
-3.555129927399137968e-02
-1.032016844634146280e-01
-1.578688923813132416e-01
-1.931188959128325999e-01
-2.057888486677150186e-01
-1.963855000567508169e-01
-1.687009903146421963e-01
-1.287738128725355313e-01
-8.343564009294751616e-02
-3.879359237257631182e-02
9.319871123534689827e-04
3.386995320989319436e-02
6.017365685482936599e-02
8.113085207702606938e-02
9.810392573207182831e-02
1.116766434148595277e-01
1.212625412250129819e-01
1.252890658681581615e-01
1.218924044744483237e-01
1.098359729821518915e-01
8.922215478724196402e-02
6.165422571984564837e-02
2.981292928689275451e-02
-3.270899812184910327e-03
-3.486802200661782980e-02
-6.289732425576033403e-02
-8.595722795454088794e-02
-1.031432943956037268e-01
-1.137572120646688917e-01
-1.170203048816752661e-01
-1.119461722687282584e-01
-9.750891345770193452e-02
-7.310683202454712482e-02
-3.915663234137346793e-02
2.404903858178250586e-03
4.788037050637172776e-02
9.194290019496600963e-02
1.282302554328213495e-01
1.504231385204695126e-01
1.536387858386675798e-01
1.357517525684001636e-01
9.818604119114995865e-02
4.588151594226495822e-02
-1.358070802524886933e-02
-7.146455853738838127e-02
-1.196093568642037364e-01
-1.519825303904375202e-01
-1.656536102906491781e-01
-1.609293497162859188e-01
-1.406683422153814644e-01
-1.091035900554942067e-01
-7.065758659160450983e-02
-2.914025265517348334e-02
1.253158639419407749e-02
5.218144183952728998e-02
8.798641347133610846e-02
1.180869525541944909e-01
1.404127295231752670e-01
1.528541446205617937e-01
1.537225908773821870e-01
1.422657306275245392e-01
1.189841293787745335e-01
8.564570807501808991e-02
4.506831900061501056e-02
7.948999424468028430e-04
-4.327479448416159113e-02
-8.328867359429448225e-02
-1.158536194537933550e-01
-1.383734835034497734e-01
-1.492430919656901056e-01
-1.478941428004533210e-01
-1.347308204830028333e-01
-1.109796795796660629e-01
-7.847379423005051979e-02
-3.944392586001844309e-02
3.565155160655544830e-03
4.760355710341047930e-02
8.916975925897670241e-02
1.242418928835325176e-01
1.486539899180213953e-01
1.587906672417039866e-01
1.524085826888952055e-01
1.293414255060651996e-01
9.187062157840417131e-02
4.459287078239506513e-02
-6.290714154327858854e-03
-5.415860425763260877e-02
-9.330977270746022845e-02
-1.200499724961844594e-01
-1.332119271375391545e-01
-1.340122073972468963e-01
-1.253333830813923577e-01
-1.106312571647532772e-01
-9.275598256859085566e-02
-7.305549883698281288e-02
-5.110929509141481225e-02
-2.523891905626915455e-02
6.372946409568813753e-03
4.436711977366908366e-02
8.716271316763796184e-02
1.305482576294770825e-01
1.681093121916183708e-01
1.924845804368855440e-01
1.971813327160630014e-01
1.784261367046867663e-01
1.364275068990702389e-01
7.560266991627274946e-02
3.713583594777455921e-03
-6.975640394177703985e-02
-1.354680301396417041e-01
-1.858406779198446823e-01
-2.160530291926560653e-01
-2.242498300467793415e-01
-2.110295427887031450e-01
-1.785694759945996857e-01
-1.298820803702954163e-01
-6.854677820440595315e-02
1.090003728363569957e-03
7.355154069162075925e-02
1.420801012021634113e-01
1.989622815393878585e-01
2.364284680997749410e-01
2.480483140379029783e-01
2.303276096003414042e-01
1.840045459747926548e-01
1.145086283708358355e-01
3.129161672881591860e-02
-5.384395363714281069e-02
-1.289589338335230262e-01
-1.841740283612677276e-01
-2.133663530620127646e-01
-2.150180505397112918e-01
-1.920358063447454022e-01
-1.506104717776789725e-01
-9.848872133859110090e-02
-4.322197019098497628e-02
9.103380344040540306e-03
5.442628048516319483e-02
9.062773700027321189e-02
1.170248989113210070e-01
1.336906939165376784e-01
1.408370926399140632e-01
1.384675872790843698e-01
1.263911795403854232e-01
1.045107965224093965e-01
7.318687810485260958e-02
3.352738323382097735e-02
-1.241255585877738821e-02
-6.148874712598131898e-02
-1.094261057870935944e-01
-1.510000689806057783e-01
-1.805370072010640536e-01
-1.927126381199592564e-01
-1.835214888242867048e-01
-1.512492841196279025e-01
-9.727195845951364106e-02
-2.648147396579152157e-02
5.287995809071649456e-02
1.301264644326471653e-01
1.937320526263743570e-01
2.333544042935549179e-01
2.418542367781719160e-01
2.168619896795567215e-01
1.615045738856067947e-01
8.403784706642539182e-02
-3.625695666518657934e-03
-8.817063417751119792e-02
-1.573238869734687462e-01
-2.018805229924577060e-01
-2.169245908097991726e-01
-2.021469105260960131e-01
-1.613519754685482366e-01
-1.013515606771628330e-01
-3.054265805888402296e-02
4.245845727486478871e-02
1.098055438347613488e-01
1.649177182723139956e-01
2.026058291383617538e-01
2.190842991548501428e-01
2.120882020387739875e-01
1.811868522490281685e-01
1.282443642122746974e-01
5.784144907328046120e-02
-2.264512752862166134e-02
-1.036189040648955728e-01
-1.746121970093368614e-01
-2.261654197284527767e-01
-2.516950110810927121e-01
-2.487694998151043779e-01
-2.194415119766302269e-01
-1.696021960191612943e-01
-1.075726367724164634e-01
-4.229902359310930282e-02
1.838993629956620079e-02
6.900330928512896089e-02
1.067921532441919452e-01
1.313609679313266776e-01
1.438100204954465555e-01
1.458372812513160643e-01
1.391173890864118579e-01
1.250759505313545072e-01
1.050154494672133343e-01
8.044067138677843398e-02
5.334705409616209704e-02
2.621819347015326429e-02
1.615480798190106759e-03
-1.849535539936666972e-02
-3.333121565905910327e-02
-4.345937521600724829e-02
-5.043245356278783925e-02
-5.603146775550944814e-02
-6.140693810573816247e-02
-6.643549689640947109e-02
-6.955613963536755318e-02
-6.821602022307463042e-02
-5.982760256581012848e-02
-4.289205692252748975e-02
-1.783408964734950475e-02
1.278154304879500908e-02
4.469362809955214344e-02
7.283370928158325319e-02
9.236746845459289923e-02
9.965966177039251028e-02
9.300028184844226498e-02
7.294397047765872888e-02
4.216537943270308453e-02
4.881765942239484068e-03
-3.395084961639045773e-02
-6.943301331397039311e-02
-9.736621446079690712e-02
-1.146937113671111369e-01
-1.197099962985852251e-01
-1.120350628499075796e-01
-9.242944078509884864e-02
-6.259796921378393830e-02
-2.509097368486576385e-02
1.672945951444272661e-02
5.879971068013342683e-02
9.665386923278207476e-02
1.258991549119898301e-01
1.427648485645133802e-01
1.446281918648284759e-01
1.304582463585857721e-01
1.011097055666562855e-01
5.936528027364493254e-02
9.653394335192799769e-03
-4.252346552277923297e-02
-9.131636111911684006e-02
-1.312784648826562095e-01
-1.580565762088895487e-01
-1.689598234589909098e-01
-1.632933076769661207e-01
-1.423372091188601363e-01
-1.089554436029464418e-01
-6.697417979476116834e-02
-2.054861770595099724e-02
2.632481242238092489e-02
7.011871304866930388e-02
1.079455865170362988e-01
1.376248031922090442e-01
1.576783961039012472e-01
1.673105938997372089e-01
1.664142666028822770e-01
1.555727001604138848e-01
1.359581006065038178e-01
1.090609485766295267e-01
7.631328417617745663e-02
3.878609124791209534e-02
-2.856535867653400840e-03
-4.806997290368636433e-02
-9.586081610660908414e-02
-1.440930724258685236e-01
-1.889214613865417558e-01
-2.246832195248826824e-01
-2.445313924846461429e-01
-2.418344202966943302e-01
-2.120017145008689929e-01
-1.541617982456480185e-01
-7.216109691392193215e-02
2.541282681852002900e-02
1.262296621738514535e-01
2.161004585598518546e-01
2.814499032670211287e-01
3.118962463032082244e-01
3.023312006425618037e-01
2.539559726249098759e-01
1.740131672266241603e-01
7.432128828986983571e-02
-3.100215962255500890e-02
-1.281052366247218410e-01
-2.056912238224993250e-01
-2.565249262837808186e-01
-2.778525635329054388e-01
-2.707852975819687869e-01
-2.390454378190114415e-01
-1.876227847933525927e-01
-1.217785296945301937e-01
-4.658722990665020713e-02
3.301667430145374671e-02
1.118691708839485710e-01
1.841710455360320575e-01
2.433906154238866248e-01
2.827407863846924663e-01
2.962412061380506056e-01
2.800669887722476159e-01
2.337283722371181760e-01
1.607021029175804971e-01
6.833403580558235213e-02
-3.299305581123224140e-02
-1.313071963247008367e-01
-2.148626252761352828e-01
-2.739544019956152709e-01
-3.023401858453941271e-01
-2.979931282360356315e-01
-2.630934597789085228e-01
-2.033237675955495427e-01
-1.266527545424259160e-01
-4.190589460845393910e-02
4.250561150551365741e-02
1.193898253762060713e-01
1.830337843599721404e-01
2.291092082505281347e-01
2.545402092782566572e-01
2.575525377449146003e-01
2.379148953997520244e-01
1.972336739749531165e-01
1.391340268037898897e-01
6.918425510243933485e-02
-5.555368982513325671e-03
-7.740379180891682198e-02
-1.392161511637021731e-01
-1.854906615872965736e-01
-2.130470653061750652e-01
-2.210956715772682823e-01
-2.108101477103181964e-01
-1.846821392502744907e-01
-1.459031128639520780e-01
-9.790905480068115563e-02
-4.415364017835318039e-02
1.187389529992358139e-02
6.646731751573217717e-02
1.155574505354367842e-01
1.548225846035261311e-01
1.801428488102534697e-01
1.882879390020932298e-01
1.776128033384484217e-01
1.485542468804001148e-01
1.038031752462151708e-01
4.810156919221321437e-02
-1.231678461395051272e-02
-7.053756372740602187e-02
-1.198604024020096526e-01
-1.546208363656547957e-01
-1.708629871859749794e-01
-1.668450434325213783e-01
-1.433354493704097066e-01
-1.035948972046096123e-01
-5.294582150162684825e-02
2.050314656763960186e-03
5.463883261964251614e-02
9.890685903278842450e-02
1.306106812074681878e-01
1.476592404571701878e-01
1.501530664076330956e-01
1.399409085577813794e-01
1.198098254500869209e-01
9.260818109379152785e-02
6.065253665145166340e-02
2.560565351254921046e-02
-1.124789049022668908e-02
-4.855287412118010348e-02
-8.446170878446108976e-02
-1.163658139804407687e-01
-1.408978042335818914e-01
-1.543257461771136985e-01
-1.533510687201971590e-01
-1.361097757757642190e-01
-1.030265937426375483e-01
-5.720821330420142875e-02
-4.232162395207725303e-03
4.864807688255709528e-02
9.375585315989248825e-02
1.244749746765324572e-01
1.366185514827233383e-01
1.292926770563355143e-01
1.049913634494135384e-01
6.891797051018044851e-02
2.776305941856712506e-02
-1.173217544426452541e-02
-4.410533313594669491e-02
-6.610544240433266494e-02
-7.699689183118951785e-02
-7.816000162951013130e-02
-7.216807638115790846e-02
-6.172653147265893397e-02
-4.886018723841464850e-02
-3.454569226846975621e-02
-1.878271580059479723e-02
-1.006426923775050747e-03
1.928343960331288520e-02
4.186131450903364526e-02
6.532797118296068684e-02
8.707187842774254116e-02
1.036648832274665033e-01
1.115533839388741094e-01
1.078529323019779135e-01
9.108081415784455293e-02
6.167755057804690660e-02
2.216246065718460723e-02
-2.317982927172192176e-02
-6.902730016236442723e-02
-1.099284625936425702e-01
-1.411057716463339773e-01
-1.589944286682467012e-01
-1.615272358702161126e-01
-1.482381405416308973e-01
-1.202082135888347114e-01
-7.984725299615058614e-02
-3.056447725368224150e-02
2.354637642673843012e-02
7.791497868078839373e-02
1.276337715842512932e-01
1.676689473958489773e-01
1.932613248740248368e-01
2.005316327426680256e-01
1.872147009196473144e-01
1.533843908422078406e-01
1.019497080473948658e-01
3.863582571620970130e-02
-2.875947835458163293e-02
-9.176532188818076197e-02
-1.428859303358470667e-01
-1.769372918450619059e-01
-1.916656170094091782e-01
-1.875771219800444756e-01
-1.671907965938690954e-01
-1.340411937571996948e-01
-9.176515535773216437e-02
-4.356795593348161688e-02
7.758757492128690036e-03
5.934255482697385620e-02
1.076055626006709454e-01
1.479564078384111581e-01
1.750946237490010327e-01
1.839398839807738217e-01
1.709562939995585562e-01
1.355010934613541940e-01
8.075705865446322629e-02
1.382060204177715246e-02
-5.530611590230750940e-02
-1.157048014619749265e-01
-1.579824240326579698e-01
-1.764080388191818782e-01
-1.700880726641775531e-01
-1.428678363606833979e-01
-1.020397738010893063e-01
-5.624805056420574545e-02
-1.318427981199250809e-02
2.224540521348939565e-02
4.871115395031619388e-02
6.798305642985033592e-02
8.343567671321643064e-02
9.815551547794897080e-02
1.133698988890569914e-01
1.277275754553649501e-01
1.376196445903588306e-01
1.383777474845835909e-01
1.259122769239860162e-01
9.822026376744949494e-02
5.626080757490638240e-02
3.956366203031816409e-03
-5.259607542941137359e-02
-1.063897363572448435e-01
-1.508645271418327383e-01
-1.810156049947624357e-01
-1.940132690781276592e-01
-1.892419332962927414e-01
-1.678681230457721996e-01
-1.322299581717316097e-01
-8.537194205567050220e-02
-3.087947137850942381e-02
2.708110150959482099e-02
8.374569631738884579e-02
1.339360573928520537e-01
1.724854252801511501e-01
1.948613286258918664e-01
1.979080364792331348e-01
1.805715705215067968e-01
1.443784207707032030e-01
9.342800963494743427e-02
3.380870126709263623e-02
-2.742246072731675810e-02
-8.340943174869117072e-02
-1.285379563277953552e-01
-1.591595933478755776e-01
-1.738853317891413952e-01
-1.733951466116048779e-01
-1.598238510355666775e-01
-1.359442526678011354e-01
-1.044556978004166636e-01
-6.760671254395746177e-02
-2.719285341933752598e-02
1.518165754590665439e-02
5.773717039527215267e-02
9.819403425323480761e-02
1.336293922371081799e-01
1.606326640828054098e-01
1.757844396314403590e-01
1.763354049292677472e-01
1.608674816490116566e-01
1.297589951126754126e-01
8.538907304779336238e-02
3.207188837005506277e-02
-2.432019007775988728e-02
-7.709366515717727686e-02
-1.197735025652665874e-01
-1.472257512021408477e-01
-1.565687589718331163e-01
-1.476477436538156385e-01
-1.229861812296634271e-01
-8.723847145354901578e-02
-4.624240076303322289e-02
-5.857140694962077732e-03
2.913401550599632045e-02
5.576568874755831462e-02
7.311143319860551049e-02
8.200712482362561284e-02
8.442898609589198633e-02
8.270728946498528966e-02
7.874869538099775468e-02
7.344866148288001217e-02
6.646429662592562293e-02
5.642155494222039769e-02
4.146910601359599102e-02
1.997910721777125531e-02
-8.790945499304182731e-03
-4.418235035669743072e-02
-8.384240743469439927e-02
-1.237584482717198481e-01
-1.587023179769492809e-01
-1.830391397184525926e-01
-1.916957843655731630e-01
-1.810418912401968172e-01
-1.495436299148507620e-01
-9.818182843890640998e-02
-3.064737027593769647e-02
4.674493643331828485e-02
1.255222030587550275e-01
1.959414396423851401e-01
2.482485221121594199e-01
2.741915438000664951e-01
2.686062628951038644e-01
2.307665629731363854e-01
1.650654393140172371e-01
8.062960730470120074e-02
-1.023841152246438013e-02
-9.447540926043218601e-02
-1.608954205281803995e-01
-2.023442540609871887e-01
-2.168192743115247290e-01
-2.072837528731578116e-01
-1.802417344575603653e-01
-1.434931953127528692e-01
-1.037717143110173934e-01
-6.503263728232412666e-02
-2.792718960701977282e-02
9.441023114447305575e-03
4.981479204420742601e-02
9.474576220939716353e-02
1.429151582670018239e-01
1.894358361727311868e-01
2.265058336645459913e-01
2.453351185471094320e-01
2.387553495641265566e-01
2.036132417533960126e-01
1.421292813527744170e-01
6.180873337517205079e-02
-2.602149275078610713e-02
-1.086049530377309336e-01
-1.744254526792841098e-01
-2.154519797357287436e-01
-2.283843675368259496e-01
-2.146522088183505650e-01
-1.793496181496415098e-01
-1.296137900198390813e-01
-7.301778871100358947e-02
-1.637969225376549598e-02
3.484653865588684118e-02
7.662834317542088769e-02
1.060463445859949339e-01
1.209245059748964291e-01
1.197050276863837609e-01
1.017062126330217225e-01
6.763914046069774422e-02
2.007291153547322016e-02
-3.645365882716958272e-02
-9.580887350487916898e-02
-1.510791701588035385e-01
-1.956418259484130062e-01
-2.242663173697190260e-01
-2.339713295320944297e-01
-2.243788718605738697e-01
-1.974428472756432629e-01
-1.566635856887876321e-01
-1.060928482346827628e-01
-4.946514252988008786e-02
1.031491883122546971e-02
7.122904761046791600e-02
1.317492647515878801e-01
1.901244406172458712e-01
2.436644328722765984e-01
2.884443980468081037e-01
3.197243345988445284e-01
3.330273961612911782e-01
3.254694347420926115e-01
2.968133282962701625e-01
2.498685920060345622e-01
1.901233850085119470e-01
1.247323054786455832e-01
6.114304850655752355e-02
5.732789696263201895e-03
-3.718365004149026820e-02
-6.574329930472759542e-02
-8.030217879995836527e-02
-8.275130536476416054e-02
-7.565293617927323910e-02
-6.147737304023759980e-02
-4.217808076486669749e-02
-1.925805876821937157e-02
5.685605664958695571e-03
3.019656518536051326e-02
5.042339448789143197e-02
6.122918164976529076e-02
5.707648614663141107e-02
3.345445635756316705e-02
-1.161207092355517889e-02
-7.645378631234368838e-02
-1.554244902392085681e-01
-2.395570490490379345e-01
-3.181816098459750997e-01
-3.811664316764614702e-01
-4.211729594242656916e-01
-4.352548408179668371e-01
-4.253190550452340402e-01
-3.973076503477546151e-01
-3.593242068165031777e-01
-3.192405663879630540e-01
-2.825021213033956924e-01
-2.508073523241164393e-01
-2.220392944835937188e-01
-1.913863165241271314e-01
-1.532050701169277440e-01
-1.030074726635420712e-01
-3.901896011064994590e-02
3.705288748222287931e-02
1.201981769232656067e-01
2.031916153762854393e-01
2.783144229216236165e-01
3.392289667660522978e-01
3.824603848955629992e-01
4.080878290405600683e-01
4.195289486118807254e-01
4.225616885225016439e-01
4.238792358838602281e-01
4.295410293401487056e-01
4.437042829243362796e-01
4.679555499513839978e-01
5.013561143415529164e-01
5.410353897533101142e-01
5.829843272582934111e-01
6.227257187989410081e-01
6.557125207405392064e-01
6.774806238337760522e-01
6.836752050866019559e-01
6.701030957991006565e-01
6.329680552207299638e-01
5.693836328942101233e-01
4.780886639697342622e-01
3.600845243819928432e-01
2.188388952174581403e-01
5.985547857642793679e-02
-1.102994255290963982e-01
-2.851877059206516796e-01
-4.595140593085862424e-01
-6.296415095279908059e-01
-7.934284999543832484e-01
-9.494180575523446519e-01
-1.095685585289103647e+00
-1.228878373637513066e+00
-1.343959422912732737e+00
-1.434845255504644257e+00
-1.495707144236961827e+00
-1.522463125547097063e+00
-1.514001649373747371e+00
-1.472811840042492326e+00
-1.404818638979886902e+00
-1.318349800997814736e+00
-1.222371259512419872e+00
-1.124386616931593696e+00
-1.028560953845969017e+00
-9.345921736618618691e-01
-8.376463597941707917e-01
-7.294064253700724976e-01
-6.000265050505955156e-01
-4.405467855094857832e-01
-2.451363418455382859e-01
-1.250825355202056510e-02
2.539061491120468972e-01
5.469943690591241303e-01
8.577689984764208520e-01
1.177315580329074240e+00
1.498304762488001041e+00
1.815664374408385351e+00
2.126234671177440472e+00
2.427520402727560089e+00
2.715971644129639539e+00
2.985427807110856868e+00
3.226307292331928256e+00
3.425843862481466662e+00
3.569338561366123486e+00
3.642165495642566420e+00
3.632138404480856231e+00
3.531733981841204795e+00
3.339593479155033684e+00
3.060814859546602040e+00
2.705874733741347793e+00
2.288462951974921555e+00
1.822846374552084425e+00
1.321467887584003797e+00
7.933678046220600244e-01
2.437836780013590277e-01
-3.250192956460434268e-01
-9.119952707640585077e-01
-1.515268668190106194e+00
-2.130526757468394372e+00
-2.750405703929664991e+00
-3.365021027065859816e+00
-3.963370581674670490e+00
-4.535052832089626840e+00
-5.071646095079463734e+00
-5.567182021436167361e+00
-6.017432822904138945e+00
-6.418189460398410873e+00
-6.763156347229941190e+00
-7.042264456751981427e+00
-7.241011117183967727e+00
-7.341037502906990753e+00
-7.321795851616031747e+00
-7.162939935743276365e+00
-6.846958554649504869e+00
-6.361529206923394852e+00
-5.701138515208507229e+00
-4.867735451733270047e+00
-3.870468845155296211e+00
-2.724733549967698121e+00
-1.450722148402074252e+00
-7.156630281631587431e-02
1.388846027600806776e+00
2.908105648146967592e+00
4.467060364723842270e+00
6.050529832452509638e+00
7.646470129704449725e+00
9.243386836490644853e+00
1.082618244144601860e+01
1.237109339407470898e+01
