-0.02902
-0.05614
-0.08221
-0.10657
-0.12854
-0.14743
-0.16259
-0.17350
-0.17979
-0.18118
-0.17753
-0.16888
-0.15527
-0.13702
-0.11450
-0.08815
-0.05861
-0.02653
0.00738
0.04233
0.07750
0.11210
0.14535
0.17647
0.20477
0.22964
0.25046
0.26684
0.27841
0.28489
0.28621
0.28234
0.27337
0.25955
0.24118
0.21867
0.19255
0.16336
0.13173
0.09833
0.06382
0.02887
-0.00584
-0.03966
-0.07203
-0.10239
-0.13026
-0.15526
-0.17704
-0.19535
-0.21005
-0.22102
-0.22826
-0.23186
-0.23193
-0.22866
-0.22232
-0.21318
-0.20156
-0.18781
-0.17228
-0.15531
-0.13726
-0.11845
-0.09916
-0.07970
-0.06028
-0.04112
-0.02238
-0.00420
0.01331
0.03008
0.04604
0.06116
0.07540
0.08876
0.10121
0.11272
0.12327
0.13283
0.14134
0.14873
0.15495
0.15989
0.16348
0.16560
0.16619
0.16514
0.16238
0.15787
0.15158
0.14350
0.13369
0.12220
0.10914
0.09467
0.07893
0.06214
0.04453
0.02633
0.00781
-0.01077
-0.02915
-0.04706
-0.06425
-0.08050
-0.09560
-0.10936
-0.12163
-0.13229
-0.14125
-0.14848
-0.15395
-0.15768
-0.15972
-0.16014
-0.15904
-0.15651
-0.15269
-0.14769
-0.14162
-0.13461
-0.12676
-0.11815
-0.10888
-0.09900
-0.08856
-0.07760
-0.06615
-0.05423
-0.04185
-0.02904
-0.01579
-0.00215
0.01184
0.02613
0.04065
0.05529
0.06995
0.08447
0.09868
0.11242
0.12547
0.13762
0.14866
0.15838
0.16657
0.17303
0.17760
0.18013
0.18051
0.17866
0.17454
0.16817
0.15957
0.14883
0.13608
0.12149
0.10523
0.08756
0.06872
0.04898
0.02865
0.00802
-0.01261
-0.03292
-0.05263
-0.07146
-0.08916
-0.10548
-0.12023
-0.13324
-0.14436
-0.15349
-0.16055
-0.16550
-0.16834
-0.16908
-0.16778
-0.16452
-0.15938
-0.15250
-0.14401
-0.13406
-0.12279
-0.11039
-0.09701
-0.08281
-0.06795
-0.05261
-0.03691
-0.02102
-0.00508
0.01078
0.02642
0.04171
0.05652
0.07070
0.08412
0.09664
0.10814
0.11848
0.12752
0.13514
0.14124
0.14570
0.14845
0.14941
0.14855
0.14584
0.14128
0.13492
0.12682
0.11707
0.10579
0.09315
0.07931
0.06448
0.04887
0.03271
0.01623
-0.00034
-0.01676
-0.03281
-0.04830
-0.06303
-0.07684
-0.08958
-0.10112
-0.11139
-0.12029
-0.12777
-0.13381
-0.13839
-0.14151
-0.14319
-0.14347
-0.14238
-0.13999
-0.13634
-0.13152
-0.12557
-0.11857
-0.11060
-0.10172
-0.09199
-0.08150
-0.07031
-0.05849
-0.04611
-0.03326
-0.02000
-0.00644
0.00734
0.02124
0.03516
0.04898
0.06259
0.07586
0.08867
0.10090
0.11241
0.12308
0.13276
0.14135
0.14871
0.15473
0.15930
0.16234
0.16376
0.16351
0.16156
0.15789
0.15251
0.14547
0.13682
0.12668
0.11515
0.10238
0.08854
0.07381
0.05840
0.04252
0.02639
0.01023
-0.00574
-0.02132
-0.03632
-0.05055
-0.06387
-0.07616
-0.08733
-0.09730
-0.10608
-0.11365
-0.12005
-0.12533
-0.12959
-0.13288
-0.13533
-0.13701
-0.13802
-0.13841
-0.13826
-0.13759
-0.13639
-0.13467
-0.13237
-0.12942
-0.12575
-0.12125
-0.11582
-0.10934
-0.10171
-0.09283
-0.08261
-0.07102
-0.05800
-0.04360
-0.02786
-0.01087
0.00721
0.02619
0.04586
0.06591
0.08606
0.10596
0.12524
0.14355
0.16051
0.17575
0.18891
0.19969
0.20778
0.21293
0.21496
0.21372
0.20912
0.20118
0.18994
0.17552
0.15813
0.13801
0.11549
0.09094
0.06477
0.03743
0.00940
-0.01884
-0.04681
-0.07402
-0.10001
-0.12436
-0.14665
-0.16655
-0.18375
-0.19799
-0.20910
-0.21694
-0.22143
-0.22256
-0.22039
-0.21500
-0.20654
-0.19521
-0.18123
-0.16487
-0.14642
-0.12617
-0.10444
-0.08157
-0.05786
-0.03365
-0.00925
0.01503
0.03891
0.06210
0.08434
0.10538
0.12499
0.14297
0.15911
0.17325
0.18525
0.19498
0.20234
0.20726
0.20968
0.20960
0.20702
0.20197
0.19452
0.18476
0.17281
0.15881
0.14295
0.12541
0.10642
0.08621
0.06505
0.04320
0.02093
-0.00147
-0.02371
-0.04553
-0.06666
-0.08683
-0.10582
-0.12342
-0.13942
-0.15365
-0.16600
-0.17632
-0.18455
-0.19063
-0.19453
-0.19627
-0.19586
-0.19336
-0.18886
-0.18245
-0.17425
-0.16438
-0.15300
-0.14024
-0.12627
-0.11125
-0.09533
-0.07867
-0.06143
-0.04378
-0.02586
-0.00783
0.01015
0.02794
0.04539
0.06235
0.07869
0.09426
0.10893
0.12258
0.13509
0.14634
0.15623
0.16465
0.17151
0.17672
0.18020
0.18189
0.18173
0.17967
0.17568
0.16975
0.16188
0.15210
0.14047
0.12706
0.11196
0.09531
0.07727
0.05802
0.03776
0.01672
-0.00486
-0.02669
-0.04850
-0.07000
-0.09089
-0.11087
-0.12965
-0.14694
-0.16246
-0.17598
-0.18725
-0.19607
-0.20230
-0.20577
-0.20640
-0.20414
-0.19896
-0.19090
-0.18004
-0.16648
-0.15037
-0.13194
-0.11139
-0.08904
-0.06520
-0.04019
-0.01443
0.01170
0.03778
0.06338
0.08807
0.11144
0.13308
0.15261
0.16970
0.18404
0.19536
0.20348
0.20825
0.20957
0.20746
0.20193
0.19312
0.18122
0.16646
0.14913
0.12962
0.10831
0.08562
0.06204
0.03802
0.01403
-0.00946
-0.03201
-0.05322
-0.07272
-0.09021
-0.10546
-0.11824
-0.12846
-0.13609
-0.14111
-0.14364
-0.14380
-0.14178
-0.13784
-0.13224
-0.12526
-0.11723
-0.10845
-0.09921
-0.08977
-0.08041
-0.07130
-0.06260
-0.05444
-0.04685
-0.03983
-0.03337
-0.02736
-0.02168
-0.01618
-0.01068
-0.00499
0.00105
0.00762
0.01488
0.02296
0.03192
0.04183
0.05266
0.06434
0.07679
0.08980
0.10315
0.11657
0.12974
0.14230
0.15391
0.16415
0.17267
0.17909
0.18308
0.18432
0.18259
0.17769
0.16947
0.15791
0.14301
0.12486
0.10365
0.07962
0.05309
0.02446
-0.00585
-0.03732
-0.06941
-0.10156
-0.13319
-0.16368
-0.19245
-0.21894
-0.24259
-0.26292
-0.27950
-0.29193
-0.29992
-0.30326
-0.30177
-0.29545
-0.28433
-0.26852
-0.24825
-0.22384
-0.19563
-0.16411
-0.12978
-0.09320
-0.05500
-0.01581
0.02371
0.06289
0.10108
0.13764
0.17196
0.20348
0.23172
0.25622
0.27660
0.29262
0.30405
0.31076
0.31278
0.31012
0.30295
0.29153
0.27612
0.25711
0.23495
0.21009
0.18305
0.15436
0.12454
0.09412
0.06361
0.03347
0.00414
-0.02400
-0.05062
-0.07548
-0.09833
-0.11905
-0.13756
-0.15379
-0.16778
-0.17958
-0.18927
-0.19697
-0.20280
-0.20690
-0.20940
-0.21045
-0.21013
-0.20855
-0.20578
-0.20183
-0.19672
-0.19044
-0.18293
-0.17412
-0.16394
-0.15230
-0.13913
-0.12436
-0.10796
-0.08990
-0.07021
-0.04898
-0.02629
-0.00234
0.02265
0.04842
0.07465
0.10096
0.12697
0.15224
0.17633
0.19880
0.21918
0.23704
0.25200
0.26369
0.27179
0.27608
0.27639
0.27261
0.26476
0.25292
0.23723
0.21797
0.19545
0.17006
0.14228
0.11260
0.08157
0.04978
0.01780
-0.01379
-0.04443
-0.07356
-0.10072
-0.12547
-0.14743
-0.16633
-0.18193
-0.19412
-0.20286
-0.20817
-0.21017
-0.20907
-0.20509
-0.19855
-0.18980
-0.17921
-0.16716
-0.15405
-0.14027
-0.12617
-0.11209
-0.09833
-0.08511
-0.07263
-0.06102
-0.05034
-0.04062
-0.03180
-0.02378
-0.01645
-0.00962
-0.00311
0.00327
0.00972
0.01644
0.02358
0.03124
0.03954
0.04850
0.05808
0.06826
0.07888
0.08978
0.10075
0.11155
0.12188
0.13146
0.14000
0.14718
0.15275
0.15644
0.15805
0.15741
0.15442
0.14902
0.14124
0.13116
0.11889
0.10466
0.08870
0.07128
0.05273
0.03338
0.01357
-0.00635
-0.02605
-0.04523
-0.06361
-0.08090
-0.09692
-0.11148
-0.12443
-0.13568
-0.14516
-0.15282
-0.15868
-0.16273
-0.16502
-0.16558
-0.16446
-0.16172
-0.15738
-0.15150
-0.14410
-0.13519
-0.12479
-0.11292
-0.09959
-0.08483
-0.06867
-0.05117
-0.03243
-0.01257
0.00825
0.02982
0.05188
0.07418
0.09636
0.11807
0.13893
0.15854
0.17649
0.19239
0.20585
0.21652
0.22410
0.22836
0.22909
0.22620
0.21969
0.20957
0.19604
0.17932
0.15970
0.13757
0.11338
0.08757
0.06066
0.03318
0.00562
-0.02152
-0.04776
-0.07269
-0.09596
-0.11722
-0.13627
-0.15291
-0.16703
-0.17861
-0.18764
-0.19420
-0.19841
-0.20042
-0.20041
-0.19857
-0.19511
-0.19022
-0.18408
-0.17686
-0.16870
-0.15971
-0.14997
-0.13953
-0.12842
-0.11665
-0.10419
-0.09102
-0.07712
-0.06245
-0.04699
-0.03074
-0.01373
0.00401
0.02239
0.04131
0.06062
0.08015
0.09967
0.11895
0.13771
0.15565
0.17248
0.18787
0.20150
0.21310
0.22237
0.22906
0.23299
0.23401
0.23199
0.22692
0.21882
0.20777
0.19393
0.17750
0.15874
0.13796
0.11549
0.09171
0.06701
0.04179
0.01642
-0.00870
-0.03320
-0.05677
-0.07909
-0.09991
-0.11903
-0.13626
-0.15149
-0.16464
-0.17566
-0.18454
-0.19133
-0.19605
-0.19879
-0.19962
-0.19863
-0.19590
-0.19154
-0.18562
-0.17823
-0.16944
-0.15932
-0.14794
-0.13533
-0.12157
-0.10670
-0.09077
-0.07385
-0.05602
-0.03736
-0.01799
0.00196
0.02233
0.04291
0.06351
0.08388
0.10372
0.12275
0.14068
0.15717
0.17190
0.18460
0.19495
0.20270
0.20765
0.20960
0.20845
0.20415
0.19668
0.18613
0.17266
0.15646
0.13782
0.11708
0.09461
0.07085
0.04628
0.02135
-0.00345
-0.02764
-0.05078
-0.07247
-0.09231
-0.11003
-0.12539
-0.13818
-0.14835
-0.15584
-0.16069
-0.16302
-0.16298
-0.16076
-0.15662
-0.15083
-0.14367
-0.13540
-0.12633
-0.11670
-0.10673
-0.09664
-0.08655
-0.07657
-0.06678
-0.05718
-0.04775
-0.03844
-0.02914
-0.01976
-0.01020
-0.00034
0.00992
0.02063
0.03184
0.04357
0.05575
0.06831
0.08113
0.09401
0.10676
0.11913
0.13083
0.14158
0.15109
0.15907
0.16521
0.16929
0.17109
0.17041
0.16718
0.16133
0.15286
0.14186
0.12849
0.11292
0.09547
0.07642
0.05613
0.03501
0.01345
-0.00813
-0.02933
-0.04974
-0.06901
-0.08682
-0.10285
-0.11691
-0.12881
-0.13841
-0.14568
-0.15061
-0.15326
-0.15375
-0.15222
-0.14887
-0.14394
-0.13765
-0.13026
-0.12203
-0.11319
-0.10395
-0.09452
-0.08506
-0.07568
-0.06648
-0.05750
-0.04875
-0.04020
-0.03181
-0.02348
-0.01514
-0.00668
0.00200
0.01098
0.02034
0.03013
0.04036
0.05101
0.06203
0.07332
0.08472
0.09607
0.10715
0.11772
0.12753
0.13630
0.14377
0.14968
0.15382
0.15596
0.15595
0.15368
0.14908
0.14213
0.13290
0.12146
0.10799
0.09268
0.07576
0.05754
0.03830
0.01839
-0.00186
-0.02209
-0.04198
-0.06120
-0.07944
-0.09642
-0.11192
-0.12570
-0.13762
-0.14755
-0.15539
-0.16112
-0.16471
-0.16619
-0.16563
-0.16310
-0.15870
-0.15258
-0.14486
-0.13571
-0.12529
-0.11376
-0.10130
-0.08808
-0.07426
-0.06000
-0.04545
-0.03076
-0.01604
-0.00142
0.01299
0.02710
0.04080
0.05403
0.06668
0.07868
0.08995
0.10041
0.10997
0.11855
0.12607
0.13243
0.13756
0.14138
0.14382
0.14484
0.14438
0.14243
0.13898
0.13405
0.12768
0.11994
0.11092
0.10073
0.08952
0.07742
0.06461
0.05127
0.03757
0.02369
0.00980
-0.00395
-0.01741
-0.03046
-0.04299
-0.05494
-0.06622
-0.07682
-0.08670
-0.09584
-0.10424
-0.11191
-0.11883
-0.12501
-0.13043
-0.13505
-0.13885
-0.14176
-0.14371
-0.14461
-0.14436
-0.14284
-0.13993
-0.13550
-0.12944
-0.12163
-0.11200
-0.10048
-0.08703
-0.07169
-0.05453
-0.03564
-0.01523
0.00648
0.02922
0.05265
0.07637
0.10000
0.12307
0.14513
0.16572
0.18438
0.20068
0.21421
0.22464
0.23163
0.23499
0.23456
0.23024
0.22208
0.21018
0.19470
0.17596
0.15428
0.13008
0.10385
0.07608
0.04733
0.01813
-0.01096
-0.03943
-0.06677
-0.09253
-0.11633
-0.13783
-0.15675
-0.17292
-0.18619
-0.19651
-0.20391
-0.20843
-0.21020
-0.20940
-0.20621
-0.20086
-0.19360
-0.18467
-0.17431
-0.16274
-0.15020
-0.13686
-0.12289
-0.10844
-0.09361
-0.07851
-0.06320
-0.04773
-0.03217
-0.01654
-0.00090
0.01472
0.03023
0.04557
0.06065
0.07534
0.08952
0.10302
0.11568
0.12730
0.13771
0.14671
0.15412
0.15976
0.16350
0.16521
0.16484
0.16234
0.15772
0.15107
0.14249
0.13215
0.12026
0.10707
0.09284
0.07788
0.06249
0.04697
0.03162
0.01673
0.00253
-0.01075
-0.02293
-0.03389
-0.04352
-0.05179
-0.05872
-0.06432
-0.06869
-0.07194
-0.07419
-0.07559
-0.07629
-0.07643
-0.07613
-0.07551
-0.07466
-0.07361
-0.07239
-0.07099
-0.06935
-0.06740
-0.06504
-0.06217
-0.05866
-0.05440
-0.04928
-0.04321
-0.03615
-0.02804
-0.01890
-0.00880
0.00217
0.01387
0.02610
0.03863
0.05119
0.06347
0.07516
0.08593
0.09544
0.10336
0.10943
0.11336
0.11494
0.11403
0.11051
0.10435
0.09562
0.08438
0.07083
0.05521
0.03780
0.01897
-0.00092
-0.02143
-0.04214
-0.06257
-0.08231
-0.10091
-0.11796
-0.13310
-0.14603
-0.15644
-0.16416
-0.16905
-0.17102
-0.17009
-0.16631
-0.15979
-0.15075
-0.13938
-0.12595
-0.11078
-0.09415
-0.07640
-0.05786
-0.03885
-0.01966
-0.00058
0.01813
0.03624
0.05355
0.06990
0.08515
0.09920
0.11196
0.12337
0.13340
0.14200
0.14917
0.15488
0.15913
0.16190
0.16318
0.16296
0.16122
0.15795
0.15316
0.14684
0.13900
0.12970
0.11895
0.10684
0.09345
0.07887
0.06324
0.04668
0.02936
0.01146
-0.00684
-0.02534
-0.04383
-0.06209
-0.07989
-0.09702
-0.11324
-0.12835
-0.14213
-0.15439
-0.16496
-0.17367
-0.18038
-0.18500
-0.18743
-0.18760
-0.18551
-0.18114
-0.17452
-0.16572
-0.15483
-0.14196
-0.12727
-0.11092
-0.09311
-0.07407
-0.05402
-0.03322
-0.01193
0.00957
0.03103
0.05217
0.07273
0.09246
0.11112
0.12849
0.14437
0.15856
0.17090
0.18125
0.18949
0.19551
0.19926
0.20067
0.19974
0.19647
0.19091
0.18313
0.17321
0.16129
0.14752
0.13207
0.11515
0.09697
0.07776
0.05778
0.03727
0.01650
-0.00428
-0.02480
-0.04482
-0.06411
-0.08244
-0.09962
-0.11546
-0.12980
-0.14253
-0.15353
-0.16273
-0.17008
-0.17555
-0.17913
-0.18084
-0.18070
-0.17876
-0.17507
-0.16971
-0.16275
-0.15427
-0.14438
-0.13317
-0.12075
-0.10725
-0.09279
-0.07749
-0.06150
-0.04495
-0.02799
-0.01078
0.00654
0.02381
0.04086
0.05753
0.07364
0.08903
0.10352
0.11694
0.12913
0.13992
0.14918
0.15676
0.16254
0.16644
0.16839
0.16833
0.16626
0.16218
0.15614
0.14821
0.13851
0.12714
0.11429
0.10013
0.08485
0.06868
0.05185
0.03460
0.01715
-0.00024
-0.01735
-0.03398
-0.04992
-0.06499
-0.07904
-0.09194
-0.10358
-0.11387
-0.12277
-0.13022
-0.13622
-0.14076
-0.14387
-0.14556
-0.14589
-0.14490
-0.14266
-0.13923
-0.13467
-0.12908
-0.12251
-0.11504
-0.10674
-0.09769
-0.08795
-0.07759
-0.06667
-0.05524
-0.04338
-0.03114
-0.01858
-0.00578
0.00719
0.02026
0.03334
0.04634
0.05916
0.07169
0.08384
0.09547
0.10647
0.11672
0.12609
0.13446
0.14172
0.14774
0.15243
0.15568
0.15743
0.15761
0.15617
0.15311
0.14843
0.14216
0.13437
0.12512
0.11453
0.10273
0.08985
0.07605
0.06149
0.04634
0.03079
0.01499
-0.00087
-0.01663
-0.03213
-0.04722
-0.06176
-0.07562
-0.08868
-0.10082
-0.11196
-0.12199
-0.13084
-0.13844
-0.14471
-0.14959
-0.15302
-0.15495
-0.15531
-0.15406
-0.15114
-0.14651
-0.14016
-0.13204
-0.12217
-0.11057
-0.09727
-0.08235
-0.06593
-0.04814
-0.02915
-0.00919
0.01152
0.03267
0.05396
0.07505
0.09559
0.11518
0.13346
0.15005
0.16457
0.17668
0.18608
0.19248
0.19567
0.19550
0.19186
0.18475
0.17423
0.16040
0.14351
0.12383
0.10168
0.07749
0.05170
0.02479
-0.00273
-0.03033
-0.05750
-0.08373
-0.10854
-0.13148
-0.15217
-0.17025
-0.18546
-0.19758
-0.20647
-0.21209
-0.21442
-0.21353
-0.20959
-0.20277
-0.19331
-0.18152
-0.16768
-0.15213
-0.13520
-0.11725
-0.09858
-0.07952
-0.06035
-0.04132
-0.02267
-0.00459
0.01279
0.02933
0.04496
0.05965
0.07336
0.08610
0.09789
0.10877
0.11876
0.12791
0.13625
0.14379
0.15054
0.15648
0.16158
0.16581
0.16908
0.17133
0.17246
0.17238
0.17100
0.16822
0.16394
0.15811
0.15065
0.14153
0.13075
0.11831
0.10429
0.08875
0.07182
0.05368
0.03449
0.01448
-0.00610
-0.02701
-0.04795
-0.06865
-0.08883
-0.10820
-0.12651
-0.14349
-0.15893
-0.17260
-0.18434
-0.19399
-0.20142
-0.20655
-0.20933
-0.20971
-0.20771
-0.20337
-0.19673
-0.18790
-0.17699
-0.16414
-0.14951
-0.13326
-0.11559
-0.09670
-0.07679
-0.05608
-0.03477
-0.01309
0.00876
0.03054
0.05205
0.07307
0.09339
0.11279
0.13109
0.14807
0.16356
0.17738
0.18938
0.19941
0.20734
0.21308
0.21656
0.21771
0.21653
0.21302
0.20721
0.19918
0.18903
0.17687
0.16286
0.14719
0.13003
0.11159
0.09211
0.07179
0.05086
0.02954
0.00805
-0.01342
-0.03466
-0.05551
-0.07579
-0.09536
-0.11406
-0.13176
-0.14833
-0.16365
-0.17759
-0.19003
-0.20085
-0.20992
-0.21714
-0.22239
-0.22557
-0.22657
-0.22532
-0.22173
-0.21577
-0.20742
-0.19665
-0.18353
-0.16812
-0.15052
-0.13090
-0.10943
-0.08636
-0.06198
-0.03658
-0.01051
0.01585
0.04210
0.06785
0.09270
0.11623
0.13808
0.15788
0.17532
0.19012
0.20204
0.21089
0.21659
0.21904
0.21826
0.21432
0.20733
0.19747
0.18499
0.17015
0.15330
0.13477
0.11494
0.09421
0.07296
0.05158
0.03044
0.00989
-0.00976
-0.02824
-0.04531
-0.06078
-0.07452
-0.08644
-0.09650
-0.10472
-0.11113
-0.11583
-0.11895
-0.12060
-0.12096
-0.12020
-0.11848
-0.11595
-0.11277
-0.10904
-0.10488
-0.10036
-0.09551
-0.09035
-0.08489
-0.07908
-0.07289
-0.06626
-0.05914
-0.05147
-0.04322
-0.03435
-0.02485
-0.01474
-0.00406
0.00714
0.01876
0.03070
0.04281
0.05494
0.06691
0.07854
0.08964
0.10002
0.10950
0.11791
0.12508
0.13088
0.13521
0.13798
0.13913
0.13864
0.13650
0.13276
0.12745
0.12065
0.11246
0.10296
0.09228
0.08055
0.06790
0.05446
0.04037
0.02578
0.01082
-0.00435
-0.01960
-0.03479
-0.04976
-0.06439
-0.07852
-0.09201
-0.10471
-0.11648
-0.12717
-0.13664
-0.14473
-0.15130
-0.15623
-0.15939
-0.16067
-0.15998
-0.15726
-0.15246
-0.14557
-0.13661
-0.12563
-0.11272
-0.09799
-0.08158
-0.06369
-0.04452
-0.02432
-0.00335
0.01811
0.03973
0.06119
0.08215
0.10227
0.12118
0.13857
0.15409
0.16744
0.17833
0.18653
0.19182
0.19405
0.19313
0.18898
0.18166
0.17122
0.15781
0.14163
0.12293
0.10202
0.07928
0.05508
0.02987
0.00409
-0.02179
-0.04733
-0.07204
-0.09552
-0.11737
-0.13721
-0.15476
-0.16976
-0.18201
-0.19138
-0.19781
-0.20127
-0.20182
-0.19955
-0.19459
-0.18714
-0.17739
-0.16559
-0.15198
-0.13683
-0.12041
-0.10298
-0.08480
-0.06613
-0.04719
-0.02823
-0.00943
0.00902
0.02693
0.04416
0.06056
0.07601
0.09039
0.10360
0.11556
0.12618
0.13540
0.14316
0.14943
0.15419
0.15742
0.15915
0.15940
0.15821
0.15566
0.15179
0.14672
0.14051
0.13329
0.12513
0.11614
0.10643
0.09607
0.08517
0.07380
0.06204
0.04996
0.03764
0.02512
0.01247
-0.00025
-0.01301
-0.02574
-0.03838
-0.05088
-0.06318
-0.07519
-0.08683
-0.09801
-0.10863
-0.11857
-0.12771
-0.13591
-0.14304
-0.14895
-0.15351
-0.15659
-0.15807
-0.15781
-0.15574
-0.15177
-0.14584
-0.13795
-0.12809
-0.11629
-0.10266
-0.08729
-0.07035
-0.05204
-0.03258
-0.01225
0.00865
0.02980
0.05087
0.07149
0.09131
0.10999
0.12718
0.14258
0.15592
0.16693
0.17542
0.18125
0.18429
0.18451
0.18191
0.17653
0.16849
0.15793
0.14505
0.13009
0.11331
0.09499
0.07545
0.05499
0.03394
0.01260
-0.00871
-0.02970
-0.05013
-0.06971
-0.08825
-0.10552
-0.12135
-0.13559
-0.14809
-0.15873
-0.16742
-0.17408
-0.17863
-0.18104
-0.18127
-0.17931
-0.17518
-0.16888
-0.16048
-0.15005
-0.13765
-0.12341
-0.10746
-0.08995
-0.07106
-0.05100
-0.02997
-0.00825
0.01392
0.03624
0.05842
0.08014
0.10108
0.12093
0.13935
0.15607
0.17078
0.18322
0.19318
0.20044
0.20485
0.20634
0.20483
0.20033
0.19292
0.18267
0.16979
0.15450
0.13704
0.11773
0.09693
0.07498
0.05227
0.02921
0.00616
-0.01650
-0.03841
-0.05926
-0.07877
-0.09668
-0.11282
-0.12704
-0.13921
-0.14930
-0.15730
-0.16322
-0.16715
-0.16918
-0.16940
-0.16798
-0.16504
-0.16074
-0.15522
-0.14862
-0.14107
-0.13268
-0.12355
-0.11375
-0.10334
-0.09236
-0.08084
-0.06880
-0.05625
-0.04319
-0.02964
-0.01560
-0.00112
0.01379
0.02904
0.04457
0.06029
0.07607
0.09176
0.10721
0.12223
0.13661
0.15015
0.16262
0.17379
0.18343
0.19134
0.19729
0.20114
0.20272
0.20191
0.19865
0.19292
0.18471
0.17410
0.16119
0.14612
0.12908
0.11029
0.08999
0.06845
0.04596
0.02281
-0.00070
-0.02427
-0.04761
-0.07043
-0.09247
-0.11349
-0.13326
-0.15157
-0.16827
-0.18319
-0.19621
-0.20724
-0.21618
-0.22299
-0.22762
-0.23005
-0.23025
-0.22822
-0.22397
-0.21752
-0.20890
-0.19814
-0.18531
-0.17047
-0.15372
-0.13516
-0.11492
-0.09317
-0.07007
-0.04584
-0.02072
0.00504
0.03116
0.05732
0.08320
0.10846
0.13272
0.15563
0.17684
0.19598
0.21273
0.22678
0.23787
0.24576
0.25029
0.25135
0.24887
0.24290
0.23350
0.22083
0.20515
0.18669
0.16583
0.14295
0.11847
0.09285
0.06656
0.04008
0.01385
-0.01165
-0.03602
-0.05891
-0.07995
-0.09890
-0.11555
-0.12973
-0.14136
-0.15043
-0.15691
-0.16091
-0.16254
-0.16192
-0.15924
-0.15469
-0.14846
-0.14076
-0.13181
-0.12180
-0.11091
-0.09933
-0.08722
-0.07472
-0.06198
-0.04911
-0.03621
-0.02337
-0.01068
0.00178
0.01394
0.02572
0.03704
0.04781
0.05793
0.06731
0.07584
0.08339
0.08985
0.09510
0.09904
0.10156
0.10258
0.10203
0.09987
0.09611
0.09075
0.08387
0.07555
0.06592
0.05514
0.04341
0.03094
0.01796
0.00474
-0.00847
-0.02142
-0.03385
-0.04552
-0.05625
-0.06584
-0.07414
-0.08108
-0.08658
-0.09063
-0.09327
-0.09456
-0.09460
-0.09352
-0.09148
-0.08864
-0.08516
-0.08122
-0.07695
-0.07249
-0.06796
-0.06341
-0.05890
-0.05444
-0.04998
-0.04549
-0.04085
-0.03597
-0.03072
-0.02496
-0.01855
-0.01137
-0.00333
0.00566
0.01564
0.02657
0.03844
0.05112
0.06446
0.07826
0.09228
0.10623
0.11981
0.13270
0.14455
0.15506
0.16391
0.17080
0.17550
0.17781
0.17757
0.17471
0.16921
0.16108
0.15047
0.13752
0.12245
0.10555
0.08712
0.06751
0.04708
0.02620
0.00524
-0.01545
-0.03552
-0.05469
-0.07267
-0.08923
-0.10421
-0.11746
-0.12887
-0.13844
-0.14613
-0.15198
-0.15606
-0.15848
-0.15933
-0.15877
-0.15692
-0.15393
-0.14993
-0.14505
-0.13941
-0.13309
-0.12618
-0.11873
-0.11079
-0.10236
-0.09347
-0.08410
-0.07426
-0.06393
-0.05311
-0.04181
-0.03005
-0.01785
-0.00529
0.00759
0.02068
0.03386
0.04701
0.05996
0.07254
0.08457
0.09585
0.10620
0.11542
0.12333
0.12977
0.13460
0.13772
0.13905
0.13854
0.13620
0.13207
0.12623
0.11880
0.10991
0.09974
0.08850
0.07638
0.06361
0.05041
0.03701
0.02361
0.01042
-0.00238
-0.01464
-0.02621
-0.03698
-0.04688
-0.05583
-0.06380
-0.07079
-0.07678
-0.08179
-0.08584
-0.08895
-0.09114
-0.09244
-0.09285
-0.09237
-0.09099
-0.08870
-0.08548
-0.08131
-0.07617
-0.07006
-0.06296
-0.05490
-0.04590
-0.03601
-0.02532
-0.01391
-0.00191
0.01053
0.02325
0.03607
0.04876
0.06113
0.07295
0.08398
0.09400
0.10280
0.11019
0.11598
0.12004
0.12225
0.12252
0.12084
0.11720
0.11163
0.10423
0.09510
0.08439
0.07229
0.05897
0.04465
0.02956
0.01392
-0.00204
-0.01810
-0.03404
-0.04967
-0.06480
-0.07925
-0.09288
-0.10556
-0.11717
-0.12762
-0.13681
-0.14468
-0.15116
-0.15619
-0.15969
-0.16162
-0.16191
-0.16050
-0.15734
-0.15236
-0.14553
-0.13681
-0.12619
-0.11367
-0.09929
-0.08312
-0.06525
-0.04582
-0.02501
-0.00302
0.01988
0.04342
0.06726
0.09107
0.11446
0.13705
0.15844
0.17824
0.19604
0.21150
0.22427
0.23404
0.24059
0.24371
0.24327
0.23924
0.23162
0.22049
0.20605
0.18850
0.16816
0.14538
0.12056
0.09414
0.06660
0.03842
0.01008
-0.01792
-0.04514
-0.07115
-0.09556
-0.11804
-0.13833
-0.15618
-0.17147
-0.18410
-0.19405
-0.20136
-0.20611
-0.20842
-0.20848
-0.20646
-0.20258
-0.19704
-0.19008
-0.18188
-0.17264
-0.16252
-0.15166
-0.14016
-0.12812
-0.11556
-0.10251
-0.08897
-0.07491
-0.06028
-0.04505
-0.02919
-0.01265
0.00457
0.02243
0.04091
0.05987
0.07918
0.09867
0.11808
0.13714
0.15555
0.17296
0.18900
0.20331
0.21552
0.22527
0.23225
0.23618
0.23680
0.23398
0.22762
0.21768
0.20427
0.18753
0.16769
0.14512
0.12021
0.09341
0.06528
0.03636
0.00723
-0.02151
-0.04928
-0.07558
-0.09990
-0.12180
-0.14098
-0.15714
-0.17011
-0.17985
-0.18634
-0.18969
-0.19011
-0.18782
-0.18314
-0.17643
-0.16804
-0.15837
-0.14778
-0.13664
-0.12524
-0.11387
-0.10273
-0.09196
-0.08167
-0.07189
-0.06256
-0.05365
-0.04502
-0.03654
-0.02807
-0.01943
-0.01050
-0.00114
0.00873
0.01917
0.03021
0.04179
0.05386
0.06627
0.07886
0.09144
0.10376
0.11556
0.12658
0.13655
0.14522
0.15234
0.15770
0.16113
0.16249
0.16172
0.15877
0.15366
0.14648
0.13733
0.12638
0.11382
0.09987
0.08477
0.06876
0.05211
0.03505
0.01782
0.00066
-0.01625
-0.03271
-0.04857
-0.06369
-0.07795
-0.09126
-0.10353
-0.11468
-0.12466
-0.13338
-0.14079
-0.14681
-0.15138
-0.15441
-0.15583
-0.15555
-0.15351
-0.14964
-0.14389
-0.13626
-0.12676
-0.11541
-0.10234
-0.08766
-0.07153
-0.05420
-0.03591
-0.01695
0.00236
0.02168
0.04066
0.05895
0.07620
0.09211
0.10638
0.11874
0.12900
0.13699
0.14259
0.14579
0.14657
0.14500
0.14121
0.13536
0.12765
0.11833
0.10764
0.09586
0.08328
0.07015
0.05673
0.04326
0.02996
0.01700
0.00453
-0.00733
-0.01849
-0.02890
-0.03854
-0.04740
-0.05549
-0.06286
-0.06955
-0.07559
-0.08104
-0.08594
-0.09031
-0.09415
-0.09748
-0.10026
-0.10245
-0.10399
-0.10480
-0.10479
-0.10385
-0.10190
-0.09883
-0.09453
-0.08895
-0.08201
-0.07368
-0.06396
-0.05287
-0.04049
-0.02691
-0.01228
0.00322
0.01936
0.03589
0.05253
0.06895
0.08483
0.09986
0.11368
0.12598
0.13648
0.14490
0.15102
0.15470
0.15578
0.15422
0.15004
0.14328
0.13409
0.12264
0.10916
0.09392
0.07725
0.05947
0.04094
0.02202
0.00308
-0.01554
-0.03351
-0.05054
-0.06636
-0.08074
-0.09353
-0.10458
-0.11381
-0.12118
-0.12671
-0.13041
-0.13238
-0.13268
-0.13144
-0.12878
-0.12482
-0.11969
-0.11350
-0.10638
-0.09842
-0.08972
-0.08037
-0.07042
-0.05995
-0.04900
-0.03763
-0.02588
-0.01380
-0.00146
0.01108
0.02375
0.03645
0.04906
0.06147
0.07351
0.08504
0.09587
0.10584
0.11475
0.12243
0.12871
0.13343
0.13648
0.13773
0.13713
0.13464
0.13025
0.12400
0.11597
0.10625
0.09501
0.08240
0.06862
0.05389
0.03843
0.02247
0.00626
-0.00998
-0.02603
-0.04167
-0.05672
-0.07101
-0.08439
-0.09673
-0.10793
-0.11791
-0.12657
-0.13388
-0.13977
-0.14419
-0.14711
-0.14847
-0.14825
-0.14638
-0.14283
-0.13756
-0.13053
-0.12171
-0.11111
-0.09872
-0.08456
-0.06870
-0.05122
-0.03223
-0.01192
0.00954
0.03189
0.05484
0.07807
0.10120
0.12384
0.14556
0.16594
0.18450
0.20083
0.21451
0.22513
0.23236
0.23593
0.23557
0.23116
0.22265
0.21002
0.19342
0.17304
0.14914
0.12215
0.09249
0.06067
0.02729
-0.00704
-0.04169
-0.07598
-0.10928
-0.14095
-0.17040
-0.19707
-0.22050
-0.24029
-0.25608
-0.26767
-0.27490
-0.27770
-0.27613
-0.27029
-0.26037
-0.24667
-0.22948
-0.20922
-0.18631
-0.16120
-0.13438
-0.10635
-0.07760
-0.04860
-0.01984
0.00827
0.03533
0.06096
0.08485
0.10675
0.12642
0.14368
0.15843
0.17056
0.18004
0.18687
0.19107
0.19273
0.19194
0.18882
0.18354
0.17627
0.16721
0.15656
0.14457
0.13145
0.11746
0.10284
0.08783
0.07267
0.05758
0.04276
0.02844
0.01477
0.00190
-0.01003
-0.02092
-0.03070
-0.03933
-0.04681
-0.05316
-0.05841
-0.06266
-0.06601
-0.06858
-0.07050
-0.07193
-0.07300
-0.07387
-0.07465
-0.07547
-0.07638
-0.07747
-0.07873
-0.08014
-0.08164
-0.08313
-0.08446
-0.08547
-0.08595
-0.08569
-0.08447
-0.08207
-0.07828
-0.07292
-0.06585
-0.05696
-0.04624
-0.03372
-0.01946
-0.00368
0.01340
0.03147
0.05016
0.06904
0.08767
0.10557
0.12224
0.13721
0.15005
0.16031
0.16767
0.17184
0.17258
0.16982
0.16351
0.15370
0.14058
0.12436
0.10537
0.08402
0.06075
0.03605
0.01046
-0.01549
-0.04127
-0.06635
-0.09023
-0.11250
-0.13273
-0.15059
-0.16582
-0.17820
-0.18758
-0.19393
-0.19718
-0.19741
-0.19472
-0.18923
-0.18111
-0.17059
-0.15788
-0.14323
-0.12688
-0.10909
-0.09011
-0.07019
-0.04956
-0.02845
-0.00708
0.01435
0.03562
0.05654
0.07693
0.09659
0.11533
0.13296
0.14929
0.16412
0.17727
0.18854
0.19776
0.20477
0.20939
0.21151
0.21101
0.20782
0.20190
0.19325
0.18191
0.16797
0.15158
0.13291
0.11222
0.08978
0.06590
0.04096
0.01535
-0.01054
-0.03626
-0.06140
-0.08555
-0.10831
-0.12929
-0.14820
-0.16472
-0.17863
-0.18978
-0.19802
-0.20331
-0.20568
-0.20516
-0.20191
-0.19609
-0.18792
-0.17766
-0.16560
-0.15204
-0.13730
-0.12171
-0.10557
-0.08917
-0.07280
-0.05669
-0.04104
-0.02602
-0.01176
0.00166
0.01419
0.02582
0.03657
0.04647
0.05558
0.06396
0.07170
0.07885
0.08549
0.09165
0.09738
0.10268
0.10756
0.11197
0.11589
0.11923
0.12193
0.12390
0.12505
0.12528
0.12452
0.12271
0.11978
0.11572
0.11052
0.10421
0.09684
0.08848
0.07922
0.06920
0.05853
0.04734
0.03579
0.02402
0.01215
0.00033
-0.01133
-0.02272
-0.03375
-0.04431
-0.05435
-0.06380
-0.07261
-0.08072
-0.08811
-0.09473
-0.10056
-0.10556
-0.10972
-0.11298
-0.11531
-0.11668
-0.11704
-0.11634
-0.11452
-0.11155
-0.10737
-0.10195
-0.09525
-0.08727
-0.07801
-0.06749
-0.05577
-0.04292
-0.02904
-0.01427
0.00121
0.01724
0.03357
0.04996
0.06616
0.08185
0.09676
0.11057
0.12299
0.13372
0.14250
0.14908
0.15325
0.15485
0.15379
0.14999
0.14346
0.13429
0.12258
0.10854
0.09241
0.07446
0.05505
0.03454
0.01332
-0.00820
-0.02962
-0.05053
-0.07055
-0.08931
-0.10651
-0.12187
-0.13513
-0.14616
-0.15480
-0.16100
-0.16477
-0.16612
-0.16514
-0.16198
-0.15677
-0.14970
-0.14098
-0.13080
-0.11938
-0.10692
-0.09362
-0.07967
-0.06523
-0.05046
-0.03551
-0.02050
-0.00553
0.00928
0.02385
0.03809
0.05193
0.06527
0.07805
0.09017
0.10154
0.11208
0.12169
0.13026
0.13771
0.14392
0.14882
0.15231
0.15433
0.15481
0.15373
0.15106
0.14680
0.14099
0.13366
0.12489
0.11476
0.10338
0.09088
0.07738
0.06304
0.04803
0.03251
0.01665
0.00064
-0.01534
-0.03112
-0.04651
-0.06133
-0.07544
-0.08867
-0.10088
-0.11195
-0.12177
-0.13023
-0.13727
-0.14282
-0.14683
-0.14928
-0.15016
-0.14948
-0.14725
-0.14352
-0.13832
-0.13173
-0.12381
-0.11464
-0.10432
-0.09293
-0.08059
-0.06739
-0.05345
-0.03888
-0.02380
-0.00834
0.00737
0.02317
0.03893
0.05446
0.06962
0.08419
0.09801
0.11088
0.12259
0.13297
0.14182
0.14899
0.15430
0.15764
0.15891
0.15803
0.15497
0.14974
0.14237
0.13297
0.12165
0.10857
0.09397
0.07805
0.06109
0.04340
0.02525
0.00697
-0.01114
-0.02876
-0.04564
-0.06151
-0.07614
-0.08935
-0.10098
-0.11094
-0.11917
-0.12563
-0.13035
-0.13340
-0.13485
-0.13484
-0.13351
-0.13100
-0.12748
-0.12312
-0.11806
-0.11246
-0.10644
-0.10009
-0.09348
-0.08666
-0.07962
-0.07235
-0.06481
-0.05691
-0.04857
-0.03971
-0.03023
-0.02004
-0.00907
0.00272
0.01535
0.02880
0.04300
0.05787
0.07323
0.08888
0.10462
0.12015
0.13516
0.14934
0.16234
0.17380
0.18340
0.19083
0.19577
0.19801
0.19736
0.19367
0.18689
0.17704
0.16418
0.14849
0.13018
0.10951
0.08685
0.06257
0.03708
0.01082
-0.01576
-0.04221
-0.06810
-0.09300
-0.11654
-0.13836
-0.15814
-0.17565
-0.19066
-0.20301
-0.21261
-0.21938
-0.22330
-0.22441
-0.22275
-0.21839
-0.21145
-0.20203
-0.19027
-0.17631
-0.16029
-0.14237
-0.12272
-0.10150
-0.07892
-0.05517
-0.03047
-0.00507
0.02078
0.04677
0.07261
0.09798
0.12251
0.14586
0.16767
0.18756
0.20517
0.22017
0.23223
0.24107
0.24644
0.24818
0.24612
0.24025
0.23059
0.21720
0.20030
0.18014
0.15702
0.13139
0.10367
0.07436
0.04402
0.01320
-0.01754
-0.04763
-0.07652
-0.10372
-0.12876
-0.15121
-0.17075
-0.18709
-0.20001
-0.20942
-0.21525
-0.21754
-0.21640
-0.21199
-0.20454
-0.19434
-0.18170
-0.16697
-0.15051
-0.13269
-0.11386
-0.09439
-0.07460
-0.05478
-0.03522
-0.01615
0.00224
0.01976
0.03629
0.05173
0.06600
0.07905
0.09085
0.10140
0.11068
0.11871
0.12550
0.13105
0.13539
0.13852
0.14043
0.14114
0.14063
0.13888
0.13590
0.13167
0.12618
0.11943
0.11144
0.10221
0.09177
0.08017
0.06746
0.05370
0.03899
0.02343
0.00713
-0.00976
-0.02710
-0.04469
-0.06235
-0.07986
-0.09699
-0.11351
-0.12915
-0.14366
-0.15676
-0.16821
-0.17775
-0.18513
-0.19014
-0.19259
-0.19229
-0.18914
-0.18305
-0.17397
-0.16193
-0.14700
-0.12929
-0.10902
-0.08640
-0.06174
-0.03543
-0.00784
0.02056
0.04927
0.07779
0.10559
0.13211
0.15684
0.17927
0.19892
0.21535
0.22821
0.23717
0.24200
0.24257
0.23879
0.23071
0.21848
0.20226
0.18239
0.15927
0.13331
0.10506
0.07507
0.04394
0.01229
-0.01925
-0.05009
-0.07964
-0.10733
-0.13269
-0.15529
-0.17471
-0.19069
-0.20300
-0.21146
-0.21604
-0.21672
-0.21357
-0.20675
-0.19646
-0.18295
-0.16653
-0.14754
-0.12634
-0.10333
-0.07891
-0.05346
-0.02740
-0.00112
0.02502
0.05065
0.07544
0.09908
0.12127
0.14174
0.16025
0.17658
0.19053
0.20192
0.21059
0.21642
0.21930
0.21914
0.21592
0.20962
0.20024
0.18787
0.17258
0.15454
0.13394
0.11100
0.08602
0.05934
0.03132
0.00239
-0.02701
-0.05642
-0.08534
-0.11329
-0.13978
-0.16437
-0.18662
-0.20615
-0.22265
-0.23581
-0.24548
-0.25153
-0.25388
-0.25258
-0.24775
-0.23952
-0.22815
-0.21394
-0.19720
-0.17832
-0.15770
-0.13575
-0.11289
-0.08955
-0.06609
-0.04290
-0.02032
0.00137
0.02193
0.04112
0.05882
0.07491
0.08931
0.10200
0.11298
0.12226
0.12992
0.13601
0.14060
0.14378
0.14563
0.14622
0.14564
0.14396
0.14124
0.13755
0.13296
0.12750
0.12126
0.11427
0.10663
0.09838
0.08961
0.08042
0.07090
0.06116
0.05133
0.04151
0.03183
0.02242
0.01338
0.00480
-0.00320
-0.01059
-0.01732
-0.02335
-0.02870
-0.03340
-0.03749
-0.04103
-0.04410
-0.04678
-0.04916
-0.05133
-0.05336
-0.05531
-0.05724
-0.05916
-0.06108
-0.06298
-0.06481
-0.06648
-0.06793
-0.06903
-0.06965
-0.06968
-0.06898
-0.06743
-0.06492
-0.06137
-0.05673
-0.05096
-0.04408
-0.03612
-0.02718
-0.01738
-0.00685
0.00422
0.01563
0.02715
0.03856
0.04961
0.06008
0.06972
0.07832
0.08569
0.09164
0.09602
0.09872
0.09967
0.09879
0.09612
0.09166
0.08549
0.07772
0.06847
0.05792
0.04626
0.03368
0.02041
0.00668
-0.00727
-0.02122
-0.03494
-0.04821
-0.06082
-0.07259
-0.08332
-0.09289
-0.10115
-0.10799
-0.11332
-0.11709
-0.11923
-0.11976
-0.11864
-0.11591
-0.11160
-0.10575
-0.09845
-0.08977
-0.07980
-0.06866
-0.05646
-0.04333
-0.02944
-0.01494
-0.00000
0.01519
0.03043
0.04553
0.06028
0.07446
0.08788
0.10033
0.11161
0.12155
0.12997
0.13672
0.14168
0.14473
0.14579
0.14481
0.14176
0.13665
0.12953
0.12045
0.10953
0.09691
0.08273
0.06721
0.05054
0.03297
0.01475
-0.00386
-0.02260
-0.04118
-0.05935
-0.07685
-0.09341
-0.10880
-0.12280
-0.13523
-0.14589
-0.15466
-0.16142
-0.16610
-0.16865
-0.16905
-0.16734
-0.16358
-0.15783
-0.15022
-0.14089
-0.12998
-0.11766
-0.10413
-0.08955
-0.07414
-0.05807
-0.04153
-0.02472
-0.00782
0.00901
0.02560
0.04179
0.05745
0.07245
0.08665
0.09996
0.11228
0.12351
0.13360
0.14248
0.15009
0.15640
0.16137
0.16500
0.16726
0.16818
0.16775
0.16602
0.16302
0.15880
0.15342
0.14693
0.13942
0.13094
0.12158
0.11139
0.10045
0.08881
0.07651
0.06361
0.05014
0.03612
0.02159
0.00655
-0.00896
-0.02492
-0.04129
-0.05803
-0.07507
-0.09232
-0.10967
-0.12698
-0.14407
-0.16075
-0.17677
-0.19187
-0.20578
-0.21816
-0.22870
-0.23707
-0.24296
-0.24606
-0.24609
-0.24284
-0.23610
-0.22577
-0.21180
-0.19419
-0.17307
-0.14862
-0.12109
-0.09084
-0.05829
-0.02392
0.01171
0.04800
0.08434
0.12006
0.15448
0.18696
0.21686
0.24357
0.26657
0.28537
0.29956
0.30887
0.31307
0.31205
0.30586
0.29457
0.27841
0.25771
0.23284
0.20431
0.17266
0.13849
0.10243
0.06516
0.02733
-0.01040
-0.04739
-0.08304
-0.11681
-0.14819
-0.17677
-0.20222
-0.22422
-0.24260
-0.25723
-0.26804
-0.27506
-0.27835
-0.27800
-0.27420
-0.26713
-0.25698
-0.24401
-0.22843
-0.21049
-0.19044
-0.16852
-0.14497
-0.12000
-0.09387
-0.06677
-0.03895
-0.01063
0.01797
0.04661
0.07505
0.10301
0.13023
0.15643
0.18131
0.20455
0.22585
0.24489
0.26135
0.27495
0.28540
0.29245
0.29591
0.29561
0.29143
0.28335
0.27134
0.25550
0.23598
0.21298
0.18679
0.15774
0.12623
0.09271
0.05767
0.02162
-0.01488
-0.05127
-0.08699
-0.12149
-0.15423
-0.18471
-0.21249
-0.23713
-0.25830
-0.27571
-0.28912
-0.29840
-0.30348
-0.30432
-0.30103
-0.29371
-0.28255
-0.26781
-0.24978
-0.22879
-0.20522
-0.17945
-0.15188
-0.12293
-0.09301
-0.06250
-0.03180
-0.00128
0.02873
0.05790
0.08594
0.11259
0.13759
0.16072
0.18179
0.20061
0.21703
0.23090
0.24210
0.25054
0.25614
0.25883
0.25862
0.25547
0.24943
0.24057
0.22897
0.21475
0.19809
0.17917
0.15823
0.13551
0.11131
0.08594
0.05974
0.03303
0.00619
-0.02042
-0.04647
-0.07162
-0.09553
-0.11793
-0.13855
-0.15716
-0.17360
-0.18771
-0.19937
-0.20856
-0.21523
-0.21939
-0.22110
-0.22041
-0.21742
-0.21225
-0.20501
-0.19585
-0.18491
-0.17236
-0.15833
-0.14300
-0.12653
-0.10906
-0.09076
-0.07178
-0.05228
-0.03243
-0.01238
0.00770
0.02764
0.04726
0.06636
0.08477
0.10229
0.11870
0.13382
0.14745
0.15939
0.16947
0.17753
0.18343
0.18706
0.18832
0.18716
0.18356
0.17755
0.16915
0.15849
0.14567
0.13086
0.11426
0.09610
0.07664
0.05615
0.03494
0.01330
-0.00842
-0.02992
-0.05088
-0.07099
-0.08993
-0.10745
-0.12327
-0.13716
-0.14892
-0.15838
-0.16539
-0.16987
-0.17174
-0.17098
-0.16765
-0.16177
-0.15347
-0.14290
-0.13024
-0.11572
-0.09959
-0.08211
-0.06360
-0.04435
-0.02469
-0.00492
0.01464
0.03369
0.05196
0.06918
0.08513
0.09961
0.11245
0.12354
0.13278
0.14010
0.14552
0.14903
0.15069
0.15058
0.14879
0.14546
0.14070
0.13465
0.12746
0.11924
0.11014
0.10026
0.08972
0.07859
0.06697
0.05493
0.04252
0.02981
0.01684
0.00368
-0.00961
-0.02297
-0.03633
-0.04961
-0.06271
-0.07552
-0.08792
-0.09978
-0.11094
-0.12126
-0.13055
-0.13865
-0.14537
-0.15056
-0.15405
-0.15570
-0.15539
-0.15304
-0.14857
-0.14199
-0.13332
-0.12261
-0.11000
-0.09564
-0.07973
-0.06253
-0.04431
-0.02537
-0.00607
0.01327
0.03227
0.05059
0.06785
0.08376
0.09798
0.11026
0.12039
0.12817
0.13348
0.13629
0.13655
0.13433
0.12976
0.12296
0.11417
0.10361
0.09157
0.07835
0.06426
0.04963
0.03476
0.01999
0.00559
-0.00817
-0.02105
-0.03286
-0.04345
-0.05269
-0.06051
-0.06689
-0.07183
-0.07538
-0.07761
-0.07862
-0.07853
-0.07747
-0.07556
-0.07294
-0.06972
-0.06603
-0.06195
-0.05757
-0.05294
-0.04812
-0.04313
-0.03797
-0.03264
-0.02713
-0.02140
-0.01543
-0.00918
-0.00263
0.00425
0.01146
0.01899
0.02684
0.03494
0.04324
0.05166
0.06007
0.06835
0.07638
0.08398
0.09099
0.09726
0.10260
0.10686
0.10988
0.11153
0.11169
0.11026
0.10718
0.10239
0.09592
0.08777
0.07802
0.06676
0.05413
0.04028
0.02543
0.00976
-0.00647
-0.02303
-0.03965
-0.05608
-0.07208
-0.08738
-0.10178
-0.11503
-0.12696
-0.13739
-0.14615
-0.15313
-0.15822
-0.16134
-0.16245
-0.16152
-0.15855
-0.15357
-0.14664
-0.13783
-0.12724
-0.11498
-0.10120
-0.08604
-0.06967
-0.05226
-0.03400
-0.01508
0.00430
0.02392
0.04358
0.06305
0.08210
0.10050
0.11804
0.13446
0.14955
0.16308
0.17482
0.18459
0.19220
0.19747
0.20027
0.20050
0.19806
0.19293
0.18513
0.17468
0.16171
0.14636
0.12881
0.10934
0.08821
0.06575
0.04233
0.01832
-0.00588
-0.02989
-0.05331
-0.07577
-0.09692
-0.11645
-0.13411
-0.14966
-0.16291
-0.17377
-0.18215
-0.18801
-0.19139
-0.19232
-0.19092
-0.18729
-0.18158
-0.17394
-0.16454
-0.15356
-0.14116
-0.12752
-0.11279
-0.09711
-0.08065
-0.06351
-0.04584
-0.02775
-0.00937
0.00917
0.02775
0.04620
0.06437
0.08208
0.09911
0.11526
0.13030
0.14397
0.15602
0.16623
0.17432
0.18009
0.18333
0.18387
0.18158
0.17639
0.16827
0.15725
0.14346
0.12704
0.10825
0.08739
0.06482
0.04096
0.01628
-0.00875
-0.03361
-0.05778
-0.08077
-0.10212
-0.12137
-0.13816
-0.15219
-0.16321
-0.17105
-0.17568
-0.17706
-0.17531
-0.17061
-0.16317
-0.15330
-0.14135
-0.12769
-0.11273
-0.09687
-0.08051
-0.06403
-0.04778
-0.03206
-0.01710
-0.00313
0.00975
0.02147
0.03200
0.04140
0.04977
0.05721
0.06389
0.06997
0.07562
0.08100
0.08626
0.09149
0.09678
0.10215
0.10760
0.11307
0.11846
0.12363
0.12840
0.13258
0.13596
0.13831
0.13941
0.13906
0.13706
0.13327
0.12760
0.11994
0.11031
0.09874
0.08530
0.07015
0.05348
0.03549
0.01646
-0.00331
-0.02352
-0.04384
-0.06395
-0.08351
-0.10223
-0.11980
-0.13597
-0.15049
-0.16316
-0.17382
-0.18235
-0.18865
-0.19267
-0.19440
-0.19384
-0.19106
-0.18610
-0.17907
-0.17006
-0.15920
-0.14660
-0.13243
-0.11680
-0.09990
-0.08187
-0.06290
-0.04316
-0.02285
-0.00217
0.01866
0.03942
0.05989
0.07981
0.09896
0.11709
0.13395
0.14932
0.16298
0.17471
0.18432
0.19165
0.19655
0.19893
0.19871
0.19585
0.19038
0.18235
0.17186
0.15906
0.14413
0.12730
0.10883
0.08900
0.06812
0.04652
0.02452
0.00246
-0.01935
-0.04058
-0.06096
-0.08021
-0.09808
-0.11438
-0.12894
-0.14161
-0.15232
-0.16099
-0.16760
-0.17218
-0.17477
-0.17542
-0.17425
-0.17136
-0.16686
-0.16090
-0.15360
-0.14509
-0.13550
-0.12495
-0.11355
-0.10139
-0.08858
-0.07519
-0.06131
-0.04701
-0.03236
-0.01743
-0.00229
0.01297
0.02827
0.04351
0.05861
0.07343
0.08786
0.10176
0.11499
0.12738
0.13878
0.14903
0.15797
0.16544
0.17128
0.17538
0.17761
0.17789
0.17614
0.17232
0.16642
0.15848
0.14853
0.13667
0.12302
0.10773
0.09100
0.07303
0.05407
0.03440
0.01428
-0.00597
-0.02604
-0.04562
-0.06440
-0.08208
-0.09837
-0.11303
-0.12582
-0.13655
-0.14508
-0.15129
-0.15511
-0.15656
-0.15562
-0.15240
-0.14701
-0.13960
-0.13037
-0.11955
-0.10737
-0.09410
-0.08003
-0.06543
-0.05057
-0.03573
-0.02116
-0.00707
0.00632
0.01886
0.03040
0.04084
0.05012
0.05820
0.06507
0.07078
0.07536
0.07888
0.08145
0.08316
0.08411
0.08443
0.08421
0.08356
0.08256
0.08130
0.07983
0.07819
0.07639
0.07442
0.07227
0.06990
0.06722
0.06419
0.06070
0.05668
0.05203
0.04668
0.04054
0.03354
0.02565
0.01681
0.00704
-0.00367
-0.01527
-0.02769
-0.04082
-0.05456
-0.06875
-0.08318
-0.09768
-0.11201
-0.12591
-0.13914
-0.15145
-0.16255
-0.17220
-0.18016
-0.18618
-0.19008
-0.19167
-0.19080
-0.18736
-0.18127
-0.17249
-0.16103
-0.14694
-0.13029
-0.11124
-0.08996
-0.06668
-0.04166
-0.01523
0.01229
0.04049
0.06898
0.09732
0.12506
0.15174
0.17690
0.20008
0.22085
0.23882
0.25359
0.26483
0.27229
0.27573
0.27503
0.27013
0.26103
0.24786
0.23082
0.21015
0.18623
0.15951
0.13046
0.09964
0.06763
0.03503
0.00246
-0.02947
-0.06019
-0.08917
-0.11590
-0.14000
-0.16112
-0.17897
-0.19343
-0.20440
-0.21186
-0.21594
-0.21679
-0.21463
-0.20977
-0.20253
-0.19326
-0.18232
-0.17010
-0.15693
-0.14313
-0.12900
-0.11474
-0.10054
-0.08653
-0.07276
-0.05923
-0.04592
-0.03274
-0.01958
-0.00631
0.00721
0.02110
0.03548
0.05042
0.06599
0.08215
0.09884
0.11597
0.13330
0.15061
0.16761
0.18393
0.19919
0.21300
0.22492
0.23455
0.24151
0.24547
0.24610
0.24324
0.23672
0.22648
0.21259
0.19517
0.17444
0.15073
0.12443
0.09598
0.06594
0.03484
0.00328
-0.02815
-0.05886
-0.08828
-0.11588
-0.14117
-0.16376
-0.18327
-0.19945
-0.21213
-0.22117
-0.22657
-0.22840
-0.22675
-0.22183
-0.21389
-0.20318
-0.19004
-0.17481
-0.15782
-0.13944
-0.12002
-0.09990
-0.07938
-0.05879
-0.03840
-0.01846
0.00080
0.01917
0.03647
0.05253
0.06723
0.08041
0.09198
0.10182
0.10984
0.11596
0.12009
0.12218
0.12216
0.12001
0.11570
0.10923
0.10065
0.09000
0.07738
0.06291
0.04674
0.02908
0.01014
-0.00983
-0.03055
-0.05172
-0.07304
-0.09418
-0.11482
-0.13465
-0.15335
-0.17062
-0.18622
-0.19990
-0.21145
-0.22074
-0.22761
-0.23200
-0.23389
-0.23328
-0.23021
-0.22480
-0.21714
-0.20738
-0.19571
-0.18228
-0.16728
-0.15092
-0.13338
-0.11482
-0.09543
-0.07536
-0.05473
-0.03369
-0.01234
0.00925
0.03097
0.05277
0.07458
0.09633
0.11794
0.13935
0.16047
0.18117
0.20133
0.22080
0.23939
0.25693
0.27319
0.28796
0.30100
0.31211
0.32107
0.32767
0.33178
0.33326
0.33201
0.32801
0.32126
0.31183
0.29983
0.28542
0.26882
0.25027
0.23006
0.20851
0.18596
0.16274
0.13921
0.11572
0.09259
0.07014
0.04864
0.02836
0.00949
-0.00779
-0.02334
-0.03710
-0.04899
-0.05902
-0.06721
-0.07360
-0.07827
-0.08134
-0.08289
-0.08305
-0.08194
-0.07969
-0.07640
-0.07220
-0.06718
-0.06143
-0.05503
-0.04805
-0.04056
-0.03262
-0.02429
-0.01565
-0.00678
0.00222
0.01124
0.02012
0.02869
0.03677
0.04414
0.05055
0.05576
0.05950
0.06152
0.06155
0.05939
0.05481
0.04764
0.03779
0.02517
0.00977
-0.00834
-0.02905
-0.05216
-0.07740
-0.10448
-0.13301
-0.16255
-0.19267
-0.22286
-0.25262
-0.28145
-0.30887
-0.33440
-0.35766
-0.37827
-0.39593
-0.41044
-0.42166
-0.42949
-0.43400
-0.43528
-0.43349
-0.42889
-0.42179
-0.41250
-0.40143
-0.38895
-0.37545
-0.36131
-0.34689
-0.33248
-0.31834
-0.30469
-0.29164
-0.27926
-0.26757
-0.25648
-0.24587
-0.23559
-0.22539
-0.21505
-0.20430
-0.19287
-0.18049
-0.16693
-0.15197
-0.13543
-0.11720
-0.09719
-0.07537
-0.05182
-0.02661
0.00011
0.02808
0.05708
0.08680
0.11688
0.14700
0.17678
0.20585
0.23387
0.26053
0.28551
0.30858
0.32955
0.34827
0.36466
0.37872
0.39045
0.39999
0.40747
0.41309
0.41710
0.41976
0.42137
0.42223
0.42267
0.42300
0.42349
0.42444
0.42609
0.42863
0.43225
0.43707
0.44315
0.45056
0.45927
0.46923
0.48038
0.49258
0.50570
0.51959
0.53405
0.54890
0.56394
0.57896
0.59375
0.60811
0.62183
0.63470
0.64651
0.65706
0.66615
0.67358
0.67914
0.68265
0.68391
0.68272
0.67890
0.67227
0.66266
0.64992
0.63391
0.61450
0.59162
0.56520
0.53520
0.50167
0.46463
0.42419
0.38051
0.33373
0.28409
0.23183
0.17722
0.12056
0.06215
0.00231
-0.05867
-0.12048
-0.18284
-0.24548
-0.30818
-0.37071
-0.43290
-0.49459
-0.55566
-0.61602
-0.67558
-0.73426
-0.79202
-0.84879
-0.90449
-0.95906
-1.01237
-1.06431
-1.11470
-1.16337
-1.21008
-1.25459
-1.29665
-1.33596
-1.37224
-1.40520
-1.43456
-1.46007
-1.48150
-1.49867
-1.51142
-1.51967
-1.52338
-1.52257
-1.51733
-1.50779
-1.49416
-1.47671
-1.45575
-1.43161
-1.40471
-1.37544
-1.34422
-1.31148
-1.27762
-1.24301
-1.20801
-1.17290
-1.13789
-1.10317
-1.06881
-1.03481
-1.00112
-0.96759
-0.93398
-0.90004
-0.86539
-0.82963
-0.79236
-0.75311
-0.71141
-0.66680
-0.61887
-0.56718
-0.51141
-0.45126
-0.38649
-0.31698
-0.24266
-0.16352
-0.07969
0.00866
0.10132
0.19797
0.29825
0.40179
0.50817
0.61696
0.72774
0.84009
0.95359
1.06789
1.18265
1.29755
1.41234
1.52680
1.64072
1.75396
1.86639
1.97790
2.08838
2.19772
2.30581
2.41248
2.51758
2.62086
2.72205
2.82084
2.91681
3.00952
3.09849
3.18312
3.26283
3.33698
3.40488
3.46584
3.51918
3.56421
3.60026
3.62672
3.64302
3.64863
3.64317
3.62628
3.59770
3.55736
3.50518
3.44126
3.36583
3.27915
3.18161
3.07372
2.95598
2.82901
2.69346
2.54998
2.39923
2.24188
2.07858
1.90991
1.73645
1.55870
1.37708
1.19199
1.00374
0.81254
0.61863
0.42212
0.22310
0.02165
-0.18219
-0.38841
-0.59693
-0.80771
-1.02066
-1.23564
-1.45248
-1.67096
-1.89080
-2.11165
-2.33317
-2.55491
-2.77642
-2.99720
-3.21677
-3.43459
-3.65016
-3.86300
-4.07262
-4.27858
-4.48050
-4.67799
-4.87075
-5.05850
-5.24099
-5.41803
-5.58944
-5.75503
-5.91464
-6.06808
-6.21514
-6.35556
-6.48906
-6.61526
-6.73372
-6.84396
-6.94539
-7.03733
-7.11911
-7.18990
-7.24885
-7.29507
-7.32764
-7.34557
-7.34793
-7.33377
-7.30212
-7.25212
-7.18295
-7.09379
-6.98401
-6.85302
-6.70030
-6.52553
-6.32845
-6.10889
-5.86691
-5.60261
-5.31621
-5.00813
-4.67878
-4.32877
-3.95880
-3.56960
-3.16204
-2.73706
-2.29562
-1.83876
-1.36755
-0.88309
-0.38648
0.12118
0.63880
1.16534
1.69977
2.24114
2.78857
3.34118
3.89825
4.45906
5.02298
5.58943
6.15789
6.72784
7.29877
7.87019
8.44154
9.01221
9.58157
10.14868
10.71237
11.27145
11.82475
12.37109
