2.431916147470474243e-01
2.879232466220855713e-01
3.374293744564056396e-01
3.550182580947875977e-01
3.508080542087554932e-01
3.544494509696960449e-01
2.912755310535430908e-01
2.844492495059967041e-01
2.905558049678802490e-01
2.091748714447021484e-01
1.636666208505630493e-01
1.911291629076004028e-01
1.404365003108978271e-01
1.919157803058624268e-01
2.224465012550354004e-01
1.727102696895599365e-01
1.310685724020004272e-01
1.263912469148635864e-01
1.582507640123367310e-01
1.778624057769775391e-01
1.821709424257278442e-01
2.523674070835113525e-01
2.056698203086853027e-01
2.282910943031311035e-01
2.328099012374877930e-01
2.361455708742141724e-01
2.560658156871795654e-01
2.368629425764083862e-01
2.547758221626281738e-01
2.870245575904846191e-01
2.631956040859222412e-01
2.463659495115280151e-01
2.423124462366104126e-01
2.291116863489151001e-01
2.354022562503814697e-01
2.613083422183990479e-01
1.957147270441055298e-01
1.346256285905838013e-01
2.047895044088363647e-01
1.618514806032180786e-01
1.730084419250488281e-01
2.240008413791656494e-01
2.132011353969573975e-01
1.913736611604690552e-01
1.671425998210906982e-01
1.583662182092666626e-01
1.514875590801239014e-01
1.915435940027236938e-01
2.106460928916931152e-01
1.792846173048019409e-01
1.899690777063369751e-01
2.034670263528823853e-01
1.824494600296020508e-01
1.809092015027999878e-01
1.980742812156677246e-01
1.550253331661224365e-01
1.908491849899291992e-01
1.977864801883697510e-01
1.532753705978393555e-01
1.685381978750228882e-01
2.064113914966583252e-01
1.508965194225311279e-01
1.835889071226119995e-01
2.332499474287033081e-01
2.352512925863265991e-01
1.951037496328353882e-01
1.666552722454071045e-01
1.550778597593307495e-01
1.404118537902832031e-01
1.701431423425674438e-01
1.497080475091934204e-01
1.341347396373748779e-01
1.382666975259780884e-01
1.335501223802566528e-01
1.484203040599822998e-01
2.411700636148452759e-01
1.425503641366958618e-01
1.726618558168411255e-01
1.636966615915298462e-01
1.560285836458206177e-01
2.051446735858917236e-01
2.566902339458465576e-01
1.830581575632095337e-01
1.739133596420288086e-01
2.632254660129547119e-01
2.084231376647949219e-01
2.001494169235229492e-01
1.435716450214385986e-01
1.361606568098068237e-01
1.266856789588928223e-01
1.362312585115432739e-01
1.485951691865921021e-01
1.446937471628189087e-01
1.331237107515335083e-01
1.370943635702133179e-01
1.297158449888229370e-01
2.046864330768585205e-01
1.589243412017822266e-01
1.748008877038955688e-01
1.809649914503097534e-01
1.330847889184951782e-01
1.704360842704772949e-01
1.935068666934967041e-01
2.520196139812469482e-01
1.869658976793289185e-01
1.909383237361907959e-01
2.251805663108825684e-01
2.183237671852111816e-01
1.647222787141799927e-01
1.476546376943588257e-01
1.295458376407623291e-01
1.374097466468811035e-01
1.214990243315696716e-01
1.322371810674667358e-01
1.539995223283767700e-01
1.452578455209732056e-01
1.393882930278778076e-01
1.612749248743057251e-01
1.910700052976608276e-01
2.215940207242965698e-01
2.451687008142471313e-01
2.102145254611968994e-01
1.400065273046493530e-01
1.646319329738616943e-01
1.671883612871170044e-01
1.554197818040847778e-01
1.593170762062072754e-01
1.599965095520019531e-01
1.728820055723190308e-01
1.668067723512649536e-01
1.498160660266876221e-01
1.363175958395004272e-01
1.687731891870498657e-01
1.409934461116790771e-01
1.342243403196334839e-01
1.279570311307907104e-01
1.310968399047851562e-01
1.332880556583404541e-01
1.680458635091781616e-01
2.087890952825546265e-01
1.657173931598663330e-01
1.904582530260086060e-01
2.003835588693618774e-01
1.737344264984130859e-01
2.147472649812698364e-01
2.527211010456085205e-01
2.031670957803726196e-01
1.308895051479339600e-01
1.686447411775588989e-01
1.995944082736968994e-01
1.849682927131652832e-01
1.488078236579895020e-01
1.409324407577514648e-01
1.279417574405670166e-01
1.309891641139984131e-01
1.281923949718475342e-01
1.328684240579605103e-01
1.179261356592178345e-01
1.283077001571655273e-01
2.062864303588867188e-01
1.465550959110260010e-01
1.799738854169845581e-01
1.566481739282608032e-01
1.384270787239074707e-01
2.040318250656127930e-01
2.579942941665649414e-01
2.079182416200637817e-01
1.412588953971862793e-01
1.828899085521697998e-01
1.847840696573257446e-01
1.751446425914764404e-01
1.734165698289871216e-01
1.592056006193161011e-01
1.891047209501266479e-01
2.009974718093872070e-01
1.843526661396026611e-01
1.753391921520233154e-01
1.580086648464202881e-01
1.318878084421157837e-01
1.365205049514770508e-01
2.119220346212387085e-01
1.435928791761398315e-01
2.101168781518936157e-01
1.838627159595489502e-01
1.465946286916732788e-01
1.707691997289657593e-01
2.172735929489135742e-01
1.526494026184082031e-01
1.501514762639999390e-01
2.266005724668502808e-01
2.615042030811309814e-01
2.645465433597564697e-01
2.348097860813140869e-01
1.938751935958862305e-01
2.197058945894241333e-01
2.213820815086364746e-01
1.934595406055450439e-01
1.460459530353546143e-01
1.376127898693084717e-01
1.445271372795104980e-01
1.614896804094314575e-01
2.524002492427825928e-01
1.698715388774871826e-01
1.656456440687179565e-01
1.454728990793228149e-01
1.745124161243438721e-01
2.429592758417129517e-01
2.670904695987701416e-01
1.851683109998703003e-01
1.471756249666213989e-01
2.110856771469116211e-01
2.430624067783355713e-01
2.353189140558242798e-01
1.494828164577484131e-01
1.412107944488525391e-01
1.698242723941802979e-01
1.610249578952789307e-01
2.385667562484741211e-01
2.377973645925521851e-01
1.987129896879196167e-01
1.554715186357498169e-01
1.993342190980911255e-01
1.327472776174545288e-01
1.530721336603164673e-01
2.038519531488418579e-01
1.920283287763595581e-01
2.689539492130279541e-01
2.183459103107452393e-01
2.462626248598098755e-01
1.764589101076126099e-01
2.016823142766952515e-01
2.136537134647369385e-01
1.971540600061416626e-01
1.926567703485488892e-01
1.431698650121688843e-01
1.424241364002227783e-01
1.676092594861984253e-01
1.630795598030090332e-01
1.241094693541526794e-01
1.412784755229949951e-01
1.388434171676635742e-01
1.350732594728469849e-01
1.700588613748550415e-01
1.465716809034347534e-01
2.044130116701126099e-01
1.836666166782379150e-01
1.249529868364334106e-01
1.849474310874938965e-01
2.481976151466369629e-01
2.577005624771118164e-01
1.624341756105422974e-01
2.012398540973663330e-01
2.131717950105667114e-01
1.791218817234039307e-01
1.869713068008422852e-01
1.900908797979354858e-01
1.835469901561737061e-01
2.093205451965332031e-01
2.239857763051986694e-01
1.764464378356933594e-01
1.572956144809722900e-01
1.461254954338073730e-01
1.733553558588027954e-01
2.204495668411254883e-01
1.722511053085327148e-01
1.429970264434814453e-01
1.753930151462554932e-01
2.063680142164230347e-01
1.613536775112152100e-01
1.972383111715316772e-01
2.164725214242935181e-01
1.556251645088195801e-01
1.336453557014465332e-01
1.895215809345245361e-01
2.266800403594970703e-01
1.780502647161483765e-01
1.474694460630416870e-01
1.479649096727371216e-01
1.324549615383148193e-01
1.352324187755584717e-01
1.349639892578125000e-01
1.509916782379150391e-01
1.357151269912719727e-01
1.340438425540924072e-01
1.407295763492584229e-01
2.304285615682601929e-01
1.569875031709671021e-01
1.516406536102294922e-01
1.867887526750564575e-01
1.392775177955627441e-01
1.722299754619598389e-01
1.676922738552093506e-01
1.781502068042755127e-01
1.379215419292449951e-01
1.868570744991302490e-01
1.845425069332122803e-01
1.516653150320053101e-01
1.309199631214141846e-01
1.551709175109863281e-01
1.763067394495010376e-01
1.644884049892425537e-01
1.358891576528549194e-01
1.341394931077957153e-01
1.369071900844573975e-01
1.463007032871246338e-01
1.538386493921279907e-01
1.919072270393371582e-01
1.747137904167175293e-01
1.469915658235549927e-01
1.836040019989013672e-01
1.965537965297698975e-01
1.471022665500640869e-01
2.077086567878723145e-01
2.640389800071716309e-01
2.352539151906967163e-01
1.847527772188186646e-01
1.391487419605255127e-01
2.041038572788238525e-01
1.630296707153320312e-01
1.414177119731903076e-01
1.367294788360595703e-01
1.507132947444915771e-01
1.817450076341629028e-01
1.646206825971603394e-01
1.436840593814849854e-01
1.596382111310958862e-01
1.448002308607101440e-01
1.508365422487258911e-01
2.459670603275299072e-01
2.392653673887252808e-01
1.545453369617462158e-01
2.195901423692703247e-01
2.435146719217300415e-01
2.023927271366119385e-01
2.275506108999252319e-01
1.903186887502670288e-01
2.186549901962280273e-01
1.820098012685775757e-01
2.373831123113632202e-01
2.370302975177764893e-01
1.803774684667587280e-01
1.550143212080001831e-01
1.420639604330062866e-01
1.453859657049179077e-01
1.545910239219665527e-01
1.447585523128509521e-01
1.434434056282043457e-01
1.542925834655761719e-01
1.403978765010833740e-01
1.397484838962554932e-01
2.049832940101623535e-01
1.366345584392547607e-01
1.848116964101791382e-01
1.845026165246963501e-01
1.624601632356643677e-01
1.412902921438217163e-01
2.202277630567550659e-01
1.891859918832778931e-01
2.123820334672927856e-01
2.791750133037567139e-01
1.932633966207504272e-01
1.345023512840270996e-01
1.309934407472610474e-01
1.288763880729675293e-01
1.400690972805023193e-01
1.834382712841033936e-01
1.530247181653976440e-01
1.434652656316757202e-01
1.497322618961334229e-01
1.843523383140563965e-01
1.816108524799346924e-01
1.947298198938369751e-01
2.169972807168960571e-01
1.753928661346435547e-01
1.730701476335525513e-01
2.047803103923797607e-01
1.433614641427993774e-01
1.921107321977615356e-01
2.169718891382217407e-01
1.935101747512817383e-01
1.924877017736434937e-01
1.753839105367660522e-01
1.722275018692016602e-01
1.571601182222366333e-01
1.706433147192001343e-01
1.809728443622589111e-01
1.773718744516372681e-01
1.687376797199249268e-01
1.582103967666625977e-01
1.535389274358749390e-01
1.560692340135574341e-01
1.684407442808151245e-01
2.040930539369583130e-01
2.271177470684051514e-01
2.704952359199523926e-01
5.444749593734741211e-01
5.990657806396484375e-01
5.044358372688293457e-01
4.899070262908935547e-01
5.094411373138427734e-01
3.995656371116638184e-01
4.422243237495422363e-01
4.785740673542022705e-01
5.073721408843994141e-01
3.834882080554962158e-01
3.563127219676971436e-01
3.456265032291412354e-01
2.831483483314514160e-01
2.552390992641448975e-01
3.008325099945068359e-01
2.180936038494110107e-01
1.819110810756683350e-01
1.893946081399917603e-01
1.972980201244354248e-01
2.005134820938110352e-01
2.837154269218444824e-01
2.157480716705322266e-01
1.680553555488586426e-01
2.021701335906982422e-01
1.541021615266799927e-01
1.616288423538208008e-01
2.104566246271133423e-01
2.098372429609298706e-01
2.394877076148986816e-01
2.583104670047760010e-01
2.053165137767791748e-01
2.687873542308807373e-01
3.013255298137664795e-01
2.004085779190063477e-01
1.635977029800415039e-01
1.990512609481811523e-01
1.718103438615798950e-01
2.334139794111251831e-01
2.593557834625244141e-01
1.556603312492370605e-01
1.642194241285324097e-01
3.379497230052947998e-01
2.291193306446075439e-01
1.729586124420166016e-01
2.584556937217712402e-01
2.721663117408752441e-01
2.101737111806869507e-01
2.120945155620574951e-01
2.080660164356231689e-01
1.538681536912918091e-01
2.087800055742263794e-01
1.825314015150070190e-01
1.552283167839050293e-01
1.901138126850128174e-01
1.980947107076644897e-01
2.543639540672302246e-01
2.338743805885314941e-01
1.712249517440795898e-01
2.045193761587142944e-01
3.043770492076873779e-01
3.219095766544342041e-01
3.741140961647033691e-01
3.369826674461364746e-01
2.394208759069442749e-01
3.179578781127929688e-01
4.013679921627044678e-01
3.953920602798461914e-01
3.079744875431060791e-01
3.442099392414093018e-01
2.261534035205841064e-01
2.130555659532546997e-01
1.797668486833572388e-01
1.402427554130554199e-01
1.899551004171371460e-01
1.731300950050354004e-01
1.695660948753356934e-01
1.651013195514678955e-01
1.425595581531524658e-01
2.077616900205612183e-01
1.940285265445709229e-01
2.334824949502944946e-01
1.997921019792556763e-01
1.531852930784225464e-01
1.784718036651611328e-01
1.661504656076431274e-01
1.520840972661972046e-01
1.478484719991683960e-01
2.010785192251205444e-01
1.313802748918533325e-01
2.544803023338317871e-01
2.541892230510711670e-01
2.292686849832534790e-01
1.353603303432464600e-01
1.737561076879501343e-01
2.358679324388504028e-01
2.403949648141860962e-01
2.764091491699218750e-01
2.921929657459259033e-01
2.669762372970581055e-01
2.053455412387847900e-01
2.477022707462310791e-01
2.720123827457427979e-01
2.203210890293121338e-01
1.704789102077484131e-01
2.151147425174713135e-01
2.078999131917953491e-01
1.863695383071899414e-01
1.917270272970199585e-01
2.312106937170028687e-01
1.844428479671478271e-01
3.978595137596130371e-01
4.036186337471008301e-01
3.728244304656982422e-01
1.788657754659652710e-01
1.385496556758880615e-01
1.480438262224197388e-01
1.463082879781723022e-01
1.448374539613723755e-01
1.663418412208557129e-01
2.151805311441421509e-01
2.121268361806869507e-01
1.825581043958663940e-01
2.237319797277450562e-01
2.556433379650115967e-01
1.793806105852127075e-01
1.416050791740417480e-01
2.102406769990921021e-01
3.100278079509735107e-01
2.988994419574737549e-01
3.239057958126068115e-01
2.369114011526107788e-01
1.583795249462127686e-01
2.319509387016296387e-01
2.147541642189025879e-01
1.501799225807189941e-01
1.395278126001358032e-01
1.322915703058242798e-01
1.240364685654640198e-01
1.440648138523101807e-01
1.599570363759994507e-01
1.374438405036926270e-01
1.628412306308746338e-01
1.704209446907043457e-01
1.881369352340698242e-01
2.011273950338363647e-01
2.086957544088363647e-01
1.399004608392715454e-01
1.774412840604782104e-01
1.842700988054275513e-01
1.693201959133148193e-01
2.345909178256988525e-01
2.476108819246292114e-01
1.584780365228652954e-01
2.114171534776687622e-01
1.487122625112533569e-01
1.305995732545852661e-01
1.293123066425323486e-01
1.470798701047897339e-01
1.629285067319869995e-01
2.200731486082077026e-01
2.542728781700134277e-01
1.977653801441192627e-01
1.657146215438842773e-01
1.678929179906845093e-01
1.643586307764053345e-01
1.434271484613418579e-01
1.639918684959411621e-01
2.259725332260131836e-01
2.432891577482223511e-01
2.208439856767654419e-01
2.288188189268112183e-01
2.258141189813613892e-01
2.551476061344146729e-01
1.639261543750762939e-01
1.928967386484146118e-01
2.151146531105041504e-01
1.842830926179885864e-01
1.253129988908767700e-01
1.339647322893142700e-01
1.350226700305938721e-01
1.466263979673385620e-01
1.693456470966339111e-01
1.374238431453704834e-01
1.832433640956878662e-01
2.351793646812438965e-01
1.998896598815917969e-01
2.087886780500411987e-01
2.212166488170623779e-01
2.224777489900588989e-01
3.427328467369079590e-01
4.163798391819000244e-01
3.111630380153656006e-01
2.150347977876663208e-01
2.049698233604431152e-01
1.790336072444915771e-01
1.708705574274063110e-01
2.257413417100906372e-01
2.446498721837997437e-01
2.764497697353363037e-01
2.087301313877105713e-01
2.399502396583557129e-01
3.037685155868530273e-01
2.635496854782104492e-01
2.147241979837417603e-01
2.272953838109970093e-01
2.355859130620956421e-01
1.939234882593154907e-01
1.938732564449310303e-01
2.691636383533477783e-01
2.387401014566421509e-01
2.630310356616973877e-01
3.704980313777923584e-01
3.674659430980682373e-01
2.344789952039718628e-01
2.138665169477462769e-01
2.318942248821258545e-01
3.362933695316314697e-01
2.500116229057312012e-01
2.713037431240081787e-01
2.187562137842178345e-01
2.417222261428833008e-01
2.412950545549392700e-01
2.324836701154708862e-01
2.383696883916854858e-01
1.747173815965652466e-01
2.281692922115325928e-01
2.726473510265350342e-01
3.150255084037780762e-01
3.894471824169158936e-01
3.683029711246490479e-01
3.767565488815307617e-01
5.369909405708312988e-01
6.066812276840209961e-01
4.198451340198516846e-01
4.641744196414947510e-01
7.320891022682189941e-01
4.420973658561706543e-01
3.630711436271667480e-01
2.588621377944946289e-01
1.386738568544387817e-01
1.928408741950988770e-01
4.732949733734130859e-01
5.995170474052429199e-01
6.398883461952209473e-01
5.076960325241088867e-01
3.929105699062347412e-01
2.791427075862884521e-01
2.038305699825286865e-01
2.185951620340347290e-01
3.419439494609832764e-01
4.706502854824066162e-01
4.587472677230834961e-01
4.485782980918884277e-01
4.194234013557434082e-01
2.427597343921661377e-01
2.325941175222396851e-01
3.405364453792572021e-01
3.569745421409606934e-01
1.981969475746154785e-01
1.540155559778213501e-01
2.719122469425201416e-01
2.268247753381729126e-01
2.545908689498901367e-01
2.598053812980651855e-01
2.728354632854461670e-01
1.954385340213775635e-01
1.420220732688903809e-01
1.243728101253509521e-01
1.328288316726684570e-01
1.496931463479995728e-01
1.423249989748001099e-01
1.792995482683181763e-01
1.327982544898986816e-01
1.926842033863067627e-01
1.793509721755981445e-01
1.320425122976303101e-01
2.589310407638549805e-01
2.906890809535980225e-01
2.830813229084014893e-01
1.621551662683486938e-01
2.558421492576599121e-01
2.730063498020172119e-01
2.096685320138931274e-01
1.983482241630554199e-01
2.097025513648986816e-01
1.651893258094787598e-01
1.635302454233169556e-01
1.438756883144378662e-01
1.955605745315551758e-01
1.780871748924255371e-01
1.507247984409332275e-01
1.834360957145690918e-01
2.324439734220504761e-01
2.476872652769088745e-01
2.374379336833953857e-01
3.470517992973327637e-01
3.843878507614135742e-01
3.345314860343933105e-01
1.707055568695068359e-01
1.937078386545181274e-01
1.937407702207565308e-01
2.063705474138259888e-01
1.727119982242584229e-01
2.443641722202301025e-01
2.642107009887695312e-01
2.372961044311523438e-01
1.769936829805374146e-01
2.273383438587188721e-01
2.845201194286346436e-01
3.043141663074493408e-01
2.441120743751525879e-01
2.278229445219039917e-01
2.272280603647232056e-01
2.093754857778549194e-01
1.916220933198928833e-01
2.101483643054962158e-01
2.361169755458831787e-01
1.974126249551773071e-01
1.833345741033554077e-01
2.095578610897064209e-01
2.933445572853088379e-01
1.564773470163345337e-01
2.183359414339065552e-01
2.485953271389007568e-01
2.786988019943237305e-01
2.870205044746398926e-01
2.099258750677108765e-01
1.946550607681274414e-01
1.619702279567718506e-01
1.338751018047332764e-01
1.364494264125823975e-01
1.541590690612792969e-01
1.611260622739791870e-01
1.488522440195083618e-01
1.768093407154083252e-01
2.013396918773651123e-01
2.491512596607208252e-01
2.064456939697265625e-01
2.000784277915954590e-01
1.820799708366394043e-01
2.832329273223876953e-01
1.760193407535552979e-01
2.100793272256851196e-01
2.192180901765823364e-01
1.885488331317901611e-01
2.138200104236602783e-01
2.453064471483230591e-01
3.055988848209381104e-01
3.789213895797729492e-01
3.714435994625091553e-01
3.263539373874664307e-01
2.737334668636322021e-01
1.967794001102447510e-01
1.783408373594284058e-01
1.786876767873764038e-01
2.196439802646636963e-01
3.230536282062530518e-01
3.178464174270629883e-01
2.016073614358901978e-01
1.322405338287353516e-01
1.668233126401901245e-01
2.617150247097015381e-01
2.495440542697906494e-01
1.812575310468673706e-01
2.475698143243789673e-01
2.684470117092132568e-01
2.353213280439376831e-01
1.783851981163024902e-01
1.876721829175949097e-01
2.140952348709106445e-01
2.035550922155380249e-01
1.775142997503280640e-01
1.657716333866119385e-01
2.010052353143692017e-01
1.952596753835678101e-01
2.155608534812927246e-01
2.734824717044830322e-01
2.436629086732864380e-01
2.460169941186904907e-01
2.596820890903472900e-01
2.141986489295959473e-01
2.464418262243270874e-01
2.529667913913726807e-01
1.986431628465652466e-01
1.298375576734542847e-01
2.391458600759506226e-01
2.485866397619247437e-01
1.761503815650939941e-01
2.918934226036071777e-01
4.636639952659606934e-01
4.380141794681549072e-01
4.314727187156677246e-01
3.638472259044647217e-01
1.989888101816177368e-01
1.654866188764572144e-01
2.013313174247741699e-01
1.601233482360839844e-01
2.078965008258819580e-01
2.612990140914916992e-01
3.292126357555389404e-01
3.118775784969329834e-01
2.541038990020751953e-01
2.205369621515274048e-01
3.638111948966979980e-01
1.564343571662902832e-01
1.852707266807556152e-01
2.109367102384567261e-01
1.618670076131820679e-01
1.613080203533172607e-01
1.539259403944015503e-01
1.206056326627731323e-01
1.668363213539123535e-01
1.450558006763458252e-01
1.386150270700454712e-01
1.960967332124710083e-01
1.461745798587799072e-01
1.460696905851364136e-01
1.708605885505676270e-01
2.390179485082626343e-01
2.262071967124938965e-01
2.097967863082885742e-01
1.698311120271682739e-01
1.390455663204193115e-01
1.525583565235137939e-01
1.762184649705886841e-01
1.658917665481567383e-01
2.142851054668426514e-01
3.010146021842956543e-01
3.607816398143768311e-01
3.008377254009246826e-01
2.357895523309707642e-01
2.401402145624160767e-01
2.806296944618225098e-01
2.997045516967773438e-01
2.643288671970367432e-01
2.612340152263641357e-01
2.758432030677795410e-01
2.793153226375579834e-01
2.458449751138687134e-01
1.828036308288574219e-01
2.543924152851104736e-01
2.792738676071166992e-01
2.667525112628936768e-01
1.748094856739044189e-01
1.658686995506286621e-01
2.466939687728881836e-01
2.270749211311340332e-01
1.505156755447387695e-01
1.996084153652191162e-01
1.802980005741119385e-01
2.210278809070587158e-01
1.774379611015319824e-01
2.001731097698211670e-01
1.842044442892074585e-01
1.470188349485397339e-01
1.534888595342636108e-01
1.343386024236679077e-01
1.440280973911285400e-01
1.405146121978759766e-01
1.846661120653152466e-01
1.491130292415618896e-01
1.948639750480651855e-01
1.641816496849060059e-01
1.417753696441650391e-01
1.948327422142028809e-01
2.577989399433135986e-01
2.233258038759231567e-01
1.862111687660217285e-01
1.734647899866104126e-01
1.843616366386413574e-01
1.759679764509201050e-01
1.340225338935852051e-01
1.570846736431121826e-01
1.201356798410415649e-01
1.322905570268630981e-01
1.330062896013259888e-01
1.365467458963394165e-01
1.635855287313461304e-01
1.459884643554687500e-01
1.433960050344467163e-01
2.184434533119201660e-01
1.737053841352462769e-01
1.473461687564849854e-01
1.466276496648788452e-01
1.641486287117004395e-01
1.515698879957199097e-01
2.018604278564453125e-01
1.657145321369171143e-01
1.838745772838592529e-01
2.230588942766189575e-01
3.602558076381683350e-01
3.717839121818542480e-01
3.454936742782592773e-01
2.889879345893859863e-01
2.829244136810302734e-01
3.159662187099456787e-01
3.470664024353027344e-01
3.383386433124542236e-01
2.670333087444305420e-01
2.282558828592300415e-01
2.663983702659606934e-01
2.368296682834625244e-01
2.475127130746841431e-01
2.480006664991378784e-01
1.754477024078369141e-01
2.893443107604980469e-01
2.058098465204238892e-01
1.729144006967544556e-01
2.355838418006896973e-01
2.737216055393218994e-01
2.218343168497085571e-01
1.753360778093338013e-01
2.405066490173339844e-01
1.378687471151351929e-01
1.700700670480728149e-01
1.470686793327331543e-01
1.793586909770965576e-01
1.592250168323516846e-01
2.651332020759582520e-01
3.491373956203460693e-01
1.706046164035797119e-01
1.873512119054794312e-01
2.481027692556381226e-01
3.860386312007904053e-01
2.791882753372192383e-01
1.725398302078247070e-01
2.137116193771362305e-01
3.104002177715301514e-01
2.193947732448577881e-01
2.859867513179779053e-01
3.183408677577972412e-01
1.680017709732055664e-01
2.146286666393280029e-01
2.012412399053573608e-01
2.039039283990859985e-01
1.379513144493103027e-01
1.657182723283767700e-01
1.535342037677764893e-01
1.529202908277511597e-01
1.542597413063049316e-01
1.560015380382537842e-01
1.800465434789657593e-01
1.931518912315368652e-01
1.824343949556350708e-01
2.139645665884017944e-01
2.030274271965026855e-01
3.099807798862457275e-01
2.797370553016662598e-01
2.070803493261337280e-01
1.586780995130538940e-01
1.393981426954269409e-01
1.356543004512786865e-01
3.063903152942657471e-01
4.559755325317382812e-01
4.841644763946533203e-01
4.559389054775238037e-01
3.535231649875640869e-01
2.552636861801147461e-01
2.962000966072082520e-01
2.594596445560455322e-01
1.974543333053588867e-01
1.735200285911560059e-01
2.023945301771163940e-01
2.030507326126098633e-01
3.248268365859985352e-01
4.847364723682403564e-01
3.631133437156677246e-01
3.377957046031951904e-01
3.167884051799774170e-01
2.507209479808807373e-01
2.424338757991790771e-01
3.016350269317626953e-01
2.616987228393554688e-01
1.701599359512329102e-01
1.436838209629058838e-01
1.550170332193374634e-01
1.678419262170791626e-01
1.517018228769302368e-01
1.512738615274429321e-01
1.671114265918731689e-01
1.672203391790390015e-01
1.614575684070587158e-01
1.473171859979629517e-01
1.431814134120941162e-01
1.291399598121643066e-01
2.637674212455749512e-01
1.905677169561386108e-01
1.544600725173950195e-01
1.714593470096588135e-01
2.356340736150741577e-01
2.856293916702270508e-01
3.698260784149169922e-01
2.793027162551879883e-01
2.271660566329956055e-01
2.040375918149948120e-01
1.484181880950927734e-01
1.397492885589599609e-01
1.286255419254302979e-01
1.417511850595474243e-01
1.784091591835021973e-01
1.933948695659637451e-01
1.474624127149581909e-01
1.407659053802490234e-01
1.443597674369812012e-01
1.551356464624404907e-01
3.160900175571441650e-01
2.061533033847808838e-01
2.283161431550979614e-01
2.019130289554595947e-01
3.053044676780700684e-01
3.720212578773498535e-01
2.869887351989746094e-01
1.881964653730392456e-01
2.455480545759201050e-01
3.620414435863494873e-01
4.034299254417419434e-01
3.969404995441436768e-01
3.044471740722656250e-01
2.109443694353103638e-01
1.905071884393692017e-01
1.823912411928176880e-01
2.019030153751373291e-01
2.278081923723220825e-01
2.459058016538619995e-01
3.022412061691284180e-01
7.002283930778503418e-01
4.360808432102203369e-01
2.361186444759368896e-01
1.973237544298171997e-01
2.201702743768692017e-01
2.013316154479980469e-01
2.144714444875717163e-01
2.588227987289428711e-01
3.172596395015716553e-01
2.808139026165008545e-01
5.846467018127441406e-01
8.676123619079589844e-01
8.713201880455017090e-01
7.135505676269531250e-01
5.065607428550720215e-01
2.742426991462707520e-01
1.909077167510986328e-01
2.768057882785797119e-01
4.279932677745819092e-01
3.975319266319274902e-01
4.232265353202819824e-01
3.014631271362304688e-01
3.907583355903625488e-01
3.629353940486907959e-01
2.229537367820739746e-01
1.600474119186401367e-01
1.915606409311294556e-01
2.316075265407562256e-01
1.698988974094390869e-01
1.585873216390609741e-01
1.421876549720764160e-01
1.458600759506225586e-01
1.686692386865615845e-01
1.767914146184921265e-01
1.501456052064895630e-01
1.654144972562789917e-01
1.634356379508972168e-01
1.872981190681457520e-01
2.390946447849273682e-01
1.777339279651641846e-01
1.393495798110961914e-01
1.654487103223800659e-01
1.848719567060470581e-01
1.847974658012390137e-01
1.645035594701766968e-01
1.460244059562683105e-01
1.648898869752883911e-01
2.456678301095962524e-01
1.360986828804016113e-01
2.556670308113098145e-01
3.688567578792572021e-01
3.056043982505798340e-01
2.361294627189636230e-01
2.276793271303176880e-01
1.693292409181594849e-01
1.857903897762298584e-01
2.076356112957000732e-01
1.647595763206481934e-01
1.621861457824707031e-01
1.933186501264572144e-01
1.961769759654998779e-01
1.815019845962524414e-01
1.807464212179183960e-01
2.164513617753982544e-01
1.933129131793975830e-01
2.550176084041595459e-01
2.385398596525192261e-01
1.379660665988922119e-01
2.150918692350387573e-01
3.776927888393402100e-01
6.272260546684265137e-01
6.736070513725280762e-01
8.297292590141296387e-01
8.647741675376892090e-01
8.142151832580566406e-01
7.154206633567810059e-01
5.570871233940124512e-01
4.069246053695678711e-01
2.943480014801025391e-01
1.735033839941024780e-01
1.672338396310806274e-01
2.639622688293457031e-01
2.865845859050750732e-01
3.613239526748657227e-01
3.405186831951141357e-01
3.215598165988922119e-01
2.758173942565917969e-01
2.463719993829727173e-01
2.615075707435607910e-01
2.140162140130996704e-01
2.525721788406372070e-01
1.444978117942810059e-01
2.755466699600219727e-01
2.572830915451049805e-01
2.326487898826599121e-01
2.402234673500061035e-01
2.272661775350570679e-01
2.067327648401260376e-01
1.214639544486999512e-01
1.487643271684646606e-01
1.226325482130050659e-01
1.531073898077011108e-01
1.344631761312484741e-01
1.196004524827003479e-01
1.583333164453506470e-01
2.063314765691757202e-01
2.439512461423873901e-01
2.900428473949432373e-01
2.142789512872695923e-01
2.196699827909469604e-01
2.101238220930099487e-01
3.272132873535156250e-01
1.699790507555007935e-01
2.132217735052108765e-01
2.826769948005676270e-01
2.415699660778045654e-01
1.877739131450653076e-01
2.482095956802368164e-01
2.386146336793899536e-01
2.164531052112579346e-01
3.129808902740478516e-01
4.351508915424346924e-01
3.775828182697296143e-01
3.106430172920227051e-01
2.692475914955139160e-01
2.346165180206298828e-01
2.381781786680221558e-01
1.881255507469177246e-01
2.354856133460998535e-01
3.001917004585266113e-01
2.204491347074508667e-01
2.368239015340805054e-01
2.607483863830566406e-01
2.335603833198547363e-01
1.800941228866577148e-01
1.735401600599288940e-01
2.018409073352813721e-01
1.729959845542907715e-01
1.917161643505096436e-01
1.947935372591018677e-01
2.215571850538253784e-01
1.973360031843185425e-01
2.104345113039016724e-01
2.409085035324096680e-01
2.195865809917449951e-01
1.857173591852188110e-01
1.724009811878204346e-01
2.071498185396194458e-01
1.418343186378479004e-01
1.680051088333129883e-01
1.416596025228500366e-01
2.393696904182434082e-01
3.110716044902801514e-01
2.923223972320556641e-01
1.856350898742675781e-01
1.458927839994430542e-01
1.909724473953247070e-01
1.379611641168594360e-01
1.826967895030975342e-01
2.068477272987365723e-01
1.872053295373916626e-01
1.595560610294342041e-01
1.707396507263183594e-01
1.719744354486465454e-01
1.540469229221343994e-01
1.850914508104324341e-01
1.741181313991546631e-01
3.097973465919494629e-01
2.972486913204193115e-01
3.627634942531585693e-01
1.785218715667724609e-01
1.490320861339569092e-01
1.532663255929946899e-01
2.038185447454452515e-01
2.402028292417526245e-01
1.820427924394607544e-01
2.469428032636642456e-01
2.160965204238891602e-01
1.458378583192825317e-01
1.316187530755996704e-01
1.652783006429672241e-01
1.329636126756668091e-01
1.484498381614685059e-01
2.068091332912445068e-01
1.826330274343490601e-01
1.348573416471481323e-01
1.544186174869537354e-01
1.953791677951812744e-01
2.231958061456680298e-01
2.991466522216796875e-01
2.703384459018707275e-01
1.792639344930648804e-01
1.980497092008590698e-01
2.626665532588958740e-01
1.981302946805953979e-01
1.772831380367279053e-01
2.788978517055511475e-01
2.332195043563842773e-01
1.648048907518386841e-01
1.455951333045959473e-01
1.360547393560409546e-01
2.091221958398818970e-01
2.513247728347778320e-01
2.545993030071258545e-01
3.764661550521850586e-01
3.536625206470489502e-01
4.210560321807861328e-01
3.748383224010467529e-01
2.093420475721359253e-01
3.377551138401031494e-01
3.996495306491851807e-01
2.441833615303039551e-01
4.941051900386810303e-01
5.540417432785034180e-01
2.020456343889236450e-01
2.053712308406829834e-01
2.554290294647216797e-01
2.744360864162445068e-01
2.084539681673049927e-01
2.046875506639480591e-01
2.631975114345550537e-01
2.900194823741912842e-01
2.827678620815277100e-01
2.082423120737075806e-01
2.379798144102096558e-01
2.838111519813537598e-01
2.165907919406890869e-01
1.723584830760955811e-01
2.316466718912124634e-01
1.916360259056091309e-01
1.518998295068740845e-01
2.528973817825317383e-01
2.173494845628738403e-01
2.372744232416152954e-01
3.284591138362884521e-01
3.033701181411743164e-01
2.909310758113861084e-01
2.187802493572235107e-01
2.099044322967529297e-01
1.558460891246795654e-01
1.417360752820968628e-01
1.214903220534324646e-01
1.441691368818283081e-01
2.210444658994674683e-01
3.229748010635375977e-01
3.095765113830566406e-01
3.177486658096313477e-01
5.135960578918457031e-01
5.447171926498413086e-01
5.739769935607910156e-01
4.218867123126983643e-01
4.936724603176116943e-01
3.121998310089111328e-01
1.963628530502319336e-01
2.712649106979370117e-01
4.281175434589385986e-01
5.063588619232177734e-01
4.463007450103759766e-01
4.788915514945983887e-01
4.929857254028320312e-01
4.013688266277313232e-01
2.483347654342651367e-01
2.042780220508575439e-01
2.080796211957931519e-01
3.158169090747833252e-01
2.810040414333343506e-01
2.174469530582427979e-01
2.367799878120422363e-01
2.855863869190216064e-01
2.290046662092208862e-01
1.558940559625625610e-01
2.684645354747772217e-01
2.572806179523468018e-01
3.482593297958374023e-01
2.122845798730850220e-01
2.947268784046173096e-01
2.538743913173675537e-01
1.893121749162673950e-01
2.013829499483108521e-01
2.746101319789886475e-01
3.084925413131713867e-01
3.213099837303161621e-01
2.514907717704772949e-01
2.309156805276870728e-01
2.339035719633102417e-01
2.632924914360046387e-01
2.900736927986145020e-01
1.606392413377761841e-01
1.953981220722198486e-01
2.118877023458480835e-01
1.357661038637161255e-01
1.528799831867218018e-01
2.891891002655029297e-01
1.649551540613174438e-01
1.888086646795272827e-01
2.663109302520751953e-01
2.253357321023941040e-01
1.878670752048492432e-01
2.005735635757446289e-01
1.959132701158523560e-01
1.315579414367675781e-01
2.046017199754714966e-01
1.627915799617767334e-01
2.055772840976715088e-01
1.933823823928833008e-01
1.746519207954406738e-01
1.639528274536132812e-01
2.336527258157730103e-01
1.894202828407287598e-01
1.637704819440841675e-01
1.466340720653533936e-01
1.409646123647689819e-01
1.297921538352966309e-01
2.156778275966644287e-01
1.936220526695251465e-01
1.706980615854263306e-01
2.559764981269836426e-01
2.121267169713973999e-01
1.707451492547988892e-01
2.121570557355880737e-01
2.055282592773437500e-01
1.828634738922119141e-01
1.597405821084976196e-01
1.845423281192779541e-01
1.686115860939025879e-01
1.736545562744140625e-01
2.095606923103332520e-01
1.858231276273727417e-01
2.121087610721588135e-01
2.100119292736053467e-01
1.461535543203353882e-01
1.838733553886413574e-01
1.636027544736862183e-01
2.415760457515716553e-01
2.306160628795623779e-01
2.364648282527923584e-01
1.670533567667007446e-01
2.218042761087417603e-01
2.693061530590057373e-01
2.345345318317413330e-01
2.236834317445755005e-01
2.185855954885482788e-01
1.932514160871505737e-01
1.671907156705856323e-01
2.112878412008285522e-01
1.931803524494171143e-01
1.701669692993164062e-01
1.695652157068252563e-01
2.514348924160003662e-01
1.825111955404281616e-01
1.351805478334426880e-01
1.750688552856445312e-01
1.918116360902786255e-01
2.582611739635467529e-01
3.040389418601989746e-01
2.634150087833404541e-01
2.345311045646667480e-01
1.542908996343612671e-01
1.723288297653198242e-01
1.668300479650497437e-01
1.738336980342864990e-01
1.769871115684509277e-01
1.815997511148452759e-01
1.415163874626159668e-01
1.619559824466705322e-01
1.693000048398971558e-01
2.077314853668212891e-01
1.791107803583145142e-01
2.686770260334014893e-01
1.879191398620605469e-01
2.030516713857650757e-01
1.897861063480377197e-01
1.766982823610305786e-01
1.796495020389556885e-01
2.678481638431549072e-01
2.569004893302917480e-01
1.516131907701492310e-01
1.642490029335021973e-01
2.021426558494567871e-01
1.796995848417282104e-01
2.405493259429931641e-01
1.728133261203765869e-01
1.556140780448913574e-01
1.473443955183029175e-01
1.922640353441238403e-01
2.331288456916809082e-01
2.258235514163970947e-01
1.562427282333374023e-01
1.643988043069839478e-01
2.167736887931823730e-01
2.329375445842742920e-01
2.630220055580139160e-01
2.018347680568695068e-01
2.259733527898788452e-01
2.939712107181549072e-01
2.557679414749145508e-01
1.935927867889404297e-01
1.566815376281738281e-01
1.630702912807464600e-01
1.810449510812759399e-01
1.826746165752410889e-01
1.506884396076202393e-01
1.512556374073028564e-01
1.502443999052047729e-01
1.758526414632797241e-01
1.748309135437011719e-01
1.867108345031738281e-01
1.936174333095550537e-01
2.287741303443908691e-01
4.205348193645477295e-01
4.326721727848052979e-01
2.350722104310989380e-01
1.614765077829360962e-01
1.858914494514465332e-01
1.966234892606735229e-01
1.797888129949569702e-01
2.060744017362594604e-01
2.587806880474090576e-01
2.457177639007568359e-01
1.871389746665954590e-01
2.053456753492355347e-01
1.931002438068389893e-01
1.533909887075424194e-01
1.499165594577789307e-01
1.547255516052246094e-01
1.657249033451080322e-01
1.456168293952941895e-01
1.570566445589065552e-01
2.326758354902267456e-01
2.626866400241851807e-01
1.750216186046600342e-01
1.420013457536697388e-01
1.356761902570724487e-01
1.346411257982254028e-01
1.471523493528366089e-01
1.922122240066528320e-01
1.442245244979858398e-01
2.317859679460525513e-01
2.473797351121902466e-01
2.819916307926177979e-01
2.783200740814208984e-01
3.031217753887176514e-01
2.635226249694824219e-01
1.606005430221557617e-01
1.413919776678085327e-01
1.392204314470291138e-01
1.206533983349800110e-01
1.268835812807083130e-01
1.521175056695938110e-01
1.540465950965881348e-01
1.578919589519500732e-01
1.704463213682174683e-01
1.334609091281890869e-01
1.917184889316558838e-01
2.343382835388183594e-01
3.024908006191253662e-01
1.969328373670578003e-01
1.876283735036849976e-01
2.301621735095977783e-01
2.045661807060241699e-01
1.707412600517272949e-01
1.479676812887191772e-01
1.540343761444091797e-01
2.243843227624893188e-01
2.420774847269058228e-01
2.277666628360748291e-01
2.171060889959335327e-01
2.544366121292114258e-01
2.738822102546691895e-01
2.533459365367889404e-01
2.767878174781799316e-01
2.220544517040252686e-01
2.324161529541015625e-01
2.517872750759124756e-01
2.014501094818115234e-01
2.659641504287719727e-01
1.943938583135604858e-01
1.750244647264480591e-01
1.515782326459884644e-01
2.204432934522628784e-01
2.313278764486312866e-01
1.962485909461975098e-01
1.605511307716369629e-01
1.575912684202194214e-01
2.059278786182403564e-01
1.821970790624618530e-01
1.548877954483032227e-01
1.256950646638870239e-01
1.339016407728195190e-01
1.819242388010025024e-01
2.340020090341567993e-01
2.146928757429122925e-01
2.196285426616668701e-01
2.323868721723556519e-01
1.715102344751358032e-01
1.667718589305877686e-01
2.572837173938751221e-01
1.884886175394058228e-01
2.173869609832763672e-01
2.172040492296218872e-01
2.246752083301544189e-01
2.775783836841583252e-01
2.295424044132232666e-01
2.095044404268264771e-01
1.913543343544006348e-01
1.809965372085571289e-01
1.624563485383987427e-01
1.502809226512908936e-01
1.557226032018661499e-01
1.653061211109161377e-01
1.943867355585098267e-01
1.619942635297775269e-01
1.243328899145126343e-01
1.138307005167007446e-01
1.995665580034255981e-01
2.832035720348358154e-01
4.436449706554412842e-01
3.606689274311065674e-01
2.692177593708038330e-01
2.435218095779418945e-01
1.958281546831130981e-01
1.616662293672561646e-01
1.295264065265655518e-01
1.303101032972335815e-01
1.221192851662635803e-01
1.276929080486297607e-01
1.175616905093193054e-01
1.457959115505218506e-01
1.350853145122528076e-01
1.337462365627288818e-01
1.258703321218490601e-01
1.818592548370361328e-01
1.749519258737564087e-01
2.151052951812744141e-01
3.006390929222106934e-01
2.751706242561340332e-01
2.298020720481872559e-01
2.289091348648071289e-01
1.637636721134185791e-01
2.111432403326034546e-01
1.490792632102966309e-01
2.132261991500854492e-01
1.707048714160919189e-01
1.273224502801895142e-01
1.388884335756301880e-01
1.425030529499053955e-01
1.894664764404296875e-01
2.035814374685287476e-01
1.975637972354888916e-01
1.731813699007034302e-01
2.053704559803009033e-01
1.718162000179290771e-01
1.679873019456863403e-01
2.004463523626327515e-01
1.459751576185226440e-01
1.600769460201263428e-01
1.471229195594787598e-01
1.650747507810592651e-01
2.609975039958953857e-01
3.136748075485229492e-01
2.454151660203933716e-01
1.372881084680557251e-01
1.837863326072692871e-01
1.802467852830886841e-01
1.837164163589477539e-01
1.762027740478515625e-01
1.573351174592971802e-01
1.423456668853759766e-01
1.485098600387573242e-01
1.545240581035614014e-01
1.549140214920043945e-01
1.657038182020187378e-01
1.586625874042510986e-01
1.436560004949569702e-01
2.033391147851943970e-01
1.424354761838912964e-01
1.483053117990493774e-01
1.562859565019607544e-01
1.387092620134353638e-01
1.729679554700851440e-01
1.823667585849761963e-01
1.725064069032669067e-01
1.323555856943130493e-01
2.023128420114517212e-01
1.432669758796691895e-01
1.326545029878616333e-01
1.367459893226623535e-01
1.311425566673278809e-01
1.310178488492965698e-01
1.195977032184600830e-01
1.254524439573287964e-01
1.771338582038879395e-01
1.969885677099227905e-01
1.857928037643432617e-01
1.529042273759841919e-01
2.107068449258804321e-01
1.844164282083511353e-01
1.191836819052696228e-01
1.819395869970321655e-01
1.524002850055694580e-01
1.840634196996688843e-01
1.697202622890472412e-01
2.168387621641159058e-01
1.523022055625915527e-01
2.036041617393493652e-01
2.674818634986877441e-01
2.520480751991271973e-01
1.541120260953903198e-01
1.236804872751235962e-01
1.375749111175537109e-01
1.462422460317611694e-01
1.422409415245056152e-01
1.316599696874618530e-01
1.452076435089111328e-01
1.366743296384811401e-01
1.431105136871337891e-01
1.783676445484161377e-01
2.134655714035034180e-01
1.466048061847686768e-01
1.892266124486923218e-01
1.843139529228210449e-01
1.796633452177047729e-01
2.141463905572891235e-01
2.162649780511856079e-01
1.817929595708847046e-01
1.238325834274291992e-01
1.565272659063339233e-01
1.467351466417312622e-01
1.374228894710540771e-01
1.255157440900802612e-01
1.517343670129776001e-01
1.813275068998336792e-01
1.806306540966033936e-01
1.574665307998657227e-01
1.324740499258041382e-01
1.247688233852386475e-01
1.407138705253601074e-01
1.973979920148849487e-01
1.427355706691741943e-01
2.247911542654037476e-01
1.950143277645111084e-01
1.378321200609207153e-01
1.484254598617553711e-01
2.322580069303512573e-01
1.867392361164093018e-01
1.207611933350563049e-01
1.568979322910308838e-01
1.458851993083953857e-01
1.252008974552154541e-01
1.178694292902946472e-01
1.286684721708297729e-01
1.597371846437454224e-01
1.452595740556716919e-01
1.301967352628707886e-01
1.283687502145767212e-01
1.329119205474853516e-01
1.351898908615112305e-01
1.282845884561538696e-01
2.115490883588790894e-01
1.332981735467910767e-01
1.723519116640090942e-01
1.706393957138061523e-01
1.385959088802337646e-01
1.880506277084350586e-01
1.524164378643035889e-01
1.983960717916488647e-01
1.925602406263351440e-01
2.272885888814926147e-01
2.787693738937377930e-01
2.072261571884155273e-01
1.696596145629882812e-01
1.619918942451477051e-01
1.663313060998916626e-01
1.665259301662445068e-01
1.332556605339050293e-01
1.172753125429153442e-01
1.184199526906013489e-01
1.420733481645584106e-01
1.245548352599143982e-01
1.604568511247634888e-01
2.285208702087402344e-01
1.645032614469528198e-01
1.906704753637313843e-01
1.808215379714965820e-01
1.435529142618179321e-01
1.683661937713623047e-01
1.821415126323699951e-01
1.314325332641601562e-01
2.101228088140487671e-01
3.051010370254516602e-01
2.552277743816375732e-01
2.116005122661590576e-01
1.520673632621765137e-01
1.577818393707275391e-01
2.200321257114410400e-01
2.241468429565429688e-01
1.644361913204193115e-01
1.466161161661148071e-01
1.448132097721099854e-01
1.451849788427352905e-01
1.371154934167861938e-01
2.343952059745788574e-01
1.873176097869873047e-01
2.153027951717376709e-01
2.678889334201812744e-01
1.765927225351333618e-01
2.004297524690628052e-01
2.041401416063308716e-01
1.912996768951416016e-01
1.337302327156066895e-01
1.979806721210479736e-01
1.835814267396926880e-01
1.311501264572143555e-01
1.547455787658691406e-01
1.566249281167984009e-01
1.813243478536605835e-01
1.413859426975250244e-01
1.371895074844360352e-01
1.313620060682296753e-01
1.240667030215263367e-01
1.299854367971420288e-01
1.390825510025024414e-01
1.537235826253890991e-01
2.236909717321395874e-01
2.370478808879852295e-01
1.580835729837417603e-01
2.401609718799591064e-01
1.936529427766799927e-01
2.353945374488830566e-01
1.894859224557876587e-01
1.676231920719146729e-01
1.907467544078826904e-01
1.458923220634460449e-01
1.394367516040802002e-01
1.281338781118392944e-01
1.584037393331527710e-01
1.632450222969055176e-01
1.250547468662261963e-01
1.585576683282852173e-01
1.375762075185775757e-01
1.454584002494812012e-01
1.850714236497879028e-01
1.522361338138580322e-01
2.252297103404998779e-01
1.682191640138626099e-01
1.880647093057632446e-01
1.523834019899368286e-01
1.327381879091262817e-01
1.775008887052536011e-01
1.778038293123245239e-01
1.728483140468597412e-01
1.547893136739730835e-01
2.341719716787338257e-01
2.020532637834548950e-01
2.023866474628448486e-01
1.845925003290176392e-01
1.495451927185058594e-01
1.684377938508987427e-01
2.028074562549591064e-01
2.001083642244338989e-01
1.976148486137390137e-01
1.731978505849838257e-01
1.788523793220520020e-01
1.483518481254577637e-01
1.249575391411781311e-01
1.415333598852157593e-01
1.973312795162200928e-01
1.447819471359252930e-01
2.001199871301651001e-01
1.611890792846679688e-01
2.017874419689178467e-01
2.220678627490997314e-01
2.785953283309936523e-01
1.812134534120559692e-01
1.297919005155563354e-01
2.158104777336120605e-01
2.149899154901504517e-01
2.211181521415710449e-01
2.382595390081405640e-01
2.861972451210021973e-01
3.206569552421569824e-01
2.883258461952209473e-01
1.874643117189407349e-01
1.841106861829757690e-01
1.792946755886077881e-01
1.576642394065856934e-01
1.502525806427001953e-01
1.397713869810104370e-01
2.043065130710601807e-01
1.401359587907791138e-01
1.747766435146331787e-01
1.893888413906097412e-01
1.379470080137252808e-01
2.106492817401885986e-01
2.646087408065795898e-01
1.943119764328002930e-01
1.506753265857696533e-01
1.440168619155883789e-01
1.498698443174362183e-01
1.326849907636642456e-01
1.439174115657806396e-01
1.690667122602462769e-01
1.929900646209716797e-01
1.637259572744369507e-01
1.443583816289901733e-01
1.502102464437484741e-01
1.320789754390716553e-01
1.561314165592193604e-01
1.663887053728103638e-01
1.890958845615386963e-01
2.344617992639541626e-01
2.335808873176574707e-01
1.591524481773376465e-01
2.215308248996734619e-01
1.753611266613006592e-01
2.595579624176025391e-01
1.641572862863540649e-01
2.009591162204742432e-01
1.546259671449661255e-01
1.612586379051208496e-01
1.306235343217849731e-01
1.435602754354476929e-01
1.681031435728073120e-01
1.523504108190536499e-01
1.943849921226501465e-01
1.351524144411087036e-01
1.346932798624038696e-01
1.448407024145126343e-01
1.444544643163681030e-01
1.722287833690643311e-01
1.363067030906677246e-01
1.730315387248992920e-01
2.313460260629653931e-01
1.642239391803741455e-01
1.888606697320938110e-01
2.333373278379440308e-01
1.768590956926345825e-01
1.689913868904113770e-01
2.375469058752059937e-01
