0.30758
0.33554
0.30758
0.30758
0.36350
0.30758
0.30758
0.30758
0.25166
0.30758
0.30758
0.30758
0.30758
0.30758
0.30758
0.33554
0.33554
0.30758
0.22369
0.27962
0.27962
0.39146
0.30758
0.33554
0.27962
0.27962
0.27962
0.27962
0.39146
0.30758
0.39146
0.27962
0.27962
0.27962
0.36350
0.30758
0.27962
0.33554
0.27962
0.39146
0.27962
0.33554
0.25166
0.27962
0.19573
0.33554
0.30758
0.22369
0.33554
0.27962
0.27962
0.30758
0.25166
0.33554
0.27962
0.27962
0.27962
0.27962
0.41943
0.30758
0.33554
0.30758
0.30758
0.30758
0.36350
0.30758
0.30758
0.30758
0.25166
0.30758
