95.60
92.00
88.40
84.80
92.00
77.60
92.00
92.00
77.60
88.40
88.40
88.40
88.40
84.80
88.40
81.20
95.60
92.00
99.20
88.40
81.20
88.40
88.40
88.40
88.40
92.00
81.20
88.40
92.00
92.00
84.80
95.60
92.00
92.00
77.60
84.80
92.00
88.40
95.60
88.40
84.80
88.40
95.60
88.40
84.80
92.00
84.80
88.40
84.80
88.40
84.80
84.80
95.60
92.00
84.80
92.00
84.80
81.20
88.40
88.40
77.60
92.00
84.80
88.40
92.00
92.00
84.80
92.00
92.00
88.40
88.40
92.00
92.00
92.00
88.40
92.00
92.00
84.80
84.80
88.40
88.40
84.80
77.60
84.80
