0.04261
0.05106
0.05921
0.06691
0.07399
0.08030
0.08566
0.08994
0.09297
0.09461
0.09471
0.09315
0.08982
0.08462
0.07747
0.06834
0.05719
0.04407
0.02901
0.01215
-0.00637
-0.02636
-0.04752
-0.06957
-0.09212
-0.11475
-0.13702
-0.15839
-0.17834
-0.19632
-0.21176
-0.22411
-0.23286
-0.23750
-0.23763
-0.23288
-0.22302
-0.20793
-0.18754
-0.16205
-0.13169
-0.09688
-0.05821
-0.01635
0.02782
0.07338
0.11930
0.16446
0.20774
0.24803
0.28421
0.31529
0.34037
0.35866
0.36963
0.37283
0.36813
0.35557
0.33536
0.30805
0.27427
0.23490
0.19093
0.14345
0.09366
0.04279
-0.00797
-0.05742
-0.10447
-0.14815
-0.18755
-0.22202
-0.25099
-0.27408
-0.29113
-0.30208
-0.30709
-0.30644
-0.30052
-0.28987
-0.27506
-0.25676
-0.23563
-0.21236
-0.18761
-0.16203
-0.13616
-0.11054
-0.08558
-0.06161
-0.03892
-0.01764
0.00209
0.02028
0.03697
0.05222
0.06616
0.07895
0.09071
0.10158
0.11169
0.12111
0.12989
0.13801
0.14543
0.15205
0.15769
0.16219
0.16529
0.16674
0.16629
0.16367
0.15863
0.15097
0.14051
0.12716
0.11091
0.09179
0.06999
0.04573
0.01938
-0.00860
-0.03771
-0.06728
-0.09667
-0.12513
-0.15192
-0.17627
-0.19749
-0.21486
-0.22782
-0.23585
-0.23857
-0.23576
-0.22729
-0.21328
-0.19394
-0.16964
-0.14097
-0.10856
-0.07323
-0.03586
0.00260
0.04116
0.07882
0.11464
0.14768
0.17712
0.20226
0.22247
0.23735
0.24658
0.25002
0.24775
0.23989
0.22682
0.20899
0.18697
0.16146
0.13316
0.10289
0.07144
0.03962
0.00821
-0.02204
-0.05049
-0.07651
-0.09964
-0.11945
-0.13565
-0.14807
-0.15660
-0.16126
-0.16219
-0.15955
-0.15363
-0.14475
-0.13330
-0.11967
-0.10431
-0.08765
-0.07012
-0.05214
-0.03411
-0.01638
0.00073
0.01694
0.03201
0.04577
0.05805
0.06877
0.07785
0.08527
0.09101
0.09511
0.09759
0.09852
0.09795
0.09595
0.09260
0.08796
0.08211
0.07512
0.06706
0.05802
0.04806
0.03727
0.02575
0.01359
0.00091
-0.01216
-0.02548
-0.03890
-0.05224
-0.06533
-0.07796
-0.08994
-0.10105
-0.11110
-0.11988
-0.12719
-0.13284
-0.13668
-0.13856
-0.13838
-0.13603
-0.13148
-0.12472
-0.11575
-0.10466
-0.09154
-0.07654
-0.05984
-0.04166
-0.02225
-0.00189
0.01911
0.04040
0.06165
0.08248
0.10252
0.12141
0.13878
0.15428
0.16759
0.17841
0.18650
0.19163
0.19365
0.19247
0.18803
0.18037
0.16959
0.15582
0.13932
0.12035
0.09927
0.07646
0.05235
0.02740
0.00208
-0.02312
-0.04773
-0.07129
-0.09338
-0.11361
-0.13166
-0.14726
-0.16018
-0.17031
-0.17755
-0.18193
-0.18350
-0.18238
-0.17876
-0.17285
-0.16490
-0.15518
-0.14399
-0.13160
-0.11829
-0.10431
-0.08990
-0.07524
-0.06050
-0.04581
-0.03124
-0.01687
-0.00271
0.01123
0.02496
0.03850
0.05187
0.06508
0.07813
0.09100
0.10363
0.11593
0.12780
0.13908
0.14960
0.15915
0.16751
0.17444
0.17971
0.18307
0.18432
0.18324
0.17970
0.17356
0.16476
0.15332
0.13926
0.12272
0.10387
0.08295
0.06028
0.03619
0.01108
-0.01463
-0.04048
-0.06600
-0.09075
-0.11426
-0.13609
-0.15586
-0.17319
-0.18777
-0.19935
-0.20770
-0.21271
-0.21428
-0.21239
-0.20711
-0.19851
-0.18677
-0.17211
-0.15479
-0.13512
-0.11344
-0.09014
-0.06563
-0.04032
-0.01466
0.01091
0.03594
0.06000
0.08266
0.10354
0.12226
0.13851
0.15200
0.16251
0.16987
0.17395
0.17474
0.17224
0.16654
0.15781
0.14625
0.13215
0.11581
0.09759
0.07790
0.05715
0.03576
0.01417
-0.00721
-0.02798
-0.04775
-0.06620
-0.08302
-0.09796
-0.11083
-0.12146
-0.12977
-0.13570
-0.13928
-0.14054
-0.13957
-0.13650
-0.13147
-0.12467
-0.11628
-0.10649
-0.09552
-0.08355
-0.07079
-0.05742
-0.04362
-0.02954
-0.01535
-0.00117
0.01286
0.02662
0.04000
0.05290
0.06520
0.07681
0.08761
0.09751
0.10640
0.11416
0.12071
0.12593
0.12974
0.13205
0.13280
0.13193
0.12942
0.12526
0.11947
0.11211
0.10325
0.09302
0.08155
0.06901
0.05561
0.04155
0.02708
0.01244
-0.00213
-0.01637
-0.03005
-0.04293
-0.05481
-0.06551
-0.07488
-0.08279
-0.08916
-0.09394
-0.09712
-0.09874
-0.09885
-0.09754
-0.09495
-0.09121
-0.08649
-0.08097
-0.07483
-0.06824
-0.06138
-0.05441
-0.04748
-0.04070
-0.03418
-0.02799
-0.02219
-0.01681
-0.01183
-0.00727
-0.00307
0.00080
0.00439
0.00777
0.01101
0.01414
0.01723
0.02031
0.02341
0.02655
0.02973
0.03293
0.03612
0.03925
0.04228
0.04512
0.04771
0.04995
0.05176
0.05305
0.05373
0.05371
0.05292
0.05128
0.04874
0.04526
0.04081
0.03539
0.02901
0.02170
0.01354
0.00458
-0.00504
-0.01521
-0.02579
-0.03658
-0.04741
-0.05807
-0.06834
-0.07801
-0.08683
-0.09457
-0.10103
-0.10598
-0.10922
-0.11059
-0.10994
-0.10717
-0.10218
-0.09496
-0.08552
-0.07390
-0.06024
-0.04469
-0.02744
-0.00878
0.01102
0.03160
0.05260
0.07361
0.09421
0.11399
0.13251
0.14937
0.16417
0.17656
0.18621
0.19288
0.19634
0.19646
0.19318
0.18648
0.17647
0.16327
0.14711
0.12829
0.10714
0.08406
0.05949
0.03389
0.00775
-0.01844
-0.04421
-0.06907
-0.09260
-0.11439
-0.13409
-0.15140
-0.16606
-0.17791
-0.18683
-0.19277
-0.19574
-0.19580
-0.19308
-0.18774
-0.18000
-0.17009
-0.15828
-0.14483
-0.13002
-0.11413
-0.09741
-0.08013
-0.06251
-0.04475
-0.02704
-0.00953
0.00763
0.02432
0.04044
0.05589
0.07058
0.08440
0.09726
0.10906
0.11966
0.12895
0.13677
0.14297
0.14740
0.14991
0.15034
0.14857
0.14449
0.13802
0.12914
0.11787
0.10428
0.08850
0.07072
0.05122
0.03029
0.00831
-0.01429
-0.03707
-0.05953
-0.08117
-0.10149
-0.12001
-0.13625
-0.14981
-0.16032
-0.16748
-0.17110
-0.17101
-0.16722
-0.15974
-0.14875
-0.13449
-0.11724
-0.09744
-0.07551
-0.05195
-0.02729
-0.00207
0.02316
0.04789
0.07162
0.09390
0.11431
0.13255
0.14830
0.16138
0.17163
0.17898
0.18343
0.18501
0.18385
0.18007
0.17388
0.16553
0.15525
0.14336
0.13015
0.11594
0.10105
0.08580
0.07048
0.05539
0.04076
0.02682
0.01376
0.00167
-0.00936
-0.01932
-0.02826
-0.03628
-0.04356
-0.05030
-0.05675
-0.06322
-0.06999
-0.07739
-0.08572
-0.09524
-0.10618
-0.11870
-0.13287
-0.14871
-0.16608
-0.18477
-0.20445
-0.22463
-0.24480
-0.26426
-0.28229
-0.29809
-0.31081
-0.31961
-0.32367
-0.32221
-0.31456
-0.30018
-0.27861
-0.24970
-0.21336
-0.16983
-0.11955
-0.06312
-0.00152
0.06423
0.13279
0.20268
0.27236
0.34012
0.40425
0.46308
0.51493
0.55829
0.59183
0.61432
0.62496
0.62306
0.60832
0.58083
0.54083
0.48910
0.42661
0.35463
0.27478
0.18878
0.09862
0.00638
-0.08583
-0.17585
-0.26156
-0.34105
-0.41242
-0.47412
-0.52483
-0.56342
-0.58926
-0.60185
-0.60117
-0.58752
-0.56140
-0.52381
-0.47582
-0.41885
-0.35447
-0.28437
-0.21038
-0.13432
-0.05802
0.01675
0.08831
0.15517
0.21593
0.26950
0.31494
0.35157
0.37900
0.39699
0.40566
0.40527
0.39629
0.37944
0.35550
0.32545
0.29031
0.25118
0.20918
0.16541
0.12094
0.07679
0.03387
-0.00701
-0.04511
-0.07989
-0.11088
-0.13777
-0.16036
-0.17857
-0.19245
-0.20211
-0.20776
-0.20968
-0.20818
-0.20363
-0.19640
-0.18686
-0.17540
-0.16236
-0.14808
-0.13286
-0.11697
-0.10064
-0.08406
-0.06740
-0.05080
-0.03437
-0.01819
-0.00235
0.01308
0.02803
0.04242
0.05617
0.06919
0.08137
0.09260
0.10274
0.11168
0.11927
0.12537
0.12986
0.13263
0.13356
0.13260
0.12969
0.12482
0.11803
0.10936
0.09894
0.08690
0.07343
0.05874
0.04308
0.02672
0.00996
-0.00690
-0.02357
-0.03973
-0.05510
-0.06940
-0.08239
-0.09385
-0.10358
-0.11145
-0.11736
-0.12122
-0.12302
-0.12276
-0.12049
-0.11629
-0.11027
-0.10255
-0.09328
-0.08262
-0.07077
-0.05788
-0.04416
-0.02979
-0.01496
0.00013
0.01530
0.03036
0.04510
0.05934
0.07289
0.08556
0.09714
0.10746
0.11633
0.12357
0.12904
0.13258
0.13409
0.13346
0.13064
0.12561
0.11839
0.10902
0.09762
0.08432
0.06931
0.05281
0.03509
0.01643
-0.00286
-0.02244
-0.04198
-0.06114
-0.07957
-0.09695
-0.11298
-0.12738
-0.13990
-0.15035
-0.15855
-0.16438
-0.16777
-0.16870
-0.16718
-0.16326
-0.15705
-0.14868
-0.13831
-0.12614
-0.11236
-0.09720
-0.08087
-0.06362
-0.04566
-0.02723
-0.00855
0.01017
0.02873
0.04691
0.06454
0.08142
0.09736
0.11221
0.12579
0.13794
0.14851
0.15735
0.16434
0.16935
0.17230
0.17311
0.17172
0.16813
0.16234
0.15439
0.14437
0.13239
0.11860
0.10319
0.08635
0.06835
0.04943
0.02988
0.00999
-0.00994
-0.02960
-0.04869
-0.06692
-0.08400
-0.09967
-0.11368
-0.12581
-0.13585
-0.14363
-0.14901
-0.15188
-0.15214
-0.14975
-0.14469
-0.13697
-0.12666
-0.11383
-0.09863
-0.08122
-0.06182
-0.04069
-0.01812
0.00554
0.02989
0.05452
0.07897
0.10273
0.12531
0.14617
0.16479
0.18066
0.19328
0.20220
0.20702
0.20743
0.20316
0.19408
0.18016
0.16147
0.13824
0.11077
0.07956
0.04518
0.00831
-0.03025
-0.06963
-0.10892
-0.14716
-0.18340
-0.21673
-0.24625
-0.27122
-0.29094
-0.30488
-0.31270
-0.31415
-0.30927
-0.29820
-0.28129
-0.25909
-0.23224
-0.20158
-0.16801
-0.13251
-0.09610
-0.05978
-0.02451
0.00880
0.03939
0.06663
0.08999
0.10920
0.12408
0.13468
0.14121
0.14396
0.14343
0.14016
0.13475
0.12788
0.12019
0.11230
0.10479
0.09813
0.09275
0.08893
0.08685
0.08659
0.08810
0.09124
0.09580
0.10145
0.10784
0.11456
0.12120
0.12733
0.13254
0.13644
0.13871
0.13905
0.13726
0.13321
0.12679
0.11803
0.10700
0.09383
0.07874
0.06196
0.04380
0.02458
0.00464
-0.01565
-0.03593
-0.05587
-0.07511
-0.09335
-0.11029
-0.12567
-0.13927
-0.15089
-0.16037
-0.16759
-0.17245
-0.17490
-0.17491
-0.17248
-0.16767
-0.16054
-0.15121
-0.13980
-0.12651
-0.11153
-0.09510
-0.07749
-0.05899
-0.03991
-0.02058
-0.00135
0.01743
0.03541
0.05224
0.06761
0.08120
0.09274
0.10200
0.10881
0.11301
0.11454
0.11339
0.10960
0.10329
0.09463
0.08385
0.07124
0.05713
0.04188
0.02589
0.00956
-0.00669
-0.02246
-0.03737
-0.05105
-0.06320
-0.07354
-0.08185
-0.08801
-0.09188
-0.09348
-0.09284
-0.09003
-0.08524
-0.07864
-0.07048
-0.06103
-0.05057
-0.03940
-0.02781
-0.01607
-0.00445
0.00682
0.01756
0.02759
0.03682
0.04515
0.05257
0.05909
0.06471
0.06952
0.07357
0.07697
0.07979
0.08212
0.08402
0.08553
0.08669
0.08747
0.08787
0.08779
0.08717
0.08589
0.08382
0.08081
0.07673
0.07143
0.06478
0.05668
0.04703
0.03581
0.02298
0.00862
-0.00719
-0.02432
-0.04254
-0.06162
-0.08126
-0.10110
-0.12077
-0.13984
-0.15789
-0.17446
-0.18911
-0.20140
-0.21093
-0.21731
-0.22023
-0.21941
-0.21469
-0.20596
-0.19318
-0.17646
-0.15595
-0.13193
-0.10478
-0.07492
-0.04292
-0.00934
0.02517
0.05991
0.09419
0.12733
0.15862
0.18745
0.21322
0.23541
0.25359
0.26740
0.27661
0.28107
0.28072
0.27567
0.26604
0.25211
0.23422
0.21278
0.18829
0.16127
0.13230
0.10198
0.07090
0.03967
0.00887
-0.02096
-0.04929
-0.07568
-0.09975
-0.12113
-0.13961
-0.15497
-0.16711
-0.17599
-0.18162
-0.18410
-0.18356
-0.18020
-0.17424
-0.16594
-0.15560
-0.14349
-0.12994
-0.11523
-0.09968
-0.08356
-0.06713
-0.05065
-0.03434
-0.01839
-0.00298
0.01172
0.02559
0.03851
0.05037
0.06109
0.07058
0.07878
0.08563
0.09106
0.09503
0.09750
0.09845
0.09785
0.09570
0.09201
0.08680
0.08013
0.07207
0.06272
0.05219
0.04061
0.02817
0.01503
0.00140
-0.01250
-0.02646
-0.04024
-0.05360
-0.06634
-0.07821
-0.08902
-0.09858
-0.10670
-0.11324
-0.11806
-0.12107
-0.12220
-0.12139
-0.11864
-0.11395
-0.10736
-0.09896
-0.08883
-0.07711
-0.06395
-0.04951
-0.03400
-0.01764
-0.00066
0.01669
0.03414
0.05143
0.06826
0.08436
0.09945
0.11326
0.12553
0.13602
0.14452
0.15083
0.15481
0.15632
0.15530
0.15172
0.14557
0.13693
0.12591
0.11266
0.09739
0.08035
0.06183
0.04214
0.02165
0.00074
-0.02022
-0.04080
-0.06060
-0.07924
-0.09633
-0.11150
-0.12444
-0.13485
-0.14248
-0.14715
-0.14869
-0.14705
-0.14219
-0.13415
-0.12305
-0.10904
-0.09237
-0.07331
-0.05221
-0.02947
-0.00551
0.01919
0.04415
0.06884
0.09275
0.11535
0.13613
0.15461
0.17033
0.18289
0.19190
0.19708
0.19819
0.19508
0.18767
0.17594
0.16003
0.14008
0.11638
0.08927
0.05917
0.02661
-0.00787
-0.04364
-0.08003
-0.11634
-0.15186
-0.18586
-0.21764
-0.24650
-0.27181
-0.29297
-0.30946
-0.32086
-0.32679
-0.32703
-0.32146
-0.31004
-0.29292
-0.27030
-0.24255
-0.21013
-0.17361
-0.13368
-0.09107
-0.04661
-0.00114
0.04444
0.08925
0.13241
0.17314
0.21064
0.24425
0.27342
0.29765
0.31663
0.33015
0.33811
0.34059
0.33771
0.32978
0.31714
0.30023
0.27956
0.25567
0.22911
0.20046
0.17029
0.13912
0.10746
0.07577
0.04445
0.01385
-0.01574
-0.04407
-0.07096
-0.09625
-0.11986
-0.14171
-0.16173
-0.17989
-0.19615
-0.21046
-0.22276
-0.23298
-0.24101
-0.24674
-0.25003
-0.25072
-0.24864
-0.24363
-0.23552
-0.22419
-0.20952
-0.19146
-0.17004
-0.14531
-0.11746
-0.08674
-0.05351
-0.01825
0.01851
0.05611
0.09380
0.13082
0.16629
0.19936
0.22916
0.25485
0.27565
0.29088
0.29994
0.30243
0.29804
0.28670
0.26853
0.24376
0.21298
0.17680
0.13611
0.09194
0.04539
-0.00226
-0.04975
-0.09579
-0.13908
-0.17841
-0.21272
-0.24099
-0.26250
-0.27666
-0.28310
-0.28174
-0.27264
-0.25622
-0.23301
-0.20378
-0.16952
-0.13127
-0.09024
-0.04770
-0.00489
0.03691
0.07649
0.11282
0.14487
0.17189
0.19327
0.20857
0.21764
0.22047
0.21728
0.20851
0.19470
0.17664
0.15513
0.13111
0.10556
0.07946
0.05372
0.02927
0.00687
-0.01283
-0.02927
-0.04217
-0.05127
-0.05662
-0.05836
-0.05680
-0.05244
-0.04582
-0.03766
-0.02868
-0.01967
-0.01140
-0.00463
-0.00002
0.00181
0.00037
-0.00464
-0.01348
-0.02613
-0.04249
-0.06227
-0.08499
-0.11011
-0.13685
-0.16443
-0.19194
-0.21842
-0.24290
-0.26444
-0.28210
-0.29506
-0.30259
-0.30404
-0.29900
-0.28713
-0.26834
-0.24270
-0.21043
-0.17204
-0.12810
-0.07941
-0.02693
0.02834
0.08518
0.14241
0.19876
0.25292
0.30367
0.34980
0.39019
0.42386
0.44994
0.46773
0.47677
0.47667
0.46741
0.44908
0.42201
0.38680
0.34414
0.29502
0.24053
0.18189
0.12048
0.05768
-0.00506
-0.06630
-0.12465
-0.17881
-0.22757
-0.26993
-0.30495
-0.33202
-0.35065
-0.36055
-0.36176
-0.35438
-0.33886
-0.31574
-0.28574
-0.24979
-0.20884
-0.16398
-0.11637
-0.06714
-0.01747
0.03151
0.07874
0.12322
0.16405
0.20047
0.23178
0.25749
0.27719
0.29063
0.29771
0.29840
0.29287
0.28135
0.26419
0.24183
0.21475
0.18355
0.14884
0.11125
0.07147
0.03016
-0.01200
-0.05434
-0.09622
-0.13704
-0.17620
-0.21317
-0.24744
-0.27854
-0.30607
-0.32964
-0.34893
-0.36366
-0.37359
-0.37856
-0.37841
-0.37309
-0.36257
-0.34691
-0.32621
-0.30064
-0.27048
-0.23603
-0.19770
-0.15598
-0.11141
-0.06464
-0.01633
0.03274
0.08178
0.12996
0.17642
0.22032
0.26082
0.29713
0.32854
0.35439
0.37415
0.38744
0.39394
0.39357
0.38636
0.37249
0.35234
0.32638
0.29525
0.25969
0.22052
0.17865
0.13501
0.09055
0.04622
0.00293
-0.03850
-0.07727
-0.11272
-0.14427
-0.17145
-0.19394
-0.21149
-0.22401
-0.23149
-0.23403
-0.23185
-0.22520
-0.21445
-0.20000
-0.18230
-0.16185
-0.13914
-0.11472
-0.08909
-0.06279
-0.03632
-0.01017
0.01522
0.03940
0.06198
0.08262
0.10099
0.11685
0.12997
0.14019
0.14739
0.15149
0.15252
0.15048
0.14548
0.13767
0.12722
0.11437
0.09940
0.08261
0.06434
0.04495
0.02482
0.00434
-0.01611
-0.03615
-0.05541
-0.07355
-0.09026
-0.10526
-0.11832
-0.12925
-0.13792
-0.14422
-0.14814
-0.14967
-0.14888
-0.14585
-0.14071
-0.13362
-0.12475
-0.11431
-0.10249
-0.08950
-0.07553
-0.06079
-0.04545
-0.02969
-0.01367
0.00245
0.01853
0.03445
0.05006
0.06523
0.07982
0.09369
0.10668
0.11863
0.12937
0.13872
0.14648
0.15247
0.15650
0.15841
0.15806
0.15530
0.15006
0.14229
0.13199
0.11923
0.10409
0.08677
0.06748
0.04652
0.02422
0.00096
-0.02282
-0.04668
-0.07013
-0.09270
-0.11390
-0.13327
-0.15036
-0.16479
-0.17621
-0.18431
-0.18889
-0.18978
-0.18694
-0.18038
-0.17017
-0.15654
-0.13971
-0.12005
-0.09794
-0.07386
-0.04833
-0.02189
0.00489
0.03141
0.05710
0.08138
0.10372
0.12364
0.14069
0.15450
0.16480
0.17135
0.17405
0.17286
0.16785
0.15917
0.14704
0.13180
0.11382
0.09355
0.07149
0.04818
0.02416
0.00000
-0.02373
-0.04651
-0.06781
-0.08719
-0.10420
-0.11851
-0.12984
-0.13795
-0.14274
-0.14413
-0.14216
-0.13691
-0.12856
-0.11735
-0.10357
-0.08755
-0.06970
-0.05042
-0.03016
-0.00936
0.01153
0.03205
0.05180
0.07038
0.08740
0.10257
0.11560
0.12626
0.13439
0.13986
0.14262
0.14265
0.14002
0.13482
0.12719
0.11734
0.10548
0.09189
0.07684
0.06064
0.04359
0.02603
0.00825
-0.00943
-0.02674
-0.04342
-0.05921
-0.07394
-0.08741
-0.09949
-0.11007
-0.11908
-0.12648
-0.13224
-0.13638
-0.13891
-0.13988
-0.13933
-0.13733
-0.13392
-0.12917
-0.12313
-0.11584
-0.10735
-0.09769
-0.08689
-0.07498
-0.06199
-0.04796
-0.03294
-0.01698
-0.00016
0.01741
0.03560
0.05425
0.07316
0.09209
0.11078
0.12892
0.14618
0.16218
0.17656
0.18890
0.19881
0.20591
0.20982
0.21021
0.20680
0.19935
0.18774
0.17190
0.15188
0.12785
0.10006
0.06892
0.03494
-0.00129
-0.03902
-0.07746
-0.11573
-0.15290
-0.18804
-0.22021
-0.24847
-0.27202
-0.29007
-0.30200
-0.30732
-0.30567
-0.29694
-0.28112
-0.25847
-0.22941
-0.19450
-0.15456
-0.11048
-0.06330
-0.01419
0.03568
0.08508
0.13278
0.17761
0.21845
0.25431
0.28436
0.30782
0.32424
0.33323
0.33463
0.32856
0.31518
0.29497
0.26850
0.23651
0.19988
0.15955
0.11656
0.07198
0.02687
-0.01771
-0.06074
-0.10132
-0.13858
-0.17180
-0.20042
-0.22392
-0.24206
-0.25461
-0.26157
-0.26304
-0.25923
-0.25049
-0.23723
-0.21996
-0.19923
-0.17564
-0.14979
-0.12230
-0.09379
-0.06482
-0.03595
-0.00767
0.01955
0.04534
0.06933
0.09124
0.11085
0.12796
0.14244
0.15421
0.16320
0.16940
0.17284
0.17355
0.17161
0.16712
0.16020
0.15099
0.13967
0.12641
0.11142
0.09493
0.07718
0.05842
0.03892
0.01896
-0.00116
-0.02117
-0.04075
-0.05964
-0.07753
-0.09418
-0.10931
-0.12272
-0.13418
-0.14353
-0.15064
-0.15539
-0.15772
-0.15760
-0.15504
-0.15011
-0.14287
-0.13346
-0.12204
-0.10879
-0.09394
-0.07771
-0.06036
-0.04218
-0.02343
-0.00442
0.01457
0.03325
0.05134
0.06857
0.08468
0.09944
0.11263
0.12406
0.13357
0.14102
0.14632
0.14940
0.15022
0.14879
0.14513
0.13933
0.13148
0.12170
0.11016
0.09703
0.08249
0.06678
0.05008
0.03265
0.01469
-0.00356
-0.02188
-0.04005
-0.05787
-0.07513
-0.09163
-0.10718
-0.12160
-0.13472
-0.14635
-0.15633
-0.16449
-0.17066
-0.17469
-0.17641
-0.17569
-0.17239
-0.16640
-0.15763
-0.14601
-0.13154
-0.11424
-0.09418
-0.07151
-0.04643
-0.01923
0.00977
0.04013
0.07136
0.10293
0.13423
0.16462
0.19344
0.22000
0.24364
0.26373
0.27966
0.29094
0.29713
0.29790
0.29310
0.28261
0.26655
0.24515
0.21873
0.18785
0.15309
0.11519
0.07497
0.03328
-0.00894
-0.05078
-0.09134
-0.12974
-0.16516
-0.19690
-0.22430
-0.24690
-0.26426
-0.27615
-0.28247
-0.28318
-0.27847
-0.26858
-0.25387
-0.23482
-0.21197
-0.18592
-0.15735
-0.12692
-0.09533
-0.06329
-0.03146
-0.00048
0.02908
0.05666
0.08181
0.10416
0.12335
0.13918
0.15149
0.16019
0.16529
0.16684
0.16499
0.15992
0.15186
0.14111
0.12796
0.11276
0.09587
0.07765
0.05847
0.03868
0.01863
-0.00135
-0.02094
-0.03989
-0.05792
-0.07481
-0.09039
-0.10447
-0.11693
-0.12767
-0.13660
-0.14367
-0.14885
-0.15211
-0.15346
-0.15292
-0.15051
-0.14627
-0.14027
-0.13256
-0.12324
-0.11240
-0.10016
-0.08664
-0.07201
-0.05645
-0.04013
-0.02330
-0.00618
0.01097
0.02788
0.04427
0.05986
0.07435
0.08750
0.09902
0.10870
0.11634
0.12175
0.12484
0.12552
0.12377
0.11966
0.11324
0.10470
0.09423
0.08208
0.06857
0.05403
0.03882
0.02334
0.00798
-0.00687
-0.02080
-0.03346
-0.04450
-0.05361
-0.06055
-0.06509
-0.06708
-0.06642
-0.06305
-0.05702
-0.04837
-0.03723
-0.02379
-0.00827
0.00907
0.02793
0.04796
0.06882
0.09013
0.11150
0.13253
0.15282
0.17200
0.18967
0.20549
0.21911
0.23024
0.23860
0.24397
0.24616
0.24504
0.24053
0.23259
0.22127
0.20665
0.18887
0.16815
0.14474
0.11895
0.09115
0.06172
0.03113
-0.00018
-0.03169
-0.06290
-0.09330
-0.12237
-0.14961
-0.17455
-0.19673
-0.21573
-0.23120
-0.24282
-0.25036
-0.25364
-0.25257
-0.24714
-0.23742
-0.22357
-0.20585
-0.18460
-0.16024
-0.13326
-0.10426
-0.07385
-0.04272
-0.01159
0.01882
0.04776
0.07451
0.09840
0.11879
0.13512
0.14694
0.15385
0.15561
0.15210
0.14328
0.12930
0.11036
0.08685
0.05922
0.02803
-0.00608
-0.04241
-0.08022
-0.11873
-0.15717
-0.19478
-0.23082
-0.26462
-0.29553
-0.32302
-0.34662
-0.36593
-0.38070
-0.39073
-0.39594
-0.39634
-0.39201
-0.38316
-0.37003
-0.35295
-0.33231
-0.30851
-0.28203
-0.25334
-0.22293
-0.19131
-0.15896
-0.12635
-0.09394
-0.06215
-0.03137
-0.00196
0.02578
0.05158
0.07521
0.09650
0.11531
0.13156
0.14521
0.15625
0.16473
0.17072
0.17437
0.17580
0.17522
0.17284
0.16890
0.16366
0.15740
0.15040
0.14296
0.13537
0.12794
0.12094
0.11465
0.10932
0.10520
0.10250
0.10140
0.10205
0.10458
0.10908
0.11558
0.12413
0.13467
0.14718
0.16154
0.17765
0.19536
0.21449
0.23483
0.25618
0.27829
0.30090
0.32375
0.34656
0.36904
0.39090
0.41185
0.43159
0.44984
0.46631
0.48072
0.49282
0.50237
0.50914
0.51294
0.51362
0.51103
0.50511
0.49579
0.48308
0.46704
0.44775
0.42537
0.40009
0.37216
0.34186
0.30950
0.27546
0.24009
0.20381
0.16702
0.13013
0.09354
0.05764
0.02277
-0.01070
-0.04252
-0.07243
-0.10023
-0.12580
-0.14905
-0.16996
-0.18858
-0.20500
-0.21938
-0.23191
-0.24287
-0.25253
-0.26122
-0.26931
-0.27715
-0.28512
-0.29361
-0.30298
-0.31358
-0.32573
-0.33970
-0.35575
-0.37404
-0.39470
-0.41780
-0.44332
-0.47118
-0.50125
-0.53329
-0.56704
-0.60213
-0.63817
-0.67472
-0.71129
-0.74738
-0.78247
-0.81603
-0.84755
-0.87655
-0.90259
-0.92527
-0.94424
-0.95923
-0.97005
-0.97654
-0.97868
-0.97645
-0.96995
-0.95933
-0.94476
-0.92649
-0.90478
-0.87993
-0.85221
-0.82191
-0.78930
-0.75465
-0.71816
-0.68004
-0.64045
-0.59951
-0.55733
-0.51400
-0.46958
-0.42411
-0.37766
-0.33027
-0.28199
-0.23289
-0.18306
-0.13260
-0.08160
-0.03021
0.02144
0.07320
0.12491
0.17643
0.22761
0.27831
0.32842
0.37786
0.42654
0.47444
0.52155
0.56788
0.61348
0.65844
0.70284
0.74680
0.79046
0.83394
0.87738
0.92091
0.96467
1.00875
1.05326
1.09828
1.14384
1.18999
1.23671
1.28398
1.33175
1.37992
1.42839
1.47700
1.52559
1.57396
1.62187
1.66907
1.71524
1.76008
1.80322
1.84426
1.88279
1.91833
1.95042
1.97853
2.00213
2.02066
2.03356
2.04027
2.04023
2.03292
2.01781
1.99447
1.96248
1.92152
1.87132
1.81174
1.74273
1.66433
1.57674
1.48025
1.37528
1.26241
1.14228
1.01570
0.88355
0.74680
0.60651
0.46378
0.31975
0.17557
0.03237
-0.10876
-0.24679
-0.38080
-0.50997
-0.63363
-0.75131
-0.86262
-0.96750
-1.06596
-1.15831
-1.24501
-1.32667
-1.40418
-1.47845
-1.55060
-1.62178
-1.69321
-1.76609
-1.84162
-1.92086
-2.00477
-2.09418
-2.18962
-2.29153
-2.39997
-2.51482
-2.63570
-2.76189
-2.89256
-3.02654
-3.16254
-3.29911
-3.43465
-3.56751
-3.69600
-3.81843
-3.93315
-4.03862
-4.13335
-4.21607
-4.28559
-4.34095
-4.38139
-4.40628
-4.41528
-4.40815
-4.38489
-4.34566
-4.29075
-4.22063
-4.13584
-4.03702
-3.92491
-3.80026
-3.66386
-3.51652
-3.35901
-3.19210
-3.01650
-2.83287
-2.64184
-2.44393
-2.23961
-2.02931
-1.81335
-1.59203
-1.36554
-1.13407
-0.89772
-0.65656
-0.41063
-0.15992
0.09561
0.35601
0.62136
0.89176
1.16731
1.44814
1.73433
2.02599
2.32318
2.62592
2.93418
3.24784
3.56669
3.89045
4.21861
4.55062
4.88567
5.22279
5.56088
5.89850
6.23415
6.56605
6.89224
7.21066
7.51900
7.81495
8.09608
8.35993
8.60412
8.82632
9.02428
9.19609
9.33990
9.45428
9.53812
9.59056
9.61133
9.60038
9.55815
9.48551
9.38353
9.25379
9.09798
8.91799
8.71584
8.49349
8.25272
7.99523
7.72216
7.43428
7.13187
6.81421
6.48028
6.12781
5.75386
5.35481
4.92576
4.46157
3.95608
3.40270
2.79467
2.12489
1.38640
0.57304
-0.32105
-1.30066
-2.36921
-3.52915
-4.77856
-6.11420
-7.53283
-9.03122
