0.04259
0.05983
0.07279
0.08420
0.09645
0.10843
0.11844
0.12502
0.12900
0.13138
0.13136
0.12857
0.12223
0.11286
0.10097
0.08622
0.06871
0.04837
0.02560
0.00085
-0.02565
-0.05370
-0.08262
-0.11217
-0.14166
-0.17042
-0.19826
-0.22393
-0.24749
-0.26784
-0.28431
-0.29681
-0.30400
-0.30631
-0.30267
-0.29291
-0.27713
-0.25477
-0.22655
-0.19224
-0.15241
-0.10768
-0.05874
-0.00643
0.04810
0.10382
0.15954
0.21366
0.26547
0.31301
0.35552
0.39169
0.42020
0.44094
0.45238
0.45486
0.44775
0.43108
0.40568
0.37138
0.32976
0.28124
0.22717
0.16901
0.10780
0.04539
-0.01710
-0.07815
-0.13645
-0.19075
-0.24016
-0.28353
-0.32038
-0.35011
-0.37215
-0.38713
-0.39419
-0.39427
-0.38744
-0.37401
-0.35547
-0.33145
-0.30357
-0.27219
-0.23797
-0.20239
-0.16533
-0.12812
-0.09109
-0.05469
-0.01973
0.01372
0.04528
0.07459
0.10169
0.12638
0.14843
0.16834
0.18550
0.20030
0.21284
0.22260
0.23056
0.23577
0.23868
0.23940
0.23720
0.23311
0.22610
0.21649
0.20438
0.18920
0.17170
0.15130
0.12825
0.10279
0.07492
0.04500
0.01340
-0.01966
-0.05357
-0.08774
-0.12195
-0.15502
-0.18678
-0.21627
-0.24264
-0.26582
-0.28436
-0.29841
-0.30704
-0.30980
-0.30688
-0.29746
-0.28220
-0.26078
-0.23359
-0.20129
-0.16413
-0.12318
-0.07903
-0.03274
0.01475
0.06230
0.10901
0.15366
0.19531
0.23310
0.26589
0.29355
0.31486
0.32979
0.33798
0.33906
0.33376
0.32153
0.30336
0.27945
0.25040
0.21736
0.18060
0.14149
0.10062
0.05898
0.01759
-0.02287
-0.06147
-0.09755
-0.13043
-0.15967
-0.18460
-0.20528
-0.22111
-0.23219
-0.23860
-0.24002
-0.23735
-0.23014
-0.21910
-0.20460
-0.18670
-0.16656
-0.14392
-0.11967
-0.09419
-0.06780
-0.04129
-0.01476
0.01121
0.03630
0.06010
0.08244
0.10281
0.12116
0.13716
0.15049
0.16141
0.16922
0.17435
0.17640
0.17532
0.17152
0.16444
0.15476
0.14220
0.12698
0.10956
0.08978
0.06831
0.04522
0.02090
-0.00420
-0.02977
-0.05539
-0.08059
-0.10498
-0.12821
-0.14963
-0.16932
-0.18645
-0.20091
-0.21251
-0.22056
-0.22563
-0.22685
-0.22448
-0.21852
-0.20860
-0.19548
-0.17866
-0.15865
-0.13569
-0.10985
-0.08183
-0.05174
-0.02011
0.01256
0.04581
0.07915
0.11188
0.14370
0.17383
0.20176
0.22720
0.24918
0.26785
0.28233
0.29239
0.29805
0.29853
0.29452
0.28537
0.27138
0.25295
0.22987
0.20322
0.17287
0.13958
0.10407
0.06669
0.02848
-0.01008
-0.04830
-0.08536
-0.12072
-0.15384
-0.18396
-0.21096
-0.23418
-0.25337
-0.26869
-0.27945
-0.28627
-0.28878
-0.28716
-0.28206
-0.27303
-0.26114
-0.24618
-0.22855
-0.20902
-0.18727
-0.16429
-0.13999
-0.11460
-0.08875
-0.06221
-0.03553
-0.00880
0.01801
0.04443
0.07047
0.09612
0.12084
0.14486
0.16773
0.18911
0.20935
0.22745
0.24369
0.25757
0.26858
0.27716
0.28220
0.28408
0.28240
0.27675
0.26771
0.25453
0.23774
0.21733
0.19328
0.16631
0.13635
0.10402
0.06983
0.03412
-0.00236
-0.03904
-0.07552
-0.11089
-0.14478
-0.17661
-0.20557
-0.23178
-0.25419
-0.27279
-0.28733
-0.29714
-0.30297
-0.30387
-0.30032
-0.29240
-0.27984
-0.26367
-0.24337
-0.21970
-0.19297
-0.16338
-0.13180
-0.09834
-0.06368
-0.02835
0.00718
0.04235
0.07650
0.10934
0.14011
0.16837
0.19390
0.21582
0.23435
0.24869
0.25876
0.26464
0.26569
0.26265
0.25496
0.24305
0.22731
0.20760
0.18500
0.15936
0.13145
0.10186
0.07092
0.03952
0.00802
-0.02300
-0.05293
-0.08130
-0.10779
-0.13179
-0.15322
-0.17165
-0.18683
-0.19902
-0.20762
-0.21312
-0.21529
-0.21415
-0.21033
-0.20334
-0.19400
-0.18214
-0.16800
-0.15219
-0.13442
-0.11541
-0.09514
-0.07380
-0.05187
-0.02931
-0.00651
0.01632
0.03907
0.06137
0.08298
0.10389
0.12352
0.14187
0.15863
0.17334
0.18631
0.19671
0.20472
0.21009
0.21242
0.21220
0.20875
0.20244
0.19323
0.18102
0.16642
0.14917
0.12980
0.10858
0.08571
0.06182
0.03711
0.01204
-0.01288
-0.03739
-0.06098
-0.08325
-0.10406
-0.12286
-0.13957
-0.15397
-0.16574
-0.17515
-0.18177
-0.18583
-0.18741
-0.18634
-0.18328
-0.17787
-0.17059
-0.16168
-0.15105
-0.13946
-0.12664
-0.11300
-0.09882
-0.08399
-0.06905
-0.05386
-0.03857
-0.02344
-0.00833
0.00653
0.02110
0.03547
0.04935
0.06286
0.07594
0.08831
0.10023
0.11129
0.12149
0.13087
0.13895
0.14605
0.15168
0.15578
0.15847
0.15920
0.15837
0.15555
0.15073
0.14413
0.13533
0.12483
0.11239
0.09809
0.08230
0.06485
0.04620
0.02643
0.00570
-0.01560
-0.03728
-0.05915
-0.08071
-0.10191
-0.12230
-0.14149
-0.15958
-0.17575
-0.19015
-0.20232
-0.21182
-0.21897
-0.22290
-0.22395
-0.22176
-0.21603
-0.20725
-0.19477
-0.17914
-0.16022
-0.13807
-0.11322
-0.08561
-0.05581
-0.02414
0.00903
0.04309
0.07748
0.11186
0.14532
0.17746
0.20769
0.23508
0.25975
0.28048
0.29718
0.30946
0.31660
0.31917
0.31622
0.30822
0.29515
0.27690
0.25441
0.22739
0.19674
0.16289
0.12629
0.08798
0.04830
0.00813
-0.03179
-0.07090
-0.10843
-0.14373
-0.17648
-0.20589
-0.23176
-0.25380
-0.27145
-0.28519
-0.29431
-0.29919
-0.29999
-0.29637
-0.28944
-0.27861
-0.26463
-0.24786
-0.22818
-0.20678
-0.18326
-0.15827
-0.13223
-0.10513
-0.07767
-0.04985
-0.02191
0.00573
0.03301
0.05974
0.08546
0.11035
0.13385
0.15580
0.17628
0.19443
0.21069
0.22428
0.23501
0.24301
0.24738
0.24864
0.24609
0.23970
0.22972
0.21564
0.19811
0.17689
0.15235
0.12495
0.09491
0.06289
0.02941
-0.00495
-0.03951
-0.07346
-0.10643
-0.13734
-0.16582
-0.19119
-0.21266
-0.23037
-0.24327
-0.25156
-0.25490
-0.25303
-0.24663
-0.23514
-0.21940
-0.19950
-0.17581
-0.14927
-0.11992
-0.08880
-0.05630
-0.02303
0.01019
0.04300
0.07473
0.10488
0.13306
0.15887
0.18183
0.20201
0.21882
0.23234
0.24247
0.24884
0.25212
0.25166
0.24794
0.24109
0.23088
0.21833
0.20288
0.18519
0.16561
0.14403
0.12148
0.09767
0.07318
0.04846
0.02343
-0.00113
-0.02529
-0.04885
-0.07134
-0.09300
-0.11344
-0.13262
-0.15081
-0.16757
-0.18323
-0.19783
-0.21105
-0.22355
-0.23476
-0.24487
-0.25412
-0.26174
-0.26851
-0.27356
-0.27675
-0.27834
-0.27711
-0.27382
-0.26740
-0.25753
-0.24444
-0.22704
-0.20593
-0.18048
-0.15056
-0.11661
-0.07843
-0.03643
0.00877
0.05696
0.10716
0.15844
0.21045
0.26135
0.31075
0.35719
0.39921
0.43665
0.46725
0.49103
0.50666
0.51319
0.51095
0.49856
0.47687
0.44543
0.40462
0.35542
0.29815
0.23429
0.16477
0.09106
0.01463
-0.06275
-0.13978
-0.21442
-0.28518
-0.35065
-0.40878
-0.45936
-0.50014
-0.53088
-0.55079
-0.55894
-0.55637
-0.54187
-0.51680
-0.48132
-0.43617
-0.38318
-0.32265
-0.25682
-0.18666
-0.11395
-0.04045
0.03249
0.10309
0.17004
0.23185
0.28754
0.33572
0.37614
0.40763
0.43007
0.44345
0.44719
0.44266
0.42915
0.40798
0.37983
0.34504
0.30577
0.26183
0.21506
0.16634
0.11646
0.06712
0.01859
-0.02792
-0.07171
-0.11218
-0.14879
-0.18100
-0.20880
-0.23173
-0.24977
-0.26331
-0.27179
-0.27619
-0.27612
-0.27203
-0.26468
-0.25360
-0.24007
-0.22373
-0.20513
-0.18493
-0.16282
-0.13978
-0.11562
-0.09070
-0.06546
-0.03986
-0.01432
0.01094
0.03585
0.06002
0.08318
0.10544
0.12607
0.14520
0.16243
0.17730
0.19023
0.20023
0.20763
0.21209
0.21324
0.21164
0.20653
0.19842
0.18720
0.17287
0.15604
0.13650
0.11485
0.09136
0.06633
0.04036
0.01377
-0.01299
-0.03936
-0.06499
-0.08945
-0.11217
-0.13311
-0.15161
-0.16755
-0.18082
-0.19087
-0.19819
-0.20216
-0.20303
-0.20095
-0.19557
-0.18773
-0.17694
-0.16367
-0.14821
-0.13046
-0.11118
-0.09018
-0.06791
-0.04468
-0.02063
0.00381
0.02840
0.05291
0.07692
0.10012
0.12241
0.14309
0.16223
0.17926
0.19382
0.20601
0.21498
0.22109
0.22374
0.22278
0.21851
0.21029
0.19877
0.18364
0.16510
0.14367
0.11923
0.09256
0.06382
0.03347
0.00217
-0.02970
-0.06158
-0.09284
-0.12307
-0.15170
-0.17810
-0.20224
-0.22323
-0.24107
-0.25539
-0.26571
-0.27254
-0.27503
-0.27371
-0.26844
-0.25908
-0.24645
-0.23000
-0.21055
-0.18816
-0.16299
-0.13586
-0.10663
-0.07601
-0.04431
-0.01180
0.02091
0.05353
0.08575
0.11692
0.14689
0.17520
0.20126
0.22524
0.24622
0.26422
0.27898
0.28981
0.29736
0.30062
0.29994
0.29528
0.28622
0.27367
0.25698
0.23678
0.21334
0.18670
0.15773
0.12647
0.09353
0.05948
0.02470
-0.01021
-0.04464
-0.07831
-0.11048
-0.14075
-0.16891
-0.19407
-0.21652
-0.23543
-0.25065
-0.26233
-0.26961
-0.27325
-0.27247
-0.26747
-0.25857
-0.24521
-0.22833
-0.20747
-0.18307
-0.15551
-0.12489
-0.09186
-0.05669
-0.01992
0.01795
0.05611
0.09435
0.13152
0.16719
0.20066
0.23078
0.25767
0.27976
0.29700
0.30866
0.31395
0.31328
0.30554
0.29132
0.27033
0.24274
0.20934
0.17020
0.12648
0.07875
0.02811
-0.02431
-0.07737
-0.12985
-0.18048
-0.22804
-0.27150
-0.30954
-0.34168
-0.36674
-0.38440
-0.39431
-0.39600
-0.39028
-0.37668
-0.35622
-0.32946
-0.29700
-0.26056
-0.22042
-0.17826
-0.13506
-0.09174
-0.04987
-0.00984
0.02725
0.06074
0.09044
0.11571
0.13664
0.15344
0.16593
0.17493
0.18061
0.18344
0.18446
0.18361
0.18198
0.17989
0.17757
0.17602
0.17480
0.17450
0.17516
0.17638
0.17865
0.18119
0.18392
0.18666
0.18863
0.18996
0.18994
0.18818
0.18470
0.17880
0.17066
0.16002
0.14664
0.13095
0.11264
0.09216
0.06972
0.04539
0.01987
-0.00675
-0.03395
-0.06121
-0.08839
-0.11474
-0.14003
-0.16396
-0.18585
-0.20583
-0.22322
-0.23787
-0.24977
-0.25828
-0.26384
-0.26588
-0.26448
-0.25980
-0.25144
-0.24004
-0.22525
-0.20738
-0.18678
-0.16341
-0.13793
-0.11045
-0.08140
-0.05130
-0.02056
0.01038
0.04085
0.07054
0.09878
0.12502
0.14909
0.17009
0.18807
0.20240
0.21281
0.21945
0.22169
0.22005
0.21420
0.20440
0.19113
0.17428
0.15473
0.13256
0.10842
0.08293
0.05646
0.02980
0.00335
-0.02231
-0.04666
-0.06924
-0.08977
-0.10775
-0.12307
-0.13552
-0.14482
-0.15138
-0.15473
-0.15530
-0.15315
-0.14826
-0.14142
-0.13224
-0.12144
-0.10913
-0.09543
-0.08103
-0.06569
-0.04995
-0.03390
-0.01762
-0.00146
0.01463
0.03051
0.04603
0.06114
0.07583
0.08979
0.10325
0.11581
0.12739
0.13808
0.14721
0.15521
0.16139
0.16563
0.16801
0.16773
0.16533
0.16008
0.15194
0.14108
0.12698
0.11022
0.09048
0.06796
0.04304
0.01584
-0.01321
-0.04363
-0.07507
-0.10692
-0.13847
-0.16951
-0.19891
-0.22644
-0.25135
-0.27277
-0.29080
-0.30415
-0.31300
-0.31670
-0.31479
-0.30771
-0.29464
-0.27628
-0.25246
-0.22339
-0.18988
-0.15196
-0.11066
-0.06647
-0.02017
0.02729
0.07506
0.12235
0.16807
0.21149
0.25178
0.28788
0.31977
0.34612
0.36691
0.38169
0.38986
0.39217
0.38767
0.37718
0.36071
0.33841
0.31144
0.27958
0.24404
0.20528
0.16394
0.12117
0.07735
0.03348
-0.00971
-0.05161
-0.09147
-0.12861
-0.16282
-0.19325
-0.21980
-0.24221
-0.25992
-0.27356
-0.28233
-0.28673
-0.28688
-0.28249
-0.27474
-0.26296
-0.24802
-0.23019
-0.20949
-0.18704
-0.16250
-0.13664
-0.10981
-0.08221
-0.05448
-0.02678
0.00054
0.02706
0.05252
0.07676
0.09919
0.11994
0.13847
0.15458
0.16840
0.17918
0.18740
0.19247
0.19439
0.19345
0.18903
0.18186
0.17151
0.15825
0.14247
0.12400
0.10358
0.08118
0.05727
0.03229
0.00655
-0.01946
-0.04530
-0.07058
-0.09487
-0.11761
-0.13878
-0.15760
-0.17402
-0.18771
-0.19818
-0.20583
-0.20987
-0.21064
-0.20800
-0.20172
-0.19244
-0.17967
-0.16400
-0.14550
-0.12431
-0.10105
-0.07573
-0.04894
-0.02100
0.00767
0.03661
0.06529
0.09342
0.12035
0.14566
0.16907
0.18979
0.20796
0.22273
0.23399
0.24164
0.24500
0.24468
0.23995
0.23113
0.21835
0.20146
0.18125
0.15753
0.13094
0.10189
0.07084
0.03839
0.00514
-0.02833
-0.06140
-0.09326
-0.12367
-0.15156
-0.17675
-0.19854
-0.21629
-0.23014
-0.23907
-0.24347
-0.24281
-0.23700
-0.22649
-0.21082
-0.19082
-0.16639
-0.13808
-0.10646
-0.07194
-0.03534
0.00282
0.04164
0.08057
0.11848
0.15509
0.18919
0.22014
0.24751
0.26999
0.28805
0.30024
0.30660
0.30694
0.30052
0.28828
0.26933
0.24441
0.21376
0.17755
0.13688
0.09192
0.04375
-0.00691
-0.05907
-0.11184
-0.16404
-0.21487
-0.26318
-0.30783
-0.34837
-0.38320
-0.41235
-0.43456
-0.44930
-0.45668
-0.45549
-0.44677
-0.42964
-0.40459
-0.37230
-0.33258
-0.28709
-0.23583
-0.18004
-0.12086
-0.05910
0.00369
0.06657
0.12834
0.18773
0.24362
0.29531
0.34138
0.38159
0.41495
0.44091
0.45981
0.47054
0.47407
0.46995
0.45849
0.44082
0.41642
0.38702
0.35258
0.31395
0.27242
0.22797
0.18217
0.13528
0.08801
0.04136
-0.00444
-0.04870
-0.09084
-0.13077
-0.16788
-0.20183
-0.23301
-0.26040
-0.28454
-0.30508
-0.32154
-0.33502
-0.34413
-0.34973
-0.35148
-0.34891
-0.34311
-0.33282
-0.31880
-0.30084
-0.27865
-0.25303
-0.22340
-0.19033
-0.15404
-0.11470
-0.07291
-0.02918
0.01612
0.06202
0.10787
0.15308
0.19625
0.23726
0.27456
0.30749
0.33554
0.35723
0.37295
0.38127
0.38222
0.37571
0.36119
0.33970
0.31076
0.27539
0.23419
0.18794
0.13798
0.08515
0.03089
-0.02367
-0.07705
-0.12822
-0.17573
-0.21864
-0.25593
-0.28659
-0.31044
-0.32644
-0.33492
-0.33543
-0.32824
-0.31403
-0.29276
-0.26588
-0.23359
-0.19715
-0.15769
-0.11588
-0.07339
-0.03074
0.01077
0.05023
0.08694
0.12002
0.14900
0.17346
0.19307
0.20763
0.21747
0.22228
0.22274
0.21899
0.21133
0.20092
0.18749
0.17224
0.15546
0.13748
0.11949
0.10111
0.08328
0.06611
0.04953
0.03428
0.01979
0.00632
-0.00618
-0.01821
-0.02953
-0.04066
-0.05189
-0.06317
-0.07510
-0.08763
-0.10085
-0.11524
-0.13033
-0.14636
-0.16325
-0.18032
-0.19804
-0.21536
-0.23202
-0.24786
-0.26155
-0.27359
-0.28256
-0.28805
-0.28994
-0.28695
-0.27962
-0.26693
-0.24876
-0.22533
-0.19617
-0.16194
-0.12270
-0.07883
-0.03117
0.01967
0.07294
0.12736
0.18226
0.23628
0.28813
0.33722
0.38159
0.42093
0.45375
0.47907
0.49670
0.50515
0.50495
0.49518
0.47598
0.44785
0.41068
0.36580
0.31351
0.25512
0.19180
0.12489
0.05586
-0.01375
-0.08237
-0.14859
-0.21054
-0.26754
-0.31759
-0.36007
-0.39398
-0.41824
-0.43334
-0.43796
-0.43301
-0.41824
-0.39409
-0.36188
-0.32157
-0.27510
-0.22293
-0.16663
-0.10759
-0.04688
0.01378
0.07344
0.13050
0.18414
0.23288
0.27625
0.31311
0.34280
0.36526
0.37933
0.38607
0.38436
0.37483
0.35798
0.33337
0.30299
0.26608
0.22408
0.17771
0.12737
0.07476
0.02000
-0.03562
-0.09131
-0.14619
-0.19949
-0.25023
-0.29790
-0.34167
-0.38066
-0.41500
-0.44321
-0.46575
-0.48170
-0.49059
-0.49308
-0.48779
-0.47587
-0.45659
-0.43008
-0.39724
-0.35746
-0.31211
-0.26116
-0.20533
-0.14569
-0.08277
-0.01771
0.04843
0.11470
0.17986
0.24249
0.30215
0.35683
0.40602
0.44857
0.48315
0.51014
0.52766
0.53625
0.53532
0.52463
0.50535
0.47679
0.44049
0.39679
0.34667
0.29171
0.23254
0.17093
0.10792
0.04491
-0.01679
-0.07595
-0.13161
-0.18254
-0.22800
-0.26743
-0.29979
-0.32554
-0.34360
-0.35441
-0.35809
-0.35430
-0.34454
-0.32809
-0.30627
-0.27953
-0.24820
-0.21399
-0.17663
-0.13756
-0.09731
-0.05657
-0.01639
0.02287
0.06038
0.09561
0.12794
0.15714
0.18243
0.20388
0.22096
0.23341
0.24161
0.24479
0.24373
0.23799
0.22786
0.21396
0.19591
0.17485
0.15061
0.12383
0.09521
0.06488
0.03382
0.00228
-0.02911
-0.05977
-0.08920
-0.11704
-0.14265
-0.16580
-0.18615
-0.20316
-0.21722
-0.22750
-0.23433
-0.23761
-0.23701
-0.23337
-0.22599
-0.21553
-0.20207
-0.18553
-0.16678
-0.14545
-0.12218
-0.09719
-0.07062
-0.04305
-0.01461
0.01436
0.04341
0.07227
0.10063
0.12787
0.15401
0.17828
0.20039
0.22020
0.23676
0.25049
0.26039
0.26639
0.26848
0.26589
0.25932
0.24804
0.23235
0.21252
0.18839
0.16082
0.12978
0.09593
0.05986
0.02215
-0.01652
-0.05533
-0.09365
-0.13067
-0.16549
-0.19782
-0.22644
-0.25119
-0.27131
-0.28621
-0.29607
-0.29994
-0.29835
-0.29088
-0.27768
-0.25930
-0.23561
-0.20758
-0.17537
-0.13981
-0.10166
-0.06158
-0.02055
0.02070
0.06118
0.10019
0.13666
0.17020
0.19975
0.22484
0.24503
0.25954
0.26880
0.27190
0.26928
0.26090
0.24679
0.22788
0.20398
0.17617
0.14482
0.11073
0.07483
0.03770
0.00042
-0.03640
-0.07176
-0.10511
-0.13554
-0.16260
-0.18565
-0.20415
-0.21809
-0.22673
-0.23052
-0.22899
-0.22239
-0.21108
-0.19495
-0.17499
-0.15111
-0.12414
-0.09464
-0.06309
-0.03046
0.00289
0.03604
0.06848
0.09939
0.12837
0.15466
0.17784
0.19753
0.21307
0.22472
0.23170
0.23430
0.23235
0.22574
0.21514
0.20017
0.18165
0.15969
0.13470
0.10749
0.07821
0.04775
0.01649
-0.01495
-0.04593
-0.07595
-0.10453
-0.13109
-0.15524
-0.17671
-0.19488
-0.20998
-0.22136
-0.22909
-0.23322
-0.23332
-0.23017
-0.22320
-0.21289
-0.19951
-0.18291
-0.16406
-0.14264
-0.11930
-0.09438
-0.06808
-0.04107
-0.01352
0.01414
0.04146
0.06807
0.09373
0.11783
0.14035
0.16074
0.17866
0.19426
0.20669
0.21637
0.22273
0.22564
0.22544
0.22141
0.21426
0.20353
0.18938
0.17221
0.15176
0.12869
0.10298
0.07500
0.04518
0.01389
-0.01848
-0.05130
-0.08412
-0.11644
-0.14734
-0.17686
-0.20373
-0.22770
-0.24823
-0.26432
-0.27634
-0.28301
-0.28452
-0.28051
-0.27056
-0.25531
-0.23422
-0.20799
-0.17680
-0.14116
-0.10189
-0.05954
-0.01507
0.03067
0.07660
0.12192
0.16533
0.20620
0.24334
0.27588
0.30336
0.32457
0.33976
0.34792
0.34907
0.34337
0.33039
0.31127
0.28566
0.25452
0.21854
0.17824
0.13505
0.08938
0.04250
-0.00471
-0.05125
-0.09621
-0.13865
-0.17791
-0.21320
-0.24382
-0.26970
-0.28992
-0.30482
-0.31390
-0.31716
-0.31521
-0.30748
-0.29512
-0.27789
-0.25636
-0.23139
-0.20286
-0.17203
-0.13893
-0.10430
-0.06884
-0.03284
0.00295
0.03811
0.07218
0.10467
0.13503
0.16326
0.18849
0.21074
0.22965
0.24464
0.25630
0.26358
0.26695
0.26618
0.26099
0.25219
0.23905
0.22234
0.20210
0.17845
0.15225
0.12337
0.09261
0.06035
0.02704
-0.00664
-0.04021
-0.07320
-0.10492
-0.13492
-0.16283
-0.18786
-0.21012
-0.22877
-0.24370
-0.25486
-0.26155
-0.26445
-0.26282
-0.25699
-0.24717
-0.23307
-0.21566
-0.19454
-0.17035
-0.14353
-0.11425
-0.08337
-0.05106
-0.01797
0.01535
0.04838
0.08067
0.11148
0.14055
0.16724
0.19103
0.21191
0.22897
0.24247
0.25184
0.25688
0.25798
0.25443
0.24700
0.23537
0.21976
0.20084
0.17834
0.15325
0.12559
0.09587
0.06477
0.03250
-0.00024
-0.03302
-0.06542
-0.09694
-0.12700
-0.15560
-0.18188
-0.20579
-0.22702
-0.24485
-0.25993
-0.27109
-0.27869
-0.28252
-0.28195
-0.27789
-0.26925
-0.25660
-0.23987
-0.21873
-0.19402
-0.16521
-0.13293
-0.09742
-0.05888
-0.01799
0.02482
0.06905
0.11386
0.15856
0.20256
0.24457
0.28439
0.32063
0.35256
0.37977
0.40074
0.41588
0.42380
0.42439
0.41767
0.40287
0.38110
0.35175
0.31565
0.27348
0.22569
0.17369
0.11812
0.06027
0.00130
-0.05754
-0.11518
-0.17019
-0.22173
-0.26861
-0.30980
-0.34503
-0.37295
-0.39384
-0.40689
-0.41205
-0.40983
-0.39965
-0.38280
-0.35905
-0.32932
-0.29457
-0.25506
-0.21243
-0.16697
-0.11996
-0.07233
-0.02490
0.02129
0.06548
0.10687
0.14483
0.17850
0.20794
0.23211
0.25117
0.26481
0.27262
0.27552
0.27258
0.26480
0.25213
0.23475
0.21386
0.18901
0.16146
0.13140
0.09935
0.06631
0.03236
-0.00159
-0.03515
-0.06782
-0.09906
-0.12843
-0.15570
-0.18032
-0.20210
-0.22092
-0.23621
-0.24842
-0.25688
-0.26178
-0.26324
-0.26079
-0.25525
-0.24602
-0.23355
-0.21808
-0.19942
-0.17842
-0.15483
-0.12916
-0.10180
-0.07299
-0.04327
-0.01304
0.01732
0.04723
0.07620
0.10395
0.12966
0.15323
0.17398
0.19152
0.20582
0.21612
0.22273
0.22511
0.22335
0.21767
0.20781
0.19445
0.17749
0.15753
0.13496
0.11025
0.08405
0.05682
0.02937
0.00206
-0.02415
-0.04905
-0.07178
-0.09185
-0.10904
-0.12240
-0.13243
-0.13812
-0.13963
-0.13697
-0.12966
-0.11859
-0.10315
-0.08401
-0.06140
-0.03549
-0.00717
0.02353
0.05577
0.08912
0.12291
0.15656
0.18938
0.22081
0.25023
0.27685
0.30053
0.32021
0.33593
0.34701
0.35300
0.35414
0.34958
0.33995
0.32482
0.30433
0.27905
0.24877
0.21446
0.17625
0.13477
0.09081
0.04493
-0.00209
-0.04936
-0.09623
-0.14181
-0.18511
-0.22589
-0.26275
-0.29550
-0.32331
-0.34541
-0.36205
-0.37202
-0.37580
-0.37284
-0.36317
-0.34733
-0.32502
-0.29720
-0.26396
-0.22621
-0.18463
-0.14009
-0.09358
-0.04598
0.00135
0.04782
0.09172
0.13269
0.16926
0.20051
0.22615
0.24456
0.25646
0.26042
0.25663
0.24534
0.22582
0.19985
0.16659
0.12733
0.08286
0.03359
-0.01859
-0.07349
-0.12952
-0.18570
-0.24102
-0.29420
-0.34441
-0.39068
-0.43218
-0.46813
-0.49819
-0.52151
-0.53824
-0.54787
-0.55034
-0.54617
-0.53488
-0.51755
-0.49406
-0.46500
-0.43132
-0.39305
-0.35153
-0.30705
-0.26033
-0.21243
-0.16367
-0.11501
-0.06713
-0.02037
0.02431
0.06657
0.10617
0.14214
0.17482
0.20335
0.22776
0.24825
0.26402
0.27596
0.28338
0.28684
0.28664
0.28256
0.27562
0.26549
0.25311
0.23863
0.22256
0.20559
0.18783
0.17030
0.15285
0.13658
0.12145
0.10804
0.09707
0.08808
0.08243
0.07922
0.07942
0.08315
0.08980
0.10059
0.11398
0.13109
0.15144
0.17442
0.20084
0.22891
0.25961
0.29208
0.32578
0.36088
0.39601
0.43152
0.46651
0.50052
0.53318
0.56372
0.59185
0.61692
0.63856
0.65616
0.66953
0.67808
0.68163
0.68001
0.67274
0.66023
0.64203
0.61845
0.58980
0.55592
0.51776
0.47530
0.42918
0.38026
0.32859
0.27552
0.22130
0.16662
0.11266
0.05931
0.00810
-0.04098
-0.08735
-0.13004
-0.16958
-0.20460
-0.23581
-0.26268
-0.28505
-0.30382
-0.31800
-0.32914
-0.33660
-0.34128
-0.34406
-0.34447
-0.34460
-0.34349
-0.34300
-0.34336
-0.34474
-0.34905
-0.35497
-0.36479
-0.37768
-0.39431
-0.41571
-0.44034
-0.47022
-0.50338
-0.54074
-0.58216
-0.62602
-0.67363
-0.72227
-0.77285
-0.82430
-0.87518
-0.92606
-0.97428
-1.02064
-1.06376
-1.10280
-1.13785
-1.16723
-1.19159
-1.20993
-1.22227
-1.22857
-1.22841
-1.22240
-1.21013
-1.19240
-1.16903
-1.14065
-1.10767
-1.07002
-1.02892
-0.98379
-0.93585
-0.88508
-0.83139
-0.77617
-0.71819
-0.65914
-0.59839
-0.53591
-0.47311
-0.40833
-0.34371
-0.27811
-0.21191
-0.14634
-0.07970
-0.01452
0.05087
0.11529
0.17819
0.24096
0.30101
0.36065
0.41783
0.47318
0.52756
0.57885
0.62992
0.67802
0.72523
0.77157
0.81581
0.86103
0.90398
0.94799
0.99188
1.03553
1.08164
1.12669
1.17476
1.22323
1.27319
1.32632
1.37925
1.43614
1.49307
1.55222
1.61392
1.67537
1.74015
1.80358
1.86855
1.93396
1.99800
2.06289
2.12430
2.18488
2.24248
2.29640
2.34702
2.39144
2.43114
2.46360
2.48917
2.50655
2.51466
2.51378
2.50168
2.47970
2.44549
2.39995
2.34257
2.27201
2.19064
2.09574
1.99021
1.87318
1.74459
1.60767
1.45981
1.30563
1.14396
0.97608
0.80556
0.62985
0.45483
0.27842
0.10326
-0.06796
-0.23785
-0.40011
-0.55868
-0.70947
-0.85229
-0.98975
-1.11622
-1.23798
-1.34971
-1.45473
-1.55509
-1.64689
-1.73812
-1.82249
-1.90667
-1.99097
-2.07372
-2.16285
-2.25121
-2.34738
-2.44849
-2.55497
-2.67237
-2.79295
-2.92512
-3.06222
-3.20633
-3.35912
-3.51316
-3.67511
-3.83552
-3.99784
-4.16013
-4.31657
-4.47172
-4.61549
-4.75259
-4.87888
-4.99143
-5.09263
-5.17477
-5.24275
-5.29199
-5.32298
-5.33601
-5.32756
-5.30159
-5.25418
-5.18892
-5.10397
-5.00010
-4.87961
-4.73956
-4.58573
-4.41388
-4.22873
-4.03004
-3.81607
-3.59362
-3.35598
-3.11143
-2.85621
-2.59071
-2.32111
-2.03882
-1.75522
-1.46232
-1.16406
-0.86402
-0.55308
-0.24479
0.07335
0.39225
0.71325
1.04407
1.37057
1.70892
2.04484
2.38546
2.73530
3.08160
3.44187
3.79848
4.16290
4.53514
4.90539
5.28947
5.66827
6.05528
6.44513
6.83167
7.22623
7.61007
7.99622
8.37412
8.74159
9.10393
9.44491
9.77553
10.08176
10.36578
10.62732
10.85511
11.05774
11.22098
11.35172
11.44582
11.49976
11.51897
11.49379
11.43419
11.33429
11.20006
11.03053
10.82713
10.59619
10.33228
10.04967
9.73601
9.40758
9.05810
8.66607
8.27031
7.89436
7.50244
7.03230
6.46913
5.94646
5.52037
5.04316
4.31792
3.39239
2.62045
2.10653
1.44037
0.16593
-1.48680
-2.67132
-3.16336
-3.98343
-6.30554
-9.58798
-11.33344
-9.46124
-4.66454
-0.07330
