-0.00525
-0.00761
-0.00987
-0.01232
-0.01525
-0.01883
-0.02302
-0.02774
-0.03300
-0.03897
-0.04554
-0.05258
-0.05998
-0.06742
-0.07486
-0.08207
-0.08865
-0.09457
-0.09936
-0.10282
-0.10483
-0.10501
-0.10338
-0.09973
-0.09394
-0.08618
-0.07637
-0.06466
-0.05133
-0.03648
-0.02053
-0.00375
0.01354
0.03088
0.04795
0.06440
0.07982
0.09395
0.10656
0.11734
0.12622
0.13309
0.13784
0.14064
0.14142
0.14031
0.13766
0.13339
0.12788
0.12137
0.11387
0.10592
0.09749
0.08872
0.08007
0.07132
0.06271
0.05439
0.04611
0.03817
0.03039
0.02258
0.01492
0.00715
-0.00090
-0.00911
-0.01775
-0.02692
-0.03650
-0.04673
-0.05753
-0.06875
-0.08059
-0.09271
-0.10493
-0.11742
-0.12955
-0.14124
-0.15236
-0.16227
-0.17105
-0.17821
-0.18331
-0.18649
-0.18713
-0.18511
-0.18043
-0.17272
-0.16217
-0.14871
-0.13234
-0.11339
-0.09200
-0.06845
-0.04317
-0.01661
0.01089
0.03865
0.06618
0.09304
0.11845
0.14210
0.16337
0.18166
0.19699
0.20858
0.21637
0.22029
0.21999
0.21585
0.20773
0.19582
0.18071
0.16238
0.14152
0.11853
0.09384
0.06821
0.04198
0.01580
-0.00979
-0.03433
-0.05733
-0.07842
-0.09716
-0.11344
-0.12688
-0.13735
-0.14496
-0.14939
-0.15098
-0.14968
-0.14550
-0.13910
-0.13020
-0.11928
-0.10671
-0.09247
-0.07721
-0.06097
-0.04405
-0.02694
-0.00965
0.00742
0.02408
0.04009
0.05528
0.06947
0.08236
0.09410
0.10426
0.11285
0.11989
0.12496
0.12846
0.13000
0.12949
0.12730
0.12296
0.11672
0.10860
0.09839
0.08651
0.07275
0.05726
0.04025
0.02178
0.00209
-0.01866
-0.04005
-0.06206
-0.08412
-0.10586
-0.12715
-0.14717
-0.16582
-0.18256
-0.19664
-0.20825
-0.21645
-0.22101
-0.22184
-0.21831
-0.21064
-0.19856
-0.18203
-0.16144
-0.13679
-0.10856
-0.07718
-0.04323
-0.00737
0.02969
0.06705
0.10407
0.13969
0.17318
0.20378
0.23049
0.25307
0.27060
0.28271
0.28934
0.28997
0.28497
0.27429
0.25813
0.23737
0.21207
0.18317
0.15139
0.11734
0.08216
0.04639
0.01097
-0.02327
-0.05574
-0.08570
-0.11268
-0.13614
-0.15587
-0.17150
-0.18294
-0.19030
-0.19341
-0.19271
-0.18827
-0.18033
-0.16966
-0.15618
-0.14064
-0.12352
-0.10501
-0.08597
-0.06654
-0.04720
-0.02857
-0.01069
0.00593
0.02107
0.03455
0.04615
0.05578
0.06332
0.06888
0.07229
0.07374
0.07330
0.07096
0.06716
0.06177
0.05509
0.04748
0.03886
0.02972
0.02012
0.01027
0.00055
-0.00906
-0.01824
-0.02684
-0.03475
-0.04177
-0.04785
-0.05283
-0.05673
-0.05942
-0.06088
-0.06120
-0.06024
-0.05817
-0.05499
-0.05069
-0.04556
-0.03947
-0.03262
-0.02516
-0.01711
-0.00870
0.00001
0.00888
0.01774
0.02649
0.03497
0.04308
0.05064
0.05760
0.06379
0.06908
0.07352
0.07685
0.07913
0.08031
0.08025
0.07915
0.07685
0.07340
0.06898
0.06348
0.05710
0.04993
0.04197
0.03349
0.02450
0.01513
0.00556
-0.00411
-0.01379
-0.02332
-0.03258
-0.04154
-0.04999
-0.05788
-0.06518
-0.07165
-0.07739
-0.08222
-0.08597
-0.08888
-0.09057
-0.09111
-0.09056
-0.08864
-0.08561
-0.08129
-0.07561
-0.06886
-0.06082
-0.05164
-0.04146
-0.03023
-0.01820
-0.00544
0.00792
0.02168
0.03564
0.04969
0.06356
0.07699
0.08998
0.10210
0.11321
0.12327
0.13183
0.13897
0.14446
0.14799
0.14988
0.14966
0.14740
0.14323
0.13686
0.12863
0.11846
0.10634
0.09268
0.07739
0.06072
0.04295
0.02419
0.00477
-0.01503
-0.03500
-0.05483
-0.07416
-0.09283
-0.11046
-0.12670
-0.14157
-0.15453
-0.16549
-0.17438
-0.18080
-0.18491
-0.18649
-0.18541
-0.18206
-0.17611
-0.16782
-0.15741
-0.14487
-0.13063
-0.11481
-0.09767
-0.07963
-0.06087
-0.04177
-0.02266
-0.00386
0.01436
0.03165
0.04773
0.06247
0.07547
0.08670
0.09597
0.10306
0.10820
0.11105
0.11179
0.11054
0.10719
0.10213
0.09531
0.08694
0.07742
0.06669
0.05520
0.04308
0.03060
0.01808
0.00563
-0.00633
-0.01776
-0.02832
-0.03775
-0.04604
-0.05277
-0.05800
-0.06150
-0.06304
-0.06284
-0.06056
-0.05631
-0.05015
-0.04198
-0.03212
-0.02053
-0.00745
0.00688
0.02228
0.03835
0.05494
0.07154
0.08794
0.10376
0.11850
0.13208
0.14390
0.15375
0.16146
0.16645
0.16898
0.16857
0.16509
0.15880
0.14935
0.13707
0.12203
0.10427
0.08433
0.06225
0.03844
0.01334
-0.01273
-0.03931
-0.06596
-0.09218
-0.11769
-0.14184
-0.16434
-0.18485
-0.20276
-0.21815
-0.23044
-0.23937
-0.24516
-0.24720
-0.24579
-0.24087
-0.23223
-0.22053
-0.20551
-0.18747
-0.16695
-0.14393
-0.11901
-0.09252
-0.06478
-0.03638
-0.00764
0.02098
0.04904
0.07607
0.10182
0.12577
0.14755
0.16716
0.18392
0.19788
0.20886
0.21644
0.22106
0.22225
0.22008
0.21501
0.20662
0.19545
0.18163
0.16518
0.14682
0.12648
0.10461
0.08169
0.05790
0.03374
0.00955
-0.01428
-0.03747
-0.05957
-0.08030
-0.09945
-0.11654
-0.13161
-0.14428
-0.15428
-0.16193
-0.16664
-0.16864
-0.16797
-0.16439
-0.15841
-0.14981
-0.13879
-0.12582
-0.11077
-0.09415
-0.07616
-0.05706
-0.03732
-0.01712
0.00305
0.02295
0.04213
0.06029
0.07715
0.09221
0.10549
0.11648
0.12500
0.13108
0.13429
0.13483
0.13255
0.12738
0.11978
0.10951
0.09697
0.08241
0.06599
0.04826
0.02939
0.00988
-0.00988
-0.02954
-0.04859
-0.06677
-0.08355
-0.09873
-0.11195
-0.12283
-0.13143
-0.13731
-0.14048
-0.14096
-0.13850
-0.13354
-0.12590
-0.11576
-0.10356
-0.08924
-0.07331
-0.05600
-0.03754
-0.01849
0.00101
0.02055
0.03980
0.05846
0.07626
0.09293
0.10816
0.12196
0.13393
0.14401
0.15221
0.15817
0.16218
0.16402
0.16355
0.16125
0.15669
0.15014
0.14179
0.13144
0.11957
0.10610
0.09111
0.07504
0.05781
0.03971
0.02097
0.00173
-0.01776
-0.03723
-0.05649
-0.07534
-0.09340
-0.11060
-0.12661
-0.14104
-0.15410
-0.16514
-0.17411
-0.18103
-0.18538
-0.18743
-0.18691
-0.18361
-0.17801
-0.16967
-0.15885
-0.14576
-0.13033
-0.11301
-0.09389
-0.07323
-0.05144
-0.02877
-0.00558
0.01776
0.04080
0.06333
0.08481
0.10488
0.12338
0.13970
0.15378
0.16529
0.17384
0.17970
0.18233
0.18182
0.17835
0.17167
0.16223
0.15002
0.13524
0.11849
0.09976
0.07961
0.05843
0.03655
0.01454
-0.00729
-0.02844
-0.04858
-0.06726
-0.08418
-0.09909
-0.11161
-0.12176
-0.12923
-0.13396
-0.13613
-0.13549
-0.13239
-0.12686
-0.11901
-0.10938
-0.09790
-0.08502
-0.07113
-0.05635
-0.04123
-0.02594
-0.01081
0.00376
0.01762
0.03044
0.04206
0.05226
0.06095
0.06798
0.07327
0.07695
0.07884
0.07912
0.07788
0.07511
0.07118
0.06605
0.05992
0.05318
0.04574
0.03797
0.03002
0.02195
0.01408
0.00641
-0.00095
-0.00783
-0.01427
-0.02019
-0.02558
-0.03044
-0.03484
-0.03874
-0.04217
-0.04529
-0.04793
-0.05029
-0.05232
-0.05387
-0.05524
-0.05611
-0.05648
-0.05644
-0.05567
-0.05428
-0.05212
-0.04900
-0.04506
-0.04006
-0.03399
-0.02689
-0.01873
-0.00954
0.00055
0.01143
0.02302
0.03502
0.04727
0.05958
0.07150
0.08299
0.09361
0.10301
0.11117
0.11755
0.12206
0.12453
0.12461
0.12247
0.11785
0.11075
0.10136
0.08964
0.07586
0.06020
0.04295
0.02445
0.00504
-0.01485
-0.03487
-0.05451
-0.07342
-0.09117
-0.10725
-0.12154
-0.13348
-0.14290
-0.14967
-0.15342
-0.15434
-0.15222
-0.14712
-0.13937
-0.12888
-0.11609
-0.10123
-0.08456
-0.06664
-0.04767
-0.02813
-0.00846
0.01103
0.02988
0.04781
0.06441
0.07953
0.09282
0.10410
0.11334
0.12026
0.12501
0.12748
0.12760
0.12581
0.12183
0.11600
0.10854
0.09938
0.08905
0.07752
0.06498
0.05186
0.03810
0.02403
0.00980
-0.00445
-0.01851
-0.03226
-0.04551
-0.05823
-0.07013
-0.08122
-0.09135
-0.10023
-0.10809
-0.11451
-0.11942
-0.12297
-0.12471
-0.12483
-0.12320
-0.11958
-0.11435
-0.10715
-0.09811
-0.08740
-0.07495
-0.06102
-0.04572
-0.02925
-0.01185
0.00619
0.02460
0.04311
0.06127
0.07891
0.09559
0.11089
0.12479
0.13667
0.14642
0.15388
0.15859
0.16081
0.16014
0.15656
0.15033
0.14123
0.12958
0.11552
0.09918
0.08105
0.06125
0.04021
0.01831
-0.00408
-0.02652
-0.04866
-0.06996
-0.09026
-0.10897
-0.12579
-0.14057
-0.15274
-0.16238
-0.16915
-0.17278
-0.17361
-0.17117
-0.16572
-0.15737
-0.14603
-0.13222
-0.11592
-0.09744
-0.07727
-0.05553
-0.03277
-0.00930
0.01443
0.03800
0.06101
0.08297
0.10364
0.12245
0.13921
0.15359
0.16513
0.17405
0.17979
0.18237
0.18193
0.17815
0.17146
0.16178
0.14923
0.13441
0.11720
0.09813
0.07756
0.05573
0.03321
0.01028
-0.01261
-0.03506
-0.05669
-0.07714
-0.09609
-0.11313
-0.12819
-0.14086
-0.15097
-0.15857
-0.16329
-0.16534
-0.16461
-0.16105
-0.15514
-0.14663
-0.13589
-0.12325
-0.10874
-0.09292
-0.07594
-0.05811
-0.03999
-0.02169
-0.00365
0.01377
0.03033
0.04571
0.05964
0.07194
0.08246
0.09096
0.09751
0.10198
0.10435
0.10489
0.10345
0.10031
0.09578
0.08981
0.08291
0.07523
0.06692
0.05858
0.05018
0.04198
0.03446
0.02745
0.02129
0.01610
0.01167
0.00828
0.00570
0.00371
0.00235
0.00125
0.00014
-0.00110
-0.00283
-0.00540
-0.00885
-0.01352
-0.01961
-0.02695
-0.03589
-0.04618
-0.05749
-0.07009
-0.08318
-0.09649
-0.10982
-0.12222
-0.13355
-0.14313
-0.15018
-0.15462
-0.15566
-0.15296
-0.14637
-0.13556
-0.12053
-0.10138
-0.07831
-0.05162
-0.02195
0.01019
0.04410
0.07870
0.11352
0.14731
0.17909
0.20830
0.23366
0.25465
0.27059
0.28068
0.28502
0.28298
0.27464
0.26027
0.23994
0.21439
0.18403
0.14963
0.11215
0.07230
0.03122
-0.01027
-0.05114
-0.09049
-0.12752
-0.16132
-0.19144
-0.21711
-0.23801
-0.25386
-0.26425
-0.26958
-0.26948
-0.26429
-0.25447
-0.24000
-0.22180
-0.20007
-0.17528
-0.14856
-0.11989
-0.09023
-0.06016
-0.03005
-0.00075
0.02747
0.05409
0.07868
0.10092
0.12056
0.13739
0.15116
0.16204
0.16973
0.17436
0.17624
0.17510
0.17149
0.16546
0.15707
0.14710
0.13528
0.12209
0.10802
0.09295
0.07749
0.06175
0.04585
0.03030
0.01505
0.00029
-0.01372
-0.02695
-0.03934
-0.05071
-0.06105
-0.07046
-0.07868
-0.08589
-0.09208
-0.09707
-0.10121
-0.10421
-0.10613
-0.10726
-0.10721
-0.10624
-0.10434
-0.10131
-0.09747
-0.09258
-0.08667
-0.07993
-0.07219
-0.06359
-0.05420
-0.04403
-0.03323
-0.02191
-0.01018
0.00180
0.01380
0.02573
0.03734
0.04835
0.05879
0.06823
0.07659
0.08377
0.08944
0.09370
0.09634
0.09723
0.09661
0.09420
0.09019
0.08467
0.07762
0.06934
0.05986
0.04936
0.03812
0.02623
0.01397
0.00151
-0.01091
-0.02313
-0.03494
-0.04609
-0.05657
-0.06603
-0.07444
-0.08169
-0.08747
-0.09203
-0.09500
-0.09634
-0.09624
-0.09436
-0.09092
-0.08588
-0.07909
-0.07096
-0.06125
-0.05013
-0.03781
-0.02429
-0.00983
0.00546
0.02133
0.03763
0.05405
0.07036
0.08638
0.10163
0.11610
0.12934
0.14098
0.15110
0.15907
0.16485
0.16830
0.16898
0.16716
0.16247
0.15487
0.14464
0.13157
0.11596
0.09800
0.07784
0.05593
0.03252
0.00804
-0.01709
-0.04236
-0.06738
-0.09164
-0.11455
-0.13593
-0.15506
-0.17168
-0.18553
-0.19608
-0.20343
-0.20721
-0.20729
-0.20399
-0.19701
-0.18673
-0.17333
-0.15696
-0.13823
-0.11728
-0.09465
-0.07085
-0.04626
-0.02147
0.00310
0.02691
0.04958
0.07064
0.08968
0.10650
0.12062
0.13204
0.14049
0.14575
0.14821
0.14746
0.14380
0.13747
0.12840
0.11720
0.10388
0.08878
0.07251
0.05507
0.03705
0.01873
0.00042
-0.01744
-0.03467
-0.05088
-0.06591
-0.07948
-0.09142
-0.10165
-0.10986
-0.11629
-0.12063
-0.12288
-0.12331
-0.12159
-0.11806
-0.11274
-0.10550
-0.09691
-0.08668
-0.07507
-0.06238
-0.04851
-0.03382
-0.01842
-0.00244
0.01383
0.03028
0.04668
0.06285
0.07850
0.09355
0.10770
0.12067
0.13253
0.14276
0.15135
0.15820
0.16289
0.16567
0.16618
0.16431
0.16036
0.15396
0.14535
0.13462
0.12171
0.10703
0.09060
0.07263
0.05349
0.03337
0.01257
-0.00856
-0.02967
-0.05056
-0.07075
-0.08998
-0.10803
-0.12439
-0.13905
-0.15164
-0.16179
-0.16978
-0.17501
-0.17759
-0.17756
-0.17460
-0.16913
-0.16096
-0.15018
-0.13724
-0.12200
-0.10488
-0.08612
-0.06594
-0.04478
-0.02288
-0.00068
0.02153
0.04328
0.06426
0.08411
0.10231
0.11885
0.13313
0.14491
0.15420
0.16046
0.16386
0.16418
0.16122
0.15551
0.14664
0.13495
0.12074
0.10402
0.08536
0.06490
0.04307
0.02034
-0.00299
-0.02640
-0.04956
-0.07194
-0.09325
-0.11306
-0.13090
-0.14676
-0.16002
-0.17063
-0.17845
-0.18306
-0.18482
-0.18334
-0.17864
-0.17113
-0.16051
-0.14722
-0.13142
-0.11317
-0.09312
-0.07127
-0.04807
-0.02395
0.00081
0.02576
0.05055
0.07469
0.09799
0.11988
0.14008
0.15837
0.17418
0.18759
0.19816
0.20556
0.21016
0.21130
0.20923
0.20401
0.19536
0.18388
0.16938
0.15207
0.13250
0.11064
0.08700
0.06194
0.03578
0.00903
-0.01794
-0.04466
-0.07078
-0.09574
-0.11928
-0.14096
-0.16026
-0.17731
-0.19138
-0.20239
-0.21037
-0.21477
-0.21597
-0.21371
-0.20785
-0.19905
-0.18687
-0.17178
-0.15409
-0.13381
-0.11161
-0.08761
-0.06221
-0.03597
-0.00915
0.01775
0.04433
0.07012
0.09485
0.11800
0.13919
0.15833
0.17478
0.18858
0.19944
0.20697
0.21159
0.21272
0.21053
0.20528
0.19666
0.18521
0.17092
0.15393
0.13490
0.11375
0.09102
0.06709
0.04225
0.01703
-0.00825
-0.03307
-0.05716
-0.07997
-0.10118
-0.12049
-0.13737
-0.15184
-0.16338
-0.17182
-0.17725
-0.17923
-0.17800
-0.17346
-0.16563
-0.15494
-0.14127
-0.12515
-0.10681
-0.08659
-0.06513
-0.04264
-0.01986
0.00281
0.02483
0.04552
0.06458
0.08133
0.09540
0.10641
0.11392
0.11788
0.11792
0.11411
0.10641
0.09496
0.08013
0.06206
0.04141
0.01860
-0.00581
-0.03090
-0.05628
-0.08095
-0.10424
-0.12554
-0.14391
-0.15902
-0.17017
-0.17690
-0.17906
-0.17628
-0.16871
-0.15634
-0.13943
-0.11845
-0.09377
-0.06619
-0.03627
-0.00485
0.02714
0.05903
0.08984
0.11884
0.14531
0.16853
0.18803
0.20334
0.21423
0.22050
0.22220
0.21944
0.21242
0.20171
0.18755
0.17062
0.15164
0.13099
0.10959
0.08798
0.06665
0.04648
0.02765
0.01064
-0.00406
-0.01649
-0.02642
-0.03376
-0.03881
-0.04158
-0.04229
-0.04148
-0.03925
-0.03607
-0.03254
-0.02871
-0.02520
-0.02241
-0.02037
-0.01965
-0.02026
-0.02226
-0.02598
-0.03111
-0.03766
-0.04564
-0.05460
-0.06444
-0.07490
-0.08550
-0.09609
-0.10627
-0.11558
-0.12394
-0.13089
-0.13616
-0.13969
-0.14111
-0.14044
-0.13760
-0.13245
-0.12520
-0.11584
-0.10448
-0.09142
-0.07675
-0.06080
-0.04385
-0.02615
-0.00805
0.01013
0.02811
0.04555
0.06210
0.07765
0.09176
0.10429
0.11509
0.12384
0.13066
0.13527
0.13763
0.13796
0.13599
0.13199
0.12604
0.11814
0.10872
0.09774
0.08548
0.07228
0.05822
0.04369
0.02890
0.01409
-0.00043
-0.01447
-0.02775
-0.04012
-0.05130
-0.06123
-0.06972
-0.07658
-0.08199
-0.08562
-0.08758
-0.08796
-0.08659
-0.08381
-0.07952
-0.07381
-0.06706
-0.05912
-0.05030
-0.04076
-0.03056
-0.02003
-0.00921
0.00172
0.01253
0.02314
0.03338
0.04312
0.05221
0.06061
0.06814
0.07473
0.08040
0.08492
0.08840
0.09075
0.09183
0.09191
0.09074
0.08839
0.08504
0.08049
0.07499
0.06855
0.06111
0.05302
0.04415
0.03463
0.02467
0.01426
0.00358
-0.00724
-0.01813
-0.02894
-0.03952
-0.04980
-0.05963
-0.06884
-0.07748
-0.08527
-0.09215
-0.09818
-0.10305
-0.10686
-0.10953
-0.11086
-0.11110
-0.11000
-0.10757
-0.10400
-0.09907
-0.09298
-0.08575
-0.07734
-0.06802
-0.05774
-0.04662
-0.03484
-0.02250
-0.00973
0.00327
0.01632
0.02936
0.04205
0.05429
0.06594
0.07663
0.08643
0.09500
0.10213
0.10795
0.11202
0.11440
0.11506
0.11374
0.11073
0.10582
0.09906
0.09074
0.08073
0.06932
0.05667
0.04290
0.02835
0.01317
-0.00235
-0.01798
-0.03342
-0.04847
-0.06286
-0.07624
-0.08866
-0.09967
-0.10914
-0.11709
-0.12309
-0.12736
-0.12967
-0.12983
-0.12824
-0.12450
-0.11879
-0.11129
-0.10180
-0.09072
-0.07800
-0.06373
-0.04829
-0.03165
-0.01409
0.00415
0.02286
0.04182
0.06071
0.07924
0.09726
0.11430
0.13021
0.14471
0.15731
0.16819
0.17675
0.18285
0.18657
0.18742
0.18564
0.18108
0.17355
0.16359
0.15089
0.13575
0.11849
0.09917
0.07824
0.05596
0.03266
0.00875
-0.01540
-0.03941
-0.06290
-0.08539
-0.10670
-0.12631
-0.14387
-0.15933
-0.17210
-0.18220
-0.18941
-0.19339
-0.19452
-0.19236
-0.18709
-0.17897
-0.16783
-0.15419
-0.13813
-0.11991
-0.10011
-0.07885
-0.05666
-0.03395
-0.01112
0.01135
0.03309
0.05361
0.07268
0.08980
0.10474
0.11731
0.12711
0.13431
0.13858
0.13990
0.13863
0.13444
0.12778
0.11879
0.10753
0.09465
0.08010
0.06432
0.04777
0.03053
0.01314
-0.00421
-0.02122
-0.03758
-0.05312
-0.06756
-0.08085
-0.09269
-0.10310
-0.11195
-0.11899
-0.12459
-0.12832
-0.13026
-0.13061
-0.12899
-0.12579
-0.12083
-0.11401
-0.10578
-0.09577
-0.08420
-0.07126
-0.05682
-0.04122
-0.02450
-0.00683
0.01154
0.03040
0.04952
0.06862
0.08730
0.10548
0.12264
0.13847
0.15288
0.16527
0.17561
0.18361
0.18884
0.19162
0.19141
0.18825
0.18238
0.17350
0.16203
0.14802
0.13158
0.11327
0.09315
0.07162
0.04912
0.02593
0.00250
-0.02078
-0.04355
-0.06551
-0.08620
-0.10541
-0.12287
-0.13817
-0.15143
-0.16221
-0.17041
-0.17625
-0.17926
-0.17978
-0.17774
-0.17301
-0.16617
-0.15692
-0.14553
-0.13239
-0.11740
-0.10103
-0.08342
-0.06475
-0.04548
-0.02573
-0.00581
0.01398
0.03334
0.05208
0.06984
0.08632
0.10154
0.11495
0.12651
0.13612
0.14336
0.14851
0.15120
0.15135
0.14935
0.14475
0.13792
0.12896
0.11777
0.10493
0.09034
0.07426
0.05714
0.03901
0.02029
0.00122
-0.01793
-0.03688
-0.05535
-0.07308
-0.08993
-0.10549
-0.11977
-0.13249
-0.14332
-0.15258
-0.15969
-0.16469
-0.16771
-0.16827
-0.16678
-0.16298
-0.15673
-0.14854
-0.13799
-0.12532
-0.11077
-0.09422
-0.07607
-0.05641
-0.03541
-0.01345
0.00926
0.03242
0.05568
0.07862
0.10108
0.12249
0.14252
0.16101
0.17729
0.19135
0.20280
0.21119
0.21685
0.21913
0.21812
0.21400
0.20642
0.19587
0.18232
0.16589
0.14721
0.12626
0.10353
0.07949
0.05440
0.02883
0.00316
-0.02218
-0.04677
-0.07017
-0.09210
-0.11217
-0.13002
-0.14565
-0.15860
-0.16883
-0.17642
-0.18100
-0.18294
-0.18211
-0.17853
-0.17277
-0.16457
-0.15437
-0.14251
-0.12899
-0.11439
-0.09884
-0.08258
-0.06613
-0.04954
-0.03317
-0.01729
-0.00207
0.01227
0.02553
0.03757
0.04836
0.05764
0.06551
0.07187
0.07661
0.08001
0.08184
0.08223
0.08145
0.07926
0.07605
0.07181
0.06656
0.06070
0.05407
0.04690
0.03939
0.03150
0.02348
0.01536
0.00727
-0.00070
-0.00847
-0.01590
-0.02299
-0.02956
-0.03561
-0.04106
-0.04569
-0.04971
-0.05280
-0.05495
-0.05623
-0.05637
-0.05554
-0.05360
-0.05044
-0.04632
-0.04098
-0.03456
-0.02715
-0.01870
-0.00941
0.00068
0.01146
0.02275
0.03442
0.04630
0.05822
0.06991
0.08132
0.09212
0.10209
0.11120
0.11903
0.12552
0.13053
0.13369
0.13521
0.13472
0.13217
0.12769
0.12105
0.11245
0.10194
0.08952
0.07556
0.06009
0.04339
0.02579
0.00751
-0.01109
-0.02967
-0.04791
-0.06548
-0.08199
-0.09723
-0.11082
-0.12253
-0.13225
-0.13968
-0.14482
-0.14762
-0.14798
-0.14617
-0.14215
-0.13611
-0.12848
-0.11926
-0.10893
-0.09783
-0.08615
-0.07444
-0.06292
-0.05184
-0.04173
-0.03261
-0.02471
-0.01834
-0.01334
-0.00985
-0.00789
-0.00709
-0.00753
-0.00888
-0.01069
-0.01291
-0.01504
-0.01662
-0.01756
-0.01731
-0.01557
-0.01230
-0.00707
0.00011
0.00913
0.02025
0.03300
0.04714
0.06257
0.07854
0.09472
0.11061
0.12539
0.13878
0.15003
0.15854
0.16404
0.16597
0.16409
0.15827
0.14842
0.13463
0.11716
0.09637
0.07265
0.04673
0.01916
-0.00932
-0.03777
-0.06566
-0.09200
-0.11606
-0.13730
-0.15489
-0.16854
-0.17776
-0.18223
-0.18202
-0.17693
-0.16729
-0.15326
-0.13527
-0.11396
-0.08970
-0.06339
-0.03559
-0.00709
0.02121
0.04882
0.07479
0.09860
0.11967
0.13735
0.15145
0.16147
0.16733
0.16892
0.16615
0.15939
0.14860
0.13425
0.11669
0.09628
0.07376
0.04939
0.02396
-0.00202
-0.02802
-0.05330
-0.07754
-0.10001
-0.12037
-0.13821
-0.15299
-0.16471
-0.17288
-0.17747
-0.17843
-0.17554
-0.16925
-0.15935
-0.14613
-0.13001
-0.11104
-0.08987
-0.06674
-0.04210
-0.01659
0.00951
0.03554
0.06110
0.08565
0.10875
0.13000
0.14886
0.16527
0.17866
0.18890
0.19592
0.19933
0.19949
0.19612
0.18930
0.17951
0.16656
0.15098
0.13303
0.11289
0.09127
0.06828
0.04445
0.02026
-0.00399
-0.02779
-0.05081
-0.07263
-0.09303
-0.11158
-0.12806
-0.14238
-0.15411
-0.16343
-0.17008
-0.17389
-0.17535
-0.17396
-0.17007
-0.16389
-0.15520
-0.14463
-0.13207
-0.11767
-0.10201
-0.08494
-0.06687
-0.04807
-0.02866
-0.00901
0.01071
0.03025
0.04939
0.06784
0.08547
0.10205
0.11721
0.13114
0.14329
0.15358
0.16215
0.16839
0.17262
0.17462
0.17400
0.17147
0.16635
0.15881
0.14924
0.13719
0.12319
0.10725
0.08926
0.06991
0.04899
0.02677
0.00368
-0.02026
-0.04470
-0.06931
-0.09393
-0.11828
-0.14194
-0.16481
-0.18655
-0.20668
-0.22539
-0.24200
-0.25629
-0.26844
-0.27767
-0.28416
-0.28774
-0.28782
-0.28508
-0.27884
-0.26908
-0.25632
-0.24001
-0.22063
-0.19834
-0.17298
-0.14535
-0.11537
-0.08334
-0.04991
-0.01528
0.02014
0.05571
0.09110
0.12591
0.15940
0.19139
0.22131
0.24855
0.27320
0.29441
0.31200
0.32605
0.33581
0.34159
0.34316
0.34025
0.33352
0.32252
0.30764
0.28932
0.26751
0.24289
0.21571
0.18643
0.15566
0.12379
0.09144
0.05909
0.02741
-0.00323
-0.03220
-0.05890
-0.08329
-0.10448
-0.12244
-0.13688
-0.14733
-0.15416
-0.15685
-0.15558
-0.15077
-0.14210
-0.13032
-0.11547
-0.09796
-0.07856
-0.05733
-0.03515
-0.01241
0.01038
0.03243
0.05354
0.07286
0.09018
0.10502
0.11680
0.12564
0.13092
0.13270
0.13097
0.12535
0.11657
0.10423
0.08865
0.07040
0.04937
0.02631
0.00145
-0.02491
-0.05196
-0.07959
-0.10723
-0.13441
-0.16079
-0.18593
-0.20949
-0.23106
-0.25056
-0.26748
-0.28176
-0.29327
-0.30157
-0.30704
-0.30925
-0.30811
-0.30410
-0.29667
-0.28623
-0.27290
-0.25641
-0.23751
-0.21597
-0.19194
-0.16605
-0.13817
-0.10874
-0.07820
-0.04662
-0.01455
0.01762
0.04972
0.08115
0.11152
0.14074
0.16806
0.19329
0.21635
0.23648
0.25387
0.26814
0.27893
0.28672
0.29090
0.29164
0.28936
0.28361
0.27501
0.26363
0.24950
0.23339
0.21516
0.19524
0.17415
0.15194
0.12907
0.10587
0.08253
0.05938
0.03671
0.01465
-0.00656
-0.02659
-0.04558
-0.06309
-0.07898
-0.09354
-0.10609
-0.11689
-0.12583
-0.13251
-0.13741
-0.14001
-0.14031
-0.13871
-0.13465
-0.12854
-0.12035
-0.10996
-0.09789
-0.08395
-0.06845
-0.05171
-0.03383
-0.01523
0.00385
0.02303
0.04201
0.06040
0.07783
0.09408
0.10864
0.12140
0.13204
0.14017
0.14604
0.14912
0.14950
0.14731
0.14230
0.13490
0.12509
0.11296
0.09915
0.08353
0.06657
0.04868
0.02997
0.01100
-0.00802
-0.02685
-0.04505
-0.06247
-0.07890
-0.09407
-0.10786
-0.12024
-0.13097
-0.14009
-0.14767
-0.15348
-0.15780
-0.16056
-0.16166
-0.16158
-0.15997
-0.15703
-0.15300
-0.14760
-0.14117
-0.13366
-0.12493
-0.11537
-0.10473
-0.09308
-0.08059
-0.06719
-0.05297
-0.03809
-0.02259
-0.00656
0.00971
0.02618
0.04261
0.05862
0.07429
0.08907
0.10272
0.11526
0.12602
0.13504
0.14204
0.14661
0.14899
0.14872
0.14579
0.14039
0.13227
0.12176
0.10893
0.09392
0.07719
0.05887
0.03940
0.01915
-0.00147
-0.02203
-0.04215
-0.06131
-0.07929
-0.09555
-0.10984
-0.12193
-0.13142
-0.13840
-0.14256
-0.14383
-0.14250
-0.13832
-0.13163
-0.12261
-0.11129
-0.09829
-0.08361
-0.06763
-0.05086
-0.03338
-0.01571
0.00189
0.01919
0.03576
0.05146
0.06607
0.07938
0.09123
0.10159
0.11030
0.11733
0.12285
0.12663
0.12889
0.12970
0.12900
0.12715
0.12406
0.11983
0.11483
0.10886
0.10221
0.09500
0.08715
0.07895
0.07036
0.06141
0.05227
0.04290
0.03336
0.02374
0.01407
0.00434
-0.00527
-0.01476
-0.02410
-0.03303
-0.04164
-0.04971
-0.05705
-0.06380
-0.06954
-0.07428
-0.07798
-0.08034
-0.08151
-0.08126
-0.07956
-0.07655
-0.07207
-0.06630
-0.05927
-0.05112
-0.04204
-0.03213
-0.02174
-0.01094
-0.00010
0.01053
0.02081
0.03029
0.03892
0.04638
0.05237
0.05697
0.05978
0.06081
0.06005
0.05727
0.05277
0.04639
0.03824
0.02857
0.01739
0.00499
-0.00847
-0.02275
-0.03760
-0.05278
-0.06795
-0.08300
-0.09747
-0.11122
-0.12401
-0.13535
-0.14539
-0.15359
-0.15975
-0.16393
-0.16560
-0.16493
-0.16170
-0.15565
-0.14714
-0.13584
-0.12190
-0.10554
-0.08672
-0.06583
-0.04304
-0.01864
0.00699
0.03342
0.06029
0.08713
0.11334
0.13871
0.16251
0.18429
0.20384
0.22039
0.23390
0.24395
0.25004
0.25260
0.25096
0.24529
0.23585
0.22240
0.20555
0.18537
0.16213
0.13658
0.10884
0.07956
0.04926
0.01840
-0.01243
-0.04272
-0.07194
-0.09973
-0.12547
-0.14894
-0.16976
-0.18745
-0.20223
-0.21350
-0.22126
-0.22575
-0.22648
-0.22396
-0.21811
-0.20886
-0.19703
-0.18222
-0.16494
-0.14564
-0.12428
-0.10153
-0.07756
-0.05268
-0.02743
-0.00200
0.02319
0.04780
0.07145
0.09394
0.11483
0.13380
0.15087
0.16542
0.17752
0.18696
0.19336
0.19712
0.19775
0.19534
0.19023
0.18206
0.17131
0.15804
0.14233
0.12479
0.10538
0.08457
0.06274
0.04018
0.01735
-0.00542
-0.02765
-0.04909
-0.06925
-0.08781
-0.10455
-0.11898
-0.13112
-0.14058
-0.14717
-0.15112
-0.15198
-0.15000
-0.14522
-0.13758
-0.12756
-0.11507
-0.10050
-0.08423
-0.06638
-0.04754
-0.02792
-0.00802
0.01177
0.03110
0.04941
0.06653
0.08191
0.09528
0.10642
0.11485
0.12074
0.12364
0.12354
0.12060
0.11458
0.10589
0.09455
0.08070
0.06498
0.04736
0.02839
0.00847
-0.01209
-0.03271
-0.05310
-0.07280
-0.09144
-0.10868
-0.12420
-0.13780
-0.14913
-0.15824
-0.16487
-0.16894
-0.17070
-0.16987
-0.16675
-0.16148
-0.15394
-0.14478
-0.13383
-0.12131
-0.10775
-0.09297
-0.07743
-0.06134
-0.04464
-0.02787
-0.01096
0.00598
0.02263
0.03903
0.05507
0.07054
0.08546
0.09981
0.11332
0.12612
0.13807
0.14895
0.15901
0.16787
0.17543
0.18197
0.18691
0.19042
0.19245
0.19258
0.19117
0.18785
0.18249
0.17539
0.16619
0.15503
0.14205
0.12709
0.11047
0.09227
0.07259
0.05176
0.03001
0.00752
-0.01526
-0.03799
-0.06056
-0.08230
-0.10301
-0.12241
-0.13990
-0.15552
-0.16873
-0.17923
-0.18722
-0.19207
-0.19395
-0.19284
-0.18850
-0.18139
-0.17133
-0.15857
-0.14353
-0.12624
-0.10722
-0.08674
-0.06518
-0.04301
-0.02058
0.00164
0.02331
0.04395
0.06325
0.08088
0.09638
0.10981
0.12064
0.12880
0.13434
0.13687
0.13675
0.13380
0.12804
0.12002
0.10947
0.09686
0.08247
0.06641
0.04926
0.03114
0.01245
-0.00639
-0.02516
-0.04343
-0.06096
-0.07740
-0.09255
-0.10613
-0.11787
-0.12780
-0.13554
-0.14115
-0.14458
-0.14557
-0.14454
-0.14120
-0.13566
-0.12827
-0.11883
-0.10775
-0.09511
-0.08098
-0.06588
-0.04974
-0.03286
-0.01555
0.00205
0.01967
0.03707
0.05402
0.07038
0.08580
0.10017
0.11332
0.12491
0.13506
0.14339
0.14978
0.15441
0.15684
0.15726
0.15564
0.15177
0.14607
0.13831
0.12863
0.11737
0.10443
0.09016
0.07474
0.05833
0.04128
0.02378
0.00610
-0.01150
-0.02870
-0.04534
-0.06110
-0.07565
-0.08907
-0.10083
-0.11089
-0.11918
-0.12533
-0.12956
-0.13158
-0.13129
-0.12904
-0.12447
-0.11786
-0.10930
-0.09876
-0.08665
-0.07296
-0.05796
-0.04196
-0.02510
-0.00777
0.00982
0.02730
0.04444
0.06088
0.07626
0.09049
0.10305
0.11386
0.12269
0.12915
0.13348
0.13524
0.13445
0.13128
0.12548
0.11743
0.10712
0.09464
0.08053
0.06474
0.04767
0.02970
0.01100
-0.00795
-0.02691
-0.04554
-0.06355
-0.08062
-0.09651
-0.11102
-0.12383
-0.13498
-0.14415
-0.15124
-0.15641
-0.15929
-0.16010
-0.15883
-0.15530
-0.15000
-0.14264
-0.13339
-0.12259
-0.11008
-0.09622
-0.08114
-0.06490
-0.04792
-0.03023
-0.01208
0.00625
0.02455
0.04265
0.06021
0.07698
0.09292
0.10753
0.12076
0.13243
0.14213
0.15006
0.15579
0.15921
0.16057
0.15942
0.15601
0.15036
0.14234
0.13240
0.12042
0.10664
0.09140
0.07477
0.05713
0.03873
0.01988
0.00087
-0.01796
-0.03629
-0.05392
-0.07039
-0.08561
-0.09926
-0.11098
-0.12098
-0.12869
-0.13418
-0.13747
-0.13822
-0.13679
-0.13298
-0.12680
-0.11869
-0.10840
-0.09633
-0.08265
-0.06744
-0.05118
-0.03396
-0.01610
0.00207
0.02029
0.03824
0.05566
0.07216
0.08764
0.10168
0.11406
0.12474
0.13329
0.13977
0.14402
0.14578
0.14544
0.14262
0.13750
0.13031
0.12091
0.10974
0.09685
0.08237
0.06682
0.05019
0.03286
0.01513
-0.00279
-0.02058
-0.03799
-0.05474
-0.07067
-0.08544
-0.09895
-0.11102
-0.12135
-0.13010
-0.13693
-0.14177
-0.14483
-0.14575
-0.14478
-0.14190
-0.13697
-0.13046
-0.12212
-0.11215
-0.10083
-0.08810
-0.07428
-0.05951
-0.04392
-0.02783
-0.01137
0.00522
0.02172
0.03784
0.05346
0.06827
0.08197
0.09460
0.10566
0.11511
0.12282
0.12842
0.13211
0.13356
0.13268
0.12975
0.12444
0.11703
0.10758
0.09611
0.08304
0.06837
0.05245
0.03557
0.01798
0.00004
-0.01798
-0.03566
-0.05280
-0.06900
-0.08394
-0.09749
-0.10919
-0.11901
-0.12671
-0.13199
-0.13513
-0.13568
-0.13379
-0.12956
-0.12284
-0.11401
-0.10303
-0.09008
-0.07557
-0.05952
-0.04235
-0.02430
-0.00570
0.01311
0.03183
0.05005
0.06756
0.08392
0.09888
0.11220
0.12346
0.13274
0.13961
0.14395
0.14589
0.14509
0.14181
0.13601
0.12766
0.11726
0.10468
0.09027
0.07437
0.05713
0.03901
0.02024
0.00118
-0.01782
-0.03645
-0.05435
-0.07132
-0.08692
-0.10109
-0.11348
-0.12383
-0.13226
-0.13832
-0.14210
-0.14357
-0.14249
-0.13926
-0.13361
-0.12569
-0.11583
-0.10390
-0.09030
-0.07518
-0.05868
-0.04128
-0.02306
-0.00440
0.01440
0.03304
0.05122
0.06865
0.08493
0.10000
0.11338
0.12493
0.13453
0.14179
0.14686
0.14947
0.14951
0.14731
0.14255
0.13552
0.12637
0.11509
0.10217
0.08764
0.07180
0.05507
0.03757
0.01974
0.00183
-0.01584
-0.03300
-0.04934
-0.06461
-0.07867
-0.09117
-0.10210
-0.11125
-0.11842
-0.12386
-0.12721
-0.12857
-0.12811
-0.12560
-0.12141
-0.11546
-0.10780
-0.09887
-0.08848
-0.07693
-0.06444
-0.05104
-0.03707
-0.02261
-0.00789
0.00688
0.02152
0.03582
0.04962
0.06261
0.07479
0.08583
0.09553
0.10395
0.11066
0.11575
0.11908
0.12037
0.11997
0.11750
0.11306
0.10688
0.09873
0.08896
0.07762
0.06476
0.05083
0.03582
0.02000
0.00370
-0.01291
-0.02954
-0.04593
-0.06181
-0.07700
-0.09117
-0.10417
-0.11584
-0.12586
-0.13432
-0.14094
-0.14560
-0.14853
-0.14936
-0.14830
-0.14541
-0.14052
-0.13408
-0.12591
-0.11614
-0.10516
-0.09283
-0.07946
-0.06526
-0.05025
-0.03480
-0.01899
-0.00297
0.01298
0.02872
0.04413
0.05894
0.07301
0.08632
0.09849
0.10954
0.11935
0.12763
0.13456
0.13984
0.14341
0.14547
0.14567
0.14423
0.14115
0.13632
0.13008
0.12230
0.11315
0.10287
0.09147
0.07921
0.06626
0.05280
0.03906
0.02524
0.01158
-0.00177
-0.01449
-0.02649
-0.03752
-0.04733
-0.05601
-0.06316
-0.06882
-0.07294
-0.07531
-0.07616
-0.07533
-0.07287
-0.06908
-0.06379
-0.05733
-0.04981
-0.04135
-0.03231
-0.02272
-0.01291
-0.00306
0.00664
0.01591
0.02467
0.03262
0.03972
0.04580
0.05065
0.05441
0.05680
0.05788
0.05771
0.05607
0.05333
0.04930
0.04401
0.03780
0.03044
0.02222
0.01321
0.00335
-0.00702
-0.01799
-0.02945
-0.04124
-0.05330
-0.06556
-0.07791
-0.09012
-0.10232
-0.11412
-0.12543
-0.13626
-0.14608
-0.15504
-0.16277
-0.16883
-0.17350
-0.17608
-0.17648
-0.17468
-0.17012
-0.16301
-0.15307
-0.14009
-0.12434
-0.10565
-0.08417
-0.06017
-0.03388
-0.00556
0.02424
0.05506
0.08648
0.11766
0.14818
0.17731
0.20416
0.22858
0.24948
0.26647
0.27922
0.28702
0.28995
0.28763
0.27998
0.26743
0.24982
0.22777
0.20168
0.17206
0.13976
0.10532
0.06966
0.03352
-0.00228
-0.03690
-0.06970
-0.09982
-0.12686
-0.15014
-0.16924
-0.18404
-0.19404
-0.19949
-0.20021
-0.19628
-0.18837
-0.17630
-0.16081
-0.14235
-0.12126
-0.09849
-0.07426
-0.04932
-0.02443
0.00018
0.02368
0.04576
0.06595
0.08383
0.09920
0.11168
0.12132
0.12784
0.13132
0.13183
0.12928
0.12420
0.11644
0.10633
0.09439
0.08052
0.06537
0.04912
0.03196
0.01457
-0.00310
-0.02062
-0.03768
-0.05415
-0.06972
-0.08425
-0.09755
-0.10954
-0.12002
-0.12896
-0.13634
-0.14196
-0.14603
-0.14838
-0.14896
-0.14811
-0.14550
-0.14136
-0.13582
-0.12869
-0.12038
-0.11077
-0.09993
-0.08821
-0.07549
-0.06199
-0.04793
-0.03333
-0.01846
-0.00347
0.01152
0.02627
0.04058
0.05440
0.06742
0.07948
0.09062
0.10044
0.10898
0.11615
0.12171
0.12585
0.12834
0.12918
0.12862
0.12642
0.12282
0.11789
0.11165
0.10439
0.09612
0.08704
0.07735
0.06716
0.05668
0.04606
0.03549
0.02509
0.01506
0.00557
-0.00336
-0.01146
-0.01871
-0.02500
-0.03014
-0.03428
-0.03714
-0.03878
-0.03925
-0.03838
-0.03639
-0.03316
-0.02880
-0.02349
-0.01718
-0.01015
-0.00242
0.00575
0.01417
0.02274
0.03105
0.03911
0.04657
0.05314
0.05883
0.06320
0.06624
0.06779
0.06754
0.06570
0.06199
0.05643
0.04915
0.04003
0.02935
0.01714
0.00356
-0.01112
-0.02674
-0.04301
-0.05969
-0.07643
-0.09305
-0.10916
-0.12443
-0.13875
-0.15160
-0.16287
-0.17234
-0.17953
-0.18469
-0.18731
-0.18730
-0.18484
-0.17954
-0.17169
-0.16127
-0.14819
-0.13296
-0.11547
-0.09601
-0.07496
-0.05247
-0.02894
-0.00474
0.01984
0.04441
0.06851
0.09190
0.11416
0.13481
0.15385
0.17067
0.18507
0.19707
0.20608
0.21231
0.21556
0.21553
0.21281
0.20691
0.19809
0.18672
0.17260
0.15630
0.13792
0.11765
0.09608
0.07329
0.04969
0.02567
0.00155
-0.02235
-0.04565
-0.06797
-0.08920
-0.10878
-0.12662
-0.14250
-0.15594
-0.16722
-0.17580
-0.18159
-0.18488
-0.18512
-0.18267
-0.17746
-0.16933
-0.15887
-0.14578
-0.13036
-0.11300
-0.09367
-0.07287
-0.05080
-0.02780
-0.00428
0.01944
0.04294
0.06589
0.08778
0.10837
0.12722
0.14386
0.15834
0.16999
0.17876
0.18457
0.18698
0.18635
0.18238
0.17513
0.16505
0.15193
0.13627
0.11833
0.09831
0.07685
0.05414
0.03069
0.00698
-0.01662
-0.03963
-0.06168
-0.08229
-0.10127
-0.11816
-0.13271
-0.14485
-0.15415
-0.16078
-0.16452
-0.16526
-0.16345
-0.15873
-0.15146
-0.14188
-0.12995
-0.11624
-0.10078
-0.08387
-0.06602
-0.04729
-0.02816
-0.00888
0.01022
0.02884
0.04670
0.06345
0.07900
0.09293
0.10516
0.11552
0.12366
0.12984
0.13365
0.13510
0.13441
0.13124
0.12597
0.11854
0.10896
0.09775
0.08474
0.07028
0.05467
0.03803
0.02076
0.00305
-0.01475
-0.03238
-0.04953
-0.06591
-0.08132
-0.09534
-0.10793
-0.11876
-0.12755
-0.13445
-0.13900
-0.14128
-0.14128
-0.13875
-0.13408
-0.12706
-0.11782
-0.10669
-0.09360
-0.07894
-0.06287
-0.04561
-0.02756
-0.00892
0.00996
0.02879
0.04720
0.06493
0.08167
0.09701
0.11094
0.12296
0.13295
0.14084
0.14625
0.14937
0.14997
0.14796
0.14374
0.13700
0.12808
0.11717
0.10429
0.08995
0.07422
0.05740
0.03994
0.02199
0.00394
-0.01392
-0.03128
-0.04790
-0.06348
-0.07778
-0.09071
-0.10192
-0.11144
-0.11909
-0.12469
-0.12851
-0.13021
-0.12994
-0.12786
-0.12378
-0.11807
-0.11069
-0.10170
-0.09155
-0.08009
-0.06763
-0.05441
-0.04049
-0.02620
-0.01169
0.00283
0.01715
0.03106
0.04438
0.05692
0.06844
0.07895
0.08814
0.09589
0.10230
0.10701
0.11018
0.11172
0.11147
0.10978
0.10640
0.10145
0.09519
0.08745
0.07857
0.06861
0.05761
0.04594
0.03358
0.02075
0.00764
-0.00559
-0.01880
-0.03180
-0.04436
-0.05651
-0.06787
-0.07839
-0.08801
-0.09634
-0.10356
-0.10935
-0.11351
-0.11628
-0.11719
-0.11635
-0.11376
-0.10914
-0.10279
-0.09452
-0.08437
-0.07258
-0.05909
-0.04414
-0.02790
-0.01060
0.00754
0.02620
0.04501
0.06379
0.08198
0.09936
0.11556
0.13001
0.14276
0.15314
0.16096
0.16613
0.16821
0.16732
0.16326
0.15598
0.14577
0.13254
0.11667
0.09839
0.07803
0.05609
0.03290
0.00909
-0.01492
-0.03855
-0.06122
-0.08247
-0.10173
-0.11860
-0.13262
-0.14347
-0.15088
-0.15465
-0.15479
-0.15116
-0.14404
-0.13359
-0.12001
-0.10399
-0.08571
-0.06589
-0.04524
-0.02413
-0.00356
0.01601
0.03393
0.04938
0.06202
0.07129
0.07675
0.07820
0.07551
0.06853
0.05748
0.04267
0.02423
0.00296
-0.02067
-0.04607
-0.07204
-0.09823
-0.12347
-0.14675
-0.16763
-0.18483
-0.19790
-0.20622
-0.20900
-0.20624
-0.19752
-0.18284
-0.16245
-0.13657
-0.10582
-0.07078
-0.03233
0.00869
0.05119
0.09407
0.13635
0.17676
0.21443
0.24829
0.27744
0.30130
0.31912
0.33069
0.33570
0.33406
0.32621
0.31214
0.29261
0.26820
0.23946
0.20766
0.17328
0.13735
0.10100
0.06473
0.02966
-0.00359
-0.03453
-0.06239
-0.08694
-0.10799
-0.12525
-0.13877
-0.14882
-0.15531
-0.15870
-0.15953
-0.15776
-0.15426
-0.14930
-0.14312
-0.13667
-0.12981
-0.12297
-0.11685
-0.11104
-0.10607
-0.10199
-0.09848
-0.09592
-0.09390
-0.09214
-0.09079
-0.08928
-0.08739
-0.08504
-0.08174
-0.07733
-0.07172
-0.06454
-0.05579
-0.04551
-0.03345
-0.01992
-0.00507
0.01121
0.02827
0.04596
0.06404
0.08181
0.09916
0.11553
0.13030
0.14354
0.15441
0.16269
0.16828
0.17061
0.16984
0.16573
0.15816
0.14751
0.13366
0.11693
0.09767
0.07614
0.05287
0.02823
0.00278
-0.02304
-0.04864
-0.07354
-0.09730
-0.11928
-0.13933
-0.15685
-0.17149
-0.18326
-0.19160
-0.19665
-0.19827
-0.19621
-0.19108
-0.18247
-0.17074
-0.15627
-0.13901
-0.11958
-0.09815
-0.07503
-0.05082
-0.02568
-0.00015
0.02543
0.05062
0.07508
0.09840
0.12015
0.14020
0.15799
0.17339
0.18618
0.19589
0.20281
0.20642
0.20673
0.20399
0.19783
0.18868
0.17654
0.16149
0.14414
0.12443
0.10286
0.07986
0.05571
0.03099
0.00604
-0.01860
-0.04257
-0.06536
-0.08656
-0.10589
-0.12284
-0.13735
-0.14901
-0.15762
-0.16338
-0.16583
-0.16527
-0.16173
-0.15515
-0.14611
-0.13448
-0.12066
-0.10514
-0.08796
-0.06974
-0.05070
-0.03122
-0.01178
0.00740
0.02590
0.04345
0.05973
0.07453
0.08763
0.09874
0.10797
0.11497
0.11975
0.12243
0.12273
0.12103
0.11721
0.11129
0.10381
0.09449
0.08375
0.07181
0.05871
0.04492
0.03051
0.01569
0.00085
-0.01395
-0.02843
-0.04240
-0.05568
-0.06815
-0.07961
-0.08993
-0.09914
-0.10694
-0.11346
-0.11859
-0.12213
-0.12444
-0.12516
-0.12435
-0.12228
-0.11859
-0.11359
-0.10726
-0.09942
-0.09054
-0.08033
-0.06892
-0.05657
-0.04315
-0.02890
-0.01394
0.00165
0.01767
0.03392
0.05028
0.06653
0.08233
0.09769
0.11219
0.12555
0.13783
0.14845
0.15740
0.16452
0.16936
0.17220
0.17262
0.17053
0.16623
0.15933
0.15013
0.13873
0.12504
0.10960
0.09237
0.07361
0.05374
0.03292
0.01149
-0.01018
-0.03181
-0.05314
-0.07373
-0.09338
-0.11184
-0.12868
-0.14395
-0.15724
-0.16831
-0.17740
-0.18394
-0.18810
-0.18987
-0.18894
-0.18575
-0.18002
-0.17181
-0.16154
-0.14895
-0.13443
-0.11815
-0.10017
-0.08096
-0.06061
-0.03944
-0.01778
0.00405
0.02578
0.04702
0.06739
0.08678
0.10461
0.12071
0.13490
0.14667
0.15616
0.16298
0.16695
0.16841
0.16688
0.16266
0.15588
0.14646
0.13493
0.12128
0.10583
0.08907
0.07110
0.05243
0.03336
0.01423
-0.00454
-0.02269
-0.03987
-0.05585
-0.07031
-0.08313
-0.09411
-0.10303
-0.11009
-0.11496
-0.11777
-0.11867
-0.11747
-0.11459
-0.10996
-0.10366
-0.09624
-0.08744
-0.07765
-0.06710
-0.05578
-0.04410
-0.03208
-0.01987
-0.00774
0.00427
0.01601
0.02734
0.03815
0.04840
0.05792
0.06662
0.07455
0.08143
0.08737
0.09224
0.09587
0.09847
0.09975
0.09973
0.09855
0.09595
0.09214
0.08708
0.08072
0.07334
0.06482
0.05535
0.04507
0.03409
0.02258
0.01070
-0.00129
-0.01333
-0.02509
-0.03640
-0.04713
-0.05692
-0.06577
-0.07339
-0.07954
-0.08433
-0.08737
-0.08871
-0.08828
-0.08595
-0.08187
-0.07592
-0.06826
-0.05897
-0.04817
-0.03611
-0.02286
-0.00888
0.00575
0.02066
0.03536
0.04982
0.06337
0.07578
0.08679
0.09572
0.10270
0.10713
0.10874
0.10757
0.10320
0.09574
0.08512
0.07136
0.05474
0.03538
0.01367
-0.01010
-0.03533
-0.06160
-0.08838
-0.11480
-0.14063
-0.16491
-0.18704
-0.20666
-0.22278
-0.23534
-0.24368
-0.24729
-0.24641
-0.24043
-0.22955
-0.21395
-0.19353
-0.16909
-0.14071
-0.10896
-0.07466
-0.03825
-0.00059
0.03760
0.07562
0.11268
0.14808
0.18121
0.21151
0.23833
0.26152
0.28055
0.29514
0.30557
0.31131
0.31273
0.30998
0.30292
0.29242
0.27833
0.26101
0.24135
0.21913
0.19514
0.16981
0.14317
0.11614
0.08873
0.06118
0.03417
0.00763
-0.01817
-0.04284
-0.06643
-0.08880
-0.10963
-0.12914
-0.14713
-0.16340
-0.17837
-0.19157
-0.20305
-0.21328
-0.22156
-0.22832
-0.23352
-0.23676
-0.23858
-0.23851
-0.23647
-0.23290
-0.22721
-0.21961
-0.21017
-0.19859
-0.18521
-0.16992
-0.15273
-0.13393
-0.11359
-0.09184
-0.06906
-0.04549
-0.02128
0.00295
0.02699
0.05053
0.07290
0.09404
0.11335
0.13037
0.14526
0.15719
0.16618
0.17214
0.17465
0.17408
0.17014
0.16295
0.15297
0.14003
0.12471
0.10723
0.08794
0.06743
0.04594
0.02410
0.00227
-0.01906
-0.03937
-0.05842
-0.07558
-0.09079
-0.10358
-0.11362
-0.12108
-0.12542
-0.12685
-0.12534
-0.12063
-0.11340
-0.10330
-0.09062
-0.07587
-0.05889
-0.04034
-0.02037
0.00083
0.02254
0.04477
0.06707
0.08904
0.11047
0.13098
0.15031
0.16818
0.18442
0.19870
0.21094
0.22098
0.22856
0.23387
0.23662
0.23682
0.23471
0.23004
0.22309
0.21397
0.20264
0.18956
0.17470
0.15828
0.14067
0.12196
0.10244
0.08241
0.06206
0.04164
0.02151
0.00178
-0.01725
-0.03525
-0.05224
-0.06776
-0.08170
-0.09410
-0.10445
-0.11294
-0.11934
-0.12350
-0.12569
-0.12557
-0.12340
-0.11927
-0.11314
-0.10543
-0.09608
-0.08551
-0.07398
-0.06164
-0.04913
-0.03640
-0.02409
-0.01255
-0.00185
0.00719
0.01480
0.02040
0.02356
0.02463
0.02288
0.01853
0.01158
0.00161
-0.01058
-0.02545
-0.04270
-0.06182
-0.08292
-0.10536
-0.12891
-0.15330
-0.17786
-0.20244
-0.22653
-0.24976
-0.27173
-0.29209
-0.31054
-0.32665
-0.34036
-0.35124
-0.35913
-0.36401
-0.36548
-0.36379
-0.35872
-0.35016
-0.33850
-0.32351
-0.30544
-0.28459
-0.26093
-0.23496
-0.20692
-0.17700
-0.14579
-0.11360
-0.08072
-0.04784
-0.01525
0.01669
0.04724
0.07633
0.10332
0.12781
0.14985
0.16867
0.18436
0.19685
0.20570
0.21138
0.21356
0.21252
0.20870
0.20190
0.19295
0.18189
0.16921
0.15563
0.14114
0.12672
0.11249
0.09894
0.08691
0.07610
0.06747
0.06112
0.05704
0.05616
0.05757
0.06212
0.06986
0.08006
0.09354
0.10948
0.12788
0.14906
0.17168
0.19643
0.22274
0.24990
0.27826
0.30680
0.33548
0.36413
0.39182
0.41871
0.44426
0.46803
0.48993
0.50941
0.52635
0.54048
0.55156
0.55945
0.56397
0.56514
0.56276
0.55699
0.54785
0.53527
0.51973
0.50113
0.47972
0.45602
0.42986
0.40192
0.37246
0.34138
0.30962
0.27703
0.24382
0.21081
0.17745
0.14455
0.11224
0.08002
0.04898
0.01847
-0.01143
-0.04002
-0.06838
-0.09557
-0.12194
-0.14816
-0.17313
-0.19801
-0.22241
-0.24607
-0.27015
-0.29343
-0.31676
-0.34041
-0.36345
-0.38724
-0.41066
-0.43411
-0.45834
-0.48196
-0.50617
-0.53053
-0.55453
-0.57942
-0.60352
-0.62784
-0.65253
-0.67640
-0.70070
-0.72444
-0.74768
-0.77116
-0.79332
-0.81527
-0.83662
-0.85671
-0.87638
-0.89447
-0.91145
-0.92735
-0.94123
-0.95382
-0.96439
-0.97297
-0.97967
-0.98364
-0.98552
-0.98467
-0.98106
-0.97484
-0.96525
-0.95298
-0.93740
-0.91839
-0.89652
-0.87078
-0.84215
-0.81018
-0.77447
-0.73626
-0.69430
-0.64961
-0.60241
-0.55170
-0.49937
-0.44438
-0.38700
-0.32866
-0.26770
-0.20611
-0.14354
-0.07916
-0.01534
0.04972
0.11494
0.17940
0.24508
0.30928
0.37330
0.43762
0.49997
0.56293
0.62443
0.68469
0.74558
0.80408
0.86249
0.92048
0.97646
1.03342
1.08815
1.14238
1.19718
1.24974
1.30291
1.35525
1.40631
1.45844
1.50821
1.55799
1.60768
1.65526
1.70320
1.74908
1.79359
1.83765
1.87844
1.91808
1.95532
1.98939
2.02155
2.04924
2.07391
2.09489
2.11088
2.12307
2.12968
2.13145
2.12802
2.11795
2.10282
2.08082
2.05281
2.01862
1.97689
1.92969
1.87507
1.81384
1.74691
1.67207
1.59234
1.50606
1.41304
1.31605
1.21183
1.10362
0.99106
0.87207
0.75122
0.62517
0.49539
0.36423
0.22760
0.09064
-0.04867
-0.19174
-0.33351
-0.47883
-0.62413
-0.76866
-0.91647
-1.06116
-1.20655
-1.35254
-1.49473
-1.63900
-1.77917
-1.91727
-2.05619
-2.18933
-2.32209
-2.45228
-2.57751
-2.70348
-2.82286
-2.94001
-3.05602
-3.16559
-3.27475
-3.37924
-3.47955
-3.57962
-3.67269
-3.76407
-3.85256
-3.93534
-4.01705
-4.09221
-4.16368
-4.23206
-4.29291
-4.35024
-4.40072
-4.44447
-4.48274
-4.51069
-4.53197
-4.54363
-4.54495
-4.53696
-4.51579
-4.48432
-4.43977
-4.38090
-4.31027
-4.22303
-4.12315
-4.00825
-3.87640
-3.73260
-3.57087
-3.39579
-3.20748
-3.00137
-2.78597
-2.55532
-2.31171
-2.06040
-1.79324
-1.52079
-1.23936
-0.94599
-0.65185
-0.34664
-0.02488
0.28889
0.58662
0.88604
1.21832
1.58995
1.93804
2.21416
2.46851
2.80355
3.25381
3.68497
3.93887
4.07465
4.35007
4.92082
5.56165
5.84902
5.72628
5.72670
6.45346
7.73575
8.44038
7.38803
4.54863
1.27326
