2.109082639508000909e+02
2.101979119449034386e+02
2.091890168239401930e+02
2.093033732192087371e+02
2.099046750615139558e+02
2.101403419276792306e+02
2.098260825371010583e+02
2.097891610879572397e+02
2.096706775616458174e+02
2.104556615858485316e+02
2.102828778018799767e+02
2.100083672350615984e+02
2.099232447900106990e+02
2.100532616063573528e+02
2.105448426915768607e+02
2.105315063736200045e+02
2.100999248576630976e+02
2.105027593901078546e+02
2.090744443589940715e+02
2.089089535439505596e+02
2.087463010848110798e+02
2.088959334169701094e+02
2.095559822702571466e+02
2.104177224657083514e+02
2.097089722202074427e+02
2.103760662537976316e+02
2.099876670690382241e+02
2.098178294010889431e+02
2.100421579290841692e+02
2.102205016988361308e+02
2.107582959706321901e+02
2.099184649514535010e+02
2.103143163445658104e+02
2.101306023677384758e+02
2.099240418320345327e+02
2.099946647671105495e+02
2.092275329919953890e+02
2.093415937873701296e+02
2.094593798494166492e+02
2.098680024847950847e+02
2.097340182482282955e+02
2.097574433656957922e+02
2.088724900039544821e+02
2.094226612383574491e+02
2.102900554528650616e+02
2.103986678794636305e+02
2.097628322974116486e+02
2.096567332971051769e+02
2.095984958265708258e+02
2.102623150361495163e+02
2.107379876916780006e+02
2.101730485470934582e+02
2.095017909665395166e+02
2.097866430692272672e+02
2.101089532346178146e+02
2.099296933433058996e+02
2.093590781140042054e+02
2.091198828278706401e+02
2.097479696211422606e+02
2.098994410146387111e+02
2.100082277463574201e+02
2.099190529842993271e+02
2.098200195583320067e+02
2.103813379093882361e+02
2.105586905963403410e+02
2.106880458395905862e+02
2.106163060786232961e+02
2.102693797885046934e+02
2.102451334755911603e+02
2.107776972683138865e+02
2.109597816802513250e+02
2.104628879696855677e+02
2.102638535471769501e+02
2.102284627824642769e+02
2.100793769938074718e+02
2.104122408572094116e+02
2.098512653179609799e+02
2.098872101348685533e+02
2.098690355627963129e+02
2.100757692924989612e+02
2.105962168646497616e+02
2.106476326990302539e+02
2.105110672802980503e+02
2.104128728641760802e+02
2.111034246275517035e+02
2.109209282712692470e+02
2.107854933116439895e+02
2.107256093119473235e+02
2.112577264058928961e+02
2.111604678498352996e+02
2.117464104391847570e+02
2.106274902984751520e+02
2.106802570738941824e+02
2.102828112996970731e+02
2.108761328426166983e+02
2.107743784190569727e+02
2.108783667391716961e+02
2.104352775478793660e+02
2.107355725813499703e+02
2.108886383021786628e+02
2.115503789470633649e+02
2.110482478341986905e+02
2.110520798692942890e+02
2.110010944858076982e+02
2.115844429377227129e+02
2.117674835797575383e+02
2.113227507096923716e+02
2.110683267449577158e+02
2.112709228090539852e+02
2.112048264024117543e+02
2.114259363255432049e+02
2.111773508274163476e+02
2.106302147084659282e+02
2.108413003015568279e+02
2.110767933097829996e+02
2.113005450260947669e+02
2.107175003270681657e+02
2.104295939255796384e+02
2.105090549693322828e+02
2.109064080451369705e+02
2.107315661669550479e+02
2.107313062635871574e+02
2.104707986750092061e+02
2.101043157571234019e+02
2.105366887610168192e+02
2.111103714085493834e+02
2.111840329289932185e+02
2.107567148835121600e+02
2.108497444584401137e+02
2.114018941162736382e+02
2.113084804057303643e+02
2.110757394376477976e+02
2.109154977762572685e+02
2.092555161958512144e+02
2.096331375170900913e+02
2.099250856036921107e+02
2.093213953419680706e+02
2.089763715572620413e+02
2.093184950043154515e+02
2.096585205527476603e+02
2.102088380472514757e+02
2.099261479685548295e+02
2.095804393320747465e+02
2.097222319423788974e+02
2.103035203730041189e+02
2.103431727872145132e+02
2.099487755102040865e+02
2.097906237757367478e+02
2.102939227001177187e+02
2.105873702926431008e+02
2.106313737991393111e+02
2.101120263350402126e+02
2.093658368532997827e+02
2.081376134403360254e+02
2.095077181857425899e+02
2.091213470637350440e+02
2.088248243286584795e+02
2.092797315787941272e+02
2.091221552000466204e+02
2.095878665673081116e+02
2.103287163935382296e+02
2.098498857034696528e+02
2.098468588859031172e+02
2.099864511251962540e+02
2.103241845722382095e+02
2.102276297640653411e+02
2.100327660877553626e+02
2.099123987247360219e+02
2.098166532876012695e+02
2.104113539547071525e+02
2.101846799732705904e+02
2.100011414689827802e+02
2.092558369723435021e+02
2.089023174464363990e+02
2.087713991709904633e+02
2.094095939338934897e+02
2.087805307161032431e+02
2.087489190768332037e+02
2.085363727790814607e+02
2.090720632508110839e+02
2.093414462700992829e+02
2.090782406798965951e+02
2.089165338441516724e+02
2.088991025491113191e+02
2.088185655245185615e+02
2.094491237863008166e+02
2.091877920517966061e+02
2.090147339940593554e+02
2.087381756016306440e+02
2.094232132309509780e+02
2.084565187462713709e+02
2.077165821291202690e+02
2.079374419843262558e+02
2.081049833490136223e+02
2.079927860952352887e+02
2.080988491574188402e+02
2.081395671558061906e+02
2.073245464184731475e+02
2.073531591925933526e+02
2.074787186909262857e+02
2.083214380277132136e+02
2.082479180387852011e+02
2.081042043233552477e+02
2.087071454294460011e+02
2.077715857744444463e+02
2.081100424546507099e+02
2.079430270419004501e+02
2.086760747777371705e+02
2.083785696196874824e+02
2.083831327080717983e+02
2.086350965080300739e+02
2.083907187625016775e+02
2.078496151743902374e+02
2.078514955370337418e+02
2.076421654347474828e+02
2.081551629913002159e+02
2.080568384971115279e+02
2.076895897838550411e+02
2.078068050749711801e+02
2.081175895242405147e+02
2.089660258486177895e+02
2.089046333122972783e+02
2.089765712434470117e+02
2.092510311100636500e+02
2.094596869114877506e+02
2.097654683440247823e+02
2.095548049042551781e+02
2.096295893471295244e+02
2.093402126786969859e+02
2.096715747259341640e+02
2.098120355957590562e+02
2.095159740144166562e+02
2.082052874054186020e+02
2.075087530012460775e+02
2.081850819573339777e+02
2.090235036691921948e+02
2.092118284357376012e+02
2.095259260351974433e+02
2.097656759881176924e+02
2.100360532137866869e+02
2.108630946302752704e+02
2.104768290735983385e+02
2.103922083194385948e+02
2.102826518920330159e+02
2.105859185090866958e+02
2.108480846206089154e+02
2.108951754576999633e+02
2.105312133454972070e+02
2.111154008777173487e+02
2.109811255009001627e+02
2.113610150951651576e+02
2.110641442592484793e+02
2.104918158864671796e+02
2.103335899596176830e+02
2.100068097339992903e+02
2.100859340978371108e+02
2.100386689464685048e+02
2.093612621302466721e+02
2.096613172216045200e+02
2.098816595738457806e+02
2.103701645433703789e+02
2.109919637787709803e+02
2.105197861272513933e+02
2.104482392966023099e+02
2.094193602565081278e+02
2.092834044498628430e+02
2.096598371144263524e+02
2.100475402504472413e+02
2.101371254743868064e+02
2.104089174414664001e+02
2.109206882940307821e+02
2.111713454673659101e+02
2.104986105423272704e+02
2.098619420962725997e+02
2.105983633098819610e+02
2.102828527276438138e+02
2.102895557801309394e+02
2.098246833871368437e+02
2.098621637025237874e+02
2.096534653465346594e+02
2.101795891512537366e+02
2.105328624078624102e+02
2.103039358813395836e+02
2.101966886067101541e+02
2.099283768510736934e+02
2.105434327881235390e+02
2.107468141941699287e+02
2.103373323408789020e+02
2.101583276116459444e+02
2.099927951363516740e+02
2.103998447546097452e+02
2.102557281949626713e+02
2.097018746543242287e+02
2.097381150472186846e+02
2.096674378674116781e+02
2.098463756717787305e+02
2.098971198811240697e+02
2.096889082715510995e+02
2.094925664645522261e+02
2.096139227642276524e+02
2.103330034780331061e+02
2.105205259781911309e+02
2.100605181077802968e+02
2.100937216449582934e+02
2.099132203192864665e+02
2.106345793297398643e+02
2.105716098357786734e+02
2.101137284627270390e+02
2.096939148488215778e+02
2.092891825760794688e+02
2.096123441195046837e+02
2.096878949927078395e+02
2.088096342734653774e+02
2.085832941453091962e+02
2.085784649623707878e+02
2.088078093082722262e+02
2.086244924285735181e+02
2.088890466681458520e+02
2.081095297483676916e+02
2.084478155879172050e+02
2.087357299259125796e+02
2.081615711867766549e+02
2.089317102494740084e+02
2.085727447724567583e+02
2.086558697964476607e+02
2.091458267308190955e+02
2.093479795714636964e+02
2.090181928616879645e+02
2.087033707542976799e+02
2.086295624379076514e+02
2.086951710840599787e+02
2.093256127275333256e+02
2.089346962852127945e+02
2.085798678920160967e+02
2.091034140589047468e+02
2.094011200960082135e+02
2.093229840937097208e+02
2.092839307403327496e+02
2.087059113995485120e+02
2.092353468006766946e+02
2.099196434867224355e+02
2.100396593742915456e+02
2.099419098854859556e+02
2.097076154595098103e+02
2.096247023134497454e+02
2.101370833450932878e+02
2.100159467781575700e+02
2.094508463129458278e+02
2.091859411391064896e+02
2.091880154475109919e+02
2.091971317589438968e+02
2.097443771196662397e+02
2.095868552601681642e+02
2.091353937136602212e+02
2.091287466035956015e+02
2.097601541654313451e+02
2.096780003366436631e+02
2.099964863953226768e+02
2.092137310247012465e+02
2.098293477497718129e+02
2.101898678910453384e+02
2.105200129890299365e+02
2.102870872316032376e+02
2.096356335304662082e+02
2.099082010469421675e+02
2.101246666666666556e+02
2.102723278604339328e+02
2.099925357158148813e+02
2.094562714285714264e+02
2.093933765401324649e+02
2.093631769056151199e+02
2.099738668667657464e+02
2.094594490349953446e+02
2.082791230513500409e+02
2.089782334150508802e+02
2.090754015510180466e+02
2.098190273986452326e+02
2.101727697364627261e+02
2.100048207291352753e+02
2.100661212676944274e+02
2.104300314352562964e+02
2.103712164477441604e+02
2.104214634285551142e+02
2.099636038868248136e+02
2.098645299022838628e+02
2.102261889381737774e+02
2.102797595247615163e+02
2.101022517428460787e+02
2.093001975357767321e+02
2.096579563238524599e+02
2.095640482562216391e+02
2.100956309634837567e+02
2.099643166214734720e+02
2.094276125448443509e+02
2.095207175925926038e+02
2.101076494243695549e+02
2.102814861094966830e+02
2.103595961957077520e+02
2.098380434941360306e+02
2.096068103763244324e+02
2.099037702184913314e+02
2.107250603320443076e+02
2.108098599682402039e+02
2.098624765748882623e+02
2.093673322384533435e+02
2.094518904786530982e+02
2.098518636003171878e+02
2.094070338726641296e+02
2.089368775566252054e+02
2.090306092982962696e+02
2.090198775657184171e+02
2.090602521452333633e+02
2.092774253353031497e+02
2.086712040941903865e+02
2.075099111414901074e+02
2.089296736846877991e+02
2.089922877281977094e+02
2.099489497434992984e+02
2.101614899596638963e+02
2.095713976571065871e+02
2.096457771172133278e+02
2.101808731508982362e+02
2.098082528838777705e+02
2.091843268702863554e+02
2.086591215579368850e+02
2.088169934640523024e+02
2.087707993236940354e+02
2.082180886971324583e+02
2.080261651796196247e+02
2.072623337311173941e+02
2.076130755681073765e+02
2.080534788261244330e+02
2.081665451788786356e+02
2.078766688042907731e+02
2.077234027049084659e+02
2.078963235507983995e+02
2.088464453159555489e+02
2.084774606561749692e+02
2.078896887446526023e+02
2.080252777449474024e+02
2.077494401264655437e+02
2.079278022122535958e+02
2.073716067230326701e+02
2.071663124880922737e+02
2.067517642053373663e+02
2.067635015054710834e+02
2.068937850453571343e+02
2.063245110840509824e+02
2.057026150565657758e+02
2.054736311474194679e+02
2.066057785970118061e+02
2.069957644062023405e+02
2.073010334203116543e+02
2.071396129599765459e+02
2.070851166673990349e+02
2.080019994745906047e+02
2.083874442199514476e+02
2.087048106657331061e+02
2.082604233111046881e+02
2.079173489903552081e+02
2.079599912421544445e+02
2.086901396109585676e+02
2.086109974275023546e+02
2.077917205692108666e+02
2.073361236030099235e+02
2.073666733439142149e+02
2.063713393145688713e+02
2.072924788525193094e+02
2.068199864753174495e+02
2.073479164501714820e+02
2.080590986206387925e+02
2.088285945667378201e+02
2.088959223073772762e+02
2.084640390204010316e+02
2.084281121078208230e+02
2.086292148060931595e+02
2.090534578167076063e+02
2.085488133645644666e+02
2.081840065219002440e+02
2.079934597776324381e+02
2.078610896789127196e+02
2.082854611776967033e+02
2.082870378619153655e+02
2.077775941148439358e+02
2.071038375725122762e+02
2.071970088212904955e+02
2.074260617558745707e+02
2.077014075217723530e+02
2.072895074493939376e+02
2.071300162283949646e+02
2.063089443667614660e+02
2.079718482060284828e+02
2.078778085139081213e+02
2.070297782886180187e+02
2.066294093028817542e+02
2.069121355810509613e+02
2.075188140534367278e+02
2.079394034725031020e+02
2.073373823577513804e+02
2.069725030327537354e+02
2.072106882834196426e+02
2.075517827591394564e+02
2.074716288134322610e+02
2.078852133642077433e+02
2.072653365008720527e+02
2.078282466403640001e+02
2.080536124930485755e+02
2.084884596200063527e+02
2.079997737283533468e+02
2.075033784292185146e+02
2.070280494583915640e+02
2.073197150072150237e+02
2.076475864367746453e+02
2.067090967095068947e+02
2.058546239435763141e+02
2.059773139331149423e+02
2.061071100636630717e+02
2.057361228666840987e+02
2.049489894572072899e+02
2.046664457970567810e+02
2.043815872430071749e+02
2.044594623855481359e+02
2.046137367559386178e+02
2.041091862951737994e+02
2.036922423774604454e+02
2.036279601928924876e+02
2.045331388401794186e+02
2.047233462675535804e+02
2.045501105379513547e+02
2.042059779276517304e+02
2.043717917039873839e+02
2.044350414596249266e+02
2.050428953594458221e+02
2.044233730635375252e+02
2.041922194710698477e+02
2.045071555528315628e+02
2.048266958156885096e+02
2.055006046504508106e+02
2.055138559107829224e+02
2.051391957104557378e+02
2.050731472422648949e+02
2.059841250420579399e+02
2.059570176510108297e+02
2.061585142438398748e+02
2.054241379831602501e+02
2.055351187315074810e+02
2.058979762375034284e+02
2.060712043790086625e+02
2.056342855403534031e+02
2.053210577894833762e+02
2.049895133264953131e+02
2.051191002610163991e+02
2.048898958557340677e+02
2.043668344793713061e+02
2.041174211459859578e+02
2.040310555159921932e+02
2.043156682388705292e+02
2.041967256526886274e+02
2.042465479224983085e+02
2.039393863961665545e+02
2.035140296662546575e+02
2.038792811543778498e+02
2.043216695360848689e+02
2.038711526902270350e+02
2.036409626947996685e+02
2.038571032528339231e+02
2.042403436148028106e+02
2.045858052156717406e+02
2.046377589102444290e+02
2.039186568107151629e+02
2.028382562476986379e+02
2.042173967734834434e+02
2.044455150802976959e+02
2.035654509557844278e+02
2.025955776807256541e+02
2.026269825520157610e+02
2.025675509891121067e+02
2.031327030973791352e+02
2.026875813590210953e+02
2.028105724845491977e+02
2.024540340874256685e+02
2.023268637099978662e+02
2.029471713746490025e+02
2.023741105595598526e+02
2.024988244029204338e+02
2.027826445124889290e+02
2.026607365073512597e+02
2.035408996043983336e+02
2.030642053805355260e+02
2.017458760878035946e+02
2.015545796737766580e+02
2.022993594915449762e+02
2.023631534895699531e+02
2.027262555706564626e+02
2.022541933063419322e+02
2.020258943781942094e+02
2.026239044817011461e+02
2.028857934431276249e+02
2.032279716144293218e+02
2.026529245079619557e+02
2.026312864557020248e+02
2.032171986088455355e+02
2.039503681862389612e+02
2.036016420813994614e+02
2.035508249312557609e+02
2.033417998752832716e+02
2.043388134157437150e+02
2.039100917731354912e+02
2.040668404485539895e+02
2.044191893859720039e+02
2.047258281074762465e+02
2.049759792016937467e+02
2.049313554481885546e+02
2.044847730466125029e+02
2.044651581343834437e+02
2.040078989667049427e+02
2.040573327034152840e+02
2.041683797735941539e+02
2.040856772817309093e+02
2.039085716045390768e+02
2.034972296830634946e+02
2.035992684196026801e+02
2.044243432144937458e+02
2.044614469046129557e+02
2.043364104139466804e+02
2.041344483953179747e+02
2.042319531691809118e+02
2.052175961568071614e+02
2.056801052128168408e+02
2.041637628958391133e+02
2.041630916619306788e+02
2.044958336678172941e+02
2.051947279046515575e+02
2.044475837006108350e+02
2.040446440933495182e+02
2.037845035575430757e+02
2.037711894340781953e+02
2.045786037631262673e+02
2.046135958988212167e+02
2.042925184630204569e+02
2.038191820540210415e+02
2.040760512106704141e+02
2.046066566734987191e+02
2.049483948118848389e+02
2.043635238575423045e+02
2.042254499816334032e+02
2.045724043715846960e+02
2.053711918108701013e+02
2.043999837199837089e+02
2.039864558356554767e+02
2.046401719783908106e+02
2.049191099889537782e+02
2.047525365701836222e+02
2.044104386331614762e+02
2.043109629970121830e+02
2.040055634741827078e+02
2.040327420930516666e+02
2.047585952961752582e+02
2.047727335343547566e+02
2.051319748881115856e+02
2.052891869620948455e+02
2.055617372032303081e+02
2.063102164934416578e+02
2.065441887157182634e+02
2.066902996368038714e+02
2.061353631528993446e+02
2.063990965896258274e+02
2.072576477553932648e+02
2.079880231016852861e+02
2.059436926204771510e+02
2.058186508935313555e+02
2.062408820506431653e+02
2.066766724500606642e+02
2.063768648780043122e+02
2.061130886896239929e+02
2.056928185096153925e+02
2.059509931985045625e+02
2.064826741967947044e+02
2.064311154598825908e+02
2.066620502438575784e+02
2.055298487057965531e+02
2.057822878790183836e+02
2.059835417838092440e+02
2.065930845808952085e+02
2.063151415424932225e+02
2.054025976008058194e+02
2.054122222391679031e+02
2.061502932889935948e+02
2.063617763168000465e+02
2.056988339487917870e+02
2.053302477664179833e+02
2.050294865900382888e+02
2.051007350356821064e+02
2.053319456650785639e+02
2.055453686639513364e+02
2.045039170971595013e+02
2.047231108400956998e+02
2.049138587252023740e+02
2.050634443893980574e+02
2.048913860012779935e+02
2.044977090492554339e+02
2.047336906015736417e+02
2.051594364108268564e+02
2.056436918048960933e+02
2.056003376337757800e+02
2.054947379808064056e+02
2.057912543045946734e+02
2.055494848531447190e+02
2.056462757771622023e+02
2.052719484761640558e+02
2.047165103276188916e+02
2.045115779385395456e+02
2.046886307692307696e+02
2.050309196740395805e+02
2.047467491204413932e+02
2.044368265337900823e+02
2.039188855254216151e+02
2.043076126439446512e+02
2.047704867146759398e+02
2.045004926715112674e+02
2.044346267823064807e+02
2.047891587797410864e+02
2.047318757370740627e+02
2.056808490742472486e+02
2.052072067872459229e+02
2.047627113366752951e+02
2.043086600214595592e+02
2.045317900228235999e+02
2.051184268048963304e+02
2.046004068133472344e+02
2.035966579699341423e+02
2.043146387683826219e+02
2.039631239135833312e+02
2.044570305799429093e+02
2.043584726058392960e+02
2.044927842474329793e+02
2.042420258321374149e+02
2.051744113422022622e+02
2.057116132129527557e+02
2.057863315491428295e+02
2.052798221285694353e+02
2.050570269810064872e+02
2.060058922297192510e+02
2.056546354287481506e+02
2.055255840596987298e+02
2.052501056057074322e+02
2.049249484727796755e+02
2.056884628278603486e+02
2.045880090752570482e+02
2.041469215595079731e+02
2.052065195031252642e+02
2.048772432136431405e+02
2.049062572403886122e+02
2.047715757109915558e+02
2.051115660655134434e+02
2.047899288283462056e+02
2.048606049507065734e+02
2.052531894762544198e+02
2.058389481707316975e+02
2.057894913957935046e+02
2.056614168402990686e+02
2.053858991043404956e+02
2.052907791651364846e+02
2.055420295602568785e+02
2.055054454916217423e+02
2.050765439704296966e+02
2.051982726552265035e+02
2.045439608516705903e+02
2.042677450199203122e+02
2.048097422490256179e+02
2.055777364262848437e+02
2.059758209804355431e+02
2.054450563941852579e+02
2.052446117213303580e+02
2.060566379070414769e+02
2.052295609039132671e+02
2.057005279474508086e+02
2.057621698720898280e+02
2.062417863376098239e+02
2.063065362559133575e+02
2.058587644354067834e+02
2.060367529513034697e+02
2.055853903210116869e+02
2.062053350444587068e+02
2.058838257616411624e+02
2.051095982930910395e+02
2.050207253091154485e+02
2.050847000046546782e+02
2.057671562499999993e+02
2.054708328823884074e+02
2.050701239299069982e+02
2.047731307798001978e+02
2.055994881440596771e+02
2.054734710845599466e+02
2.058716447500890467e+02
2.054984767944294219e+02
2.053159012024296715e+02
2.058013633456564548e+02
2.059306455594643239e+02
2.059698010989861530e+02
2.054140673350662212e+02
2.050593905954557954e+02
2.051133344595113215e+02
2.050272720265166129e+02
2.053430922932011526e+02
2.048552617259767032e+02
2.046739518494947561e+02
2.049608980355472170e+02
2.052037255877596635e+02
2.047686292762392384e+02
2.046506610670399482e+02
2.047645160284395729e+02
2.048580167167338573e+02
2.053929407025209457e+02
2.054206563255125104e+02
2.044790803098753429e+02
2.043207217331585355e+02
2.048703804559246748e+02
2.052021625467933177e+02
2.052983452935041271e+02
2.041598197475230734e+02
2.038220086689598531e+02
2.038556140675043196e+02
2.039696810402139704e+02
2.042666056809724466e+02
2.036019822156354167e+02
2.033420039731810505e+02
2.034376215615448871e+02
2.037543068724050102e+02
2.038831074390394917e+02
2.038239149881242156e+02
2.036747758489865134e+02
2.039474163758223426e+02
2.046238139534883658e+02
2.044456568778979886e+02
2.046438146244814504e+02
2.042755416518251366e+02
2.045335654057399211e+02
2.046693996256361743e+02
2.045611152255755201e+02
2.039461932537111011e+02
2.038036691795176409e+02
2.040239104410003961e+02
2.031288186799942252e+02
2.039256951710580381e+02
2.038321186110027270e+02
2.030132227597327983e+02
2.032021332185780693e+02
2.041253140895998115e+02
2.043999022019834513e+02
2.040858086310791748e+02
2.040482773385530209e+02
2.043164176829268399e+02
2.046714824024775510e+02
2.046756600118962410e+02
2.048023674415766777e+02
2.041864288318949718e+02
2.047389291587988112e+02
2.047043945476470128e+02
2.045935286175877366e+02
2.044062945532032245e+02
2.036638984476561802e+02
2.037766128661424432e+02
2.041670451364046244e+02
2.042222412132135787e+02
2.038710169993300099e+02
2.037151451369690562e+02
2.035737117018788638e+02
2.040212373467267923e+02
2.042429102167182577e+02
2.038571186440677820e+02
2.042239337410016162e+02
2.043978956842905745e+02
2.046409569079716562e+02
2.046898536297033786e+02
2.042398207525303064e+02
2.048318489158312161e+02
2.052963450155031637e+02
2.048418839882716327e+02
2.046165235416049768e+02
2.039210970268220535e+02
2.037305344214013871e+02
2.040937342362310574e+02
2.042405674706847378e+02
2.045956237524189589e+02
2.042919155533263336e+02
2.042272394099502151e+02
2.039768014219953614e+02
2.044716472058778720e+02
2.048500564213608186e+02
2.050314459637208984e+02
2.045059117503656694e+02
2.047910761314679746e+02
2.052677639011878057e+02
2.054040137231684753e+02
2.050698406929553528e+02
2.052051642046148174e+02
2.051529288185862470e+02
2.050340675856941743e+02
2.047451664179588704e+02
2.039591336526600571e+02
2.045155370609524539e+02
2.041856617359317454e+02
2.048522194265834173e+02
2.043261081457414718e+02
2.042035277111398273e+02
2.039057173213433600e+02
2.037525452791769283e+02
2.041377949127549698e+02
2.046290504345678301e+02
2.044859374280760278e+02
2.041754678326809938e+02
2.044846779712569287e+02
2.051961783828332386e+02
2.053813572257158455e+02
2.055030519136744260e+02
2.047487305691411450e+02
2.045684380032206207e+02
2.056264817189503731e+02
2.056844114228268268e+02
2.051358703290182746e+02
2.045094995944344021e+02
2.041721861438552423e+02
2.045846814887305243e+02
2.044842954877392742e+02
2.048263764975783943e+02
2.029030863495262622e+02
2.033927582465628916e+02
2.043378311324530046e+02
2.047482970723803533e+02
2.043772271975535944e+02
2.037492920258120250e+02
2.044016357957883656e+02
2.047269839801409432e+02
2.051067458059754358e+02
2.051117368291482137e+02
2.049014269388763694e+02
2.045607143403675821e+02
2.051365100402225323e+02
2.048622070282423238e+02
2.045366750977236165e+02
2.042627913784337750e+02
2.040902905850445848e+02
2.044745089487375083e+02
2.048084396251841213e+02
2.041717111739612847e+02
2.039309723796363585e+02
2.044681612780040609e+02
2.042859345582029391e+02
2.042946637617065733e+02
2.049452413460766138e+02
2.046793207107669446e+02
2.050672633110634706e+02
2.049809984748980582e+02
2.053555764314534997e+02
2.053612088214602522e+02
2.050941657822281741e+02
2.046540048284081479e+02
2.053602952436372391e+02
2.051010407301872647e+02
2.048596675976374684e+02
2.044533033102032675e+02
2.043083949675943529e+02
2.046181703741230535e+02
2.048009215464892918e+02
2.051042638036809933e+02
2.047641960916648713e+02
2.056288059514093902e+02
2.049071258500754595e+02
2.053658065921752893e+02
2.052360119554612368e+02
2.049817532477659370e+02
2.053840447932618645e+02
2.044442676193569355e+02
2.048026533996683156e+02
2.043089036555593339e+02
2.050830779977456473e+02
2.047022034692920727e+02
2.048128142463535539e+02
2.049344761022314856e+02
2.047588822782680609e+02
2.045404083891997971e+02
2.044464186904395717e+02
2.044539284782041477e+02
2.049271520111171299e+02
2.049064828268463714e+02
2.045705069410978183e+02
2.045521989648100600e+02
2.040039468963042850e+02
2.043106421165649067e+02
2.046464840621495966e+02
2.053128184776569753e+02
2.047418651380862400e+02
2.050079007478331619e+02
2.051801345752468819e+02
2.048733681462140908e+02
2.045921309041417828e+02
2.042314040629258045e+02
2.044111826363482010e+02
2.049746617201089975e+02
2.047133652888446136e+02
2.042294700506988363e+02
2.043792070185193950e+02
2.042789802048832826e+02
2.051710761640456724e+02
2.048848166730991807e+02
2.046343411650909729e+02
2.044719342486224036e+02
2.047069099378882129e+02
2.053879186677477549e+02
2.054689180737961181e+02
2.049645030425963625e+02
2.045447220108990791e+02
2.044286689208052508e+02
2.048364568241653956e+02
2.048866205787284116e+02
2.044410986152551573e+02
2.042084821978563411e+02
2.044421605240602560e+02
2.047281631144511493e+02
2.045538146186934227e+02
2.050140229143133865e+02
2.041305602232015417e+02
2.054213241344388621e+02
2.052387763025079437e+02
2.057261282770809601e+02
2.052863951139009941e+02
2.051716255945325997e+02
2.055997818639875732e+02
2.060410399003251598e+02
2.067243603693225964e+02
2.052890372670807437e+02
2.048138595012950987e+02
2.050141943974431058e+02
2.053461016579066154e+02
2.055040127408425121e+02
2.050592287804262810e+02
2.045093988171926185e+02
2.047919875048809217e+02
2.049470394736842138e+02
2.051276261164926211e+02
2.048770035061357078e+02
2.045949327494525960e+02
2.048361055146886542e+02
2.054421067363313966e+02
2.046280940594059530e+02
2.052175854157623860e+02
2.049895711546555788e+02
2.053333643065105889e+02
2.054817242872162808e+02
2.058668934523437883e+02
2.056105005151902958e+02
2.048181578006744701e+02
2.050755835667600309e+02
2.050661312664394131e+02
2.051379572697347839e+02
2.049624407287247436e+02
2.046664023508558898e+02
2.044225893438303956e+02
2.053273617412725969e+02
2.055766070565490793e+02
2.051175501577385205e+02
2.048727055686468930e+02
2.056121856413618616e+02
2.063504965406880842e+02
2.057546731521756271e+02
2.059370082420578569e+02
2.055107078887937178e+02
2.055486114352392235e+02
2.064029687500000136e+02
2.060623563039831083e+02
2.053941739089731868e+02
2.050188268669707838e+02
2.041451706281560519e+02
2.057545441511477975e+02
2.057307144311011484e+02
2.048732233873823816e+02
2.041642640247829945e+02
2.042895046359234641e+02
2.049280855941918276e+02
2.054528388770357026e+02
2.048155250582036615e+02
2.043368630451415697e+02
2.045754118944080062e+02
2.049331225272291306e+02
2.054436279012799105e+02
2.051763301763301968e+02
2.051639571137694134e+02
2.042161676355804332e+02
2.055526560148570354e+02
2.060764139496036762e+02
2.052627757609606078e+02
2.044837683888794402e+02
2.047742198183801463e+02
2.050487759843670403e+02
2.052018251533742443e+02
2.049780639813336336e+02
2.046083112290008899e+02
2.045616921807681763e+02
2.049182677598971907e+02
2.049712284744118165e+02
2.050745887604720679e+02
2.047719265857448363e+02
2.046450562281079044e+02
2.048508341511285380e+02
2.051878939562477058e+02
2.050201475639623538e+02
2.046066362441023898e+02
2.043959935499875940e+02
2.058120170294803017e+02
2.046881424853611122e+02
2.041629995654203356e+02
2.044224211082470219e+02
2.047661574990106885e+02
2.049987369949953404e+02
2.051031582263526900e+02
2.047408358115511362e+02
2.041103301451135792e+02
2.039386226376816182e+02
2.047477818249743109e+02
2.049451317493252418e+02
2.044541297912242896e+02
2.045220718618758724e+02
2.044190670127931924e+02
2.045514370048158810e+02
2.050430382097590609e+02
2.053088401467423978e+02
2.047367169525809345e+02
2.049207942260632649e+02
2.051922603666789655e+02
2.056485381470338893e+02
2.051103236987064520e+02
2.045076410931330884e+02
2.050171476435818647e+02
2.039200624939599606e+02
2.040034833044408344e+02
2.045419186167738417e+02
2.041872355207477767e+02
2.052259717594795916e+02
2.053990053019283835e+02
2.050970073686342516e+02
2.054306199191748874e+02
2.051637936428481908e+02
2.048774920812371931e+02
2.049145468322328156e+02
2.054287616511318220e+02
2.057924300756064895e+02
2.054712673838887440e+02
2.053293069092818826e+02
2.054817235010166314e+02
2.053551691060432631e+02
2.058502803854137539e+02
2.052955025038581311e+02
2.039488421664567284e+02
2.039924334483708321e+02
2.048690870330593157e+02
2.055013441074013372e+02
2.051137113289249498e+02
2.048794642857142776e+02
2.052612685602106524e+02
2.053252274915369924e+02
2.058334184344489302e+02
2.056630384365626583e+02
2.055224654111332256e+02
2.057046938333488129e+02
2.063781797451581497e+02
2.065065637901442415e+02
2.056736596014801250e+02
2.052213824570116003e+02
2.053760702387994570e+02
2.057033794377435356e+02
2.057493909866017248e+02
2.056334312196017322e+02
2.048077046598051538e+02
2.049915350485333931e+02
2.056400435790022811e+02
2.053829592583556973e+02
2.052055393142091475e+02
2.051149743244895376e+02
2.052823309584213121e+02
2.061792813571667011e+02
2.061417487815617164e+02
2.057520652388098199e+02
2.057354166348780211e+02
2.060197130972043738e+02
2.063478657147197453e+02
2.063932627261318089e+02
2.056064462308509064e+02
2.055058705285759970e+02
2.058006934770758960e+02
2.060295381146791840e+02
2.060212329283935730e+02
2.058010363322323428e+02
2.051512686072440204e+02
2.058999969543765474e+02
2.056504738800910275e+02
2.065760538046453121e+02
2.049398609464612093e+02
2.044672499483938850e+02
2.051896309619602334e+02
2.060340635998573475e+02
2.068456292145210682e+02
2.060215463383414942e+02
2.055139460173537032e+02
2.061856906722472331e+02
2.065707589688119583e+02
2.072869250677281059e+02
2.068924082000450539e+02
2.068655567086284748e+02
2.073746854895816227e+02
2.077606036560717371e+02
2.082697982354967792e+02
2.080539288223248491e+02
2.073955132603442735e+02
2.075218760780549303e+02
2.075899420597966696e+02
2.078811116131947472e+02
2.069088775909268634e+02
2.067088303687373525e+02
2.066439736019451061e+02
2.065605196212725616e+02
2.070380111664403273e+02
2.068656121709731792e+02
2.061658648027112122e+02
2.057506215251096364e+02
2.059379687358814408e+02
2.066608827774823283e+02
2.062200286770809612e+02
2.062192860173343831e+02
2.061578554360812348e+02
2.066108176853445002e+02
2.068295680865610393e+02
2.071114027108837945e+02
2.069260116470061064e+02
2.070371342891670565e+02
2.076714470996884359e+02
2.080908398087268267e+02
2.078752427112514454e+02
2.078771677372457702e+02
2.079614401996316246e+02
2.079775538454668720e+02
2.081791912699005707e+02
2.077728930581613440e+02
2.074823356084067427e+02
2.065682657935053612e+02
2.071652232848859114e+02
2.073707439155976431e+02
2.071110961446360079e+02
2.065405857240947114e+02
2.066308058635315206e+02
2.069834254143646319e+02
2.069071163147339973e+02
2.065311525554598688e+02
2.062267501831283028e+02
2.064469339267992041e+02
2.068807012779311663e+02
2.069772504116376126e+02
2.066265416354088416e+02
2.065231915150782527e+02
2.065448895027624303e+02
2.070997037460336685e+02
2.075612651179499437e+02
2.073957995556356195e+02
2.066724011108609034e+02
2.066445235921763413e+02
2.065922222388797991e+02
2.066490748528175061e+02
2.063140762287462167e+02
2.060057043021189713e+02
2.060792597243400053e+02
2.064902400285005797e+02
2.067727801074082095e+02
2.068160982385624891e+02
2.065141217093613477e+02
2.065740591299244215e+02
2.068281484754750466e+02
2.071504707266843184e+02
2.073874312973140945e+02
2.069703640231651036e+02
2.069516216892657781e+02
2.072554625070032159e+02
2.080366813392023460e+02
2.076916483777210942e+02
2.069471888932108641e+02
2.056932943433593266e+02
2.055199673625223227e+02
2.068420459563582199e+02
2.069567815265735362e+02
2.070394270021524505e+02
2.070190772939049566e+02
2.071563265965097571e+02
2.079621199900277304e+02
2.079126765516028854e+02
2.076804248906316275e+02
2.074956866197182990e+02
2.075693936111029814e+02
2.080049318375879750e+02
2.079442891608803166e+02
2.078369085406363013e+02
2.074627493834635459e+02
2.075774999632736524e+02
2.081151307532153112e+02
2.077477349153438411e+02
2.071011484098939945e+02
2.066715330606979819e+02
2.069743479930295109e+02
2.070194785208635722e+02
2.069097889809359287e+02
2.062031616356745758e+02
2.063257893640448799e+02
2.060940063371731412e+02
2.066498753635230798e+02
2.066423086709874326e+02
2.059197315683594809e+02
2.044711893755507788e+02
2.058919718094070959e+02
2.063018870775227640e+02
2.066881748033160875e+02
2.063949813150035197e+02
2.057470471850830336e+02
2.058562529084167636e+02
2.061888732140713216e+02
2.058926899748656751e+02
2.054565445969898008e+02
2.053212260166525880e+02
2.051534576067348326e+02
2.054167332479083541e+02
2.053151781838863599e+02
2.047723013521440407e+02
2.040883357296908684e+02
2.047416160489547394e+02
2.052547621918138532e+02
2.054884928915644480e+02
2.057006495170064966e+02
2.054260976274884172e+02
2.061128939112519447e+02
2.050416378931508632e+02
2.058791582661290249e+02
2.062022098593726014e+02
2.059178812436446435e+02
2.062202862664572933e+02
2.065194758409510598e+02
2.067802487525135859e+02
2.061859586256737487e+02
2.056785123597514655e+02
2.053039534536774511e+02
2.059188691394258797e+02
2.058126849388767710e+02
2.057521968365553562e+02
2.052362959654607550e+02
2.055265282411820635e+02
2.060276190617533132e+02
2.064185566397837590e+02
2.058965517241379359e+02
2.059730381510163113e+02
2.057267543990234344e+02
2.065686014849643755e+02
2.066931853634621348e+02
2.064746900442049764e+02
2.061945661438162745e+02
2.059446874580117139e+02
2.062413885898815806e+02
2.064076507931788171e+02
2.058359131287322725e+02
2.054818677552966335e+02
2.051263022968119003e+02
2.056028803227385140e+02
2.056310529662941633e+02
2.058906033630069317e+02
2.056098988581739775e+02
2.058826142713199374e+02
2.059908429636603842e+02
2.058903604027763095e+02
2.054281919737720727e+02
2.050723760267721332e+02
2.049755095232318354e+02
2.057966839982208569e+02
2.064613357451387117e+02
2.058812995491994116e+02
2.055590431205241657e+02
2.056184216463368841e+02
2.054332577657002901e+02
2.058870892407828705e+02
2.054812562417087918e+02
2.052252982151932770e+02
2.050216931772184239e+02
2.052158218356328803e+02
2.053754626147133990e+02
2.050939650648474526e+02
2.047929345872768749e+02
2.048531148934877990e+02
2.048671463506395582e+02
2.041128016372896070e+02
2.051767845125748977e+02
2.049096729189272992e+02
2.054726343881052344e+02
2.052867567854596018e+02
2.056290986663484261e+02
2.062526114552267131e+02
2.054238093056636956e+02
2.057047865778435494e+02
2.057618344787294689e+02
2.057712812351762182e+02
2.061412345449762142e+02
2.053958240303035154e+02
2.047150254360465169e+02
2.048885816768793973e+02
2.052455164911538361e+02
2.048183885542168525e+02
2.045198499152747331e+02
2.040437939607082285e+02
2.045980128117344634e+02
2.047558575089852866e+02
2.049379962192816720e+02
2.043787864949615027e+02
2.048449890869407000e+02
2.047772238737708506e+02
2.054290867253334909e+02
2.056599296738859834e+02
2.051794542188080754e+02
2.048198122591072661e+02
2.051877296220187930e+02
2.054795570432008276e+02
2.052296236635555431e+02
2.043075024913396192e+02
2.040188804598056436e+02
2.041246336759949429e+02
2.048372958382261118e+02
2.043833445101505788e+02
2.038778636384338370e+02
2.040313892479659330e+02
2.039256131455972820e+02
2.046780103513030724e+02
2.048077200521832708e+02
2.043729216516350675e+02
2.043151612656094471e+02
2.050431850304184707e+02
2.051520375934057654e+02
2.055920538926739596e+02
2.050453964990967393e+02
2.048123307287613386e+02
2.047747425270032409e+02
2.043631376936584161e+02
2.048234612554214209e+02
2.042285378467325074e+02
2.039805235569226909e+02
2.038539719442655667e+02
2.040324611110239346e+02
2.039368494858211136e+02
2.038648155530342478e+02
2.036206510572396837e+02
2.040416910248915201e+02
2.045527784668816764e+02
2.049965144481745085e+02
2.033465767036348382e+02
2.043337129292507939e+02
2.048607916640193025e+02
2.050276805700053444e+02
2.050647235454102599e+02
2.049930656016101409e+02
2.045111436396259990e+02
2.044627245720752740e+02
2.043992434231179800e+02
2.044740704807210534e+02
2.043727175754533505e+02
2.038671483895343499e+02
2.038635463178416387e+02
2.043873303737287870e+02
2.040457198291373970e+02
2.040949378064353255e+02
2.040507885592087689e+02
2.042203547058268498e+02
2.048297028772017541e+02
2.051522494068102844e+02
2.050480983988171886e+02
2.049129338732294343e+02
2.050571988061209936e+02
2.057789242934314586e+02
2.057040382738975666e+02
2.051249506981146737e+02
2.047608201534236230e+02
2.042648556075794204e+02
2.050575200827169340e+02
2.052595411444656008e+02
2.047382507040923940e+02
2.043081353150935513e+02
2.041452204729347955e+02
2.046644643922036266e+02
2.048806354389049602e+02
2.047123145749941386e+02
2.050177217185652410e+02
2.052555601187843592e+02
2.057212516256404626e+02
2.059164032646129101e+02
2.059201464630725980e+02
2.053460970414936924e+02
2.055878548329141040e+02
2.059291497661118626e+02
2.060639097744360981e+02
2.054422830936261732e+02
2.054537674741138744e+02
2.055811688822464873e+02
2.056351368295664486e+02
2.054999229583975193e+02
2.050784382910178749e+02
2.048882196471703310e+02
2.047494126859828043e+02
2.051868797806546354e+02
2.057877808829943547e+02
2.056222976651827139e+02
2.052128646176019231e+02
2.049938730040846622e+02
2.053193852194987414e+02
2.062971546404444041e+02
2.057335832038272656e+02
2.055632973503434471e+02
2.054224548339843750e+02
2.054343502443957448e+02
2.057058098671899984e+02
2.058486398225453797e+02
2.049152398842150546e+02
2.052769469282929151e+02
2.054812328013208571e+02
2.056079677764491294e+02
2.053750826797694344e+02
2.048296838131193738e+02
2.050126647510775229e+02
2.055516107308975222e+02
2.057305753655529656e+02
2.053892921251853636e+02
2.049717692223661629e+02
2.047257656250000082e+02
2.051916270904844737e+02
2.054556252062025976e+02
2.049842423482973857e+02
2.042107926331007377e+02
2.039670004408338286e+02
2.041102859851477263e+02
2.043820541938740121e+02
2.044382896788771689e+02
2.039976454972109536e+02
2.034199661431393054e+02
2.039288315179171320e+02
2.044800119284918196e+02
2.042406140655045306e+02
2.040743948165230961e+02
2.042640689231544684e+02
2.045420938763991785e+02
2.051495113493064366e+02
2.050996675647145935e+02
2.050859541745134891e+02
2.046492294129685376e+02
2.049392130130224245e+02
2.062352736805533766e+02
2.053761963884392117e+02
2.052328575515783484e+02
2.047650755343822198e+02
2.055027239325985136e+02
2.055862661749078200e+02
2.052762009765317259e+02
2.046153629272266130e+02
2.049147643420102440e+02
2.051235599123733095e+02
2.051607891415125096e+02
2.053491566114800833e+02
2.054431484130602428e+02
2.053689853719265557e+02
2.056491781165694306e+02
2.062466499686912869e+02
2.060675216899282987e+02
2.059545211511243679e+02
2.055203594982135371e+02
2.053786709337349237e+02
2.056518596834513914e+02
2.052123593219277780e+02
2.049147331695793071e+02
2.042974778844344144e+02
2.044695947532361799e+02
2.050499905529663920e+02
2.052347870895207507e+02
2.049469169489399292e+02
2.048968396691113298e+02
2.050393503276580986e+02
2.059536427999560431e+02
2.055457000219787176e+02
2.057350264516941820e+02
2.052262586935020749e+02
2.056094009332038866e+02
2.057420875102452271e+02
2.055110172143974978e+02
2.052048854383639593e+02
2.052520451028078696e+02
2.051476932717161503e+02
2.055556361571942432e+02
2.052943491486092285e+02
2.048892923096184404e+02
2.042102094118015145e+02
2.045443457239733789e+02
2.047794845215096871e+02
2.046029274762754540e+02
2.046535973369343253e+02
2.043303217724888441e+02
2.045287725597656561e+02
2.054594543297746156e+02
2.054364970414201252e+02
2.048337229919505660e+02
2.047281380702850697e+02
2.039843426353301936e+02
2.049010760320712166e+02
2.041308153877986342e+02
2.040428339676795417e+02
2.037940526577866365e+02
2.031241162004303646e+02
2.041960549726977092e+02
2.039239916315417247e+02
2.039543308293729638e+02
2.036810202666255805e+02
2.035925641773181383e+02
2.043623295019156956e+02
2.044981632278209531e+02
2.043971670515781227e+02
2.039354427659051794e+02
2.042127170112263173e+02
2.045590891064946106e+02
2.050112193089399852e+02
2.047634223811204492e+02
2.042179210696571090e+02
2.036039071173060222e+02
2.043429635516494329e+02
2.043543111527647795e+02
2.038118325802467439e+02
2.034726199978089483e+02
2.038335019123178427e+02
2.039846936357748746e+02
2.033282338942716478e+02
2.036436617754156373e+02
2.030749942205440561e+02
2.036100812907993713e+02
2.037930773391022115e+02
2.041190549389737896e+02
2.043588722794516457e+02
2.035492803311094576e+02
2.036987062428425759e+02
2.044372085794218208e+02
2.048876113335195441e+02
2.039906571016873045e+02
2.035231926776295097e+02
2.033188000745295199e+02
2.039744824791121403e+02
2.037038732887913000e+02
2.029981593273745375e+02
2.028859872012045855e+02
2.027031425715356932e+02
2.030801606651663178e+02
2.030737362517014333e+02
2.033564765396574785e+02
2.028611620135820033e+02
2.030078052550231860e+02
2.037131220709662784e+02
2.036139104710510139e+02
2.037610365912219663e+02
2.033699003145490849e+02
2.036276600727567825e+02
2.037247405194279679e+02
2.036595642397456629e+02
2.032993288590604095e+02
2.029538851561528077e+02
2.031002908559252091e+02
2.032508614103743412e+02
2.035909622856429451e+02
2.033096958888680206e+02
2.029156951234799919e+02
2.028882489564043681e+02
2.033451972960226328e+02
2.032560028801302110e+02
2.031676741418191057e+02
2.031062937062937124e+02
2.031588387602981811e+02
2.034957918658412552e+02
2.038319155269383316e+02
2.039666354117831020e+02
2.037453446153366485e+02
2.033811583566264574e+02
2.036347492873498766e+02
2.033052563450603145e+02
2.035516028633675774e+02
2.025897128819284205e+02
2.026403865158669078e+02
2.033811893106492334e+02
2.027035370089525941e+02
2.028401444410861814e+02
2.027949878892459878e+02
2.024785525925694856e+02
2.028213493430135941e+02
2.034070246653445508e+02
2.036335704390866681e+02
2.032515151043046160e+02
2.030035510482570089e+02
2.034873851787487524e+02
2.036544489656986343e+02
2.034980730238821138e+02
2.030682544112630694e+02
2.030837847486302223e+02
2.033594484293841163e+02
2.034387354224023454e+02
2.036428205883721319e+02
2.032712882601846900e+02
2.028821944117464682e+02
2.031934889625065637e+02
2.033303114580292004e+02
2.036979864735492924e+02
2.034159056192921469e+02
2.028294950486946675e+02
2.028612901662385468e+02
2.038096073210783743e+02
2.042074892863355444e+02
2.038975159136780064e+02
2.040492811563004523e+02
2.052162162162161962e+02
2.053310643470333616e+02
2.050676876565076725e+02
2.043103891975355282e+02
2.044607455242773142e+02
2.050492347016401595e+02
2.052971972260580458e+02
2.050584670989688618e+02
2.048583098420781425e+02
2.048137867787542916e+02
2.048374727734753264e+02
2.059635169589739689e+02
2.056040274627597739e+02
2.054658655547520425e+02
2.049432883289246377e+02
2.056596483678613083e+02
2.058782385399630073e+02
2.064350408200847085e+02
2.061307562767911747e+02
2.056382722343235798e+02
2.052068288601403196e+02
2.044827426268313104e+02
2.051418309547166245e+02
2.050291525105290305e+02
2.047081092741251780e+02
2.052698838520867071e+02
2.059980993181681015e+02
2.062742464800447522e+02
2.058499101031924567e+02
2.057235603042375942e+02
2.058056846460588361e+02
2.069367297252340165e+02
2.072933311149093356e+02
2.066539774692797096e+02
2.065990572431138048e+02
2.067954134608202139e+02
2.074827503305685923e+02
2.071083919756327987e+02
2.064763598326359784e+02
2.065368633718300373e+02
2.067220978621757013e+02
2.068539992173153905e+02
2.068800042140750008e+02
2.064645499152199193e+02
2.061872444437738636e+02
2.060005969211435968e+02
2.053693635822392025e+02
2.063111859099804235e+02
2.062217630004318210e+02
2.061717308364620180e+02
2.064849072321090659e+02
2.068285130178582278e+02
2.074823810741303305e+02
2.068507400083887546e+02
2.068652672212579944e+02
2.072495443272477473e+02
2.074893339529584750e+02
2.073645224462948420e+02
2.071181544154952689e+02
2.066577165260781612e+02
2.064896571224477668e+02
2.067478124630483478e+02
2.070246550824073495e+02
2.070474430159989367e+02
2.066550220948286096e+02
2.069692130245763622e+02
2.068704521462450145e+02
2.067893359598959080e+02
2.071215428866435388e+02
2.073511742464185090e+02
2.064368659012165210e+02
2.060839472358644855e+02
2.069026953088569201e+02
2.076884874464176107e+02
2.075880812246925586e+02
2.072998916286872202e+02
2.078455194266761623e+02
2.080022249727404073e+02
2.077916629894390041e+02
2.075045339938956772e+02
2.072611884360440229e+02
2.077694842618590201e+02
2.077226204170722497e+02
2.077723842908918073e+02
2.072260658857108808e+02
2.072479816486430195e+02
2.080181322447033665e+02
2.084446383035834174e+02
2.081342154727451828e+02
2.079940164324839031e+02
2.077995103088935593e+02
2.084458560101875264e+02
2.075663564869463755e+02
2.067953588443214983e+02
2.060716350441280724e+02
2.064856030409824541e+02
2.072711573527834332e+02
2.080141803054686704e+02
2.074192731360059838e+02
2.070582104841223838e+02
2.070980663186530251e+02
2.077487263787690495e+02
2.082029556795700955e+02
2.078344092016079401e+02
2.077537062834518622e+02
2.077518578540872909e+02
2.080299388143648116e+02
2.083534555384481450e+02
2.082097963483145975e+02
2.077335462047648207e+02
2.076755400839561787e+02
2.075969457281668440e+02
2.069499388743597024e+02
2.058842339076647647e+02
2.061573185731857052e+02
2.067526197831485888e+02
2.073453871882171313e+02
2.074877399988111506e+02
2.075318087625813916e+02
2.078110328118305858e+02
2.080762019868525670e+02
2.087979910714285552e+02
2.094437227537376600e+02
2.092590923673695613e+02
2.090298368839612237e+02
2.090809856096360306e+02
2.094761117875572438e+02
2.096614253949002205e+02
2.094064818034306938e+02
2.089845534110009737e+02
2.085410514476871811e+02
2.086369753698830891e+02
2.090047016274864404e+02
