10
21
38
74
112
156
172
187
202
217
233
251
270
291
311
330
350
373
386
410
421
437
456
474
492
510
529
547
565
583
599
622
634
667
684
717
733
749
763
810
825
848
872
890
907
922
937
971
986
1002
1019
1037
1056
1075
1095
1132
1153
1169
1185
1203
1220
1237
1254
1271
1289
1307
1325
1376
1392
1409
1425
1441
1464
1475
1492
1509
1526
1543
1560
1576
1593
1609
1625
1643
1661
1679
1697
1715
1734
1751
1765
1782
1798
1830
1846
1862
1879
1895
1914
1931
1949
1965
1999
2015
2030
2045
2059
2074
2089
2105
2119
2135
2151
2167
2183
2202
2216
2238
2263
2279
2307
2321
2334
2348
2398
2418
2437
2512
