-3.116007317209804062e-02
-6.485076661049610225e-02
-1.079678538445927594e-01
-1.640585944417151942e-01
-2.271833352238150638e-01
-2.824637326257989356e-01
-3.105000987814915403e-01
-2.940449159820749392e-01
-2.243872840724001894e-01
-1.049123631525826633e-01
4.969001879400476718e-02
2.183414721019654170e-01
3.804577677550741166e-01
5.214579943535204709e-01
6.341451452705870739e-01
7.156484524742181552e-01
7.624359087806820146e-01
7.670868429104209518e-01
7.193238482340387208e-01
6.112064055343606750e-01
4.439961657700999265e-01
2.331840129722316801e-01
8.838849359711631326e-03
-1.896679733346869901e-01
-3.232973291869074006e-01
-3.644036202279143932e-01
-3.056483875672593165e-01
-1.636937242072674381e-01
2.386745247748520149e-02
2.077382933458110648e-01
3.396651430418123341e-01
3.849200668937637904e-01
3.308505785848006031e-01
1.890885724789936884e-01
-9.043054929886384929e-03
-2.223399432361832240e-01
-4.115855782720833078e-01
-5.497195726564392260e-01
-6.271938474170748457e-01
-6.512012217942974024e-01
-6.397421107953273900e-01
-6.132589643556439762e-01
-5.870736582060025466e-01
-5.670862743443414455e-01
-5.496856569397690073e-01
-5.252453300515520507e-01
-4.834239788618954758e-01
-4.180348957030637358e-01
-3.295717991763981725e-01
-2.244777182152808970e-01
-1.116445125553627848e-01
2.044779515626871103e-03
1.146893813233655912e-01
2.289577335693772087e-01
3.480565829896809515e-01
4.699509185489609830e-01
5.830926926342741012e-01
6.666739276267414915e-01
6.965044132602143945e-01
6.548572142029448484e-01
5.402466551537652428e-01
3.723481876327742746e-01
1.889011398701798683e-01
3.496138217062289000e-02
-5.152306679455717631e-02
-5.214426126306315190e-02
2.618132540593284818e-02
1.537862484867415502e-01
2.876704493260019424e-01
3.842049778795336712e-01
4.111819354572857632e-01
3.560829076141316385e-01
2.287096188837711985e-01
5.772591770489579610e-02
-1.178253773033626217e-01
-2.595711807399023741e-01
-3.401909804107386970e-01
-3.501416820958848652e-01
-2.989443952890418199e-01
-2.110006374028615128e-01
-1.175557111737481758e-01
-4.742380937185500245e-02
-1.920888398858744406e-02
-3.712809985933079870e-02
-9.140872492292462237e-02
-1.627958676086235512e-01
-2.293673547922624456e-01
-2.732253770270516857e-01
-2.850566113772899923e-01
-2.656295314258774742e-01
-2.243111222540326022e-01
-1.752919289669169489e-01
-1.325155309888390309e-01
-1.045085459701842190e-01
-9.047626900072452960e-02
-7.908527910739773792e-02
-5.104794363516430844e-02
1.430018993503504032e-02
1.297730230905546622e-01
2.915206835033883892e-01
4.747245889766670834e-01
6.371465169630480263e-01
7.309194948842875350e-01
7.189168644579294609e-01
5.891746266471658000e-01
3.609971172030683739e-01
7.967579296146054535e-02
-1.983195457089126368e-01
-4.236298656623825876e-01
-5.683908292725388112e-01
-6.314252327433762524e-01
-6.331640207228537154e-01
-6.033468281051220794e-01
-5.670131133926784583e-01
-5.345342379607884720e-01
-4.995808722406651081e-01
-4.455434159090712054e-01
-3.571489555225403345e-01
-2.314203745768153853e-01
-8.215951490057341045e-02
6.476555747499912474e-02
1.832084594686088641e-01
2.595450628848903762e-01
2.996690584170569882e-01
3.262075223429750093e-01
3.668765973731573649e-01
4.393987165267665973e-01
5.403181510543412225e-01
6.433579846302260874e-01
7.084778898509136447e-01
6.978943833725245183e-01
5.923496437648854140e-01
4.008074631859047110e-01
1.593273137313955812e-01
-8.064630983125975483e-02
-2.696580360292212819e-01
-3.759242145771108934e-01
-3.931872656124553167e-01
-3.385656189652100911e-01
-2.426059204480460474e-01
-1.365712168576197483e-01
-4.243539097994401821e-02
3.077645618959783114e-02
8.395509145094898207e-02
1.211076310727510763e-01
1.432089373787884812e-01
1.460474130921874392e-01
1.227270445761993733e-01
6.893568606828631706e-02
-1.218919921076747070e-02
-1.084382816338813060e-01
-2.012683382591154424e-01
-2.717177644018810012e-01
-3.066940440142260638e-01
-3.027988370620460223e-01
-2.663235111134434341e-01
-2.099887008509961905e-01
-1.482764304019366097e-01
-9.333113005701626497e-02
-5.266835338356526397e-02
-2.891727918581474266e-02
-2.098509386199162718e-02
-2.560749284899013767e-02
-3.839094117928816552e-02
-5.411628347689845242e-02
-6.681936604594590490e-02
-7.039469852793535376e-02
-6.000556078042566105e-02
-3.384547661469359398e-02
5.644135522598389687e-03
5.188007564824426154e-02
9.579300934506676524e-02
1.285432110790508120e-01
1.442481910487395103e-01
1.415964211775540549e-01
1.237511942732420905e-01
9.678006240844488905e-02
6.743500518761801066e-02
4.116544602646494272e-02
2.091104589419483240e-02
6.824570329373592925e-03
-3.152614811813017615e-03
-1.200745804755484064e-02
-2.191646705474389195e-02
-3.258053487266709264e-02
-4.043132321277703028e-02
-3.940155813824870040e-02
-2.332107364564729030e-02
1.088242594159033461e-02
6.061674476474969431e-02
1.170576464419804952e-01
1.671226074569771569e-01
1.973629086474429917e-01
1.982787031094774832e-01
1.674140518495524643e-01
1.101572388816309533e-01
3.810645214650887347e-02
-3.428360525867980846e-02
-9.359849183883933721e-02
-1.307243393375026042e-01
-1.426092847499514926e-01
-1.321508724547527658e-01
-1.064030617563453407e-01
-7.383733510782031217e-02
-4.169355068303967626e-02
-1.432142862848889524e-02
7.106535773217334540e-03
2.372606095404496823e-02
3.754009035034309993e-02
5.003843931026986935e-02
6.132445021257547368e-02
6.992382635260832591e-02
7.322492070174710377e-02
6.836855447096110150e-02
5.333516424491573787e-02
2.793051348927734837e-02
-5.630602490820549311e-03
-4.276482088160301481e-02
-7.726547207620998448e-02
-1.026716581033978171e-01
-1.140061176767227513e-01
-1.094380960516587453e-01
-9.128678312501628533e-02
-6.581796696238553790e-02
-4.160296364404598296e-02
-2.676338791412334606e-02
-2.599704382393604185e-02
-3.856172176721237022e-02
-5.816971954872812711e-02
-7.504469025859217268e-02
-7.950426179120573256e-02
-6.576129293183161084e-02
-3.447756151467232244e-02
6.990650646144548619e-03
4.689556620137291798e-02
7.322151747610387840e-02
7.812801299442438674e-02
6.098374232900169445e-02
2.875834364710908031e-02
-6.403776029746878484e-03
-3.145403644449138586e-02
-3.687946691921299008e-02
-1.968511437785567739e-02
1.600457880192621835e-02
6.068530897265283358e-02
1.027083635752195911e-01
1.317773651800100976e-01
1.415746976103584853e-01
1.308858700346039738e-01
1.032118271224380518e-01
6.529425593707689768e-02
2.511719483045684459e-02
-1.009144472092277089e-02
-3.540783013998995143e-02
-4.895984288794730938e-02
-5.173213272466771484e-02
-4.659763048326051593e-02
-3.702166396642694174e-02
-2.596729800790742795e-02
-1.536960563844383051e-02
-6.235674494573573146e-03
8.707019363468097503e-04
5.349385470243521110e-03
6.419267573445040787e-03
3.401497413454848337e-03
-3.764366710065442101e-03
-1.412926766005740201e-02
-2.575884958880074460e-02
-3.621667078707287851e-02
-4.329398059555830680e-02
-4.566097131679246884e-02
-4.318270827637915588e-02
-3.681674408548028798e-02
-2.817940861619434856e-02
-1.896808393640170634e-02
-1.044974461860615975e-02
-3.187566561777051277e-03
2.911414156244299806e-03
8.274502755884215882e-03
1.324799061624588534e-02
1.782452673328826370e-02
2.166008201218181869e-02
2.433499589352659462e-02
2.566057532574528982e-02
2.582885642259745082e-02
2.532844977283355697e-02
2.469623957012503229e-02
2.425116591582817532e-02
2.394135294717483417e-02
2.336495927904895520e-02
2.194405853351482152e-02
1.917052724307949374e-02
1.482128445645550761e-02
9.056441915152833866e-03
2.356180138173716646e-03
-4.676559147756949308e-03
-1.153207555615071156e-02
-1.787898165695527355e-02
-2.345438312864906588e-02
-2.785508772895600380e-02
-3.042814792888680342e-02
-3.041557216543225306e-02
-2.734751693701945735e-02
-2.150564388440542873e-02
-1.419210721113804696e-02
-7.586412094924523813e-03
-4.142125261473943165e-03
-5.704906934780717281e-03
-1.271299301580840549e-02
-2.385402480367911776e-02
-3.635738754986487381e-02
-4.679949161196626795e-02
-5.207848817319311874e-02
-5.019929636839204345e-02
-4.066860270318387038e-02
-2.449792469312355586e-02
-3.931786331276443391e-03
1.797100120439300980e-02
3.782388141655460001e-02
5.243700579535169604e-02
5.936586286155953046e-02
5.744140776546400456e-02
4.717666068522641948e-02
3.089425624219343039e-02
1.243303543674092668e-02
-3.612349843456111320e-03
-1.300942215833474774e-02
-1.308823922871859072e-02
-3.638716468182447844e-03
1.286586773930799461e-02
3.190703510783272911e-02
4.828553703234404748e-02
5.774393452442513897e-02
5.822338863676883997e-02
5.027155651118650481e-02
3.650873746547835669e-02
2.048764637201504896e-02
5.500146928455754147e-03
-6.210046131910819389e-03
-1.366172229367553642e-02
-1.689184289625693738e-02
-1.650532936652524679e-02
-1.326370495885802886e-02
-7.867273591037515085e-03
-9.727310388074547620e-04
6.621096496686382921e-03
1.377350174548338385e-02
1.897025144955999040e-02
2.057955454691400010e-02
1.737392967576598113e-02
9.138205072851495608e-03
-2.913043731843478756e-03
-1.617268224083000250e-02
-2.727249748001131860e-02
-3.323864640981123719e-02
-3.285272475799447256e-02
-2.770034951184116578e-02
-2.235500054958769814e-02
-2.335655798465921876e-02
-3.705984238038939615e-02
-6.688615145276891050e-02
-1.108388553443175328e-01
-1.602523784731142431e-01
-2.005912638550862437e-01
-2.146481403164565149e-01
-1.876883203524580823e-01
-1.131273973981774539e-01
3.358341748393195436e-03
1.432981838021343546e-01
2.793934783585039217e-01
3.831041617599704185e-01
4.331996671712261548e-01
4.218489319543828331e-01
3.557358897776516926e-01
2.520105670795366182e-01
1.313455401709799075e-01
1.151571448947130705e-02
-9.585020472915956047e-02
-1.848300564081965802e-01
-2.527341647122463009e-01
-2.981063387195656000e-01
-3.207375325001302624e-01
-3.232359452169627501e-01
-3.122324605331984193e-01
-2.974000114490443769e-01
-2.879347062650015054e-01
-2.879180345335454749e-01
-2.929524197430808385e-01
-2.901146593629712056e-01
-2.618201111003348736e-01
-1.923852068666019322e-01
-7.480162178865504274e-02
8.492176120509747905e-02
2.675326097204915321e-01
4.445594706685441211e-01
5.852740453298497236e-01
6.644188134675657054e-01
6.684224434756289579e-01
5.984063425764809541e-01
4.693414332315051229e-01
3.059043751712031689e-01
1.364717646775721049e-01
-1.304826883037005225e-02
-1.241748960914205446e-01
-1.887647693631252788e-01
-2.094523804179499460e-01
-1.975618155856665725e-01
-1.689711557172083878e-01
-1.390822259806480110e-01
-1.184580057845729673e-01
-1.104914557403760267e-01
-1.117057016126786761e-01
-1.143255462982287196e-01
-1.100086204506595805e-01
-9.332908331199857299e-02
-6.382900566657201402e-02
-2.608322444650282290e-02
1.199507287189698762e-02
4.177738016358167883e-02
5.646183128659387762e-02
5.277868860516491539e-02
3.156156964609187904e-02
-2.725247380966869248e-03
-4.321288262394246821e-02
-8.226028049678035803e-02
-1.131419660553335815e-01
-1.314417596463943738e-01
-1.358340354602461941e-01
-1.280514132520986781e-01
-1.120567631603006653e-01
-9.268519403069364060e-02
-7.417889384808104558e-02
-5.903964036129008552e-02
-4.750402531779503168e-02
-3.777100322005978728e-02
-2.690893056124976646e-02
-1.215266983334279544e-02
7.870421513125308577e-03
3.246796128322101960e-02
5.904478629944671930e-02
8.401181819292040387e-02
1.040026979704245930e-01
1.168388582395130521e-01
1.218708528922574919e-01
1.196923599945357297e-01
1.115386746816598718e-01
9.876996235816416780e-02
8.268550760769072250e-02
6.464590574501062614e-02
4.627379031826016342e-02
2.947427306562976079e-02
1.615297165821391601e-02
7.710657337211573870e-03
4.544689532978526958e-03
5.815317892900483121e-03
9.627174114374269231e-03
1.358726106027975666e-02
1.553345912971906828e-02
1.416796791039815276e-02
9.385559678372318304e-03
2.205703795197223871e-03
-5.646639504919226393e-03
-1.234844838372158721e-02
-1.655444512343580768e-02
-1.775523899195975350e-02
-1.633183099621590001e-02
-1.333254911661739539e-02
-1.008091525576310619e-02
-7.754914529271157188e-03
-7.063721717889367979e-03
-8.112696241160205490e-03
-1.049840207283528684e-02
-1.359439574134659046e-02
-1.689406196725380324e-02
-2.023715135112752472e-02
-2.380253865599622765e-02
-2.787227243115419223e-02
-3.249845796808956827e-02
-3.726822270621739375e-02
-4.131528090161001171e-02
-4.358939389285051286e-02
-4.325875229373371544e-02
-4.006694794084340872e-02
-3.450194915849525562e-02
-2.771516238496511686e-02
-2.121609216522168245e-02
-1.644085932559411628e-02
-1.433123596787573908e-02
-1.505385622039553603e-02
-1.794528520827738324e-02
-2.170075820644238110e-02
-2.474291613133228901e-02
-2.564029490222510810e-02
-2.343692927654767236e-02
-1.781554682202646928e-02
-9.104400228303312359e-03
1.810418771904622956e-03
1.361889149753973266e-02
2.476927557044754022e-02
3.372505695951618504e-02
3.928749223309407901e-02
4.091124317856474624e-02
3.891054398474731724e-02
3.447870713827531908e-02
2.949591418777563340e-02
2.614688089639525398e-02
2.640549949826655196e-02
3.147447297702551938e-02
4.130197937577997913e-02
5.433847109894537897e-02
6.770951034302710725e-02
7.788934043539684493e-02
8.174519233925348072e-02
7.759282846805941325e-02
6.582195672307175616e-02
4.879784562724119590e-02
3.006079307860673108e-02
1.315669353267506086e-02
5.688691944356616403e-04
-6.870959616540432691e-03
-9.951342062051442283e-03
-1.052855594432201142e-02
-1.070218235234029341e-02
-1.201613240519667364e-02
-1.495517399007058670e-02
-1.891465059029530729e-02
-2.265819951398418547e-02
-2.507217228137608583e-02
-2.586522073615060355e-02
-2.585519415061378334e-02
-2.666987553872548697e-02
-2.998342768148001825e-02
-3.666309713941391657e-02
-4.626527042280582924e-02
-5.714127678645032626e-02
-6.708290372931777212e-02
-7.415519947476943707e-02
-7.729799400262468700e-02
-7.644867781662215145e-02
-7.222809494830365051e-02
-6.546774384724225737e-02
-5.690686116921489512e-02
-4.722475700571570484e-02
-3.730307128233691094e-02
-2.842706117015442180e-02
-2.217801243000554895e-02
-2.000077995827466426e-02
-2.265747986706995870e-02
-2.984127983696652220e-02
-4.012413146228470395e-02
-5.125397081391321746e-02
-6.069496495519991625e-02
-6.625021566390744410e-02
-6.659829823845192509e-02
-6.158602367934691568e-02
-5.215712860804549988e-02
-3.988784758716917844e-02
-2.624592924476968139e-02
-1.183814498881881686e-02
4.022126387485856769e-03
2.317882000436483070e-02
4.790041093776781916e-02
7.977060083436382509e-02
1.185796777425455750e-01
1.616253658806320048e-01
2.037603721825655134e-01
2.383452100034429422e-01
2.589720907810980077e-01
2.614931855536549721e-01
2.456659526629578483e-01
2.157505687349574597e-01
1.796910298474547196e-01
1.469994965079721161e-01
1.259679753922272882e-01
1.211360051110770691e-01
1.318862064451582494e-01
1.526267210964798726e-01
1.744523143761808337e-01
1.877172848020302043e-01
1.847308588136429286e-01
1.617736617827557899e-01
1.198163417309243695e-01
6.373816109072377722e-02
4.220791850178262639e-04
-6.342874548989138606e-02
-1.228456547506109747e-01
-1.750294371887918254e-01
-2.188478206720204655e-01
-2.541175335694857984e-01
-2.814614326568308234e-01
-3.030460368853421516e-01
-3.237192746648089869e-01
-3.514548521949992788e-01
-3.959887539585498217e-01
-4.652259709292270173e-01
-5.601573006939909449e-01
-6.701585550386857104e-01
-7.710900257214794440e-01
-8.281690925811342474e-01
-8.040951792105868190e-01
-6.707642463778515918e-01
-4.209410997791904752e-01
-7.544338401565942043e-02
3.176017489956279860e-01
6.921749349058828882e-01
9.799072877343104615e-01
1.126860086029803920e+00
1.106387149845261098e+00
9.246874359273655752e-01
6.183154481124479851e-01
2.451349792214327916e-01
-1.286480754572113527e-01
-4.423944650094202569e-01
-6.528530518512878356e-01
-7.410575427119772129e-01
-7.123708981582892452e-01
-5.897391398086864189e-01
-4.027832562522246640e-01
-1.771934576192814026e-01
7.116404020180830403e-02
3.351188949044537901e-01
6.090254941245775155e-01
8.795725374740690494e-01
1.119918352595067113e+00
1.291219071953317199e+00
1.352134599547027083e+00
1.272894501401887091e+00
1.048052048051337781e+00
7.023780688674410300e-01
2.871836841509098903e-01
-1.317498398374810087e-01
-4.902896401016805239e-01
-7.405765389600442727e-01
-8.597030165085816078e-01
-8.507345417573782820e-01
-7.374265817754490637e-01
-5.559001644785364071e-01
-3.465491325839756831e-01
-1.479726599177161317e-01
7.085961750769587120e-03
9.487343431877465205e-02
1.037440237322100334e-01
3.701414541425074312e-02
-8.601157303486628436e-02
-2.328180809061914935e-01
-3.650770240126929300e-01
-4.491599494132475501e-01
-4.661783998617512470e-01
-4.174994239374377747e-01
-3.232632305685775864e-01
-2.143036337820666548e-01
-1.206553111768407793e-01
-6.126119612808911263e-02
-3.895456630199939374e-02
-4.245192640390499372e-02
-5.392127617666345185e-02
-5.825292439052434657e-02
-4.978332403968344089e-02
-3.396744628149089840e-02
-2.406273223223343027e-02
-3.472038266012369978e-02
-7.491407742318592633e-02
-1.424019579780941847e-01
-2.215199743403400978e-01
-2.854851902205342018e-01
-3.031756208816912546e-01
-2.486470617488263368e-01
-1.102718487653118473e-01
1.036777049470110623e-01
3.647196601248818837e-01
6.287859182640187505e-01
8.440938610409514098e-01
9.605017130843731543e-01
9.391686144816339121e-01
7.616065097863056188e-01
4.367869300421751699e-01
4.286812973568476792e-03
-4.687126290663639061e-01
-8.977887105691553238e-01
-1.198017611301663621e+00
-1.303497621827180986e+00
-1.184368490793454631e+00
-8.560639598641169856e-01
-3.771789520056226808e-01
1.647093596890675249e-01
6.758954911122702081e-01
1.080657495723943651e+00
1.337615713763312453e+00
1.442468392069011784e+00
1.418177766994504152e+00
1.299716064991664144e+00
1.121260905494923410e+00
9.096905079767900748e-01
6.835556262187558740e-01
4.546529811523941089e-01
2.299567999658431172e-01
1.326251470572314961e-02
-1.930558856338860929e-01
-3.858376474466537198e-01
-5.589767731100071524e-01
-7.025505318231984875e-01
-8.043246082768203964e-01
-8.535994489574969535e-01
-8.459368956196881006e-01
-7.865148480881652970e-01
-6.902355226511308617e-01
-5.780922546815756569e-01
-4.709875875650741395e-01
-3.833991477236923240e-01
-3.194855538140870532e-01
-2.733242418649889371e-01
-2.333132658863408260e-01
-1.889765896343169049e-01
-1.372160426337180050e-01
-8.506824431535725539e-02
-4.744096042062395657e-02
-4.059883889179094485e-02
-7.423281764802791560e-02
-1.456971198942592083e-01
-2.390351571885135917e-01
-3.292491054434873998e-01
-3.899877530405922443e-01
-4.014977862988914348e-01
-3.558351318780543782e-01
-2.577648782996749821e-01
-1.216961972084590060e-01
3.355052996032303891e-02
1.899416008442685322e-01
3.337656029026012661e-01
4.569098186646309290e-01
5.562044660574948507e-01
6.316802844030793285e-01
6.846611893599574561e-01
7.163505896323932864e-01
7.271543952065580019e-01
7.166399268617649199e-01
6.838968267171461335e-01
6.281124036860963322e-01
5.492687934879957323e-01
4.489104695795312905e-01
3.308840906652839031e-01
2.018436073599350067e-01
7.122491427012028753e-02
-4.958827137974897159e-02
-1.490281160672443095e-01
-2.178390679668730789e-01
-2.516620721843152997e-01
-2.527105647909354547e-01
-2.296327396847485380e-01
-1.952947130602686598e-01
-1.631103883275030475e-01
-1.432191225223601594e-01
-1.399492559960509863e-01
-1.515224341093497351e-01
-1.720101885457709923e-01
-1.945575879259802132e-01
-2.143432616690610082e-01
-2.299500642221538327e-01
-2.426764898897563194e-01
-2.543749886650515935e-01
-2.651023782232777015e-01
-2.718744418936467344e-01
-2.692065167451498375e-01
-2.512629486336400708e-01
-2.147190431502383756e-01
-1.611112492738829283e-01
-9.761785957064036956e-02
-3.580260844402011200e-02
1.139356566610935650e-02
3.351884226535403744e-02
2.613337468458104551e-02
-7.214047078000829227e-03
-5.544318872857106895e-02
-1.030433689154092308e-01
-1.350650971413067947e-01
-1.423316564077893032e-01
-1.248020028520385322e-01
-9.146999585884404982e-02
-5.645169729513925538e-02
-3.254326544634009166e-02
-2.482259993086771699e-02
-2.716582413874027782e-02
-2.358206494833197525e-02
5.680105050296424540e-03
7.545505759511586530e-02
1.879813675783342519e-01
3.296316961580207927e-01
4.737192598142179190e-01
5.885004945840462964e-01
6.473353431597733687e-01
6.371371955696987222e-01
5.620136190372525542e-01
4.409822580158306859e-01
3.010001755132259982e-01
1.682613000470687958e-01
6.107429766984806552e-02
-1.341414382941955030e-02
-5.820998712711744627e-02
-8.243036748312576600e-02
-9.635959443528524515e-02
-1.075998923196542223e-01
-1.194367147004097018e-01
-1.314046060008138561e-01
-1.411507322614226900e-01
-1.463915205409052900e-01
-1.460852150746929090e-01
-1.406254126952747874e-01
-1.314620281269764102e-01
-1.207241456262535123e-01
-1.111100364564136245e-01
-1.058311785555641760e-01
-1.081674715285292632e-01
-1.204146011081380085e-01
-1.425447194422990727e-01
-1.713684338624828218e-01
-2.009773228425402181e-01
-2.246621278985040659e-01
-2.376715084143538881e-01
-2.396135295813648369e-01
-2.353270966484962978e-01
-2.336303154336990540e-01
-2.441973235887033300e-01
-2.735526534265774190e-01
-3.215147592951148603e-01
-3.792990047777476947e-01
-4.300499193844165569e-01
-4.519870482766974451e-01
-4.236737257809736201e-01
-3.301843279736718095e-01
-1.683616290772842750e-01
5.068222086107831981e-02
3.028705396840500885e-01
5.559141159240140739e-01
7.759257285644801660e-01
9.339941554597391837e-01
1.011313558556037995e+00
1.002095483038889068e+00
9.139037216565667476e-01
7.654414192052645394e-01
5.823032524842354229e-01
3.915939415180124672e-01
2.164969638930610007e-01
7.197724736515970223e-02
-3.716960835424304443e-02
-1.150884393272631478e-01
-1.706884330107150405e-01
-2.121256042959235033e-01
-2.423735093867220025e-01
-2.580395982104634611e-01
-2.522815205213263523e-01
-2.207473584421425494e-01
-1.676114655553091193e-01
-1.080997313432566220e-01
-6.525740014691906732e-02
-6.171301412295013278e-02
-1.101243038081642089e-01
-2.070430296808707382e-01
-3.334154168224259251e-01
-4.616075822328090661e-01
-5.655264087150078112e-01
-6.289849897230024300e-01
-6.486608496860895023e-01
-6.309318035081696863e-01
-5.848807243948364043e-01
-5.154532573774388560e-01
-4.204906101733505985e-01
-2.932998327287726359e-01
-1.294533516939354589e-01
6.600446505025842070e-02
2.754221495580522205e-01
4.720273620231788536e-01
6.288257524731608594e-01
7.283489728539788155e-01
7.680023516725464905e-01
7.582384350676802942e-01
7.148299339055612656e-01
6.497557602645771535e-01
5.658635132721565597e-01
4.581262328276686224e-01
3.203310405281641904e-01
1.529453797856982211e-01
-3.242566326014811873e-02
-2.143078800092882985e-01
-3.675367641810379227e-01
-4.713276153564611715e-01
-5.157253627367662796e-01
-5.039241308521815732e-01
-4.497847776694207100e-01
-3.718243191963375716e-01
-2.863074883675966187e-01
-2.023205390686678151e-01
-1.207343399821329266e-01
-3.716628653004221128e-02
5.275718347303220979e-02
1.484779346452134996e-01
2.422123429186888166e-01
3.202296395552801656e-01
3.670690860199401495e-01
3.709419623396092991e-01
3.282198766433223613e-01
2.453428565163076058e-01
1.374829341422230400e-01
2.451089417666602044e-02
-7.421964493447155697e-02
-1.444282691929566209e-01
-1.793932022940222804e-01
-1.799157230227626525e-01
-1.523356945090348913e-01
-1.057825524529547034e-01
-4.980334477268625465e-02
7.060327500488156049e-03
5.784369060644861671e-02
9.731715367663300309e-02
1.220660593894663942e-01
1.305124242658086686e-01
1.227145068243332970e-01
9.987231708982251266e-02
6.371452696296540930e-02
1.608843492358576210e-02
-4.106168600395035395e-02
-1.054919206887342115e-01
-1.746305564765739116e-01
-2.459373431406161326e-01
-3.173420053434115040e-01
-3.870846545217038193e-01
-4.525040635699761893e-01
-5.081000697622185536e-01
-5.440384694584707859e-01
-5.465739186530710336e-01
-5.013013583836830600e-01
-3.988259110805659757e-01
-2.409329231833679530e-01
-4.443356028531808555e-02
1.598422212704761480e-01
3.338692570941247939e-01
4.437030701599506410e-01
4.716111722814324558e-01
4.242975774863260163e-01
3.331484579373035770e-01
2.451135903471221844e-01
2.066397302597162700e-01
2.462959071161162916e-01
3.627641825293599354e-01
5.231442022990829832e-01
6.727790783072389313e-01
7.535465248174775255e-01
7.242784501775999528e-01
5.758430864696915119e-01
3.350847895145465660e-01
5.596705107022942327e-02
-1.986376592925599427e-01
-3.773389209297018376e-01
-4.550848714438024412e-01
-4.375570408066792316e-01
-3.547514849052511576e-01
-2.475726983787861490e-01
-1.533425287647550150e-01
-9.549640770887962704e-02
-8.009581643336424750e-02
-9.870521878077245792e-02
-1.350968536422221811e-01
-1.726510101081545900e-01
-1.998881849501357444e-01
-2.127447811969101488e-01
-2.135294700534149104e-01
-2.076306708303967408e-01
-1.996957527058329240e-01
-1.909699152908695408e-01
-1.787972963222532186e-01
-1.582634066036074372e-01
-1.250532982745320432e-01
-7.817542269556912449e-02
-2.136624917130611201e-02
3.739828518831761484e-02
8.809177051915775825e-02
1.217117696692157636e-01
1.331403744244340492e-01
1.227933736730957015e-01
9.649458748024547505e-02
6.364665373698615014e-02
3.437590980356555054e-02
1.664486564177076328e-02
1.422726414300217596e-02
2.603637324237417783e-02
4.682957901604035966e-02
6.896794345117709946e-02
8.471570224013856565e-02
8.846443338133819223e-02
7.826060541934065640e-02
5.617977380660649916e-02
2.745389033361528286e-02
-1.297540876207967098e-03
-2.407024054574935512e-02
-3.702471888481224244e-02
-3.913802979183453323e-02
-3.187470534887423129e-02
-1.812819033679398395e-02
-9.123885628176536811e-04
1.764011505777766942e-02
3.654445361178633445e-02
5.541767189934414251e-02
7.349721193957063636e-02
8.888443625651952507e-02
9.856880639129317334e-02
9.933523341446590105e-02
8.913718385887038631e-02
6.824328705352755708e-02
3.957923840590298059e-02
8.086067049694625752e-03
-2.065485183430375293e-02
-4.201810266677293015e-02
-5.358785589507893826e-02
-5.563356296275116103e-02
-5.065599940526852030e-02
-4.221984539743928871e-02
-3.358929593478436615e-02
-2.675036163814410381e-02
-2.217830987395369782e-02
-1.931222178805351228e-02
-1.736569240090276439e-02
-1.600030299129518233e-02
-1.551854252860843456e-02
-1.650156750153572091e-02
-1.911402865645377494e-02
-2.249992371003293676e-02
-2.468718541317122678e-02
-2.317748029086231024e-02
-1.602824093195190369e-02
-2.937000172630814532e-03
1.420996516360466255e-02
3.163086402942262565e-02
4.471421314457947604e-02
4.946803926010044650e-02
4.382964869189852342e-02
2.838796911181590971e-02
6.301252054542835768e-03
-1.752470885879220397e-02
-3.772132083497752725e-02
-4.984704775502120377e-02
-5.153705236162339776e-02
-4.312112779761140269e-02
-2.751785114414588215e-02
-9.389861479197975785e-03
6.211593467156613368e-03
1.526539902837735496e-02
1.576432538612609208e-02
7.967108135436849758e-03
-6.029800796926033934e-03
-2.309582413136211654e-02
-3.992096635484185946e-02
-5.372944903903484337e-02
-6.277745619761830598e-02
-6.660094593638266058e-02
-6.598830653867447660e-02
-6.267106191940560733e-02
-5.876212014078033979e-02
-5.603788753185941218e-02
-5.525658341477966695e-02
-5.577380599981159731e-02
-5.567794842156250507e-02
-5.248920116698700677e-02
-4.420051535162013157e-02
-3.022271202453519212e-02
-1.177910117524726477e-02
8.468344812269757577e-03
2.740014254734395027e-02
4.257084165627871702e-02
5.299963774334310457e-02
5.934620543883264987e-02
6.349891810790776747e-02
6.781708021002064157e-02
7.433195400650542684e-02
8.415409674874502199e-02
9.722161981215472759e-02
1.124007507538174466e-01
1.278394111611002026e-01
1.414159608411498514e-01
1.511585988854050044e-01
1.555990166219688997e-01
1.540680704105968080e-01
1.469046651986525287e-01
1.354960512366485403e-01
1.220685292015707274e-01
1.092098299734085148e-01
9.919818326237710149e-02
9.330261146005408568e-02
9.126610833118013744e-02
9.116039671679135314e-02
8.971224530096498506e-02
8.307608119942852531e-02
6.789308280497539927e-02
4.235973028783676653e-02
6.977214334074726895e-03
-3.528823694343834194e-02
-7.955482379328593368e-02
-1.202373823952342519e-01
-1.527301592506400407e-01
-1.752270705409281204e-01
-1.901866862666143632e-01
-2.048076321020558255e-01
-2.298809521153460933e-01
-2.766892234529284567e-01
-3.522849194749705370e-01
-4.543455845007481897e-01
-5.675256680104536766e-01
-6.634030733950109227e-01
-7.054557785956194760e-01
-6.589693082002665570e-01
-5.037232414997468988e-01
-2.454538759197125719e-01
7.868017216519862522e-02
4.043884505220182168e-01
6.551150957787842399e-01
7.641980172529050375e-01
6.974142372374306786e-01
4.676979410842302398e-01
1.357969130221314269e-01
-2.046286690908243888e-01
-4.532883460059764502e-01
-5.324771076714251983e-01
-4.097249851526691966e-01
-1.069293352285581034e-01
3.061203783144724744e-01
7.309352435047243857e-01
1.066050236579662025e+00
1.232103618149725577e+00
1.190057558573594632e+00
9.485476560451964190e-01
5.591739637818133879e-01
1.015220760826961444e-01
-3.376588680173269186e-01
-6.850864163751227975e-01
-8.955517767115583894e-01
-9.569769328749302417e-01
-8.860086966590811075e-01
-7.174731549956629983e-01
-4.923768247340123971e-01
-2.483383194813408579e-01
-1.429794972100562056e-02
1.906278664057330374e-01
3.554364036027511942e-01
4.742776762472266094e-01
5.436864321099346142e-01
5.610816826437952098e-01
5.250650067869935267e-01
4.373127853988663105e-01
3.050837074767485113e-01
1.428942175085196886e-01
-2.794359109524902074e-02
-1.824635187240381262e-01
-2.973296826689171279e-01
-3.567480728224488029e-01
-3.569660794175394392e-01
-3.075384885164205717e-01
-2.285965940120346929e-01
-1.449126340632757304e-01
-7.884355983167523618e-02
-4.458230743268835894e-02
-4.543706180722142940e-02
-7.458109783439240137e-02
-1.185140634997182973e-01
-1.617658288373527986e-01
-1.912618316132536633e-01
-1.991720092972323330e-01
-1.837871025018350812e-01
-1.487007101333504000e-01
-1.010092920094813329e-01
-4.925306547104185695e-02
-1.558790324952985529e-03
3.582246992637097560e-02
5.950318583640312742e-02
6.937456302454150792e-02
6.833216874861944290e-02
6.130129552960118799e-02
5.378526232686690195e-02
5.037078634323097215e-02
5.363672561003407502e-02
6.370994527753420789e-02
7.846153783631051870e-02
9.420104779974683429e-02
1.066953397025750122e-01
1.122955015294932468e-01
1.088778056541638978e-01
9.630939048609298003e-02
7.631582876478235078e-02
5.186948330671677099e-02
2.637917915074104724e-02
2.980512719834543800e-03
-1.586256633482310829e-02
-2.838624411897955335e-02
-3.330831028998993554e-02
-2.963042746588572668e-02
-1.673833426421489357e-02
5.105807177264415353e-03
3.409120851360889631e-02
6.646125228471211344e-02
9.683350784749332474e-02
1.193559658506063159e-01
1.293348225875994018e-01
1.246293208007418496e-01
1.061784739270123790e-01
7.748787737436516054e-02
4.343317208199452828e-02
8.970976831349786185e-03
-2.179453534765207062e-02
-4.606467567175424882e-02
-6.244816349667303701e-02
-7.089828178623812371e-02
-7.256122703500245130e-02
-6.947554483014173332e-02
-6.405442553998880184e-02
-5.843109816405162027e-02
-5.391495907316562475e-02
-5.082149244832384616e-02
-4.875913868266312790e-02
-4.719218845412481711e-02
-4.593014503852480696e-02
-4.524718560787687610e-02
-4.558258660728595202e-02
-4.704184097457382585e-02
-4.903100352703778503e-02
-5.026465897530319610e-02
-4.917522844078894839e-02
-4.454490537353311685e-02
-3.607247058260869277e-02
-2.461040529455715137e-02
-1.195056502304821938e-02
-2.448479751622906209e-04
8.676478221489036802e-03
1.379309993477098595e-02
1.503896754344024450e-02
1.316369179996876651e-02
9.476190178859988239e-03
5.573365911638428205e-03
3.039984979405468968e-03
3.081954043233643692e-03
6.147745463728631482e-03
1.169600391805392797e-02
1.827129878332051094e-02
2.393970120426825235e-02
2.697602905255705105e-02
2.656286250725460249e-02
2.321515613590737631e-02
1.871293935638122102e-02
1.549754556253252202e-02
1.571088193764693525e-02
2.024844079366287103e-02
2.825359510701568044e-02
3.733008964313493105e-02
4.442378347259992588e-02
4.698064205037749685e-02
4.382908563398241197e-02
3.538533822313578991e-02
2.317359487374590771e-02
9.035803753821149836e-03
-5.473793010110937496e-03
-1.920778904812330684e-02
-3.110912738831455443e-02
-3.979909645771711330e-02
-4.347418199227595648e-02
-4.032397888665038843e-02
-2.934992694892138432e-02
-1.118776473689099549e-02
1.153089624398644791e-02
3.456869714963581308e-02
5.318278726808857437e-02
6.354917842631946368e-02
6.393067078158568006e-02
5.508438501742228544e-02
3.975288494281185858e-02
2.152899275244689326e-02
3.657167255172748613e-03
-1.173122939772828360e-02
-2.377180291388363703e-02
-3.256436421777532397e-02
-3.871574049943467266e-02
-4.296661261957065991e-02
-4.597513689264873249e-02
-4.820936621185765991e-02
-4.989539386125155934e-02
-5.102749638514540720e-02
-5.146775513546270053e-02
-5.110725023429506242e-02
-4.999212322586559648e-02
-4.832258130137738472e-02
-4.632335499135901286e-02
-4.408732405934395748e-02
-4.152325854465296895e-02
-3.846832398803406300e-02
-3.491088717615711823e-02
-3.118956116846519078e-02
-2.802824402317637825e-02
-2.632532203554790659e-02
-2.671713529146713811e-02
-2.905405208955829516e-02
-3.201366346917323275e-02
-3.307228306459190914e-02
-2.894444563069291723e-02
-1.642823169724563770e-02
6.562387532593152994e-03
4.008809387267038560e-02
8.171043433274038925e-02
1.266701579455065396e-01
1.687446893604165887e-01
2.015694545684475758e-01
2.200148301298610054e-01
2.212059374617099672e-01
2.049838744483674646e-01
1.738547087435526883e-01
1.325477888609329080e-01
8.722403984443910518e-02
4.434413152839751515e-02
9.349523799638922994e-03
-1.448261025685936010e-02
-2.659897515743312596e-02
-2.894399140483645827e-02
-2.509626852295148564e-02
-1.916198021120952416e-02
-1.482427853930260928e-02
-1.476662491246641049e-02
-2.047447600349807870e-02
-3.229035227530932528e-02
-4.957690388350802918e-02
-7.089839613320625400e-02
-9.422090223804684139e-02
-1.172064645547586659e-01
-1.376757127710917517e-01
-1.542162564697165672e-01
-1.667823294901976672e-01
-1.770475222616686439e-01
-1.882654854579862702e-01
-2.044649538355541862e-01
-2.289752766057866762e-01
-2.625433356066639856e-01
-3.015876926409842840e-01
-3.373223388926704924e-01
-3.564516394034497049e-01
-3.437964822571114576e-01
-2.865522527555895982e-01
-1.790730338077487216e-01
-2.649058281056099196e-02
1.544663630289262457e-01
3.382016894322270040e-01
4.958877305022018067e-01
6.022163214143920751e-01
6.412153882808637739e-01
6.097093175420109645e-01
5.179111134308622688e-01
3.872447526674967500e-01
2.457612291042624297e-01
1.217966440449855525e-01
3.708141346848792264e-02
1.148683258876403990e-03
9.046906172806068458e-03
4.354563747717610234e-02
8.132147844516474100e-02
1.008538039082184923e-01
8.902606668259792355e-02
4.417850660889351133e-02
-2.494214429787738885e-02
-1.032606144892225519e-01
-1.745659344168723481e-01
-2.259807737349000256e-01
-2.505672317678392380e-01
-2.478358112066055552e-01
-2.226504207475543118e-01
-1.833142862562321673e-01
-1.394790063447028938e-01
-1.001994312052915254e-01
-7.227180146518503989e-02
-5.903622944997401201e-02
-5.992186650362241185e-02
-7.093973141102470625e-02
-8.604364351663275345e-02
-9.894146872571388251e-02
-1.047535633539031369e-01
-1.009972733159381769e-01
-8.768876557839358488e-02
-6.673186961874023881e-02
-4.100859594054225010e-02
-1.358278815003352569e-02
1.278006878440884897e-02
3.581993916218911833e-02
5.387809082837648200e-02
6.599529644959337138e-02
7.200603154101781200e-02
7.255433030024421859e-02
6.897962901798679325e-02
6.307921337366498293e-02
5.678574958492152436e-02
5.180480026456397991e-02
4.927360894934085939e-02
4.952869750716183683e-02
5.206793812621067497e-02
5.574270593339988866e-02
5.913850014536660427e-02
6.103105687096427312e-02
6.076181129718693369e-02
5.838405926238960514e-02
5.451278194015606038e-02
4.995208978253991294e-02
4.529706907921405429e-02
4.072144700525107130e-02
3.604704323568978797e-02
3.101327106280984958e-02
2.553679002640738688e-02
1.976324409431722690e-02
1.387154842384987277e-02
7.790922133435362190e-03
1.076832971088868829e-03
-6.910524229499653143e-03
-1.659844540461457435e-02
-2.780919634380438210e-02
-3.963439573662881632e-02
-5.067534619849626415e-02
-5.954580104206323721e-02
-6.540254864803704549e-02
-6.826565693530151080e-02
-6.899635582797854216e-02
-6.894937579466613176e-02
-6.943037730517420680e-02
-7.113416390778394549e-02
-7.374024696393582934e-02
-7.582432796964116983e-02
-7.519034589797157775e-02
-6.961002227022876354e-02
-5.778509783973642677e-02
-4.018423870160788003e-02
-1.934943953519572407e-02
6.058494418255538916e-04
1.528144397642775681e-02
2.167208388137866967e-02
1.961448302584158088e-02
1.236594387436758605e-02
5.945033866618730511e-03
7.311632742749346603e-03
2.192681921912351117e-02
5.151898167692520181e-02
9.286431298809524892e-02
1.380788703224595237e-01
1.764382593338299221e-01
1.972397442268205014e-01
1.928530652126043132e-01
1.610227281118334630e-01
1.057347808200387040e-01
3.641769620208416824e-02
-3.427361251364421935e-02
-9.345673422992373247e-02
-1.309702419763666414e-01
-1.415082512154975936e-01
-1.254961819128174449e-01
-8.866575306846680160e-02
-4.058224278568593746e-02
7.508064635776211249e-03
4.512338855707455354e-02
6.484103104068621171e-02
6.389053949413525668e-02
4.452139406555383205e-02
1.296720651263364929e-02
-2.261492674616777387e-02
-5.445592474801552729e-02
-7.697245068842453741e-02
-8.760972895616547795e-02
-8.669274586296600582e-02
-7.656989447387194114e-02
-6.049409783885541930e-02
-4.166808495719327016e-02
-2.271417550421780951e-02
-5.587643615834164690e-03
8.263450844767324110e-03
1.777370754102162304e-02
2.234573777251439713e-02
2.208331425440557272e-02
1.793150794472948145e-02
1.152292299423684011e-02
4.744100140420358727e-03
-7.791004414452427917e-04
-4.060887228312319575e-03
-4.889187937588079791e-03
-3.717726496870715769e-03
-1.388477579973925596e-03
1.215237503915404284e-03
3.475343833291319288e-03
5.203311807070617329e-03
6.604345932999787852e-03
8.069153397791047413e-03
9.903903144958415422e-03
1.213081136720912424e-02
1.444330557075583499e-02
1.631866022642247671e-02
1.721647744435957778e-02
1.675686354760443086e-02
1.480678338248429468e-02
1.148861130291886981e-02
7.179220537062026841e-03
2.527156304673316978e-03
-1.574919324106333063e-03
-4.151173064378507055e-03
-4.442094979094098062e-03
-2.229103741109704495e-03
1.982320007162479900e-03
7.041631433210916377e-03
1.150321324898263484e-02
1.413707386937630185e-02
1.441394260530547491e-02
1.276785345718774514e-02
1.049789991100140429e-02
9.300775447687653283e-03
1.059670564746012858e-02
1.493087838984251230e-02
2.170954491400496622e-02
2.937020636988766156e-02
3.588861893685985072e-02
3.940216670581175862e-02
3.872740151337954878e-02
3.363399170448633929e-02
2.483506754108658066e-02
1.372994518419345597e-02
2.001122729827995925e-03
-8.782832113292601828e-03
-1.742003742855809806e-02
-2.314430678487686827e-02
-2.559839404888323774e-02
-2.485091545198076998e-02
-2.151593227690848376e-02
-1.687885226119553023e-02
-1.283810514576315051e-02
-1.153308661804718950e-02
-1.471132910468763051e-02
-2.307209132799279902e-02
-3.589703436512246132e-02
-5.118359367153586803e-02
-6.626189941478762002e-02
-7.863230468165342824e-02
-8.666264079381175156e-02
-8.988508621535928889e-02
-8.884864071717846201e-02
-8.467470736777400753e-02
-7.853277683999328185e-02
-7.120062594807886891e-02
-6.278579196984344912e-02
-5.264945871405618538e-02
-3.958095700333978673e-02
-2.223619711952636718e-02
2.539633920955394752e-04
2.769783209458360346e-02
5.847161593793154255e-02
8.947417393779087680e-02
1.164463657476767083e-01
1.346534808686050688e-01
1.398575301615228306e-01
1.293803560496076810e-01
1.029767152395545671e-01
6.329349238923641374e-02
1.582934776664954302e-02
-3.161285284973378018e-02
-6.999233424920070501e-02
-9.058109156772195525e-02
-8.678605879696460468e-02
-5.582820445074600235e-02
1.854720641841917095e-04
7.412200936104454407e-02
1.547215905266257630e-01
2.284456288333324148e-01
2.820078274541686914e-01
3.051354696247939868e-01
2.929449068379609278e-01
2.472678926313868486e-01
1.764142932950977793e-01
9.322858957605305308e-02
1.183549605231486168e-02
-5.600051700627778350e-02
-1.037168591316245669e-01
-1.310274896906494235e-01
-1.429300934792641087e-01
-1.471548653533686357e-01
-1.511109986021046403e-01
-1.594408733465020322e-01
-1.729111277089899479e-01
-1.888046954090892848e-01
-2.024803247021293440e-01
-2.094636342175696664e-01
-2.073452960342306028e-01
-1.968711758818818824e-01
-1.818838581538777810e-01
-1.681434195757180450e-01
-1.614068479219126218e-01
-1.653701949798911663e-01
-1.801171610523177313e-01
-2.015739731372528654e-01
-2.221723340140690506e-01
-2.325333457141991744e-01
-2.236437502607056815e-01
-1.888724004327358430e-01
-1.253370820006047270e-01
-3.445966267037241237e-02
7.817891711121394138e-02
2.034792913158985084e-01
3.297969236887737243e-01
4.441643142616635842e-01
5.337506006543280002e-01
5.875598132902942750e-01
5.982466014817755529e-01
5.636981667913874006e-01
4.878706476363472433e-01
3.804533037037689525e-01
2.552743818153429545e-01
1.277944980197349145e-01
1.234358120108294821e-02
-8.019169873419321193e-02
-1.437369013907620341e-01
-1.773097245050991866e-01
-1.843610590801049165e-01
-1.714799787529159014e-01
-1.468142635427135689e-01
-1.185456446522788060e-01
-9.366581043710220378e-02
-7.714069716492978623e-02
-7.143437138515411344e-02
-7.637396302718897634e-02
-8.941320087823674545e-02
-1.063527220855230992e-01
-1.224441566450634178e-01
-1.336277418663090466e-01
-1.375554114436488562e-01
-1.340848303957728471e-01
-1.250741806266296441e-01
-1.135282905323324459e-01
-1.023996268404158833e-01
-9.353681623393836353e-02
-8.725980571568578426e-02
-8.275153115939813675e-02
-7.900782483761349673e-02
-7.575540545013755012e-02
-7.375532756182819061e-02
-7.424887857545262038e-02
-7.776752771845021894e-02
-8.287980154323565385e-02
-8.554733925170954212e-02
-7.959256179680962440e-02
-5.839783601313951189e-02
-1.745334966585780634e-02
4.310581062665067020e-02
1.170661864909189331e-01
1.926827373382566377e-01
2.553886768531525853e-01
2.919248398021155877e-01
2.944253099759610581e-01
2.628935437044367385e-01
2.051378394582855369e-01
1.342976344100230146e-01
6.501134983600294348e-02
9.615672707921241180e-03
-2.450782526120617866e-02
-3.591794640412163120e-02
-2.848932188081956807e-02
-9.621149683278401588e-03
1.210377745012539141e-02
2.918193355597537009e-02
3.684662950248975000e-02
3.377629241386741199e-02
2.177558613578966726e-02
4.664927305218863340e-03
-1.315524674197563609e-02
-2.797920209242021894e-02
-3.759545466256921514e-02
-4.152512706161885780e-02
-4.079183870636218789e-02
-3.741327355448863246e-02
-3.381066908306796376e-02
-3.225932471012865621e-02
-3.441559090380903740e-02
-4.093056124269887214e-02
-5.121123770952894921e-02
-6.345129798929696752e-02
-7.503591132425099786e-02
-8.328882117733263368e-02
-8.633676318062726007e-02
-8.375020015235098980e-02
-7.667635100781652890e-02
-6.738695818479280286e-02
-5.841103540306905040e-02
-5.160169427295530076e-02
-4.751892731910405121e-02
-4.536988297904775980e-02
-4.349216046058336504e-02
-4.012708732112933718e-02
-3.413349006670548386e-02
-2.536852657311442980e-02
-1.463989843412971323e-02
-3.314214039745591589e-03
7.211098765659250398e-03
1.593394140725188507e-02
2.241943303784241920e-02
2.673079594511424892e-02
2.925904102384583455e-02
3.059082087505677131e-02
3.146161912292712304e-02
3.275260661769392734e-02
3.545368666743568126e-02
4.052886789182884308e-02
4.866991334248715884e-02
5.999741464526532619e-02
7.383932995278331968e-02
8.874118002354455803e-02
1.027926348069811702e-01
1.141951567964962500e-01
1.218350695926172095e-01
1.255831896599100550e-01
1.261544006752113312e-01
1.245711088453541476e-01
1.214867504391885511e-01
1.167302038399675723e-01
1.093432643717787422e-01
9.813113571323540951e-02
8.248620110993681864e-02
6.311404939887135801e-02
4.230086051557463422e-02
2.348463885809073948e-02
1.014019151976681965e-02
4.322885308609594746e-03
5.473281378111581955e-03
1.007821294009929661e-02
1.247677804409152297e-02
6.621732706789743017e-03
-1.183584086880153791e-02
-4.397212035071124125e-02
-8.719607816816077328e-02
-1.362198417897148017e-01
-1.849909907888160898e-01
-2.287845664553978531e-01
-2.656378801945294965e-01
-2.966414394376266084e-01
-3.250405397680334874e-01
-3.544363268733909389e-01
-3.865506268484931729e-01
-4.191113490933759955e-01
-4.444990992010804942e-01
-4.498538702667457256e-01
-4.192490630774280413e-01
-3.381348297259103020e-01
-1.994645433384347744e-01
-9.872987589534754083e-03
2.066726698712206822e-01
4.105733082019730196e-01
5.553004185934896642e-01
6.019131983577390432e-01
5.346861348092457611e-01
3.710672822293386575e-01
1.603485744350486297e-01
-3.022455285501760014e-02
-1.376165597480343561e-01
-1.250844261729705531e-01
4.674749655789733893e-03
2.106754509200200742e-01
4.284932945291221040e-01
5.925669241729666359e-01
6.570563161885718539e-01
6.077886755387954532e-01
4.623030922124239384e-01
2.601317583587256510e-01
4.872858635575288977e-02
-1.294258454185069351e-01
-2.453644605913227750e-01
-2.873984469740900605e-01
-2.611627447071434016e-01
-1.869772870028294787e-01
-9.490713121074079162e-02
-1.763799113793516893e-02
1.805781101103060698e-02
-8.014597560687397593e-04
-6.909976824784291871e-02
-1.651369944700796788e-01
-2.580049008710799674e-01
-3.182502385972141856e-01
-3.277065130817866101e-01
-2.847546099179596446e-01
-2.033480571667048709e-01
-1.068105432055111159e-01
-1.937622888591752912e-02
4.110836622472868740e-02
6.696867590674805693e-02
6.050244697846945963e-02
3.099816631225577046e-02
-9.156532116283547240e-03
-4.783564199568517139e-02
-7.550777502838057487e-02
-8.671179810492521400e-02
-8.085005820412857758e-02
-6.208981105927347671e-02
-3.800507966913600766e-02
-1.700317940611957568e-02
-5.312478899688180545e-03
-4.759126740457239602e-03
-1.232100199760388648e-02
-2.163111328105796205e-02
-2.571357914703496089e-02
-1.976432413042303327e-02
-2.911450095965585627e-03
2.156154885924439768e-02
4.741552820321875972e-02
6.754237281758571076e-02
7.626366844564327896e-02
7.118849824780872082e-02
5.406909840792416266e-02
3.032905474756018849e-02
7.383187838414101423e-03
-7.643454906993779607e-03
-9.956842459798304068e-03
1.773814211621073389e-03
2.540956379416872690e-02
5.622448158387101380e-02
8.822238630934625681e-02
1.154919879012998585e-01
1.333915512256496350e-01
1.394665805278594573e-01
1.339706194692421026e-01
1.197821538606606978e-01
1.015598779191705242e-01
8.423829977940044955e-02
7.133050193994844301e-02
6.372175188822354341e-02
5.950067046639306856e-02
5.491309882464397163e-02
4.600436515465160248e-02
3.024150422480477440e-02
7.488128472013001746e-03
-1.997212174294099585e-02
-4.827862919430221667e-02
-7.330036312698443024e-02
-9.186828969565424829e-02
-1.025007193714871784e-01
-1.054656051252080007e-01
-1.023183775254805639e-01
-9.522485236054632762e-02
-8.636734310995074215e-02
-7.758615319567699342e-02
-7.024266652785585152e-02
-6.519518745259650361e-02
-6.277398009076470831e-02
-6.270670835325181658e-02
-6.404934083221892893e-02
-6.526338438653410401e-02
-6.456448894630516244e-02
-6.051619029226783242e-02
-5.264304403151022493e-02
-4.174553891724408494e-02
-2.970366493840200656e-02
-1.880775939641902289e-02
-1.090663761721763492e-02
-6.759423872338563011e-03
-5.859122858425713787e-03
-6.749283185668232543e-03
-7.640340940177486884e-03
-7.047551583713465573e-03
-4.210706749225533868e-03
8.287159779002961635e-04
7.462809056550150782e-03
1.489435200027144218e-02
2.243499644600386450e-02
2.958693069144834042e-02
3.594122894522096268e-02
4.106626128192339409e-02
4.456130106715200379e-02
4.629754957463114856e-02
4.666497387702173844e-02
4.656076780079331651e-02
4.699898595093837672e-02
4.851055937951833513e-02
5.071746196528680722e-02
5.242768262169868188e-02
5.231656201978443499e-02
4.990700282930168874e-02
4.634271978117633639e-02
4.448159653942174163e-02
4.810089018030691554e-02
6.038547914311574727e-02
8.222246058794951962e-02
1.110217692159574526e-01
1.407147329539681080e-01
1.632024507144299863e-01
1.709209263976177451e-01
1.596078437256868710e-01
1.301144242620690672e-01
8.840305437089109042e-02
4.361800423073453753e-02
4.952874645306408474e-03
-2.144642501101055171e-02
-3.433690879036670890e-02
-3.732842440829566011e-02
-3.707233168727453593e-02
-4.055445768183248145e-02
-5.266866994391299073e-02
-7.500481578198862909e-02
-1.061232611563671657e-01
-1.428680751133131477e-01
-1.818728794025401829e-01
-2.205041754027512457e-01
-2.569428228635799449e-01
-2.896349474040302852e-01
-3.166714291549178606e-01
-3.356353234451746603e-01
-3.441247717455578892e-01
-3.407066512062573160e-01
-3.257368689429995801e-01
-3.014846730193675439e-01
-2.713312839687894717e-01
-2.382880256245655803e-01
-2.034272941453668659e-01
-1.648804144424994567e-01
-1.178562779199862770e-01
-5.580770442228873141e-02
2.746538390172803545e-02
1.352822548471482589e-01
2.658227545149779991e-01
4.108595148562831922e-01
5.559777508036473082e-01
6.824199925335789896e-01
7.703155254239075767e-01
8.027154675756169588e-01
7.695942862345496183e-01
6.708721098092205182e-01
5.176146773692531511e-01
3.308736139274717769e-01
1.381116595105263412e-01
-3.222523189122783460e-02
-1.568050189336689937e-01
-2.226140462181556701e-01
-2.298080680497451844e-01
-1.913701138099758725e-01
-1.296693764149164374e-01
-7.089855432187908146e-02
-3.885287626272201922e-02
-4.946717031092554007e-02
-1.071242765373569550e-01
-2.033325692818822028e-01
-3.181084400664646594e-01
-4.241007145643988507e-01
-4.928930025356814126e-01
-5.021184775583098503e-01
-4.414965967432998295e-01
-3.160509326516184325e-01
-1.455632280558837310e-01
3.959581298894615520e-02
2.051371003542433735e-01
3.203026830931336999e-01
3.642986136532634367e-01
3.303533333726978993e-01
2.267610815862756979e-01
7.492630847841133535e-02
-9.514045594992190380e-02
-2.510622288003362401e-01
-3.647976323965048118e-01
-4.181755346814123864e-01
-4.058360898446616849e-01
-3.350351096117754057e-01
-2.228190413034272233e-01
-9.164754884518878930e-02
3.547517497546368026e-02
1.394808270431847352e-01
2.084857331715761208e-01
2.390495454097498196e-01
2.351792117502312929e-01
2.056211984314589847e-01
1.605627439920996880e-01
1.088791771219288773e-01
5.670296880532929573e-02
7.626645217440122804e-03
-3.569220442734058474e-02
-6.939557562897603893e-02
-8.708756353168292663e-02
-8.042878531156055777e-02
-4.182350012365262937e-02
3.186535434755348450e-02
1.363012391235841614e-01
2.587866030381209548e-01
3.799633179643442937e-01
4.775632032483210776e-01
5.310968754411939940e-01
5.263017237937458459e-01
4.584194133545024252e-01
3.336867908343100764e-01
1.686947315867163288e-01
-1.242986784877642137e-02
-1.826509388855808713e-01
-3.175976861464669954e-01
-4.007865053811364153e-01
-4.270310202337187500e-01
-4.029416257496335474e-01
-3.443155830909941928e-01
-2.713043610988528087e-01
-2.029880147697004644e-01
-1.530535227924020303e-01
-1.277022430554321519e-01
-1.259953785017667860e-01
-1.419631494717956133e-01
-1.673157030683343205e-01
-1.936894884511496939e-01
-2.138858699350497938e-01
-2.221475758642275922e-01
-2.139253607567020155e-01
-1.857262756381836410e-01
-1.354613108565507762e-01
-6.328509123108516654e-02
2.750481508001673125e-02
1.300904288876830184e-01
2.346551826544898689e-01
3.297734830000457196e-01
4.042657566498747967e-01
4.489746277664616869e-01
4.580456711590030205e-01
4.295822122538131005e-01
3.658022851800959985e-01
2.729024873800443007e-01
1.606962413723021510e-01
4.187379834300347659e-02
-6.935814364062789505e-02
-1.593363898090832953e-01
-2.174306030628780917e-01
-2.383419498540394477e-01
-2.234398931440424452e-01
-1.805543439816283402e-01
-1.221488835518885208e-01
-6.239361311160616930e-02
-1.401644237757045802e-02
1.422137602940468787e-02
1.891072963317322331e-02
2.119584236576280145e-03
-2.958492294755544344e-02
-6.691115486191692718e-02
-1.000223718023011826e-01
-1.206755026883311738e-01
-1.238878842384461415e-01
-1.088102404738173351e-01
-7.865553562641386387e-02
-3.971068741844391986e-02
3.601052943629987069e-04
3.450665905221987628e-02
5.800526740545876303e-02
6.934764585694908057e-02
7.004430927906674098e-02
6.350740315710048933e-02
5.353661482420084272e-02
4.304960158799436137e-02
3.352785380983935859e-02
2.527597133091032816e-02
1.819837012744647889e-02
1.257265634865162990e-02
9.346299816193864851e-03
9.775931008459085719e-03
1.461809573586509911e-02
2.335158988728416873e-02
3.390545683311846359e-02
4.309727136931368330e-02
4.762486220642604684e-02
4.519851376912499552e-02
3.536133461641331743e-02
1.970736411470897648e-02
1.450375298223546827e-03
-1.549659355292646451e-02
-2.762907899267348297e-02
-3.277708853866469207e-02
-3.055188747418050715e-02
-2.224142586452340642e-02
-1.031892517894014358e-02
2.189683113336407527e-03
1.231675697204796111e-02
1.769095875686516051e-02
1.697631389974730426e-02
1.013641316549979306e-02
-1.589107111627098383e-03
-1.606308282774511140e-02
-3.091260246301172354e-02
-4.423087237376906872e-02
-5.500565823850162711e-02
-6.309249816742716621e-02
-6.880791768813834808e-02
-7.239648091600092705e-02
-7.361514068854907444e-02
-7.155469398097738520e-02
-6.471876801000032986e-02
-5.136181886198123298e-02
-3.010074956796964657e-02
-7.686790330390866344e-04
3.467620951678458685e-02
7.158004413397196786e-02
1.028471263749604209e-01
1.203282947284070314e-01
1.172012468777425542e-01
9.065260970807305363e-02
4.381954372999989633e-02
-1.396070296737700334e-02
-6.898573760601967031e-02
-1.067165436943404710e-01
-1.159518911795033719e-01
-9.232413763515118221e-02
-3.996929140289647020e-02
2.923555408531287869e-02
9.875529085819577391e-02
1.519751297307193327e-01
1.769181089492216086e-01
1.696020815407105198e-01
1.349222669365899296e-01
8.476520605442181000e-02
3.398663573213680372e-02
-4.419592260063269495e-03
-2.336535933253458541e-02
-2.356351824133934292e-02
-1.263980999025740570e-02
-1.846281027627825339e-03
-1.658919447982291906e-03
-1.789889832537418235e-02
-4.969743853434172021e-02
-8.985214560063847777e-02
-1.272793902168851132e-01
-1.506437661686925167e-01
-1.519648064326606096e-01
-1.290860013466704204e-01
-8.630186351227975283e-02
-3.304843406367141689e-02
1.882733983912686371e-02
5.829650756731585837e-02
7.788042126524299946e-02
7.515811244151777981e-02
5.279484585477958736e-02
1.731771053000596972e-02
-2.282846657221903469e-02
-5.933875221234689162e-02
-8.571900885960540006e-02
-9.826990324418791167e-02
-9.631457843609632363e-02
-8.179797417783110647e-02
-5.849663729332087170e-02
-3.109060705142506140e-02
-4.275708595354463237e-03
1.803062233890019572e-02
3.341506549717848662e-02
4.157250583317349812e-02
4.454098812525064677e-02
4.623149233426857019e-02
5.113555883914959466e-02
6.256387890024125986e-02
8.115721301957026790e-02
1.043846970125247575e-01
1.272955516400263165e-01
1.442206837524519225e-01
1.507217804197803490e-01
1.449782147093882645e-01
1.280388479442984284e-01
1.029130382351188672e-01
7.307316528849737425e-02
4.121044452920251400e-02
8.851961791912062172e-03
-2.310701981972966557e-02
-5.341189934393286709e-02
-7.966714829530235908e-02
-9.831253760724409374e-02
-1.055570092837982699e-01
-9.902994357699607120e-02
-7.951607495862672570e-02
-5.194228685140379886e-02
-2.491567092330530808e-02
-8.601775904909653159e-03
-1.143109513460381643e-02
-3.673904908953222470e-02
-8.067280387396487396e-02
-1.323663470925037777e-01
-1.765852476859507414e-01
-1.981220759023721301e-01
-1.865710358501977972e-01
-1.399242576019378570e-01
-6.572032077326969701e-02
2.082000226632058082e-02
1.012447517256186424e-01
1.595036015919885641e-01
1.868162987596873881e-01
1.840351041606999027e-01
1.606531829089064001e-01
1.307927901010012550e-01
1.075430865244244999e-01
9.766298471977181983e-02
9.873157097335207022e-02
1.000807949716060186e-01
8.733591631647830145e-02
4.877267917251412038e-02
-1.913121779126902844e-02
-1.091746885900371222e-01
-2.048080623685753221e-01
-2.846857744696784653e-01
-3.286222330237554834e-01
-3.230257435286720269e-01
-2.644743881215645409e-01
-1.608961104007178844e-01
-3.035345801948044486e-02
1.023553361248079330e-01
2.108922561820563979e-01
2.735755490315365801e-01
2.791890381944989175e-01
2.305997439090821111e-01
1.445390370333647645e-01
4.687110906724051285e-02
-3.566897778827470000e-02
-8.451721827876029769e-02
-9.542654304850160807e-02
-7.879994820186722593e-02
-5.374578792752144479e-02
-3.841895029680831436e-02
-4.118972258376640133e-02
-5.693693229018970126e-02
-7.022329550884309768e-02
-6.354095720732097496e-02
-2.628116441628641775e-02
3.995429223476842928e-02
1.218306786095814387e-01
1.996706922742606805e-01
2.547912638925324824e-01
2.755158965492182088e-01
2.598400833729264114e-01
2.145176263688212404e-01
1.516439406713910865e-01
8.429632714882372146e-02
2.273029879081990556e-02
-2.774529717620506652e-02
-6.683471001450237703e-02
-9.779619706370262788e-02
-1.254304447802940536e-01
-1.541376923021024192e-01
-1.861000298019750143e-01
-2.196504672266184899e-01
-2.484241582720412012e-01
-2.621825842088990055e-01
-2.497302773604461179e-01
-2.033327195913833263e-01
-1.231120082948437555e-01
-1.952059804268635457e-02
8.761471033686438203e-02
1.738435560337745767e-01
2.174602678866241756e-01
2.070220479942214142e-01
1.461332948900477546e-01
5.336374590573958465e-02
-4.306630545515099939e-02
-1.140864196746432940e-01
-1.388702367462957277e-01
-1.110280624271189759e-01
-4.006214806470268647e-02
5.188359825186496244e-02
1.365358480855825840e-01
1.872906804724323027e-01
1.863934302977764690e-01
1.297931820746251186e-01
2.833338486143252566e-02
-9.513335768266348302e-02
-2.117680390814795088e-01
-2.939768082271845273e-01
-3.218515933182917732e-01
-2.874610017235211812e-01
-1.963928274312088940e-01
-6.646699554852630865e-02
7.612371472667525674e-02
2.025869886000951359e-01
2.880386994362014175e-01
3.171672168831217165e-01
2.875283914154408427e-01
2.095558534925557326e-01
1.033491220442555036e-01
-6.704955410591406650e-03
-9.778254176906314710e-02
-1.532625530007181713e-01
-1.651860408015699000e-01
-1.345760399178844713e-01
-7.029601800477588980e-02
1.294751175739320553e-02
9.728148956165139083e-02
1.649896773266906203e-01
2.020948731751538441e-01
2.013506529643276921e-01
1.637419569662014185e-01
9.805196840738653052e-02
1.869105677655262532e-02
-5.756798147841696300e-02
-1.151742121851406231e-01
-1.430242085865634505e-01
-1.368016204944832170e-01
-9.999282441374962582e-02
-4.321159712159271249e-02
1.830953522121472887e-02
6.870526762382744845e-02
9.591225246577138319e-02
9.502334044503887855e-02
6.915929302187670547e-02
2.742189296176849103e-02
-1.910511921275670488e-02
-6.137474285342270353e-02
-9.459820166713903133e-02
-1.179487434425362524e-01
-1.324211999101516379e-01
-1.384433756468060606e-01
-1.348088524399782551e-01
-1.195622296579481048e-01
-9.218787041458226250e-02
-5.560403696614472924e-02
-1.652188568238490557e-02
1.638639349990385352e-02
3.586118554146631304e-02
3.940710119423398994e-02
3.087876618200073586e-02
1.924226458396762623e-02
1.475533046138263749e-02
2.414712024302308885e-02
4.705577497361441985e-02
7.553525719915921144e-02
9.700673628562578310e-02
9.938147388879683963e-02
7.613437222425578632e-02
2.926659674723400273e-02
-3.089202431368461010e-02
-8.880808398438316820e-02
-1.285496879303012485e-01
-1.385868989594841727e-01
-1.150911837527190118e-01
-6.287303486005771380e-02
6.111064400293655247e-03
7.606175793483804792e-02
1.314108670301225856e-01
1.605600678185730157e-01
1.584204956911139939e-01
1.272842869888166917e-01
7.595769310763775262e-02
1.743501658644887320e-02
-3.432192068529354989e-02
-6.775085026450081149e-02
-7.641221509131812528e-02
-6.039251450829057066e-02
-2.599383617566858318e-02
1.624295137667373240e-02
5.462246472377811635e-02
7.954220035359524377e-02
8.590000238596337545e-02
7.397834444868578441e-02
4.867478413081666178e-02
1.749090676068554631e-02
-1.196636904794411149e-02
-3.414908037964380083e-02
-4.676297361281671339e-02
-5.073184453629463186e-02
-4.911398061883644195e-02
-4.550638112068405849e-02
-4.259945261913487824e-02
-4.140311491768489810e-02
-4.132515991910133690e-02
-4.090474817230792953e-02
-3.876820872857225653e-02
-3.437233333595095253e-02
-2.828420738965746473e-02
-2.198860960339513865e-02
-1.739500053072605412e-02
-1.626801302686861975e-02
-1.973415975726284383e-02
-2.791373935847969029e-02
-3.969522987225349020e-02
-5.271362127375010809e-02
-6.362270709532999446e-02
-6.870261742024108553e-02
-6.473825594110180215e-02
-4.998175618121101366e-02
-2.490313898030238268e-02
7.600610062254244126e-03
4.274755598630457926e-02
7.509628842123289294e-02
1.000753244982405671e-01
1.152601229219251400e-01
1.209008078769325256e-01
1.194876926292434832e-01
1.145402158912851853e-01
1.091328494045999686e-01
1.047500685624360162e-01
1.008639827099606368e-01
9.531317366843182481e-02
8.530429929451097126e-02
6.868250642850531884e-02
4.499100172207671361e-02
1.585466209541377958e-02
-1.550613237344376782e-02
-4.539209659767204363e-02
-7.081475368930252590e-02
-9.020041049813849743e-02
-1.033504578305089044e-01
-1.108247193742612768e-01
-1.132256037714609032e-01
-1.108788871684626975e-01
-1.041155803054302220e-01
-9.393132439815844725e-02
-8.250918533466172766e-02
-7.313438997739202252e-02
-6.936698797513987658e-02
-7.372957370236643548e-02
-8.638995849289884954e-02
-1.043420922996022848e-01
-1.214997393029714490e-01
-1.299352858505802566e-01
-1.221495953773935605e-01
-9.376126947293980662e-02
-4.558320636767564105e-02
1.595430070199740924e-02
8.050373373595738624e-02
1.371276535405325792e-01
1.778820820252535462e-01
2.000402271983315605e-01
2.059740975847450806e-01
2.009308935706799470e-01
1.900246893118484326e-01
1.760416928199773079e-01
1.590048296389086624e-01
1.373595023567552587e-01
1.098302508724872950e-01
7.685024820259056533e-02
4.090287606774027640e-02
5.778370089963208445e-03
-2.472987817109280340e-02
-4.798916647867404461e-02
-6.302995468278760338e-02
-7.027174342124177520e-02
-7.077870522025536681e-02
-6.556215674503995672e-02
-5.534636594271245824e-02
-4.089358234972104156e-02
-2.363921566244036460e-02
-6.193622588468200574e-03
7.697935924567293753e-03
1.391208013688478504e-02
9.260121372120438260e-03
-7.124056421664616556e-03
-3.296472984667111333e-02
-6.310147514061789642e-02
-9.088203109779552369e-02
-1.102066260783239049e-01
-1.174287910574200594e-01
-1.124029003392232606e-01
-9.834013932707891259e-02
-8.056827252573472986e-02
-6.463486503929864735e-02
-5.439509844887269879e-02
-5.075112683550232762e-02
-5.151339019400153624e-02
-5.243761390116609411e-02
-4.898701795272723813e-02
-3.802715469345668842e-02
-1.871089115189075031e-02
7.714009859049457407e-03
3.879896259487361498e-02
7.173535430576875871e-02
1.035681267029963937e-01
1.308357112976155645e-01
1.492852188205432418e-01
1.543942916055981995e-01
1.429026669801009841e-01
1.147759960267313029e-01
7.452058027259551853e-02
3.087541401212525599e-02
-5.403038085369404886e-03
-2.502733995221783497e-02
-2.362087352354234893e-02
-3.694213323207844180e-03
2.575037998667843719e-02
5.198053669389055692e-02
6.272703604291984814e-02
5.032654789486326607e-02
1.437085624301538689e-02
-3.803606292086639251e-02
-9.449692075814379588e-02
-1.412538523160903337e-01
-1.674577291858157513e-01
-1.682864055371229295e-01
-1.459156936437316643e-01
-1.082147208929538640e-01
-6.585843834237672945e-02
-2.898202100039265483e-02
-4.457079009110929968e-03
5.514183929104913423e-03
3.295531942337207379e-03
-5.535249770044187168e-03
-1.422468214481422202e-02
-1.690424361377738244e-02
-1.011207654043945817e-02
6.535017839981893673e-03
3.054031591221558622e-02
5.739804851588577866e-02
8.184138397211471183e-02
9.917112842897998770e-02
1.063993671820158554e-01
1.029881829453636738e-01
9.105468141108379043e-02
7.503647562318244146e-02
6.089238059163077504e-02
5.492384988315385935e-02
6.231646706076662823e-02
8.559758679980361551e-02
1.233710278187293841e-01
1.698117095819656197e-01
2.153481884504414023e-01
2.486621940561389854e-01
2.596500343817618184e-01
2.425026873881727107e-01
1.978128815321658629e-01
1.327955320152406360e-01
5.931367457071604066e-02
-9.783152351172691441e-03
-6.481483720262896930e-02
-1.024704061019429957e-01
-1.268975007340043815e-01
-1.482470499836736622e-01
-1.790577301344861705e-01
-2.294804752715570717e-01
-3.026518379340639719e-01
-3.915978861401026023e-01
-4.789383952100660924e-01
-5.402385364144863811e-01
-5.509171965598362863e-01
-4.951938361254958343e-01
-3.741116990366619155e-01
-2.090256853229604528e-01
-3.785063422651291365e-02
9.599718842090701476e-02
1.585526424267897916e-01
1.382384983742975804e-01
5.105996363425652218e-02
-6.457100595261101861e-02
-1.615345984473615382e-01
-2.008120862817174279e-01
-1.649586930116219707e-01
-6.347089991997333092e-02
7.143750696311854109e-02
1.967575723599710447e-01
2.740143763076847150e-01
2.827421686646857113e-01
2.274522000308124292e-01
1.356518457692405533e-01
4.782623595922796955e-02
3.452409126581457155e-03
2.841405444572914218e-02
1.279521136253891078e-01
2.864944218102756235e-01
4.730818309713037406e-01
6.497506796625057701e-01
7.801778324956957222e-01
8.366340379778538505e-01
8.043153022825255682e-01
6.830367110243767970e-01
4.867633758607163852e-01
2.414072842897947435e-01
-1.900733283452615829e-02
-2.578119399655466326e-01
-4.423562035107473367e-01
-5.506185788002810888e-01
-5.759095601557500110e-01
-5.279539373772522692e-01
-4.296999337620167614e-01
-3.107831469838745475e-01
-1.998433660101118226e-01
-1.181520777952360102e-01
-7.621618170229255140e-02
-7.373701427775816719e-02
-1.021762495728068543e-01
-1.485909539593980866e-01
-1.994054826813801418e-01
-2.432114106750319915e-01
-2.722516117602255536e-01
-2.827190472042341862e-01
-2.742647831443024709e-01
-2.491404555711588809e-01
-2.112641799258403730e-01
-1.653351393664037050e-01
-1.160509545519693153e-01
-6.750253467060149393e-02
-2.283055333751043969e-02
1.584638119065309714e-02
4.733170121135904518e-02
7.122030610172824794e-02
8.781867900658678339e-02
9.809711710991150801e-02
1.035876005255337295e-01
1.061360141612494729e-01
1.074888595809871394e-01
1.088276727426190499e-01
1.104723305726395960e-01
1.119465753351286952e-01
1.124221370255171770e-01
1.113413556241404506e-01
1.089014402226047284e-01
1.061421379301184797e-01
1.045825885412740991e-01
1.055829550557391833e-01
1.097325092178879913e-01
1.165297827900093897e-01
1.244564866558545146e-01
1.313568785584359744e-01
1.349303289530514316e-01
1.331715400415917350e-01
1.246944642352417476e-01
1.089566090085105077e-01
8.640814854756305452e-02
5.854124188628152814e-02
2.776877069426135491e-02
-2.922071675690793291e-03
-3.050967905800321123e-02
-5.254205046122144285e-02
-6.763577559719254062e-02
-7.573354330422434055e-02
-7.805106741037931561e-02
-7.671338333473856630e-02
-7.415246658055808793e-02
-7.241909371914526106e-02
-7.262590563078120953e-02
-7.473123094219674689e-02
-7.776023462574760403e-02
-8.037903217070467565e-02
-8.158068390998780839e-02
-8.118483931140170473e-02
-7.992100141519449530e-02
-7.904157490168163547e-02
-7.962548192428876848e-02
-8.187757052253648304e-02
-8.472776678960439178e-02
-8.590428175222211693e-02
-8.248472828056681305e-02
-7.178902366586670247e-02
-5.236903362258066297e-02
-2.476179596431803825e-02
8.329386505431135568e-03
4.259143589256449147e-02
7.324818881852608599e-02
9.636587732524287686e-02
1.098086968568880717e-01
1.135068650688105529e-01
1.090076745753834342e-01
9.856253851390116283e-02
8.415565187492299315e-02
6.687914330842391342e-02
4.691465252672868957e-02
2.411968870199958023e-02
-1.069249549725835580e-03
-2.687280545634279649e-02
-4.996366858877063222e-02
-6.602470081914338373e-02
-7.096574781294345824e-02
-6.239620874404526452e-02
-4.078618856754182009e-02
-9.810758834280668139e-03
2.434910699331523098e-02
5.458061494956176207e-02
7.475606593943229239e-02
8.129906529678897209e-02
7.387671157837258362e-02
5.512075906029220707e-02
2.966512448593546306e-02
2.898402312575147632e-03
-2.026022717761129244e-02
-3.634267690176581217e-02
-4.389445150287449304e-02
-4.352386599140094237e-02
-3.747960160340971236e-02
-2.889661539747274271e-02
-2.087530680776468819e-02
-1.558041016046858747e-02
-1.360424518716563808e-02
-1.384720346430691300e-02
-1.401935694003384608e-02
-1.159928293326228238e-02
-4.873020713392215569e-03
6.354280106539694079e-03
2.064338660278570992e-02
3.543863695923683138e-02
4.798453026211645794e-02
5.620097800250423159e-02
5.909125122932747110e-02
5.655458604981250526e-02
4.887581829164464042e-02
3.635779095868008071e-02
1.940205237533723995e-02
-1.033609661262882562e-03
-2.299619899230505998e-02
-4.357317450600507042e-02
-5.959894276990292117e-02
-6.878939340079336107e-02
-7.073527216399805306e-02
-6.720100014742806660e-02
-6.151262233796272322e-02
-5.725698400104758945e-02
-5.682841579966034506e-02
-6.042767426817607923e-02
-6.592857312362898625e-02
-6.967168085775003739e-02
-6.787715272465064120e-02
-5.812398698320681706e-02
-4.030404798099913866e-02
-1.667481994400936418e-02
8.946521777885796389e-03
3.239794647627642493e-02
5.021581971207383921e-02
6.016782650289077133e-02
6.135594585089161612e-02
5.420369626412313568e-02
4.049599746051085747e-02
2.331017775036046610e-02
6.551728725983710366e-03
-5.954859242307618261e-03
-1.150413895614053189e-02
-9.215076816835837681e-03
-1.246131720601256765e-04
1.328766907172850703e-02
2.788712461807413626e-02
4.070604156033756638e-02
4.960618952976635770e-02
5.366884728638409569e-02
5.325755122302851946e-02
4.976582390054135746e-02
4.513852184353649155e-02
4.131318624211149926e-02
3.974604313320745375e-02
4.115285221140708299e-02
4.550577611770482978e-02
5.221562226559252340e-02
6.035585046826751759e-02
6.880513602198906620e-02
7.629953742600242839e-02
8.151303359910327950e-02
8.330722440689221353e-02
8.115589199368550277e-02
7.554195652777664916e-02
6.801212267378067833e-02
6.068385838485017281e-02
5.530511089212236664e-02
5.228495901281895314e-02
5.021624892515350047e-02
4.619976413569931717e-02
3.686550412891262396e-02
1.961845825799112680e-02
-6.470655317402963791e-03
-4.050655959051109589e-02
-8.033978413135756114e-02
-1.235232597850792202e-01
-1.681764704271643263e-01
-2.133766208012790599e-01
-2.589410743909931756e-01
-3.047318257320132950e-01
-3.497871743238343267e-01
-3.916023775671718665e-01
-4.257805042591692457e-01
-4.461743685544184990e-01
-4.455875001282438852e-01
-4.170223509890401137e-01
-3.553045480339743767e-01
-2.587522686316335863e-01
-1.305141729279935547e-01
2.073832033708378209e-02
1.810110879475578249e-01
3.322737873036105682e-01
4.548846992385419674e-01
5.309316342647854015e-01
5.479726212616458092e-01
5.024576972125966989e-01
4.020024342896099667e-01
2.656624067916592558e-01
1.215470551638130059e-01
1.679052149589160825e-03
-6.508578396874278860e-02
-6.038358625144657488e-02
1.815742335673659058e-02
1.549777608928061268e-01
3.190597838854784540e-01
4.705405492133837297e-01
5.700860268887333326e-01
5.887523582642852915e-01
5.156165181670835373e-01
3.607816867250326909e-01
1.526094648679895416e-01
-7.009165106662712530e-02
-2.684304319008200546e-01
-4.130308018647068646e-01
-4.900357232770525817e-01
-5.021873140444412797e-01
-4.653746369429893059e-01
-4.022856413217458238e-01
-3.353117813520916091e-01
-2.807178835143089302e-01
-2.454755136747869548e-01
-2.272485631342581747e-01
-2.170655577064522779e-01
-2.034988500800510580e-01
-1.768935625857475102e-01
-1.323850083952860246e-01
-7.100338879895790045e-02
1.116502028708860061e-03
7.478013866565536016e-02
1.401066690137856285e-01
1.884701996546998826e-01
2.137266449388040834e-01
2.128815151494318769e-01
1.864650857670659967e-01
1.386922160923206859e-01
7.724188466616434268e-02
1.240618265500326167e-02
-4.451508715761191837e-02
-8.342147821056990209e-02
-9.774667168167848474e-02
-8.620642593190058767e-02
-5.324619717727908930e-02
-7.843170443907893086e-03
3.903283377919286590e-02
7.740852108987315849e-02
1.006934189032428484e-01
1.067462945670362290e-01
9.750371033502500118e-02
7.760600911630871623e-02
5.274312498516491726e-02
2.835695761310506879e-02
8.944038910649723673e-03
-2.228703129470828437e-03
-3.354794147111900271e-03
5.535578673133673133e-03
2.218190809741996811e-02
4.206404948186619197e-02
5.911931626208513646e-02
6.727764024804731846e-02
6.240474618712417432e-02
4.389096581466423591e-02
1.515270131107376850e-02
-1.726602092473693284e-02
-4.571829971428096467e-02
-6.387116371789229585e-02
-6.863623640031345230e-02
-6.094257725103949253e-02
-4.514228607469320670e-02
-2.736662487681030403e-02
-1.350753257238629379e-02
-7.539313889180582207e-03
-1.066295903513330909e-02
-2.141508385735742259e-02
-3.656497316467322012e-02
-5.239226011853878595e-02
-6.585443370379065464e-02
-7.525706921112348957e-02
-8.028630115455624716e-02
-8.154049660358930751e-02
-7.988986691650788730e-02
-7.601255927747382901e-02
-7.029134194659839019e-02
-6.301086059227295477e-02
-5.462903049748182860e-02
-4.588742116288500178e-02
-3.764020146568409358e-02
-3.044246525781831025e-02
-2.408648414027364515e-02
-1.735617043640931209e-02
-8.226400285881086197e-03
5.453751588824093388e-03
2.500864510375153810e-02
5.011206581640752916e-02
7.849749597454941386e-02
1.064197459035733651e-01
1.297599027835185381e-01
1.453496685096309360e-01
1.519616849415585946e-01
1.505589057866526526e-01
1.437426958450837011e-01
1.346932438416860445e-01
1.260788019078177835e-01
1.193631293042563407e-01
1.147239693449506881e-01
1.115175898513249553e-01
1.089903058556527388e-01
1.068391999168200185e-01
1.053145045649884343e-01
1.048072541052687268e-01
1.051603002554452604e-01
1.051232636471848420e-01
1.023361582495665167e-01
9.398096830153282455e-02
7.789935705898232143e-02
5.368958916556274691e-02
2.320654700590212005e-02
-9.910156807866877388e-03
-4.160406926232137342e-02
-6.912946849430925966e-02
-9.242784356218834707e-02
-1.146342118018829209e-01
-1.415485791166042895e-01
-1.801677008036970118e-01
-2.364789529711130434e-01
-3.128162487598454833e-01
-4.053139922354914160e-01
-5.023354199179783652e-01
-5.849572151194890601e-01
-6.303475021947422263e-01
-6.180034247907075784e-01
-5.374644792320369957e-01
-3.947943415557774172e-01
-2.145580212968974942e-01
-3.489901524326805005e-02
1.041257199149444590e-01
1.752896815809862341e-01
1.757320616931427604e-01
1.293128472369017845e-01
7.762640881350350852e-02
6.294855511036777374e-02
1.103589075853577406e-01
2.167050683659710597e-01
3.510517834316727037e-01
4.664714943458428409e-01
5.185460059267170685e-01
4.833728090358463403e-01
3.680528472990115540e-01
2.095592292373258392e-01
6.249853200299165801e-02
-1.940578989461128057e-02
-1.244997190348151594e-03
1.216786782709267656e-01
3.220764122213788383e-01
5.483497937484653750e-01
7.389259048578127320e-01
8.388674151010311331e-01
8.140611026714285048e-01
6.593114189299609240e-01
3.986498920569769844e-01
7.839490229512552366e-02
-2.447042033492636826e-01
-5.169031122781458931e-01
-6.990578104005191751e-01
-7.737076273772911517e-01
-7.463140662333928033e-01
-6.409365048784445573e-01
-4.921391906426396123e-01
-3.358558114254098781e-01
-2.018723201822993918e-01
-1.095416682155556098e-01
-6.686476513943145905e-02
-7.190746513977266940e-02
-1.151632986713473916e-01
-1.819016644976366170e-01
-2.543088554167510784e-01
-3.137594186494775395e-01
-3.435265471647240276e-01
-3.317722479253122359e-01
-2.741595223671595138e-01
-1.752468713614042106e-01
-4.804248100433855528e-02
8.840474969913719727e-02
2.129050679561979575e-01
3.065666348318750734e-01
3.566369463580165711e-01
3.587860287262158998e-01
3.173405651415232009e-01
2.435950990272274241e-01
1.528758893923270190e-01
6.128340405939881885e-02
-1.709837249232225298e-02
-7.210695433366413887e-02
-9.843842303855603049e-02
-9.571436293912496951e-02
-6.786381956225677470e-02
-2.206151432430095150e-02
3.255814441688897887e-02
8.630164330698625319e-02
1.303897419528440293e-01
1.583766514865448394e-01
1.672306632641811230e-01
1.577450338580356215e-01
1.340946439738466833e-01
1.026255799950664682e-01
7.022587512435393697e-02
4.275572749413909801e-02
2.395491956406117784e-02
1.502564928434922675e-02
1.482853225083743953e-02
2.047119303000033419e-02
2.808557218773973657e-02
3.371286056194177511e-02
3.427246697015996768e-02
2.847722651503512004e-02
1.736239483782150983e-02
4.044671645441776098e-03
-7.425343332161840615e-03
-1.377943648598076165e-02
-1.406736141112022859e-02
-1.022877654816291976e-02
-6.350725177056662507e-03
-6.923796249083725290e-03
-1.491372694766455315e-02
-3.053977881511783787e-02
-5.130350727643090414e-02
-7.324450839086002474e-02
-9.285403100185621317e-02
-1.087577611884443796e-01
-1.223285254347504791e-01
-1.368265366509999470e-01
-1.553293742919427123e-01
-1.783160804852196024e-01
-2.020362800998588004e-01
-2.186015100702262681e-01
-2.181285959074674985e-01
-1.924249572421970478e-01
-1.389300499702156855e-01
-6.327120331928338948e-02
2.089738423925455169e-02
9.516900465384597885e-02
1.419592353924074846e-01
1.505650737467797984e-01
1.214919394186738527e-01
6.723515835792623352e-02
8.868127365676159446e-03
-3.063193211659457488e-02
-3.403770446820732209e-02
4.250075422069385378e-03
7.619793260000135016e-02
1.626492600301557845e-01
2.393981348549978072e-01
2.847490648511662448e-01
2.861222151358555621e-01
2.436804394192283452e-01
1.699470065790087137e-01
8.562274664160168802e-02
1.295987310207419307e-02
-3.118012054168264879e-02
-4.030849428521543487e-02
-1.967139428775387111e-02
1.639702660553253588e-02
5.003812582389459418e-02
6.619358321684144786e-02
5.737205509760602562e-02
2.531085623963419406e-02
-2.071700297170007282e-02
-6.796183267318975374e-02
-1.049062976801471564e-01
-1.248832576676984912e-01
-1.274686049648804942e-01
-1.174706699949064209e-01
-1.022498064984265348e-01
-8.862774489601842054e-02
-8.061617280540875341e-02
-7.867249975727691469e-02
-8.046097374581187567e-02
-8.251291936913315861e-02
-8.195432075164232888e-02
-7.760026317633743342e-02
-7.007893938005591017e-02
-6.108653346859899136e-02
-5.222825834949441914e-02
-4.404504350300321447e-02
-3.571259196098437727e-02
-2.556578338486452384e-02
-1.217289695349682566e-02
4.627100750848517352e-03
2.330890458869488285e-02
4.110853963028505281e-02
5.508523844629627242e-02
6.322096699574922263e-02
6.502814546150050001e-02
6.148538818087365132e-02
5.448701362263977388e-02
4.615154270869699371e-02
3.827634924037181391e-02
3.206613550859141459e-02
2.811573781978007891e-02
2.654464073859764614e-02
2.715580176899633907e-02
2.951447059726650113e-02
3.292293739829979526e-02
3.638148223424889083e-02
3.868653421736813203e-02
3.874610198292936097e-02
3.601867965862123183e-02
3.083269345397364469e-02
2.434133100758625878e-02
1.803754497681632832e-02
1.300969802216904794e-02
9.312807757063869263e-03
5.837230620412452858e-03
8.404900343723306633e-04
-7.043052634453997318e-03
-1.779866133353957824e-02
-2.957760680966203121e-02
-3.910321167415507088e-02
-4.284159441633714205e-02
-3.847883286730904157e-02
-2.608835266877922859e-02
-8.468494441141217327e-03
9.565292353183346696e-03
2.273546907395640818e-02
2.712894460771688929e-02
2.156212500256144554e-02
7.941898288035976333e-03
-9.461075548791178513e-03
-2.546054350870423019e-02
-3.555538830774650910e-02
-3.717265565424425489e-02
-3.023649375432741274e-02
-1.697374039402723203e-02
-1.079714597100094042e-03
1.346733687756977021e-02
2.356261022212643302e-02
2.772266574507397524e-02
2.617734932178815768e-02
2.033234995501508047e-02
1.193965570593682156e-02
2.453077550926309469e-03
-7.118995626772151031e-03
-1.593243067773331481e-02
-2.298841106620214472e-02
-2.717248062669158984e-02
-2.772217446398358986e-02
-2.481131560341233097e-02
-1.981802846790733236e-02
-1.505117489371138144e-02
-1.303882203971901306e-02
-1.569030363369385700e-02
-2.365236223290156231e-02
-3.606054923353683994e-02
-5.073167092450226595e-02
-6.470084819424071210e-02
-7.491416488169920507e-02
-7.888318719215048347e-02
-7.518026094962608485e-02
-6.372824592820279521e-02
-4.585574568017554420e-02
-2.407399695832796588e-02
-1.556644967220292830e-03
1.859718486246573696e-02
3.411172220043174469e-02
4.404299337414867982e-02
4.888155777957837317e-02
5.024916756869690637e-02
5.032093531352959531e-02
5.115221091153771688e-02
5.407921475858080973e-02
5.933434044486059211e-02
6.598347772507912046e-02
7.224089605176538254e-02
7.612388203277233034e-02
7.627205433607270324e-02
7.262705643161737612e-02
6.664540679989559846e-02
6.087429559454447109e-02
5.801125830161529828e-02
5.982567666643186233e-02
6.638822600848230671e-02
7.591320318635590148e-02
8.525991845140654113e-02
9.088530444609813075e-02
8.989097733448428440e-02
8.081164721375161397e-02
6.393221531666290480e-02
4.112721707374359520e-02
1.538100896291813915e-02
-9.820340806298122338e-03
-3.113201685705282995e-02
-4.605032127798624336e-02
-5.369548235062610725e-02
-5.557386208600924998e-02
-5.604556455181183838e-02
-6.211381070504350121e-02
-8.216399657714433535e-02
-1.234798003355851159e-01
-1.888179898755480701e-01
-2.729701894645654159e-01
-3.607883934262572367e-01
-4.281965413501326867e-01
-4.470056209749368459e-01
-3.929974480828848371e-01
-2.551843195917242735e-01
-4.303342547318111944e-02
2.115823570882335303e-01
4.595356433723967182e-01
6.459902423545882399e-01
7.250026100948272489e-01
6.723885343871871534e-01
4.925572486735408373e-01
2.172448076720970844e-01
-1.029899491274632872e-01
-4.112873171866736621e-01
-6.569018447666459259e-01
-8.040650442699761591e-01
-8.356231716468718318e-01
-7.518717603422905293e-01
-5.666145690292389014e-01
-3.029659271338867033e-01
9.349584617667938691e-03
3.349985300018925027e-01
6.336513211195091699e-01
8.622262342389973577e-01
9.803067173563839720e-01
9.587199327264090964e-01
7.892260877780692407e-01
4.916648915035211065e-01
1.146663255603267428e-01
-2.723450489747538672e-01
-5.949530693032559769e-01
-7.929428375172138388e-01
-8.363131108323349494e-01
-7.321481758038548282e-01
-5.198452687450194620e-01
-2.568846115953383746e-01
-8.537716441864851014e-04
2.058011614349427032e-01
3.437473618881993209e-01
4.161762084800523787e-01
4.414253849062651502e-01
4.424283937184561588e-01
4.369573882829635991e-01
4.317049108951841463e-01
4.215621299921323839e-01
3.936107285218885532e-01
3.339053463676415201e-01
2.344320748038546953e-01
9.779807140561835865e-02
-6.186912109130948689e-02
-2.219746739382369438e-01
-3.572994063190386149e-01
-4.466358855862797572e-01
-4.781199645183703550e-01
-4.517378035215841581e-01
-3.784833522188445487e-01
-2.767246069058818536e-01
-1.671704759584990985e-01
-6.811194546236720715e-02
7.764673286802220575e-03
5.450045381629613217e-02
7.222320672356043192e-02
6.547654516566529803e-02
4.126697852415697754e-02
7.341371528618634290e-03
-2.907352070652241549e-02
-6.204151576643716914e-02
-8.728592367951966413e-02
-1.023011203785276629e-01
-1.063282494636726833e-01
-1.002105643220016912e-01
-8.605941576205590471e-02
-6.671360152807495614e-02
-4.511167128272075555e-02
-2.375863426000383166e-02
-4.400863369841606643e-03
1.207924919721996282e-02
2.558454455825295154e-02
3.657962437602477884e-02
4.577341297292252670e-02
5.378879044568465884e-02
6.092181945380986674e-02
6.707730346101681285e-02
7.190408716187529636e-02
7.505875292912557450e-02
7.645197670592678019e-02
7.634116595798455529e-02
7.523336535423222338e-02
7.367633500724640738e-02
7.205621233357502320e-02
7.048237150788444483e-02
6.878526458801537125e-02
6.661971436359795384e-02
6.363871403166210250e-02
5.966505369866322017e-02
5.476952624759059973e-02
4.920853267667216202e-02
4.326916890457607051e-02
3.714243032194811805e-02
3.093020448871535572e-02
2.479269243037156289e-02
1.912198787201389166e-02
1.456897302782277775e-02
1.181963461963757289e-02
1.119744935729411611e-02
1.233656255870621554e-02
1.418024746027639338e-02
1.538003089755003022e-02
1.492217931794175695e-02
1.265457475583651320e-02
9.411237590977665490e-03
6.602744547814298065e-03
5.374978045547530031e-03
5.659745890494585069e-03
5.576750145304440465e-03
1.612416865190716142e-03
-1.026006129567445108e-02
-3.279388369887485666e-02
-6.571655487694955111e-02
-1.048770952348536956e-01
-1.428979276088573891e-01
-1.713207208357316047e-01
-1.835418281714852884e-01
-1.773975648512948200e-01
-1.562875144565880614e-01
-1.282146612684361142e-01
-1.029081811097374427e-01
-8.800653389063221865e-02
-8.579099705583573265e-02
-9.189692090488582599e-02
-9.672485757729371025e-02
-8.917578707788900716e-02
-6.131682498635059042e-02
-1.209758222876164413e-02
5.147842795321251608e-02
1.163292865178065794e-01
1.677144999296438233e-01
1.943836085178684281e-01
1.924722902491002863e-01
1.667024075413048312e-01
1.285026439458871461e-01
9.182257610061227149e-02
6.823700820914634091e-02
6.312712195291379780e-02
7.422392760372624465e-02
9.283870869392420178e-02
1.071127729531522188e-01
1.060049120994542154e-01
8.268815077931701563e-02
3.646325216133075586e-02
-2.706767223768005715e-02
-9.731802455115726169e-02
-1.610669213387555254e-01
-2.053799555861278991e-01
-2.206152276649067101e-01
-2.028953537255624717e-01
-1.553171299440138931e-01
-8.733365128025262492e-02
-1.228701472986248877e-02
5.620221122854036910e-02
1.077741925850422555e-01
1.376092052710885527e-01
1.468057481763195837e-01
1.409738163756559803e-01
1.277601875492116457e-01
1.142583315037562497e-01
1.051360514578100896e-01
1.019733411445657989e-01
1.038695499133136663e-01
1.089214935210824353e-01
1.157729944198938321e-01
1.242949508581942808e-01
1.348284580348623751e-01
1.462968845766051684e-01
1.543810995610479242e-01
1.511963715412597276e-01
1.272343606558453410e-01
7.509217649748270440e-02
-6.576586975381396027e-03
-1.107732956136157909e-01
-2.227929191739471404e-01
-3.238156651772252648e-01
-3.962290658049320013e-01
-4.287749809272027868e-01
-4.197477787359848445e-01
-3.772404014949011231e-01
-3.164221874128735346e-01
-2.546844331751911827e-01
-2.060685266192998077e-01
-1.766606239477082341e-01
-1.625230609668801840e-01
-1.511464343214472539e-01
-1.263547244721978657e-01
-7.527458553086877058e-02
5.167959792724691193e-03
1.051092197869108458e-01
2.039086159869019088e-01
2.773785008693963050e-01
3.073204129829367748e-01
2.891029827350113379e-01
2.336458762830654623e-01
1.628230406236150785e-01
1.004818028035090738e-01
6.317278530974043682e-02
5.449794730931314946e-02
6.517777454264647718e-02
7.846545665492124511e-02
7.831604571982167529e-02
5.665549809309479434e-02
1.675100157547110280e-02
-2.833122378623713356e-02
-6.108411174230510277e-02
-6.642655820431017655e-02
-3.762080963602419670e-02
2.071675666033662155e-02
9.360528933240724880e-02
1.605599689948877251e-01
2.027542365310582295e-01
2.098277350543799602e-01
1.836204271929262610e-01
1.372785184282037108e-01
9.008414844477273531e-02
6.010900238214400559e-02
5.759732538589557027e-02
8.156249741542123677e-02
1.207053440047695658e-01
1.580597410068220743e-01
1.774279533595674030e-01
1.691529940648687780e-01
1.331963934056808740e-01
7.861387307550304904e-02
1.987967399255280432e-02
-2.842469207433136191e-02
-5.662475232161229971e-02
-6.302508172290656463e-02
-5.419538527739260064e-02
-4.261752876278235291e-02
-4.264895812058198954e-02
-6.610741524824208237e-02
-1.186451597932480923e-01
-1.976870387417602182e-01
-2.923309013508591514e-01
-3.853411407764980590e-01
-4.570913781357794359e-01
-4.908815349791685323e-01
-4.784610532583801756e-01
-4.240413392365383061e-01
-3.449521682146520218e-01
-2.677572746663281489e-01
-2.201689053774682492e-01
-2.210240766382750022e-01
-2.719840504763338385e-01
-3.546274280786066990e-01
-4.349553920917135219e-01
-4.744924114161058748e-01
-4.442433914148891105e-01
-3.361364494715100015e-01
-1.671832983048143206e-01
2.574526290354631208e-02
1.990569094427657171e-01
3.188971197733263541e-01
3.747378512561197472e-01
3.844689145563737753e-01
3.881594963145644228e-01
4.319812063471452079e-01
5.481656468714461994e-01
7.392268650066142754e-01
9.732957723915616199e-01
1.192615907294487076e+00
1.331668802282478303e+00
1.337916964641957973e+00
1.187917673466727164e+00
8.939621825415717815e-01
5.000805581499129238e-01
6.979795872947935909e-02
-3.297473016479247621e-01
-6.424263414665909444e-01
-8.330230831128961899e-01
-8.911580564132749460e-01
-8.298085506111405607e-01
-6.799269678816833862e-01
-4.828526289474115440e-01
-2.820634203363404091e-01
-1.155330241432033639e-01
-9.660658900546736927e-03
2.446223672649505687e-02
-8.180010847270241525e-03
-8.904733377558027296e-02
-1.914936494928228261e-01
-2.878543449588103487e-01
-3.561746880414219940e-01
-3.846221026224798112e-01
-3.725152514393742509e-01
-3.281963845275758795e-01
-2.650004243543995774e-01
-1.969119238793746729e-01
-1.351718279775334097e-01
-8.643518754312404240e-02
-5.247005717501493360e-02
-3.103685551049528701e-02
-1.747781158997988027e-02
-6.551608489518856437e-03
5.913137205192375845e-03
2.191149683667825698e-02
4.096369519789516689e-02
6.069300165776804479e-02
7.806287249592243349e-02
9.078237874943821673e-02
9.830020492965133028e-02
1.019885872239807978e-01
1.044776256960587013e-01
1.084457585989857392e-01
1.153642388858143741e-01
1.247044761153606185e-01
1.339656708321561307e-01
1.395876271185066686e-01
1.384529316608363869e-01
1.293983704953836633e-01
1.140855638572209063e-01
9.677605690094383262e-02
8.296874698129627634e-02
7.735297494451692790e-02
8.189704788868756857e-02
9.491672266247713763e-02
1.115831520034449020e-01
1.256912605432143615e-01
1.319251317022560044e-01
1.276227952907199037e-01
1.132923731412460305e-01
9.175804655120360642e-02
6.650144347771212716e-02
4.013484805321677895e-02
1.377597267419508609e-02
-1.251213490712377308e-02
-3.870834159159267096e-02
-6.401775675415088962e-02
-8.677660492150106319e-02
-1.050705197397967250e-01
-1.176364014536061958e-01
-1.245191327154219485e-01
-1.271345024474422880e-01
-1.276925744414947883e-01
-1.282221276659280540e-01
-1.296054797378830004e-01
-1.310296520177151591e-01
-1.300961894904152372e-01
-1.235804374384651128e-01
-1.085961752775570915e-01
-8.379174466142454147e-02
-5.020229679748200446e-02
-1.147021365477696175e-02
2.671677530228984410e-02
5.792605211232806917e-02
7.671864307080042411e-02
8.029128738933191678e-02
6.943455070917831096e-02
4.842760576537869649e-02
2.386885556851771339e-02
2.812644079398490815e-03
-9.192892193661081346e-03
-9.555416628078544639e-03
8.462448929347221593e-04
1.817342594105478271e-02
3.691345699181706325e-02
5.146611456405094515e-02
5.753773094593576942e-02
5.300620406824768649e-02
3.814864344323565942e-02
1.532239202176450751e-02
-1.170078814809944606e-02
-3.854369515954200048e-02
-6.103753142269934678e-02
-7.596195548947719256e-02
-8.163008318346297310e-02
-7.819183574610177878e-02
-6.752021982252287557e-02
-5.262683099906582257e-02
-3.669660163968702093e-02
-2.196843785995058682e-02
-8.784942294909373409e-03
4.813997820846557807e-03
2.262065998944517986e-02
4.879768927490174546e-02
8.571572505022981292e-02
1.318293215030141574e-01
1.805713698179881588e-01
2.210617670975904281e-01
2.407900129538526335e-01
2.295813900764845927e-01
1.834813633737097660e-01
1.070240164033597341e-01
1.281727066632631917e-02
