-0.00260
-0.00316
-0.00365
-0.00403
-0.00428
-0.00435
-0.00422
-0.00387
-0.00329
-0.00249
-0.00149
-0.00032
0.00099
0.00238
0.00380
0.00518
0.00646
0.00756
0.00843
0.00898
0.00917
0.00893
0.00825
0.00707
0.00540
0.00322
0.00055
-0.00257
-0.00611
-0.01001
-0.01419
-0.01857
-0.02306
-0.02756
-0.03197
-0.03617
-0.04006
-0.04353
-0.04649
-0.04884
-0.05050
-0.05140
-0.05151
-0.05077
-0.04918
-0.04675
-0.04349
-0.03946
-0.03471
-0.02933
-0.02341
-0.01706
-0.01042
-0.00360
0.00325
0.01000
0.01650
0.02263
0.02826
0.03329
0.03760
0.04114
0.04384
0.04565
0.04658
0.04662
0.04581
0.04420
0.04185
0.03887
0.03535
0.03140
0.02716
0.02274
0.01828
0.01391
0.00974
0.00587
0.00241
-0.00058
-0.00302
-0.00488
-0.00613
-0.00677
-0.00683
-0.00633
-0.00532
-0.00387
-0.00206
0.00004
0.00232
0.00471
0.00711
0.00943
0.01159
0.01352
0.01515
0.01643
0.01732
0.01780
0.01785
0.01747
0.01667
0.01547
0.01389
0.01198
0.00978
0.00734
0.00471
0.00194
-0.00090
-0.00377
-0.00661
-0.00936
-0.01198
-0.01441
-0.01662
-0.01856
-0.02020
-0.02151
-0.02247
-0.02306
-0.02326
-0.02307
-0.02250
-0.02157
-0.02028
-0.01868
-0.01680
-0.01467
-0.01237
-0.00994
-0.00744
-0.00495
-0.00253
-0.00025
0.00182
0.00361
0.00507
0.00615
0.00679
0.00698
0.00667
0.00588
0.00460
0.00286
0.00068
-0.00189
-0.00479
-0.00793
-0.01125
-0.01464
-0.01801
-0.02124
-0.02423
-0.02687
-0.02904
-0.03064
-0.03158
-0.03177
-0.03113
-0.02961
-0.02717
-0.02379
-0.01948
-0.01426
-0.00819
-0.00133
0.00619
0.01426
0.02273
0.03143
0.04018
0.04876
0.05697
0.06460
0.07143
0.07726
0.08188
0.08513
0.08685
0.08693
0.08527
0.08183
0.07661
0.06965
0.06104
0.05090
0.03942
0.02681
0.01333
-0.00074
-0.01510
-0.02941
-0.04336
-0.05660
-0.06883
-0.07975
-0.08909
-0.09661
-0.10215
-0.10554
-0.10672
-0.10568
-0.10242
-0.09705
-0.08972
-0.08061
-0.06997
-0.05808
-0.04523
-0.03176
-0.01801
-0.00430
0.00903
0.02166
0.03332
0.04374
0.05272
0.06007
0.06568
0.06947
0.07142
0.07154
0.06991
0.06665
0.06189
0.05583
0.04869
0.04068
0.03207
0.02311
0.01404
0.00511
-0.00345
-0.01143
-0.01863
-0.02492
-0.03015
-0.03424
-0.03715
-0.03884
-0.03935
-0.03872
-0.03704
-0.03441
-0.03097
-0.02687
-0.02228
-0.01736
-0.01230
-0.00726
-0.00240
0.00212
0.00617
0.00963
0.01243
0.01448
0.01577
0.01627
0.01602
0.01505
0.01344
0.01129
0.00869
0.00579
0.00272
-0.00037
-0.00334
-0.00604
-0.00833
-0.01011
-0.01126
-0.01170
-0.01137
-0.01024
-0.00831
-0.00561
-0.00217
0.00191
0.00653
0.01156
0.01685
0.02225
0.02759
0.03270
0.03739
0.04151
0.04490
0.04742
0.04894
0.04939
0.04869
0.04680
0.04374
0.03951
0.03419
0.02786
0.02066
0.01273
0.00423
-0.00463
-0.01365
-0.02263
-0.03135
-0.03958
-0.04714
-0.05383
-0.05947
-0.06392
-0.06706
-0.06880
-0.06909
-0.06790
-0.06527
-0.06122
-0.05587
-0.04933
-0.04175
-0.03332
-0.02422
-0.01468
-0.00492
0.00483
0.01433
0.02338
0.03176
0.03927
0.04577
0.05110
0.05515
0.05787
0.05919
0.05912
0.05769
0.05494
0.05099
0.04594
0.03994
0.03316
0.02576
0.01795
0.00992
0.00185
-0.00605
-0.01360
-0.02065
-0.02703
-0.03262
-0.03731
-0.04101
-0.04368
-0.04528
-0.04582
-0.04531
-0.04380
-0.04138
-0.03813
-0.03417
-0.02961
-0.02460
-0.01926
-0.01376
-0.00822
-0.00280
0.00238
0.00721
0.01156
0.01535
0.01851
0.02098
0.02272
0.02373
0.02402
0.02360
0.02253
0.02088
0.01871
0.01614
0.01326
0.01018
0.00702
0.00390
0.00093
-0.00178
-0.00413
-0.00604
-0.00743
-0.00825
-0.00846
-0.00805
-0.00703
-0.00541
-0.00325
-0.00061
0.00242
0.00576
0.00928
0.01286
0.01637
0.01970
0.02269
0.02525
0.02724
0.02858
0.02918
0.02897
0.02791
0.02600
0.02323
0.01964
0.01529
0.01027
0.00469
-0.00135
-0.00767
-0.01414
-0.02059
-0.02686
-0.03276
-0.03816
-0.04288
-0.04681
-0.04982
-0.05182
-0.05273
-0.05252
-0.05117
-0.04871
-0.04516
-0.04061
-0.03515
-0.02890
-0.02201
-0.01464
-0.00695
0.00087
0.00865
0.01622
0.02338
0.03000
0.03591
0.04100
0.04516
0.04830
0.05038
0.05135
0.05122
0.05001
0.04777
0.04456
0.04049
0.03565
0.03018
0.02420
0.01787
0.01133
0.00473
-0.00178
-0.00805
-0.01396
-0.01938
-0.02419
-0.02829
-0.03160
-0.03406
-0.03561
-0.03623
-0.03590
-0.03466
-0.03251
-0.02953
-0.02579
-0.02136
-0.01637
-0.01094
-0.00520
0.00070
0.00661
0.01238
0.01785
0.02286
0.02729
0.03099
0.03387
0.03582
0.03677
0.03668
0.03554
0.03335
0.03015
0.02602
0.02105
0.01536
0.00909
0.00242
-0.00450
-0.01145
-0.01826
-0.02474
-0.03068
-0.03593
-0.04032
-0.04371
-0.04599
-0.04707
-0.04690
-0.04545
-0.04273
-0.03880
-0.03373
-0.02762
-0.02063
-0.01290
-0.00463
0.00398
0.01271
0.02134
0.02965
0.03742
0.04444
0.05051
0.05547
0.05916
0.06149
0.06234
0.06169
0.05951
0.05585
0.05075
0.04433
0.03671
0.02807
0.01859
0.00850
-0.00197
-0.01259
-0.02309
-0.03323
-0.04277
-0.05147
-0.05914
-0.06558
-0.07064
-0.07420
-0.07618
-0.07655
-0.07529
-0.07246
-0.06812
-0.06239
-0.05543
-0.04741
-0.03856
-0.02908
-0.01923
-0.00926
0.00059
0.01008
0.01896
0.02703
0.03411
0.04004
0.04469
0.04798
0.04986
0.05033
0.04943
0.04723
0.04385
0.03942
0.03413
0.02817
0.02176
0.01513
0.00849
0.00209
-0.00386
-0.00917
-0.01366
-0.01718
-0.01963
-0.02092
-0.02103
-0.01996
-0.01775
-0.01450
-0.01032
-0.00537
0.00019
0.00615
0.01230
0.01843
0.02432
0.02976
0.03456
0.03856
0.04159
0.04357
0.04438
0.04400
0.04242
0.03965
0.03577
0.03088
0.02509
0.01857
0.01150
0.00406
-0.00354
-0.01108
-0.01836
-0.02516
-0.03131
-0.03662
-0.04094
-0.04416
-0.04617
-0.04693
-0.04639
-0.04460
-0.04160
-0.03747
-0.03235
-0.02637
-0.01972
-0.01260
-0.00522
0.00219
0.00941
0.01622
0.02240
0.02775
0.03212
0.03535
0.03735
0.03802
0.03735
0.03535
0.03205
0.02755
0.02197
0.01547
0.00824
0.00048
-0.00757
-0.01567
-0.02360
-0.03110
-0.03796
-0.04397
-0.04895
-0.05274
-0.05522
-0.05632
-0.05599
-0.05422
-0.05107
-0.04661
-0.04095
-0.03424
-0.02666
-0.01841
-0.00971
-0.00080
0.00811
0.01676
0.02494
0.03244
0.03907
0.04468
0.04912
0.05231
0.05418
0.05471
0.05393
0.05188
0.04865
0.04436
0.03916
0.03322
0.02672
0.01988
0.01290
0.00599
-0.00066
-0.00684
-0.01239
-0.01715
-0.02100
-0.02384
-0.02560
-0.02627
-0.02583
-0.02434
-0.02186
-0.01849
-0.01436
-0.00963
-0.00446
0.00096
0.00643
0.01175
0.01672
0.02116
0.02490
0.02777
0.02964
0.03042
0.03003
0.02842
0.02561
0.02163
0.01654
0.01045
0.00350
-0.00414
-0.01229
-0.02074
-0.02926
-0.03762
-0.04560
-0.05296
-0.05949
-0.06499
-0.06928
-0.07221
-0.07367
-0.07356
-0.07185
-0.06852
-0.06361
-0.05718
-0.04935
-0.04027
-0.03009
-0.01905
-0.00736
0.00472
0.01693
0.02899
0.04065
0.05164
0.06169
0.07059
0.07812
0.08412
0.08843
0.09095
0.09163
0.09044
0.08743
0.08266
0.07624
0.06834
0.05915
0.04890
0.03784
0.02623
0.01437
0.00255
-0.00895
-0.01985
-0.02990
-0.03886
-0.04652
-0.05274
-0.05737
-0.06034
-0.06163
-0.06124
-0.05924
-0.05573
-0.05086
-0.04482
-0.03780
-0.03005
-0.02182
-0.01337
-0.00495
0.00319
0.01081
0.01769
0.02366
0.02856
0.03226
0.03471
0.03585
0.03569
0.03427
0.03166
0.02800
0.02340
0.01804
0.01211
0.00580
-0.00068
-0.00712
-0.01333
-0.01910
-0.02426
-0.02866
-0.03215
-0.03466
-0.03610
-0.03642
-0.03564
-0.03377
-0.03087
-0.02703
-0.02236
-0.01701
-0.01113
-0.00490
0.00152
0.00794
0.01418
0.02006
0.02543
0.03014
0.03408
0.03713
0.03923
0.04032
0.04039
0.03944
0.03751
0.03463
0.03091
0.02642
0.02128
0.01563
0.00958
0.00330
-0.00309
-0.00943
-0.01558
-0.02141
-0.02680
-0.03162
-0.03577
-0.03918
-0.04178
-0.04352
-0.04437
-0.04434
-0.04342
-0.04166
-0.03911
-0.03585
-0.03196
-0.02754
-0.02270
-0.01758
-0.01229
-0.00696
-0.00172
0.00331
0.00801
0.01228
0.01602
0.01915
0.02161
0.02336
0.02438
0.02465
0.02419
0.02304
0.02125
0.01889
0.01604
0.01279
0.00927
0.00559
0.00187
-0.00177
-0.00520
-0.00832
-0.01100
-0.01315
-0.01470
-0.01557
-0.01572
-0.01513
-0.01379
-0.01172
-0.00895
-0.00557
-0.00163
0.00276
0.00747
0.01239
0.01738
0.02230
0.02699
0.03132
0.03515
0.03835
0.04080
0.04241
0.04311
0.04284
0.04159
0.03934
0.03612
0.03201
0.02708
0.02145
0.01525
0.00863
0.00176
-0.00518
-0.01201
-0.01854
-0.02459
-0.02999
-0.03459
-0.03827
-0.04089
-0.04241
-0.04275
-0.04190
-0.03990
-0.03677
-0.03261
-0.02753
-0.02167
-0.01519
-0.00829
-0.00114
0.00603
0.01303
0.01965
0.02570
0.03101
0.03541
0.03878
0.04102
0.04205
0.04185
0.04042
0.03780
0.03406
0.02930
0.02367
0.01732
0.01045
0.00324
-0.00408
-0.01132
-0.01825
-0.02469
-0.03043
-0.03532
-0.03922
-0.04201
-0.04362
-0.04401
-0.04316
-0.04111
-0.03792
-0.03368
-0.02854
-0.02262
-0.01611
-0.00921
-0.00210
0.00500
0.01190
0.01839
0.02428
0.02942
0.03365
0.03684
0.03892
0.03981
0.03949
0.03794
0.03522
0.03137
0.02648
0.02068
0.01410
0.00688
-0.00081
-0.00880
-0.01692
-0.02501
-0.03290
-0.04044
-0.04751
-0.05399
-0.05979
-0.06484
-0.06909
-0.07252
-0.07513
-0.07692
-0.07792
-0.07817
-0.07771
-0.07659
-0.07485
-0.07254
-0.06969
-0.06631
-0.06242
-0.05802
-0.05309
-0.04760
-0.04152
-0.03481
-0.02743
-0.01935
-0.01054
-0.00099
0.00928
0.02026
0.03186
0.04401
0.05658
0.06940
0.08230
0.09506
0.10743
0.11916
0.13000
0.13968
0.14794
0.15455
0.15931
0.16204
0.16262
0.16098
0.15709
0.15100
0.14281
0.13265
0.12074
0.10732
0.09267
0.07712
0.06097
0.04458
0.02828
0.01239
-0.00281
-0.01703
-0.03007
-0.04174
-0.05192
-0.06052
-0.06752
-0.07295
-0.07687
-0.07939
-0.08066
-0.08083
-0.08008
-0.07861
-0.07661
-0.07424
-0.07167
-0.06904
-0.06645
-0.06398
-0.06169
-0.05957
-0.05761
-0.05577
-0.05397
-0.05214
-0.05017
-0.04798
-0.04545
-0.04251
-0.03910
-0.03516
-0.03069
-0.02571
-0.02028
-0.01449
-0.00848
-0.00241
0.00352
0.00908
0.01403
0.01812
0.02109
0.02269
0.02272
0.02095
0.01726
0.01154
0.00373
-0.00610
-0.01789
-0.03144
-0.04650
-0.06275
-0.07978
-0.09715
-0.11434
-0.13078
-0.14593
-0.15919
-0.16999
-0.17781
-0.18213
-0.18254
-0.17872
-0.17038
-0.15744
-0.13986
-0.11778
-0.09146
-0.06124
-0.02769
0.00861
0.04693
0.08645
0.12631
0.16560
0.20340
0.23881
0.27097
0.29906
0.32241
0.34038
0.35255
0.35859
0.35831
0.35174
0.33899
0.32039
0.29637
0.26747
0.23438
0.19784
0.15867
0.11773
0.07589
0.03402
-0.00703
-0.04648
-0.08359
-0.11772
-0.14831
-0.17488
-0.19711
-0.21474
-0.22764
-0.23581
-0.23929
-0.23829
-0.23305
-0.22392
-0.21130
-0.19566
-0.17749
-0.15733
-0.13570
-0.11316
-0.09025
-0.06746
-0.04528
-0.02416
-0.00446
0.01345
0.02932
0.04293
0.05415
0.06288
0.06911
0.07289
0.07430
0.07349
0.07064
0.06598
0.05974
0.05219
0.04359
0.03423
0.02436
0.01423
0.00409
-0.00585
-0.01540
-0.02440
-0.03271
-0.04022
-0.04686
-0.05258
-0.05735
-0.06116
-0.06401
-0.06595
-0.06700
-0.06719
-0.06658
-0.06520
-0.06308
-0.06026
-0.05675
-0.05258
-0.04773
-0.04222
-0.03603
-0.02916
-0.02160
-0.01336
-0.00445
0.00510
0.01525
0.02590
0.03697
0.04832
0.05981
0.07124
0.08241
0.09311
0.10309
0.11211
0.11993
0.12632
0.13105
0.13396
0.13486
0.13364
0.13023
0.12459
0.11675
0.10678
0.09481
0.08101
0.06561
0.04889
0.03114
0.01270
-0.00606
-0.02479
-0.04311
-0.06064
-0.07704
-0.09197
-0.10512
-0.11626
-0.12514
-0.13162
-0.13558
-0.13697
-0.13580
-0.13213
-0.12610
-0.11785
-0.10763
-0.09569
-0.08234
-0.06791
-0.05274
-0.03719
-0.02163
-0.00639
0.00818
0.02178
0.03415
0.04505
0.05432
0.06182
0.06749
0.07133
0.07336
0.07370
0.07248
0.06989
0.06614
0.06148
0.05616
0.05043
0.04453
0.03868
0.03310
0.02794
0.02332
0.01933
0.01598
0.01328
0.01117
0.00955
0.00829
0.00724
0.00622
0.00506
0.00358
0.00162
-0.00097
-0.00431
-0.00846
-0.01346
-0.01930
-0.02592
-0.03320
-0.04099
-0.04908
-0.05723
-0.06517
-0.07261
-0.07926
-0.08481
-0.08898
-0.09153
-0.09223
-0.09092
-0.08749
-0.08188
-0.07412
-0.06428
-0.05252
-0.03907
-0.02418
-0.00819
0.00855
0.02564
0.04269
0.05927
0.07501
0.08951
0.10245
0.11353
0.12249
0.12917
0.13341
0.13519
0.13448
0.13135
0.12594
0.11841
0.10900
0.09794
0.08553
0.07208
0.05790
0.04329
0.02858
0.01404
-0.00005
-0.01345
-0.02597
-0.03742
-0.04766
-0.05661
-0.06418
-0.07035
-0.07511
-0.07847
-0.08048
-0.08118
-0.08065
-0.07896
-0.07619
-0.07243
-0.06777
-0.06228
-0.05606
-0.04920
-0.04180
-0.03394
-0.02575
-0.01733
-0.00882
-0.00034
0.00796
0.01591
0.02336
0.03013
0.03605
0.04095
0.04468
0.04707
0.04801
0.04740
0.04517
0.04129
0.03576
0.02865
0.02005
0.01013
-0.00093
-0.01289
-0.02547
-0.03837
-0.05126
-0.06379
-0.07563
-0.08644
-0.09591
-0.10375
-0.10973
-0.11364
-0.11535
-0.11476
-0.11186
-0.10669
-0.09934
-0.08998
-0.07881
-0.06610
-0.05215
-0.03727
-0.02183
-0.00618
0.00932
0.02431
0.03845
0.05145
0.06301
0.07292
0.08101
0.08713
0.09123
0.09328
0.09334
0.09149
0.08789
0.08272
0.07620
0.06860
0.06017
0.05121
0.04200
0.03285
0.02401
0.01576
0.00832
0.00190
-0.00332
-0.00724
-0.00973
-0.01075
-0.01030
-0.00840
-0.00512
-0.00057
0.00511
0.01176
0.01918
0.02716
0.03549
0.04394
0.05228
0.06030
0.06780
0.07459
0.08051
0.08544
0.08926
0.09191
0.09336
0.09360
0.09267
0.09062
0.08755
0.08356
0.07878
0.07335
0.06743
0.06115
0.05467
0.04813
0.04164
0.03532
0.02924
0.02347
0.01804
0.01298
0.00825
0.00383
-0.00033
-0.00430
-0.00815
-0.01198
-0.01587
-0.01989
-0.02410
-0.02858
-0.03335
-0.03843
-0.04382
-0.04949
-0.05538
-0.06142
-0.06753
-0.07359
-0.07948
-0.08508
-0.09026
-0.09489
-0.09885
-0.10204
-0.10436
-0.10577
-0.10620
-0.10565
-0.10413
-0.10167
-0.09835
-0.09426
-0.08951
-0.08426
-0.07866
-0.07287
-0.06707
-0.06143
-0.05613
-0.05134
-0.04720
-0.04384
-0.04137
-0.03986
-0.03939
-0.03995
-0.04155
-0.04416
-0.04770
-0.05209
-0.05721
-0.06292
-0.06909
-0.07554
-0.08211
-0.08862
-0.09492
-0.10083
-0.10620
-0.11089
-0.11479
-0.11778
-0.11979
-0.12075
-0.12062
-0.11940
-0.11707
-0.11366
-0.10922
-0.10378
-0.09742
-0.09019
-0.08217
-0.07344
-0.06405
-0.05407
-0.04356
-0.03257
-0.02113
-0.00928
0.00295
0.01556
0.02851
0.04181
0.05542
0.06933
0.08352
0.09793
0.11253
0.12725
0.14201
0.15673
0.17130
0.18560
0.19951
0.21289
0.22559
0.23749
0.24842
0.25827
0.26688
0.27416
0.28000
0.28432
0.28706
0.28820
0.28771
0.28564
0.28201
0.27692
0.27047
0.26279
0.25403
0.24437
0.23399
0.22310
0.21189
0.20059
0.18939
0.17848
0.16805
0.15825
0.14921
0.14104
0.13382
0.12757
0.12229
0.11794
0.11446
0.11170
0.10953
0.10777
0.10620
0.10461
0.10275
0.10037
0.09723
0.09311
0.08778
0.08107
0.07280
0.06286
0.05117
0.03768
0.02242
0.00543
-0.01318
-0.03326
-0.05462
-0.07703
-0.10024
-0.12394
-0.14784
-0.17159
-0.19488
-0.21735
-0.23870
-0.25860
-0.27678
-0.29298
-0.30697
-0.31862
-0.32778
-0.33439
-0.33847
-0.34005
-0.33927
-0.33631
-0.33138
-0.32480
-0.31688
-0.30800
-0.29854
-0.28892
-0.27956
-0.27086
-0.26322
-0.25699
-0.25250
-0.25000
-0.24974
-0.25182
-0.25635
-0.26331
-0.27264
-0.28420
-0.29776
-0.31307
-0.32978
-0.34751
-0.36584
-0.38434
-0.40252
-0.41994
-0.43613
-0.45065
-0.46309
-0.47306
-0.48026
-0.48439
-0.48524
-0.48267
-0.47657
-0.46692
-0.45375
-0.43716
-0.41730
-0.39438
-0.36863
-0.34034
-0.30982
-0.27739
-0.24339
-0.20816
-0.17204
-0.13533
-0.09834
-0.06134
-0.02455
0.01182
0.04762
0.08272
0.11705
0.15057
0.18328
0.21520
0.24641
0.27697
0.30701
0.33664
0.36597
0.39516
0.42430
0.45353
0.48295
0.51262
0.54263
0.57300
0.60374
0.63484
0.66624
0.69786
0.72962
0.76135
0.79292
0.82415
0.85483
0.88476
0.91371
0.94147
0.96781
0.99250
1.01532
1.03608
1.05456
1.07062
1.08408
1.09483
1.10274
1.10772
1.10973
1.10871
1.10464
1.09753
1.08740
1.07427
1.05819
1.03922
1.01744
0.99290
0.96569
0.93590
0.90359
0.86885
0.83176
0.79240
0.75083
0.70711
0.66132
0.61349
0.56369
0.51195
0.45832
0.40283
0.34552
0.28641
0.22555
0.16298
0.09873
0.03285
-0.03459
-0.10353
-0.17390
-0.24559
-0.31849
-0.39248
-0.46740
-0.54311
-0.61940
-0.69608
-0.77293
-0.84971
-0.92619
-1.00210
-1.07719
-1.15119
-1.22384
-1.29489
-1.36411
-1.43128
-1.49620
-1.55870
-1.61865
-1.67594
-1.73050
-1.78230
-1.83134
-1.87765
-1.92128
-1.96233
-2.00089
-2.03708
-2.07099
-2.10274
-2.13240
-2.16002
-2.18562
-2.20917
-2.23061
-2.24978
-2.26649
-2.28049
-2.29144
-2.29898
-2.30266
-2.30202
-2.29654
-2.28568
-2.26892
-2.24571
-2.21555
-2.17796
-2.13253
-2.07889
-2.01677
-1.94597
-1.86639
-1.77804
-1.68098
-1.57542
-1.46162
-1.33994
-1.21083
-1.07475
-0.93227
-0.78396
-0.63039
-0.47218
-0.30992
-0.14414
0.02462
0.19589
0.36926
0.54438
0.72098
0.89883
1.07780
1.25781
1.43880
1.62079
1.80380
1.98788
2.17304
2.35930
2.54658
2.73481
2.92373
3.11307
3.30240
3.49114
3.67863
3.86400
4.04630
4.22443
4.39712
4.56309
4.72091
4.86909
5.00618
5.13068
5.24116
5.33631
5.41488
5.47585
5.51839
5.54179
5.54578
5.53016
5.49513
5.44116
5.36886
5.27923
5.17338
5.05259
4.91831
4.77196
4.61496
4.44871
4.27430
4.09269
3.90453
3.70989
3.50869
3.30005
3.08271
2.85492
2.61409
2.35748
2.08156
1.78251
1.45625
1.09836
0.70441
0.27025
-0.20818
-0.73445
-1.31147
-1.94160
-2.62478
-3.36019
-4.14704
-4.98452
