-0.00261
-0.00338
-0.00375
-0.00395
-0.00418
-0.00436
-0.00428
-0.00389
-0.00324
-0.00243
-0.00149
-0.00032
0.00101
0.00242
0.00386
0.00520
0.00649
0.00759
0.00846
0.00902
0.00917
0.00895
0.00825
0.00706
0.00539
0.00318
0.00051
-0.00263
-0.00618
-0.01009
-0.01428
-0.01868
-0.02318
-0.02769
-0.03210
-0.03630
-0.04020
-0.04365
-0.04661
-0.04894
-0.05058
-0.05148
-0.05153
-0.05079
-0.04918
-0.04671
-0.04343
-0.03935
-0.03458
-0.02917
-0.02322
-0.01686
-0.01019
-0.00335
0.00350
0.01026
0.01676
0.02288
0.02851
0.03350
0.03781
0.04131
0.04397
0.04577
0.04664
0.04666
0.04580
0.04415
0.04178
0.03874
0.03521
0.03123
0.02698
0.02255
0.01807
0.01371
0.00953
0.00568
0.00223
-0.00072
-0.00314
-0.00497
-0.00620
-0.00681
-0.00682
-0.00631
-0.00526
-0.00380
-0.00196
0.00016
0.00245
0.00486
0.00725
0.00957
0.01173
0.01363
0.01526
0.01651
0.01739
0.01783
0.01786
0.01745
0.01661
0.01539
0.01378
0.01185
0.00962
0.00717
0.00452
0.00174
-0.00111
-0.00399
-0.00682
-0.00957
-0.01218
-0.01461
-0.01679
-0.01872
-0.02034
-0.02162
-0.02255
-0.02310
-0.02328
-0.02306
-0.02246
-0.02149
-0.02017
-0.01854
-0.01663
-0.01449
-0.01216
-0.00972
-0.00721
-0.00472
-0.00231
-0.00004
0.00200
0.00378
0.00520
0.00624
0.00685
0.00698
0.00663
0.00579
0.00446
0.00266
0.00044
-0.00218
-0.00510
-0.00827
-0.01163
-0.01500
-0.01839
-0.02159
-0.02456
-0.02717
-0.02926
-0.03084
-0.03167
-0.03179
-0.03107
-0.02942
-0.02689
-0.02338
-0.01897
-0.01365
-0.00746
-0.00052
0.00708
0.01524
0.02376
0.03248
0.04125
0.04977
0.05799
0.06554
0.07226
0.07799
0.08241
0.08554
0.08705
0.08692
0.08506
0.08135
0.07594
0.06874
0.05992
0.04959
0.03792
0.02517
0.01157
-0.00258
-0.01698
-0.03127
-0.04520
-0.05832
-0.07044
-0.08118
-0.09029
-0.09760
-0.10281
-0.10597
-0.10683
-0.10547
-0.10194
-0.09623
-0.08868
-0.07930
-0.06846
-0.05640
-0.04340
-0.02987
-0.01606
-0.00238
0.01090
0.02343
0.03495
0.04519
0.05396
0.06108
0.06641
0.06998
0.07162
0.07151
0.06961
0.06609
0.06115
0.05486
0.04760
0.03945
0.03075
0.02176
0.01264
0.00377
-0.00474
-0.01262
-0.01970
-0.02584
-0.03090
-0.03482
-0.03754
-0.03905
-0.03935
-0.03857
-0.03670
-0.03395
-0.03038
-0.02616
-0.02153
-0.01654
-0.01148
-0.00645
-0.00161
0.00282
0.00680
0.01015
0.01282
0.01477
0.01591
0.01628
0.01591
0.01481
0.01311
0.01086
0.00819
0.00527
0.00215
-0.00091
-0.00385
-0.00650
-0.00870
-0.01038
-0.01140
-0.01170
-0.01124
-0.00995
-0.00787
-0.00502
-0.00144
0.00274
0.00746
0.01257
0.01788
0.02332
0.02862
0.03367
0.03829
0.04226
0.04552
0.04783
0.04917
0.04940
0.04846
0.04635
0.04302
0.03858
0.03304
0.02652
0.01914
0.01107
0.00247
-0.00646
-0.01550
-0.02447
-0.03310
-0.04125
-0.04864
-0.05514
-0.06057
-0.06474
-0.06763
-0.06905
-0.06905
-0.06755
-0.06459
-0.06028
-0.05463
-0.04786
-0.04006
-0.03145
-0.02223
-0.01260
-0.00281
0.00693
0.01636
0.02531
0.03351
0.04084
0.04710
0.05216
0.05595
0.05833
0.05938
0.05899
0.05726
0.05424
0.04998
0.04474
0.03851
0.03157
0.02405
0.01614
0.00809
0.00002
-0.00782
-0.01530
-0.02221
-0.02844
-0.03383
-0.03831
-0.04178
-0.04420
-0.04557
-0.04583
-0.04510
-0.04336
-0.04072
-0.03730
-0.03315
-0.02849
-0.02336
-0.01797
-0.01244
-0.00689
-0.00152
0.00360
0.00832
0.01255
0.01620
0.01920
0.02149
0.02307
0.02389
0.02400
0.02342
0.02218
0.02041
0.01812
0.01545
0.01251
0.00938
0.00624
0.00313
0.00021
-0.00241
-0.00467
-0.00645
-0.00770
-0.00837
-0.00842
-0.00785
-0.00667
-0.00489
-0.00260
0.00017
0.00329
0.00668
0.01025
0.01381
0.01731
0.02056
0.02345
0.02589
0.02769
0.02885
0.02923
0.02879
0.02751
0.02534
0.02234
0.01853
0.01398
0.00878
0.00305
-0.00309
-0.00947
-0.01598
-0.02240
-0.02858
-0.03439
-0.03959
-0.04414
-0.04782
-0.05055
-0.05226
-0.05283
-0.05232
-0.05063
-0.04785
-0.04400
-0.03915
-0.03346
-0.02699
-0.01994
-0.01244
-0.00468
0.00317
0.01091
0.01839
0.02543
0.03185
0.03756
0.04238
0.04626
0.04910
0.05084
0.05150
0.05101
0.04951
0.04695
0.04347
0.03915
0.03408
0.02845
0.02233
0.01591
0.00932
0.00272
-0.00374
-0.00994
-0.01571
-0.02097
-0.02556
-0.02945
-0.03250
-0.03468
-0.03595
-0.03626
-0.03567
-0.03411
-0.03171
-0.02846
-0.02448
-0.01986
-0.01470
-0.00916
-0.00332
0.00260
0.00850
0.01420
0.01954
0.02440
0.02859
0.03206
0.03464
0.03628
0.03690
0.03646
0.03498
0.03244
0.02893
0.02449
0.01927
0.01335
0.00692
0.00014
-0.00684
-0.01376
-0.02051
-0.02682
-0.03257
-0.03756
-0.04162
-0.04467
-0.04653
-0.04721
-0.04660
-0.04471
-0.04158
-0.03722
-0.03179
-0.02534
-0.01807
-0.01011
-0.00170
0.00701
0.01575
0.02430
0.03248
0.03999
0.04674
0.05244
0.05698
0.06023
0.06201
0.06237
0.06115
0.05846
0.05427
0.04867
0.04181
0.03377
0.02481
0.01506
0.00479
-0.00578
-0.01640
-0.02682
-0.03680
-0.04606
-0.05445
-0.06167
-0.06766
-0.07219
-0.07519
-0.07660
-0.07633
-0.07453
-0.07110
-0.06624
-0.06002
-0.05262
-0.04428
-0.03513
-0.02549
-0.01554
-0.00557
0.00419
0.01350
0.02211
0.02985
0.03652
0.04199
0.04613
0.04891
0.05025
0.05020
0.04880
0.04611
0.04234
0.03752
0.03196
0.02579
0.01924
0.01259
0.00598
-0.00026
-0.00601
-0.01103
-0.01516
-0.01829
-0.02029
-0.02112
-0.02077
-0.01925
-0.01661
-0.01298
-0.00846
-0.00324
0.00250
0.00859
0.01474
0.02083
0.02656
0.03178
0.03630
0.03991
0.04256
0.04406
0.04441
0.04354
0.04147
0.03824
0.03394
0.02865
0.02254
0.01577
0.00850
0.00097
-0.00665
-0.01412
-0.02123
-0.02781
-0.03363
-0.03857
-0.04244
-0.04518
-0.04668
-0.04690
-0.04585
-0.04353
-0.04005
-0.03547
-0.02997
-0.02367
-0.01679
-0.00953
-0.00208
0.00527
0.01238
0.01893
0.02480
0.02978
0.03367
0.03641
0.03783
0.03795
0.03669
0.03413
0.03029
0.02530
0.01930
0.01244
0.00496
-0.00298
-0.01108
-0.01916
-0.02695
-0.03420
-0.04074
-0.04631
-0.05081
-0.05404
-0.05593
-0.05641
-0.05544
-0.05307
-0.04930
-0.04430
-0.03814
-0.03101
-0.02310
-0.01460
-0.00578
0.00319
0.01201
0.02050
0.02841
0.03556
0.04176
0.04686
0.05076
0.05336
0.05465
0.05457
0.05321
0.05060
0.04686
0.04215
0.03656
0.03035
0.02365
0.01671
0.00973
0.00289
-0.00356
-0.00949
-0.01470
-0.01906
-0.02246
-0.02481
-0.02607
-0.02623
-0.02529
-0.02332
-0.02042
-0.01665
-0.01223
-0.00725
-0.00193
0.00353
0.00899
0.01414
0.01892
0.02305
0.02640
0.02883
0.03018
0.03042
0.02944
0.02726
0.02388
0.01935
0.01375
0.00723
-0.00009
-0.00802
-0.01634
-0.02489
-0.03334
-0.04159
-0.04931
-0.05629
-0.06238
-0.06728
-0.07097
-0.07319
-0.07389
-0.07303
-0.07048
-0.06640
-0.06070
-0.05357
-0.04509
-0.03541
-0.02477
-0.01336
-0.00143
0.01078
0.02296
0.03490
0.04625
0.05684
0.06637
0.07461
0.08143
0.08656
0.09003
0.09162
0.09136
0.08926
0.08530
0.07972
0.07250
0.06392
0.05414
0.04341
0.03204
0.02023
0.00835
-0.00338
-0.01462
-0.02514
-0.03467
-0.04301
-0.04996
-0.05537
-0.05919
-0.06127
-0.06172
-0.06047
-0.05767
-0.05345
-0.04790
-0.04135
-0.03389
-0.02585
-0.01746
-0.00896
-0.00067
0.00726
0.01452
0.02096
0.02640
0.03069
0.03375
0.03551
0.03596
0.03511
0.03307
0.02987
0.02570
0.02066
0.01495
0.00881
0.00235
-0.00412
-0.01049
-0.01649
-0.02196
-0.02675
-0.03067
-0.03367
-0.03560
-0.03645
-0.03617
-0.03479
-0.03235
-0.02892
-0.02462
-0.01955
-0.01389
-0.00777
-0.00141
0.00504
0.01140
0.01746
0.02311
0.02813
0.03245
0.03590
0.03845
0.04001
0.04053
0.04005
0.03852
0.03608
0.03271
0.02854
0.02367
0.01820
0.01232
0.00610
-0.00026
-0.00665
-0.01292
-0.01891
-0.02452
-0.02961
-0.03408
-0.03782
-0.04080
-0.04291
-0.04416
-0.04451
-0.04396
-0.04258
-0.04034
-0.03739
-0.03374
-0.02952
-0.02486
-0.01982
-0.01459
-0.00924
-0.00394
0.00120
0.00607
0.01054
0.01452
0.01792
0.02068
0.02273
0.02407
0.02465
0.02450
0.02363
0.02209
0.01997
0.01729
0.01421
0.01077
0.00714
0.00342
-0.00030
-0.00382
-0.00710
-0.00996
-0.01235
-0.01417
-0.01531
-0.01577
-0.01548
-0.01444
-0.01266
-0.01017
-0.00702
-0.00329
0.00093
0.00555
0.01040
0.01540
0.02035
0.02517
0.02967
0.03371
0.03720
0.03995
0.04192
0.04299
0.04311
0.04224
0.04037
0.03754
0.03376
0.02914
0.02375
0.01775
0.01125
0.00446
-0.00249
-0.00940
-0.01607
-0.02235
-0.02801
-0.03296
-0.03701
-0.04005
-0.04201
-0.04279
-0.04242
-0.04084
-0.03813
-0.03434
-0.02958
-0.02400
-0.01772
-0.01096
-0.00385
0.00333
0.01044
0.01724
0.02353
0.02916
0.03390
0.03769
0.04036
0.04185
0.04212
0.04113
0.03895
0.03559
0.03120
0.02585
0.01975
0.01303
0.00590
-0.00140
-0.00872
-0.01579
-0.02245
-0.02847
-0.03369
-0.03798
-0.04117
-0.04323
-0.04405
-0.04365
-0.04201
-0.03922
-0.03534
-0.03048
-0.02482
-0.01848
-0.01170
-0.00461
0.00252
0.00953
0.01620
0.02232
0.02777
0.03231
0.03592
0.03839
0.03970
0.03981
0.03865
0.03637
0.03286
0.02833
0.02283
0.01646
0.00946
0.00187
-0.00603
-0.01414
-0.02229
-0.03026
-0.03796
-0.04521
-0.05192
-0.05797
-0.06330
-0.06781
-0.07156
-0.07444
-0.07649
-0.07779
-0.07823
-0.07806
-0.07715
-0.07558
-0.07351
-0.07073
-0.06760
-0.06387
-0.05959
-0.05488
-0.04947
-0.04364
-0.03713
-0.02992
-0.02210
-0.01345
-0.00415
0.00590
0.01671
0.02812
0.04014
0.05263
0.06538
0.07834
0.09117
0.10369
0.11572
0.12683
0.13696
0.14569
0.15282
0.15823
0.16155
0.16285
0.16189
0.15866
0.15327
0.14565
0.13609
0.12467
0.11163
0.09734
0.08196
0.06595
0.04959
0.03316
0.01712
0.00165
-0.01293
-0.02633
-0.03849
-0.04911
-0.05819
-0.06573
-0.07157
-0.07600
-0.07889
-0.08049
-0.08102
-0.08045
-0.07924
-0.07734
-0.07503
-0.07256
-0.06986
-0.06729
-0.06477
-0.06238
-0.06024
-0.05820
-0.05634
-0.05453
-0.05270
-0.05076
-0.04865
-0.04618
-0.04336
-0.04009
-0.03624
-0.03199
-0.02706
-0.02175
-0.01607
-0.01002
-0.00406
0.00204
0.00772
0.01283
0.01724
0.02042
0.02251
0.02296
0.02166
0.01850
0.01328
0.00603
-0.00330
-0.01460
-0.02778
-0.04242
-0.05851
-0.07539
-0.09272
-0.11013
-0.12669
-0.14240
-0.15617
-0.16767
-0.17642
-0.18152
-0.18312
-0.18032
-0.17316
-0.16143
-0.14489
-0.12398
-0.09860
-0.06929
-0.03648
-0.00072
0.03724
0.07657
0.11654
0.15612
0.19441
0.23063
0.26359
0.29293
0.31751
0.33685
0.35058
0.35794
0.35940
0.35427
0.34298
0.32578
0.30281
0.27513
0.24285
0.20702
0.16835
0.12761
0.08589
0.04386
0.00246
-0.03749
-0.07527
-0.11025
-0.14169
-0.16937
-0.19263
-0.21134
-0.22545
-0.23456
-0.23928
-0.23919
-0.23487
-0.22665
-0.21459
-0.19974
-0.18197
-0.16218
-0.14083
-0.11829
-0.09548
-0.07252
-0.05014
-0.02871
-0.00862
0.00975
0.02611
0.04027
0.05205
0.06126
0.06816
0.07239
0.07436
0.07401
0.07147
0.06731
0.06127
0.05403
0.04561
0.03628
0.02658
0.01638
0.00626
-0.00378
-0.01348
-0.02258
-0.03109
-0.03878
-0.04563
-0.05155
-0.05655
-0.06053
-0.06362
-0.06575
-0.06694
-0.06736
-0.06683
-0.06566
-0.06368
-0.06095
-0.05763
-0.05349
-0.04883
-0.04343
-0.03732
-0.03061
-0.02311
-0.01501
-0.00621
0.00327
0.01331
0.02389
0.03495
0.04626
0.05777
0.06926
0.08045
0.09135
0.10146
0.11069
0.11880
0.12538
0.13053
0.13373
0.13501
0.13420
0.13110
0.12591
0.11840
0.10878
0.09714
0.08359
0.06845
0.05189
0.03426
0.01589
-0.00288
-0.02169
-0.04011
-0.05787
-0.07449
-0.08970
-0.10323
-0.11466
-0.12402
-0.13088
-0.13526
-0.13711
-0.13626
-0.13308
-0.12736
-0.11946
-0.10953
-0.09775
-0.08466
-0.07031
-0.05522
-0.03969
-0.02405
-0.00874
0.00599
0.01979
0.03237
0.04354
0.05309
0.06086
0.06686
0.07095
0.07325
0.07387
0.07281
0.07048
0.06685
0.06229
0.05709
0.05132
0.04549
0.03960
0.03393
0.02874
0.02397
0.01992
0.01648
0.01365
0.01150
0.00977
0.00847
0.00741
0.00635
0.00524
0.00381
0.00188
-0.00059
-0.00386
-0.00792
-0.01277
-0.01858
-0.02508
-0.03231
-0.04009
-0.04808
-0.05633
-0.06430
-0.07182
-0.07863
-0.08426
-0.08869
-0.09143
-0.09235
-0.09133
-0.08809
-0.08277
-0.07523
-0.06561
-0.05406
-0.04075
-0.02600
-0.01009
0.00662
0.02372
0.04081
0.05751
0.07336
0.08807
0.10122
0.11252
0.12178
0.12866
0.13324
0.13526
0.13481
0.13197
0.12671
0.11946
0.11018
0.09927
0.08699
0.07354
0.05945
0.04483
0.03009
0.01550
0.00132
-0.01219
-0.02482
-0.03642
-0.04680
-0.05587
-0.06364
-0.06990
-0.07485
-0.07834
-0.08043
-0.08132
-0.08083
-0.07930
-0.07659
-0.07289
-0.06833
-0.06284
-0.05671
-0.04987
-0.04249
-0.03465
-0.02646
-0.01804
-0.00949
-0.00101
0.00736
0.01531
0.02287
0.02971
0.03569
0.04073
0.04447
0.04705
0.04809
0.04759
0.04550
0.04166
0.03630
0.02926
0.02077
0.01091
-0.00011
-0.01203
-0.02461
-0.03750
-0.05045
-0.06301
-0.07495
-0.08585
-0.09543
-0.10343
-0.10950
-0.11359
-0.11542
-0.11498
-0.11223
-0.10715
-0.09996
-0.09066
-0.07960
-0.06695
-0.05302
-0.03818
-0.02272
-0.00705
0.00849
0.02354
0.03776
0.05083
0.06252
0.07252
0.08073
0.08696
0.09113
0.09333
0.09345
0.09173
0.08818
0.08305
0.07661
0.06899
0.06062
0.05163
0.04243
0.03325
0.02436
0.01609
0.00857
0.00213
-0.00319
-0.00715
-0.00970
-0.01080
-0.01037
-0.00856
-0.00528
-0.00080
0.00486
0.01151
0.01888
0.02691
0.03520
0.04368
0.05205
0.06008
0.06765
0.07444
0.08041
0.08537
0.08923
0.09192
0.09340
0.09368
0.09277
0.09076
0.08768
0.08373
0.07896
0.07353
0.06762
0.06131
0.05486
0.04830
0.04178
0.03548
0.02934
0.02359
0.01816
0.01304
0.00835
0.00387
-0.00027
-0.00423
-0.00815
-0.01193
-0.01586
-0.01988
-0.02408
-0.02860
-0.03334
-0.03846
-0.04384
-0.04949
-0.05543
-0.06145
-0.06758
-0.07364
-0.07953
-0.08515
-0.09032
-0.09496
-0.09891
-0.10211
-0.10443
-0.10582
-0.10626
-0.10568
-0.10418
-0.10167
-0.09834
-0.09425
-0.08946
-0.08426
-0.07858
-0.07279
-0.06699
-0.06131
-0.05609
-0.05122
-0.04712
-0.04376
-0.04127
-0.03986
-0.03932
-0.03995
-0.04155
-0.04417
-0.04779
-0.05214
-0.05734
-0.06303
-0.06923
-0.07572
-0.08227
-0.08884
-0.09510
-0.10104
-0.10639
-0.11108
-0.11497
-0.11793
-0.11995
-0.12084
-0.12073
-0.11943
-0.11709
-0.11368
-0.10914
-0.10374
-0.09725
-0.09005
-0.08202
-0.07317
-0.06385
-0.05371
-0.04325
-0.03225
-0.02069
-0.00893
0.00348
0.01603
0.02900
0.04242
0.05595
0.07003
0.08417
0.09860
0.11331
0.12796
0.14284
0.15752
0.17209
0.18645
0.20028
0.21373
0.22637
0.23823
0.24915
0.25890
0.26751
0.27468
0.28046
0.28469
0.28732
0.28839
0.28777
0.28564
0.28187
0.27669
0.27017
0.26236
0.25361
0.24379
0.23340
0.22244
0.21119
0.19996
0.18865
0.17783
0.16736
0.15762
0.14868
0.14049
0.13342
0.12713
0.12200
0.11770
0.11424
0.11163
0.10937
0.10776
0.10611
0.10454
0.10271
0.10017
0.09710
0.09275
0.08741
0.08057
0.07208
0.06212
0.05011
0.03657
0.02110
0.00391
-0.01475
-0.03511
-0.05650
-0.07908
-0.10237
-0.12607
-0.15010
-0.17376
-0.19710
-0.21948
-0.24068
-0.26056
-0.27848
-0.29460
-0.30833
-0.31972
-0.32873
-0.33498
-0.33896
-0.34018
-0.33917
-0.33605
-0.33079
-0.32425
-0.31601
-0.30710
-0.29759
-0.28784
-0.27874
-0.26988
-0.26251
-0.25637
-0.25199
-0.24994
-0.24968
-0.25225
-0.25690
-0.26414
-0.27388
-0.28551
-0.29955
-0.31486
-0.33180
-0.34969
-0.36801
-0.38672
-0.40469
-0.42212
-0.43812
-0.45245
-0.46473
-0.47430
-0.48126
-0.48492
-0.48546
-0.48243
-0.47588
-0.46587
-0.45213
-0.43525
-0.41483
-0.39159
-0.36553
-0.33675
-0.30613
-0.27321
-0.23914
-0.20377
-0.16733
-0.13079
-0.09343
-0.05661
-0.01982
0.01670
0.05215
0.08757
0.12155
0.15506
0.18783
0.21935
0.25094
0.28109
0.31128
0.34092
0.36996
0.39961
0.42837
0.45798
0.48733
0.51687
0.54736
0.57739
0.60870
0.63957
0.67094
0.70294
0.73435
0.76665
0.79780
0.82902
0.85982
0.88934
0.91867
0.94584
0.97211
0.99658
1.01894
1.03977
1.05754
1.07344
1.08639
1.09665
1.10436
1.10860
1.11039
1.10866
1.10419
1.09664
1.08586
1.07249
1.05561
1.03638
1.01396
0.98898
0.96150
0.93092
0.89851
0.86299
0.82569
0.78595
0.74370
0.70000
0.65328
0.60547
0.55511
0.50287
0.44929
0.39279
0.33568
0.27577
0.21464
0.15208
0.08679
0.02127
-0.04719
-0.11614
-0.18657
-0.25919
-0.33161
-0.40671
-0.48132
-0.55717
-0.63411
-0.71016
-0.78806
-0.86416
-0.94082
-1.01692
-1.09121
-1.16606
-1.23762
-1.30890
-1.37776
-1.44403
-1.50952
-1.57066
-1.63093
-1.68737
-1.74109
-1.79320
-1.84085
-1.88769
-1.93015
-1.97064
-2.00931
-2.04434
-2.07900
-2.10941
-2.13886
-2.16632
-2.19109
-2.21525
-2.23533
-2.25445
-2.27050
-2.28382
-2.29472
-2.30083
-2.30422
-2.30212
-2.29585
-2.28389
-2.26547
-2.24137
-2.20892
-2.17030
-2.12265
-2.06727
-2.00364
-1.93007
-1.84944
-1.75813
-1.65969
-1.55227
-1.43590
-1.31356
-1.18130
-1.04472
-0.90033
-0.75026
-0.59668
-0.43556
-0.27386
-0.10614
0.06327
0.23404
0.41001
0.58373
0.76263
0.94013
1.11856
1.30097
1.48025
1.66502
1.84712
2.03107
2.21840
2.40305
2.59331
2.78028
2.96947
3.16026
3.34796
3.53908
3.72462
3.90999
4.09213
4.26799
4.44137
4.60403
4.76068
4.90628
5.03987
5.16259
5.26816
5.36058
5.43419
5.49064
5.52913
5.54692
5.54715
5.52552
5.48622
5.42717
5.35048
5.25708
5.14638
5.02311
4.88401
4.73634
4.57563
4.40744
4.23253
4.03970
3.84391
3.66047
3.47410
3.25887
2.99963
2.75221
2.55509
2.34939
2.04084
1.62600
1.25956
1.02315
0.75402
0.22094
-0.53316
-1.13055
-1.38503
-1.69346
-2.64999
-4.17468
-5.20685
-4.65151
-2.58035
-0.32531
