-0.00688
0.00316
0.01292
0.02217
0.03067
0.03819
0.04452
0.04948
0.05294
0.05480
0.05501
0.05354
0.05043
0.04573
0.03954
0.03200
0.02328
0.01357
0.00309
-0.00794
-0.01929
-0.03072
-0.04198
-0.05287
-0.06317
-0.07269
-0.08127
-0.08877
-0.09508
-0.10013
-0.10388
-0.10629
-0.10741
-0.10725
-0.10589
-0.10342
-0.09994
-0.09557
-0.09043
-0.08465
-0.07838
-0.07173
-0.06483
-0.05780
-0.05075
-0.04376
-0.03691
-0.03028
-0.02391
-0.01784
-0.01209
-0.00667
-0.00159
0.00317
0.00764
0.01183
0.01578
0.01953
0.02311
0.02657
0.02995
0.03327
0.03658
0.03989
0.04322
0.04660
0.05001
0.05347
0.05695
0.06043
0.06388
0.06727
0.07055
0.07367
0.07656
0.07917
0.08143
0.08327
0.08464
0.08546
0.08567
0.08523
0.08409
0.08221
0.07957
0.07616
0.07198
0.06705
0.06140
0.05508
0.04815
0.04071
0.03283
0.02463
0.01623
0.00777
-0.00063
-0.00883
-0.01668
-0.02405
-0.03080
-0.03682
-0.04199
-0.04622
-0.04943
-0.05157
-0.05260
-0.05251
-0.05130
-0.04901
-0.04570
-0.04144
-0.03633
-0.03049
-0.02404
-0.01713
-0.00991
-0.00254
0.00482
0.01200
0.01886
0.02524
0.03099
0.03598
0.04010
0.04325
0.04533
0.04630
0.04610
0.04472
0.04216
0.03844
0.03360
0.02773
0.02089
0.01320
0.00478
-0.00424
-0.01371
-0.02348
-0.03339
-0.04326
-0.05293
-0.06225
-0.07105
-0.07919
-0.08653
-0.09295
-0.09834
-0.10261
-0.10569
-0.10753
-0.10810
-0.10739
-0.10540
-0.10217
-0.09774
-0.09217
-0.08555
-0.07796
-0.06952
-0.06034
-0.05055
-0.04030
-0.02972
-0.01896
-0.00817
0.00250
0.01291
0.02292
0.03239
0.04119
0.04921
0.05635
0.06252
0.06764
0.07167
0.07457
0.07632
0.07693
0.07642
0.07485
0.07226
0.06874
0.06438
0.05930
0.05362
0.04745
0.04094
0.03423
0.02745
0.02074
0.01423
0.00805
0.00232
-0.00288
-0.00744
-0.01130
-0.01440
-0.01671
-0.01819
-0.01886
-0.01872
-0.01781
-0.01617
-0.01386
-0.01096
-0.00754
-0.00370
0.00047
0.00486
0.00937
0.01391
0.01837
0.02266
0.02671
0.03042
0.03373
0.03659
0.03896
0.04081
0.04211
0.04285
0.04304
0.04269
0.04183
0.04047
0.03866
0.03643
0.03383
0.03090
0.02768
0.02424
0.02060
0.01681
0.01293
0.00898
0.00502
0.00106
-0.00284
-0.00666
-0.01037
-0.01394
-0.01735
-0.02056
-0.02356
-0.02632
-0.02883
-0.03107
-0.03301
-0.03464
-0.03595
-0.03693
-0.03755
-0.03782
-0.03773
-0.03728
-0.03646
-0.03530
-0.03380
-0.03198
-0.02987
-0.02751
-0.02493
-0.02218
-0.01932
-0.01639
-0.01346
-0.01060
-0.00785
-0.00529
-0.00297
-0.00094
0.00073
0.00203
0.00291
0.00336
0.00336
0.00292
0.00205
0.00078
-0.00087
-0.00284
-0.00510
-0.00756
-0.01019
-0.01289
-0.01561
-0.01827
-0.02081
-0.02314
-0.02520
-0.02694
-0.02829
-0.02921
-0.02966
-0.02961
-0.02904
-0.02795
-0.02634
-0.02421
-0.02161
-0.01857
-0.01512
-0.01134
-0.00729
-0.00303
0.00136
0.00580
0.01020
0.01449
0.01859
0.02242
0.02593
0.02905
0.03173
0.03393
0.03563
0.03681
0.03747
0.03760
0.03723
0.03638
0.03509
0.03339
0.03135
0.02901
0.02643
0.02367
0.02080
0.01786
0.01493
0.01204
0.00925
0.00662
0.00416
0.00192
-0.00007
-0.00180
-0.00325
-0.00441
-0.00529
-0.00588
-0.00619
-0.00624
-0.00605
-0.00562
-0.00499
-0.00418
-0.00320
-0.00209
-0.00087
0.00044
0.00182
0.00324
0.00467
0.00610
0.00749
0.00882
0.01008
0.01123
0.01225
0.01313
0.01383
0.01434
0.01465
0.01475
0.01463
0.01428
0.01373
0.01297
0.01202
0.01092
0.00969
0.00837
0.00700
0.00563
0.00429
0.00304
0.00191
0.00093
0.00014
-0.00043
-0.00080
-0.00094
-0.00087
-0.00061
-0.00020
0.00033
0.00092
0.00152
0.00206
0.00248
0.00271
0.00268
0.00234
0.00162
0.00047
-0.00112
-0.00320
-0.00577
-0.00881
-0.01232
-0.01624
-0.02052
-0.02509
-0.02986
-0.03473
-0.03960
-0.04434
-0.04882
-0.05292
-0.05652
-0.05949
-0.06170
-0.06308
-0.06351
-0.06294
-0.06131
-0.05861
-0.05483
-0.04999
-0.04416
-0.03741
-0.02984
-0.02159
-0.01280
-0.00363
0.00572
0.01507
0.02424
0.03301
0.04121
0.04865
0.05517
0.06064
0.06491
0.06791
0.06957
0.06986
0.06878
0.06638
0.06272
0.05791
0.05208
0.04539
0.03803
0.03019
0.02209
0.01394
0.00596
-0.00164
-0.00866
-0.01493
-0.02029
-0.02462
-0.02782
-0.02985
-0.03069
-0.03037
-0.02894
-0.02651
-0.02320
-0.01917
-0.01461
-0.00972
-0.00471
0.00021
0.00481
0.00891
0.01230
0.01484
0.01641
0.01688
0.01623
0.01443
0.01151
0.00755
0.00265
-0.00302
-0.00929
-0.01594
-0.02272
-0.02939
-0.03568
-0.04133
-0.04609
-0.04974
-0.05206
-0.05289
-0.05209
-0.04958
-0.04534
-0.03937
-0.03176
-0.02262
-0.01212
-0.00049
0.01203
0.02514
0.03853
0.05188
0.06485
0.07711
0.08836
0.09829
0.10663
0.11317
0.11771
0.12012
0.12030
0.11821
0.11387
0.10733
0.09873
0.08819
0.07594
0.06220
0.04723
0.03133
0.01478
-0.00208
-0.01895
-0.03551
-0.05146
-0.06652
-0.08043
-0.09295
-0.10388
-0.11305
-0.12034
-0.12565
-0.12894
-0.13019
-0.12945
-0.12676
-0.12225
-0.11604
-0.10830
-0.09922
-0.08901
-0.07787
-0.06606
-0.05381
-0.04135
-0.02892
-0.01674
-0.00502
0.00604
0.01628
0.02555
0.03372
0.04069
0.04641
0.05084
0.05395
0.05579
0.05639
0.05584
0.05422
0.05165
0.04827
0.04423
0.03967
0.03477
0.02968
0.02456
0.01957
0.01485
0.01053
0.00672
0.00350
0.00097
-0.00083
-0.00188
-0.00216
-0.00170
-0.00052
0.00131
0.00371
0.00660
0.00986
0.01339
0.01706
0.02074
0.02431
0.02764
0.03062
0.03312
0.03505
0.03633
0.03689
0.03668
0.03566
0.03383
0.03121
0.02782
0.02373
0.01901
0.01375
0.00806
0.00208
-0.00409
-0.01028
-0.01637
-0.02223
-0.02771
-0.03269
-0.03708
-0.04077
-0.04369
-0.04580
-0.04704
-0.04742
-0.04694
-0.04565
-0.04358
-0.04082
-0.03745
-0.03356
-0.02927
-0.02468
-0.01993
-0.01512
-0.01037
-0.00579
-0.00149
0.00245
0.00596
0.00897
0.01144
0.01334
0.01465
0.01540
0.01559
0.01526
0.01448
0.01329
0.01178
0.01003
0.00811
0.00612
0.00414
0.00226
0.00056
-0.00091
-0.00207
-0.00287
-0.00329
-0.00328
-0.00285
-0.00200
-0.00073
0.00091
0.00290
0.00519
0.00772
0.01042
0.01324
0.01609
0.01890
0.02160
0.02412
0.02639
0.02833
0.02990
0.03104
0.03170
0.03185
0.03147
0.03055
0.02908
0.02709
0.02459
0.02163
0.01826
0.01454
0.01054
0.00634
0.00202
-0.00231
-0.00659
-0.01070
-0.01455
-0.01807
-0.02118
-0.02381
-0.02590
-0.02741
-0.02832
-0.02860
-0.02827
-0.02734
-0.02586
-0.02387
-0.02143
-0.01864
-0.01558
-0.01236
-0.00907
-0.00583
-0.00275
0.00006
0.00250
0.00447
0.00590
0.00671
0.00687
0.00634
0.00512
0.00322
0.00067
-0.00245
-0.00606
-0.01007
-0.01436
-0.01879
-0.02322
-0.02750
-0.03147
-0.03499
-0.03793
-0.04014
-0.04153
-0.04199
-0.04147
-0.03992
-0.03734
-0.03373
-0.02915
-0.02368
-0.01742
-0.01049
-0.00305
0.00473
0.01268
0.02060
0.02829
0.03556
0.04224
0.04813
0.05309
0.05698
0.05969
0.06114
0.06127
0.06008
0.05758
0.05381
0.04889
0.04289
0.03599
0.02835
0.02015
0.01159
0.00289
-0.00573
-0.01406
-0.02190
-0.02906
-0.03537
-0.04068
-0.04486
-0.04784
-0.04955
-0.04998
-0.04914
-0.04707
-0.04385
-0.03958
-0.03440
-0.02847
-0.02195
-0.01502
-0.00787
-0.00070
0.00630
0.01296
0.01911
0.02460
0.02929
0.03309
0.03592
0.03772
0.03849
0.03822
0.03697
0.03479
0.03178
0.02806
0.02376
0.01904
0.01405
0.00897
0.00396
-0.00081
-0.00518
-0.00900
-0.01216
-0.01455
-0.01608
-0.01670
-0.01638
-0.01514
-0.01300
-0.01002
-0.00628
-0.00190
0.00298
0.00824
0.01369
0.01918
0.02453
0.02956
0.03411
0.03802
0.04114
0.04337
0.04459
0.04472
0.04374
0.04161
0.03835
0.03400
0.02864
0.02238
0.01533
0.00765
-0.00050
-0.00893
-0.01745
-0.02586
-0.03399
-0.04163
-0.04863
-0.05481
-0.06006
-0.06425
-0.06732
-0.06920
-0.06988
-0.06936
-0.06768
-0.06492
-0.06115
-0.05650
-0.05110
-0.04509
-0.03863
-0.03187
-0.02498
-0.01811
-0.01141
-0.00501
0.00099
0.00647
0.01138
0.01564
0.01925
0.02217
0.02442
0.02604
0.02707
0.02757
0.02760
0.02724
0.02657
0.02567
0.02460
0.02343
0.02222
0.02101
0.01984
0.01871
0.01765
0.01664
0.01567
0.01471
0.01374
0.01272
0.01162
0.01040
0.00904
0.00750
0.00579
0.00389
0.00180
-0.00046
-0.00285
-0.00535
-0.00791
-0.01046
-0.01295
-0.01532
-0.01749
-0.01940
-0.02097
-0.02216
-0.02290
-0.02316
-0.02290
-0.02210
-0.02075
-0.01887
-0.01648
-0.01361
-0.01030
-0.00663
-0.00267
0.00151
0.00581
0.01014
0.01442
0.01854
0.02242
0.02598
0.02914
0.03183
0.03400
0.03561
0.03663
0.03703
0.03682
0.03600
0.03460
0.03263
0.03013
0.02715
0.02375
0.01998
0.01590
0.01159
0.00709
0.00250
-0.00213
-0.00673
-0.01121
-0.01553
-0.01960
-0.02336
-0.02676
-0.02972
-0.03221
-0.03417
-0.03555
-0.03632
-0.03646
-0.03593
-0.03474
-0.03288
-0.03036
-0.02720
-0.02342
-0.01908
-0.01423
-0.00892
-0.00325
0.00271
0.00886
0.01509
0.02128
0.02733
0.03310
0.03848
0.04335
0.04757
0.05106
0.05369
0.05539
0.05609
0.05573
0.05427
0.05172
0.04808
0.04339
0.03773
0.03118
0.02386
0.01591
0.00748
-0.00124
-0.01008
-0.01884
-0.02733
-0.03535
-0.04272
-0.04927
-0.05484
-0.05930
-0.06255
-0.06452
-0.06517
-0.06449
-0.06253
-0.05936
-0.05508
-0.04983
-0.04379
-0.03714
-0.03010
-0.02291
-0.01579
-0.00899
-0.00271
0.00281
0.00740
0.01092
0.01321
0.01423
0.01392
0.01231
0.00946
0.00546
0.00049
-0.00526
-0.01158
-0.01818
-0.02481
-0.03117
-0.03697
-0.04193
-0.04581
-0.04835
-0.04939
-0.04876
-0.04636
-0.04218
-0.03619
-0.02851
-0.01923
-0.00854
0.00331
0.01608
0.02945
0.04311
0.05671
0.06991
0.08237
0.09376
0.10377
0.11213
0.11860
0.12298
0.12512
0.12492
0.12234
0.11740
0.11015
0.10075
0.08936
0.07622
0.06161
0.04584
0.02927
0.01227
-0.00479
-0.02151
-0.03752
-0.05248
-0.06606
-0.07798
-0.08801
-0.09598
-0.10178
-0.10535
-0.10672
-0.10596
-0.10322
-0.09868
-0.09259
-0.08521
-0.07685
-0.06782
-0.05844
-0.04901
-0.03983
-0.03115
-0.02319
-0.01612
-0.01006
-0.00507
-0.00115
0.00174
0.00372
0.00493
0.00558
0.00588
0.00610
0.00648
0.00728
0.00873
0.01106
0.01442
0.01896
0.02475
0.03177
0.04000
0.04928
0.05944
0.07022
0.08129
0.09231
0.10288
0.11258
0.12098
0.12765
0.13219
0.13425
0.13352
0.12974
0.12277
0.11251
0.09902
0.08239
0.06285
0.04074
0.01644
-0.00953
-0.03664
-0.06427
-0.09177
-0.11849
-0.14378
-0.16701
-0.18761
-0.20506
-0.21891
-0.22886
-0.23465
-0.23615
-0.23338
-0.22640
-0.21546
-0.20082
-0.18289
-0.16211
-0.13898
-0.11405
-0.08786
-0.06096
-0.03386
-0.00707
0.01899
0.04391
0.06740
0.08918
0.10907
0.12694
0.14272
0.15638
0.16793
0.17740
0.18485
0.19034
0.19392
0.19564
0.19555
0.19367
0.19000
0.18455
0.17732
0.16828
0.15745
0.14482
0.13043
0.11434
0.09664
0.07745
0.05694
0.03533
0.01287
-0.01015
-0.03339
-0.05649
-0.07906
-0.10071
-0.12101
-0.13958
-0.15601
-0.16994
-0.18103
-0.18901
-0.19363
-0.19472
-0.19218
-0.18597
-0.17615
-0.16283
-0.14622
-0.12660
-0.10431
-0.07978
-0.05346
-0.02587
0.00243
0.03087
0.05886
0.08581
0.11116
0.13437
0.15491
0.17236
0.18630
0.19642
0.20249
0.20430
0.20183
0.19507
0.18412
0.16920
0.15057
0.12862
0.10376
0.07651
0.04743
0.01711
-0.01382
-0.04471
-0.07493
-0.10383
-0.13083
-0.15537
-0.17694
-0.19512
-0.20955
-0.21996
-0.22620
-0.22817
-0.22590
-0.21952
-0.20921
-0.19531
-0.17815
-0.15819
-0.13592
-0.11186
-0.08659
-0.06066
-0.03465
-0.00911
0.01544
0.03854
0.05973
0.07869
0.09509
0.10871
0.11944
0.12716
0.13190
0.13372
0.13276
0.12923
0.12334
0.11541
0.10575
0.09470
0.08262
0.06987
0.05682
0.04380
0.03114
0.01912
0.00803
-0.00195
-0.01061
-0.01785
-0.02359
-0.02778
-0.03045
-0.03166
-0.03152
-0.03016
-0.02774
-0.02446
-0.02053
-0.01615
-0.01154
-0.00689
-0.00238
0.00181
0.00558
0.00883
0.01150
0.01359
0.01511
0.01615
0.01680
0.01719
0.01748
0.01784
0.01844
0.01945
0.02104
0.02333
0.02645
0.03045
0.03536
0.04115
0.04773
0.05499
0.06272
0.07070
0.07865
0.08628
0.09324
0.09921
0.10383
0.10680
0.10781
0.10661
0.10299
0.09680
0.08797
0.07651
0.06247
0.04604
0.02742
0.00695
-0.01502
-0.03805
-0.06165
-0.08534
-0.10856
-0.13080
-0.15152
-0.17025
-0.18651
-0.19993
-0.21015
-0.21693
-0.22011
-0.21957
-0.21536
-0.20756
-0.19635
-0.18204
-0.16494
-0.14550
-0.12417
-0.10145
-0.07789
-0.05403
-0.03038
-0.00748
0.01421
0.03428
0.05234
0.06813
0.08142
0.09210
0.10011
0.10550
0.10839
0.10896
0.10747
0.10424
0.09961
0.09396
0.08767
0.08112
0.07470
0.06873
0.06351
0.05929
0.05626
0.05454
0.05419
0.05519
0.05747
0.06088
0.06522
0.07027
0.07574
0.08133
0.08672
0.09160
0.09567
0.09866
0.10030
0.10042
0.09885
0.09551
0.09036
0.08341
0.07477
0.06455
0.05294
0.04015
0.02643
0.01205
-0.00272
-0.01761
-0.03236
-0.04674
-0.06054
-0.07358
-0.08575
-0.09695
-0.10713
-0.11631
-0.12449
-0.13176
-0.13821
-0.14394
-0.14908
-0.15376
-0.15808
-0.16218
-0.16612
-0.16998
-0.17378
-0.17752
-0.18116
-0.18463
-0.18781
-0.19054
-0.19266
-0.19396
-0.19423
-0.19323
-0.19073
-0.18652
-0.18039
-0.17216
-0.16167
-0.14882
-0.13354
-0.11582
-0.09569
-0.07325
-0.04864
-0.02206
0.00624
0.03596
0.06675
0.09825
0.13006
0.16174
0.19289
0.22307
0.25185
0.27883
0.30363
0.32592
0.34539
0.36176
0.37486
0.38450
0.39062
0.39315
0.39212
0.38762
0.37975
0.36870
0.35468
0.33795
0.31880
0.29752
0.27444
0.24989
0.22419
0.19765
0.17059
0.14329
0.11600
0.08897
0.06238
0.03644
0.01127
-0.01300
-0.03629
-0.05851
-0.07962
-0.09958
-0.11836
-0.13595
-0.15232
-0.16746
-0.18136
-0.19399
-0.20533
-0.21535
-0.22403
-0.23132
-0.23720
-0.24163
-0.24459
-0.24606
-0.24605
-0.24454
-0.24158
-0.23721
-0.23150
-0.22454
-0.21644
-0.20734
-0.19740
-0.18679
-0.17571
-0.16434
-0.15291
-0.14161
-0.13065
-0.12021
-0.11048
-0.10159
-0.09368
-0.08682
-0.08108
-0.07647
-0.07297
-0.07052
-0.06903
-0.06836
-0.06836
-0.06883
-0.06960
-0.07043
-0.07113
-0.07148
-0.07130
-0.07040
-0.06865
-0.06592
-0.06214
-0.05729
-0.05135
-0.04438
-0.03648
-0.02776
-0.01839
-0.00855
0.00156
0.01169
0.02165
0.03120
0.04014
0.04828
0.05546
0.06157
0.06651
0.07023
0.07274
0.07409
0.07435
0.07365
0.07214
0.07001
0.06748
0.06476
0.06208
0.05967
0.05774
0.05650
0.05612
0.05673
0.05846
0.06136
0.06547
0.07077
0.07720
0.08468
0.09306
0.10219
0.11188
0.12192
0.13210
0.14219
0.15196
0.16120
0.16969
0.17724
0.18370
0.18890
0.19275
0.19515
0.19606
0.19546
0.19335
0.18978
0.18483
0.17858
0.17117
0.16274
0.15344
0.14345
0.13294
0.12212
0.11117
0.10026
0.08959
0.07932
0.06960
0.06057
0.05234
0.04499
0.03861
0.03321
0.02882
0.02542
0.02296
0.02137
0.02056
0.02043
0.02083
0.02161
0.02263
0.02371
0.02469
0.02543
0.02575
0.02552
0.02463
0.02298
0.02049
0.01711
0.01284
0.00769
0.00169
-0.00507
-0.01249
-0.02044
-0.02877
-0.03733
-0.04591
-0.05435
-0.06245
-0.07003
-0.07692
-0.08298
-0.08808
-0.09212
-0.09505
-0.09684
-0.09752
-0.09714
-0.09582
-0.09371
-0.09098
-0.08788
-0.08463
-0.08153
-0.07886
-0.07693
-0.07603
-0.07647
-0.07849
-0.08236
-0.08827
-0.09639
-0.10683
-0.11963
-0.13481
-0.15227
-0.17190
-0.19352
-0.21684
-0.24160
-0.26745
-0.29399
-0.32082
-0.34753
-0.37367
-0.39884
-0.42261
-0.44459
-0.46446
-0.48187
-0.49659
-0.50839
-0.51710
-0.52264
-0.52494
-0.52400
-0.51986
-0.51261
-0.50238
-0.48930
-0.47356
-0.45535
-0.43487
-0.41233
-0.38794
-0.36191
-0.33443
-0.30570
-0.27589
-0.24517
-0.21369
-0.18161
-0.14904
-0.11612
-0.08295
-0.04965
-0.01631
0.01699
0.05014
0.08308
0.11574
0.14804
0.17992
0.21133
0.24222
0.27256
0.30230
0.33144
0.35994
0.38781
0.41505
0.44167
0.46770
0.49315
0.51806
0.54245
0.56638
0.58987
0.61295
0.63566
0.65801
0.68001
0.70168
0.72300
0.74394
0.76446
0.78450
0.80400
0.82284
0.84093
0.85812
0.87428
0.88923
0.90282
0.91484
0.92513
0.93348
0.93970
0.94362
0.94507
0.94388
0.93991
0.93306
0.92323
0.91035
0.89440
0.87537
0.85330
0.82824
0.80029
0.76957
0.73622
0.70041
0.66231
0.62213
0.58004
0.53626
0.49097
0.44435
0.39655
0.34772
0.29797
0.24738
0.19603
0.14392
0.09106
0.03743
-0.01703
-0.07240
-0.12875
-0.18619
-0.24480
-0.30467
-0.36587
-0.42845
-0.49245
-0.55783
-0.62455
-0.69253
-0.76161
-0.83160
-0.90226
-0.97332
-1.04443
-1.11524
-1.18533
-1.25429
-1.32167
-1.38702
-1.44989
-1.50985
-1.56648
-1.61941
-1.66829
-1.71285
-1.75284
-1.78809
-1.81851
-1.84403
-1.86469
-1.88055
-1.89176
-1.89849
-1.90098
-1.89946
-1.89423
-1.88556
-1.87373
-1.85902
-1.84165
-1.82186
-1.79980
-1.77559
-1.74932
-1.72097
-1.69052
-1.65785
-1.62282
-1.58521
-1.54477
-1.50124
-1.45430
-1.40364
-1.34893
-1.28986
-1.22614
-1.15751
-1.08373
-1.00463
-0.92009
-0.83001
-0.73440
-0.63329
-0.52676
-0.41497
-0.29809
-0.17635
-0.04999
0.08072
0.21550
0.35408
0.49618
0.64153
0.78990
0.94105
1.09475
1.25083
1.40907
1.56928
1.73128
1.89483
2.05968
2.22556
2.39208
2.55884
2.72532
2.89092
3.05496
3.21661
3.37499
3.52908
3.67778
3.81992
3.95426
4.07952
4.19439
4.29760
4.38788
4.46411
4.52518
4.57020
4.59844
4.60928
4.60248
4.57787
4.53564
4.47621
4.40015
4.30841
4.20201
4.08218
3.95032
3.80783
3.65615
3.49674
3.33082
3.15953
2.98377
2.80398
2.62049
2.43296
2.24071
2.04268
1.83706
1.62191
1.39458
1.15214
0.89141
0.60884
0.30086
-0.03599
-0.40513
-0.80964
-1.25216
-1.73488
-2.25814
-2.82171
-3.42533
-4.06880
