-1.276391618645044898e-03
-2.118662345101134624e-03
-3.786597515057173180e-03
-6.971748750771656483e-03
-1.203855329239544338e-02
-1.888838465327912636e-02
-2.690417072050209704e-02
-3.501893780829570119e-02
-4.191204362983046161e-02
-4.628959129214599288e-02
-4.717888911796599971e-02
-4.416581352831776969e-02
-3.751435064961087390e-02
-2.812226765596867462e-02
-1.729758969170686750e-02
-6.398060091189060328e-03
3.555742036115566024e-03
1.214293235940530971e-02
1.955361865524091539e-02
2.631532196808096871e-02
3.283218200411165688e-02
3.894523228632444656e-02
4.374795879260841291e-02
4.579701803586361253e-02
4.366995465557970552e-02
3.663471661970481297e-02
2.512472924883191183e-02
1.080668991080196636e-02
-3.779403943551598588e-03
-1.586025139882032628e-02
-2.313372194907614698e-02
-2.434475501269653744e-02
-1.960111708714141338e-02
-1.036261886347946033e-02
8.985514677271981554e-04
1.129911819274276134e-02
1.826802492623211954e-02
2.019802592476997033e-02
1.682910734350315934e-02
9.239759810851058339e-03
-5.432765545530689189e-04
-1.016807871792481041e-02
-1.759485851058031208e-02
-2.155641586362419190e-02
-2.174252632950931033e-02
-1.871011054184692352e-02
-1.359626262584802056e-02
-7.749342493715569505e-03
-2.392978425512238758e-03
1.596670578631130544e-03
3.776229683154180665e-03
4.112035978933776051e-03
2.896759773761728787e-03
6.313623622569916605e-04
-2.128440387621405132e-03
-4.947992890704111177e-03
-7.651586004961314497e-03
-1.033915126230295321e-02
-1.324152972797843289e-02
-1.646392747479803395e-02
-1.974065724164486557e-02
-2.233098805005717669e-02
-2.312633060365582721e-02
-2.095220535817649693e-02
-1.497513000443888298e-02
-5.086406744677883507e-03
7.864740884446372315e-03
2.208424379117525024e-02
3.513226461899712078e-02
4.447247067796848002e-02
4.814776672221221521e-02
4.537957111010059580e-02
3.685868253537107064e-02
2.456869743489750735e-02
1.116840957623823488e-02
-8.264121750082252527e-04
-9.717846983677610323e-03
-1.489627744549401611e-02
-1.666695623838829882e-02
-1.582018006572000202e-02
-1.322836956399396288e-02
-9.662554147505924423e-03
-5.822660269537415292e-03
-2.427795619510773363e-03
-2.087326307732527420e-04
2.509371112247148899e-04
-1.238524619752545686e-03
-4.270571999324452965e-03
-7.821588125048930390e-03
-1.048985968361233409e-02
-1.095868052965574824e-02
-8.523779530662200371e-03
-3.459474282752534637e-03
2.962545797452640836e-03
8.853277699756757421e-03
1.236540613453070148e-02
1.237751444320688704e-02
8.918214170025785814e-03
3.145101745121350011e-03
-3.110898481441334677e-03
-8.032217197503670886e-03
-1.043901871179004487e-02
-1.010964553915988037e-02
-7.709183431440112463e-03
-4.409938479619860720e-03
-1.397983662534471941e-03
5.275527732561710419e-04
1.127924297179737616e-03
6.518280950113895106e-04
-3.953325975278739433e-04
-1.500492334082977183e-03
-2.298515145580394634e-03
-2.603531664767934350e-03
-2.362546787013984888e-03
-1.603873062103177219e-03
-4.212774473318867683e-04
1.018594305277020946e-03
2.486011311272808520e-03
3.738201114331496551e-03
4.589061588032426753e-03
4.950871355674122884e-03
4.819496427093006297e-03
4.224560658257822850e-03
3.198070957614612513e-03
1.798668517903412225e-03
1.799015455405230182e-04
-1.351428730506788745e-03
-2.348572536967588609e-03
-2.339483832297158117e-03
-1.016027801157989418e-03
1.581233428936017161e-03
4.980104626746831471e-03
8.362522780668322359e-03
1.081293262878822541e-02
1.163623220539471148e-02
1.059784566799425697e-02
7.964098296798229407e-03
4.331034236710612148e-03
3.549413007013129187e-04
-3.456814300184707714e-03
-6.800038331977616840e-03
-9.492160905861904072e-03
-1.135306686867392292e-02
-1.215048350787591679e-02
-1.165728016605550518e-02
-9.795478608757301336e-03
-6.785995624031548185e-03
-3.205807670713467158e-03
1.131923615523278137e-04
2.333388591318933964e-03
2.912301421601370087e-03
1.813370051688022264e-03
-4.835042300208223197e-04
-3.185396792200677948e-03
-5.512481339903036771e-03
-6.999179864464867215e-03
-7.638009394805524502e-03
-7.807552605694856838e-03
-8.023085761826965340e-03
-8.627115589073286114e-03
-9.563553905160032675e-03
-1.034012832849832975e-02
-1.019452025400130295e-02
-8.383611849533529475e-03
-4.464033386664890274e-03
1.544147194523049632e-03
9.139242717461415477e-03
1.742206606720864137e-02
2.523017688372650863e-02
3.131115105611559368e-02
3.454707209095028708e-02
3.420910718797293831e-02
3.016820670676706104e-02
2.297906438473700658e-02
1.380183194525110707e-02
4.182796226319547214e-03
-4.259372459403418937e-03
-1.018803722020295878e-02
-1.286942763416228791e-02
-1.236052714789183035e-02
-9.478204895117438994e-03
-5.537869126234509776e-03
-1.951438784847646943e-03
1.630407673943300856e-04
2.277335956465385315e-04
-1.741738717370582695e-03
-5.241135412809186205e-03
-9.469654078196452010e-03
-1.354929750552783842e-02
-1.673331092177410273e-02
-1.857014480138074325e-02
-1.898282221893138333e-02
-1.823040022398610821e-02
-1.675201027396892167e-02
-1.494523642972363058e-02
-1.297370804522566569e-02
-1.070349509465928599e-02
-7.815800396827199056e-03
-4.048928622966274302e-03
5.620858042833035140e-04
5.593063168544354369e-03
1.034990539225312881e-02
1.413339732893502051e-02
1.649207171402504793e-02
1.732485777885290484e-02
1.681118710718672998e-02
1.525944740901739871e-02
1.298493294938479412e-02
1.026153059021679692e-02
7.315783768743463165e-03
4.312999739379272737e-03
1.325645603804659345e-03
-1.674517546498792767e-03
-4.752387380871529038e-03
-7.876260672670587146e-03
-1.078443396059236559e-02
-1.294316880343886547e-02
-1.364664799006880085e-02
-1.223913048429031009e-02
-8.381893445333507553e-03
-2.260977579792776242e-03
5.355577263256288550e-03
1.324635138022544484e-02
2.000992577623375221e-02
2.439071927120725625e-02
2.556355854297792662e-02
2.331220654787110116e-02
1.806481486207817469e-02
1.077290231034797735e-02
2.658380236071971117e-03
-5.096469385759239829e-03
-1.161135241659931767e-02
-1.643696881576998600e-02
-1.952492630523481806e-02
-2.107880814810413062e-02
-2.136601733042158696e-02
-2.057114824416551857e-02
-1.874286053648877709e-02
-1.584311625153726755e-02
-1.186513158451087645e-02
-6.958880465614008040e-03
-1.500900102236406297e-03
3.930243211408460113e-03
8.668586782184290254e-03
1.211952411602927777e-02
1.390107386834963168e-02
1.392450419469299858e-02
1.240289816732677297e-02
9.796244325485748555e-03
6.708157460269969022e-03
3.755330365158989284e-03
1.438730729127536603e-03
4.670166250524696375e-05
-3.877408114921422795e-04
-6.448819102906075754e-05
6.681491857052522174e-04
1.437496784046810461e-03
1.967475248437240178e-03
2.147269549001255308e-03
2.018555309644306291e-03
1.694710118180200965e-03
1.264346458378576375e-03
7.373666240475737488e-04
6.023068340873702874e-05
-8.166265582547622796e-04
-1.862310437399527455e-03
-2.921799680353155855e-03
-3.729725256960679872e-03
-3.984692758439848867e-03
-3.463787760469573020e-03
-2.134955649621003270e-03
-2.162876928686946129e-04
1.852832908788118547e-03
3.524236107915266168e-03
4.289872866083873151e-03
3.805904035578421864e-03
1.957526690003427890e-03
-1.129201234474345571e-03
-5.103469665714203615e-03
-9.419499146279796883e-03
-1.338941638080267879e-02
-1.628399160670482987e-02
-1.749467122873234193e-02
-1.672758661356309878e-02
-1.414981269874644038e-02
-1.039151712377857188e-02
-6.350634737622816960e-03
-2.840614341685102941e-03
-2.265865636788856607e-04
1.752378790658476806e-03
3.838149706597280587e-03
6.819824817078634291e-03
1.102609832931258221e-02
1.601938060028459954e-02
2.066504997474290575e-02
2.355165553733210015e-02
2.356279066142865503e-02
2.034045562311721789e-02
1.445008755769174556e-02
7.202288766775057777e-03
2.261931907532373914e-04
-5.028945543619331784e-03
-7.683006367411257705e-03
-7.591362067492567027e-03
-5.281288817955996640e-03
-1.739910203374996425e-03
1.845090217019605596e-03
4.336358929109247230e-03
4.884227733425041719e-03
3.143226232789596026e-03
-5.876724110873464760e-04
-5.386901425512260339e-03
-9.941052222221614942e-03
-1.293687102742384527e-02
-1.347998709788176749e-02
-1.138094946469988059e-02
-7.197955641649060946e-03
-2.023703952042016363e-03
2.891802491624125698e-03
6.527852992855510267e-03
8.346550247821658483e-03
8.349574341292610724e-03
6.966780215593505396e-03
4.855760047947363725e-03
2.689481331656892130e-03
9.839262183927600242e-04
-2.739023263349012888e-06
-2.827342661683058546e-04
-6.861772152037847513e-05
3.445507748052621579e-04
6.931136973903403303e-04
8.122495228278753081e-04
6.419094138909644393e-04
1.847289757093417695e-04
-5.512770173116061153e-04
-1.586323831885186331e-03
-2.952063268655514931e-03
-4.628591773433317000e-03
-6.473749491735126572e-03
-8.196237899299208332e-03
-9.405044058912251370e-03
-9.729246546909131252e-03
-8.965367638383407028e-03
-7.188776799185951812e-03
-4.771606738807001973e-03
-2.285672650159996898e-03
-3.200172002876915112e-04
7.174962832196063803e-04
7.319359653275431254e-04
-5.901016920647605274e-05
-1.269252529021409805e-03
-2.563342034867695240e-03
-3.822091858091750984e-03
-5.145496911831106551e-03
-6.680551016401287297e-03
-8.374176445789740728e-03
-9.809482440145124785e-03
-1.025173411225827926e-02
-8.920841300686970649e-03
-5.376309616882323991e-03
1.768666230550970143e-04
6.829662026607869786e-03
1.321108893330655634e-02
1.793635646050720234e-02
2.006594940343749481e-02
1.938413282143849198e-02
1.640754991659864465e-02
1.216653554292014550e-02
7.883624054214548316e-03
4.671257175148255114e-03
3.310448936679187895e-03
4.114226103548730695e-03
6.867753914829588698e-03
1.086094440156862295e-02
1.504092659181865792e-02
1.827891825638588291e-02
1.968412581602788092e-02
1.885440580195225230e-02
1.596779465991279845e-02
1.168480488243852852e-02
6.907385778800621476e-03
2.488012086446483168e-03
-1.012044132400571547e-03
-3.443524670516313370e-03
-5.039997027762984673e-03
-6.256066359017697746e-03
-7.534543342664936673e-03
-9.092999760114886879e-03
-1.081600279593353427e-02
-1.229748543746814540e-02
-1.301605276020066301e-02
-1.257376789305469401e-02
-1.090777951260718005e-02
-8.398542699379518001e-03
-5.836012869588413227e-03
-4.245230973360446941e-03
-4.604402049831844007e-03
-7.519422652309006722e-03
-1.295088214807327623e-02
-2.009914127344700555e-02
-2.751668329491216772e-02
-3.344552073940068593e-02
-3.630463291215156596e-02
-3.520145695255852414e-02
-3.031903700591494569e-02
-2.303972972675230255e-02
-1.571219258696249232e-02
-1.105396156421185883e-02
-1.130131406474996041e-02
-1.734066878666797734e-02
-2.812105173950110032e-02
-4.059971052896797772e-02
-5.031620269440451043e-02
-5.249235528575879606e-02
-4.339126295202731798e-02
-2.157027023648255132e-02
1.136141966059496175e-02
5.079324956507452055e-02
9.007421306831819852e-02
1.221724672252334359e-01
1.415291596349362302e-01
1.454857036780644597e-01
1.348070975522325798e-01
1.131732024432480221e-01
8.589072190956990871e-02
5.831382755381431943e-02
3.449300119478404536e-02
1.643527760236005580e-02
4.102270744913760758e-03
-4.015522889604349055e-03
-1.008212402793681739e-02
-1.616738865110113610e-02
-2.372543953469246486e-02
-3.331778271667822783e-02
-4.454576645691165487e-02
-5.617189091321928007e-02
-6.641970772661623390e-02
-7.341247214004764654e-02
-7.567248021966117844e-02
-7.258497663598544036e-02
-6.471410679993058745e-02
-5.383981605533220277e-02
-4.261881356267669535e-02
-3.389839916766057559e-02
-2.987183883841072751e-02
-3.135042662905821592e-02
-3.739721357578505712e-02
-4.546558818826585552e-02
-5.205258385065981985e-02
-5.370587379629120084e-02
-4.804841115715860478e-02
-3.442462773542498411e-02
-1.392252966798696034e-02
1.116664279571327745e-02
3.810659252185347179e-02
6.426722043660526573e-02
8.722745672766091252e-02
1.045292978858082256e-01
1.134591730658633252e-01
1.112629525963744620e-01
9.596995603418632947e-02
6.762544658925331853e-02
2.937796862427989597e-02
-1.226180520924452511e-02
-4.843471005573329879e-02
-7.012806770906365728e-02
-7.091261276253385537e-02
-4.928922472863556115e-02
-9.766979589792956079e-03
3.785158022596098876e-02
8.093742097490662368e-02
1.075847495388008446e-01
1.101154779744556444e-01
8.735473127827803053e-02
4.490252901023859128e-02
-6.674499778634310210e-03
-5.511555490955538650e-02
-9.013771472660039863e-02
-1.063364627443292992e-01
-1.043870071217372214e-01
-9.016191845517522452e-02
-7.208732967400957592e-02
-5.770544747299004990e-02
-5.074609100763887576e-02
-4.986302748049138006e-02
-4.956826941313263041e-02
-4.301500291969802964e-02
-2.548641572134439232e-02
2.917505637332930279e-03
3.664728623801008500e-02
6.654311251611544353e-02
8.345829643926699903e-02
8.210777737667852849e-02
6.341843400958080412e-02
3.433256975490271701e-02
5.181516168285587448e-03
-1.420562722340206613e-02
-1.804036412573271214e-02
-6.403421829271688931e-03
1.521654966581585666e-02
3.831741444355007270e-02
5.463382174488892046e-02
5.893968071009453996e-02
5.042781814870635204e-02
3.237367685472562762e-02
1.047543858959336383e-02
-9.330209290361990426e-03
-2.274221323534043188e-02
-2.809688672942683291e-02
-2.635545597068554569e-02
-2.030260966918039783e-02
-1.335781067234982807e-02
-8.403243296548700003e-03
-6.955456732234273701e-03
-8.891618972722181019e-03
-1.277089702384331255e-02
-1.659128883046007488e-02
-1.867240466791784265e-02
-1.832585718278085044e-02
-1.607930077712546243e-02
-1.340756106623946196e-02
-1.210912936157521394e-02
-1.357446322039543990e-02
-1.819773724512140436e-02
-2.511009221460703406e-02
-3.230820190561121269e-02
-3.715217777858892401e-02
-3.711879446862018095e-02
-3.061954616475311836e-02
-1.764321977907723493e-02
9.849321786988690652e-06
1.904298163783677000e-02
3.549903672786725722e-02
4.589305890712561814e-02
4.827540286261977620e-02
4.283801613023079102e-02
3.181270072883492228e-02
1.867442039006171617e-02
6.942920985724479466e-03
-9.640860308320221145e-04
-4.403013747618859941e-03
-4.476674405496230275e-03
-3.360019466555223822e-03
-3.275441065695777407e-03
-5.528787147121110718e-03
-9.973342235051467497e-03
-1.509172406417671683e-02
-1.863952306583101237e-02
-1.856864341481617720e-02
-1.383350062095854358e-02
-4.740074860832778694e-03
7.280092571586389491e-03
2.029824639501098815e-02
3.254757988880738195e-02
4.276958716778734432e-02
5.015562058048868288e-02
5.408561168076132797e-02
5.396687996077368515e-02
4.931785343813210876e-02
4.000189078075050420e-02
2.641880986069274767e-02
9.543159319594970991e-03
-9.173642166304771250e-03
-2.796465217723977104e-02
-4.492729306777731163e-02
-5.822434432028811280e-02
-6.631690802699485854e-02
-6.820997411589031778e-02
-6.366334495488612522e-02
-5.331449606126261592e-02
-3.865971976934953758e-02
-2.184129339621175558e-02
-5.228544503513544994e-03
9.109992012016274177e-03
1.982408295791535102e-02
2.636552489860551768e-02
2.869737954515887146e-02
2.685125697916174170e-02
2.068142308251367037e-02
1.003064648829183822e-02
-4.773647097344164633e-03
-2.240882724580904595e-02
-4.036885434307870696e-02
-5.526336425924282397e-02
-6.353871344177916547e-02
-6.238858189269986393e-02
-5.056011939762299068e-02
-2.879490533903522609e-02
2.420707312423137081e-04
3.251747473654766768e-02
6.346789980353245708e-02
8.884473255676617054e-02
1.053550410700739709e-01
1.110331776297133199e-01
1.053895046087799658e-01
8.940028823187012863e-02
6.535517557471279271e-02
3.654110316545798598e-02
6.762038290166069721e-03
-2.024575660373743868e-02
-4.139472991110516864e-02
-5.470655196087127747e-02
-5.956228634040625775e-02
-5.670190518562829435e-02
-4.799076446605946011e-02
-3.601503221291586093e-02
-2.358275439309812788e-02
-1.320338678548894570e-02
-6.621501939689378516e-03
-4.493060838662488524e-03
-6.290344116442319125e-03
-1.048179284576864975e-02
-1.496011847209147844e-02
-1.761706761530810322e-02
-1.692263662978994027e-02
-1.237276902774296639e-02
-4.699285536140100292e-03
4.236796561448293377e-03
1.190464210240440267e-02
1.585103293429855273e-02
1.452230853934108334e-02
7.846676079905993625e-03
-2.678940115967581338e-03
-1.443452829968595690e-02
-2.445231689222713417e-02
-3.021496814320994567e-02
-3.023418281310276748e-02
-2.431271874431133184e-02
-1.351504124923596367e-02
8.237601233706919046e-05
1.381005914572086546e-02
2.496818220428844923e-02
3.147850146120963200e-02
3.249048686993426249e-02
2.873850219794992292e-02
2.246063889864854252e-02
1.680528195578464071e-02
1.483179967512397550e-02
1.839297717037465321e-02
2.729927799916517794e-02
3.913576455563821943e-02
4.989219064096829526e-02
5.523438365459908128e-02
5.195135740870277657e-02
3.902969916947744700e-02
1.799147584563814961e-02
-7.535158793973678604e-03
-3.277064954935041130e-02
-5.293384291041240003e-02
-6.431640074643088512e-02
-6.510225664002533552e-02
-5.580048269451422238e-02
-3.917911873384010563e-02
-1.964526856379875119e-02
-2.161303188458547214e-03
9.017127485397000153e-03
1.137191026750593997e-02
4.581688924442276628e-03
-9.676954645796586110e-03
-2.838812734978383295e-02
-4.797508994129238286e-02
-6.491481579803226598e-02
-7.608319207882888180e-02
-7.890739876657316965e-02
-7.150293307677910160e-02
-5.295599006870479325e-02
-2.378346484886073586e-02
1.358096199452054481e-02
5.457060711311025047e-02
9.285212504235187958e-02
1.214288561035064135e-01
1.343237348021243116e-01
1.283469658781300482e-01
1.042887562553507785e-01
6.700892062655033898e-02
2.428022404569608883e-02
-1.528262275734466186e-02
-4.451339217445259705e-02
-5.943194427587385892e-02
-5.991199384776283582e-02
-4.920605899857048021e-02
-3.264345483802402748e-02
-1.599093105351211824e-02
-3.938574499786424293e-03
9.448510827513301180e-04
-1.412797959194963399e-03
-8.904710035160625856e-03
-1.808841497056544456e-02
-2.526373896589901094e-02
-2.748883465277389415e-02
-2.330560529675157824e-02
-1.302444548065209880e-02
1.492158297507869408e-03
1.747773807464731918e-02
3.211816342741900115e-02
4.329203636443358649e-02
4.991735183032428719e-02
5.183984162335379675e-02
4.945561204855397630e-02
4.336975759685098020e-02
3.428042365911092293e-02
2.306414971751611157e-02
1.089707283237781668e-02
-7.566629500329533076e-04
-1.036653899075233934e-02
-1.672099665299376856e-02
-1.932411733484203781e-02
-1.861370619968818335e-02
-1.587296607954517130e-02
-1.284356288557045658e-02
-1.118006449131391661e-02
-1.194337633251927808e-02
-1.529907264787153803e-02
-2.050045181672171396e-02
-2.613948323862434406e-02
-3.057489770009452767e-02
-3.241779368806825545e-02
-3.096683330819319929e-02
-2.650206768035016230e-02
-2.034686841145351074e-02
-1.462110121188602875e-02
-1.167821302191761335e-02
-1.333769569761672491e-02
-2.014107104131569043e-02
-3.091613250971469301e-02
-4.287893437396865515e-02
-5.232057695771578920e-02
-5.568654874533922328e-02
-5.068702337387760715e-02
-3.705959027207760687e-02
-1.673317177761001612e-02
6.651280530136742530e-03
2.869936205563159565e-02
4.539441958065213584e-02
5.406238258283090764e-02
5.392231397718222352e-02
4.614352451425605961e-02
3.347497607901060712e-02
1.956740333660271502e-02
8.114177899406337796e-03
1.971160767220370147e-03
2.473158939607499052e-03
9.157417775009887156e-03
1.998099271380804690e-02
3.194039663896893616e-02
4.188218765250835418e-02
4.728292001414074325e-02
4.683620917979768039e-02
4.074914008713160368e-02
3.069375183031957527e-02
1.940066898391177783e-02
9.952334692322220566e-03
4.933228013408133550e-03
5.677285727556276307e-03
1.185923907956108747e-02
2.158273284094760699e-02
3.195080454956306104e-02
3.992919346032323957e-02
4.320773641621847294e-02
4.078079474696690021e-02
3.309458160087384859e-02
2.177681472164187670e-02
9.087684711683014990e-03
-2.728251769160413426e-03
-1.203103509975494284e-02
-1.819683499414746081e-02
-2.176858810361026464e-02
-2.429913593262524735e-02
-2.789665783901129278e-02
-3.456036815813000318e-02
-4.547422888041977029e-02
-6.047382712124939330e-02
-7.788253785527371464e-02
-9.481409983526167817e-02
-1.078855571958384219e-01
-1.141349929446490441e-01
-1.118500823586753845e-01
-1.010200871012725682e-01
-8.323489919095299061e-02
-6.105193372206255825e-02
-3.707530897755002136e-02
-1.314286851471842266e-02
1.000419458779043536e-02
