9.168932790013926137e+01
9.143027057219366327e+01
9.144067520978339303e+01
9.142096233835596308e+01
9.139677811058042778e+01
9.144500568458664702e+01
9.167330180428233177e+01
9.154075704367808441e+01
9.187595429206650977e+01
9.140951994151572535e+01
9.134228296339375675e+01
9.150454914703493614e+01
9.122957229879300201e+01
9.135874475899501590e+01
9.126725105303388830e+01
9.114049802126932320e+01
9.153045301604329609e+01
9.125847894770777202e+01
9.152962198866129029e+01
9.154195923265280044e+01
9.150445378287605536e+01
9.180732636356268017e+01
9.183590795979704069e+01
9.198372255310862045e+01
9.195629552549428354e+01
9.205043404338799462e+01
9.203170024121520498e+01
9.189641589895504126e+01
9.183433133732535225e+01
9.194816498863266929e+01
9.173357354811361120e+01
9.192791281115599133e+01
9.194967202174585452e+01
9.203956642200942895e+01
9.172332982427725767e+01
9.207204831436897052e+01
9.215496596207900382e+01
9.214689073453462242e+01
9.207804187612865121e+01
9.234214471968708438e+01
9.219223801674472440e+01
9.227946320572755212e+01
9.189811271596293807e+01
9.203047041762397384e+01
9.158579584157774889e+01
9.192497229646046719e+01
9.204732190986459273e+01
9.190923061831736618e+01
9.183738577023498806e+01
9.179330403097989688e+01
9.176307546738881626e+01
9.205388616242478861e+01
9.181371263977216302e+01
9.193210208302795650e+01
9.180261257606491654e+01
9.203719375312908824e+01
9.227864835235699559e+01
9.184733331174507498e+01
9.166271645545128877e+01
9.168436621084278215e+01
9.131673072902427180e+01
9.168113436212330214e+01
9.155416423995340836e+01
9.157067632850240102e+01
9.160412993796931858e+01
9.145856291101812019e+01
9.189007477575384542e+01
9.170529930033687549e+01
9.182488956489376619e+01
9.154688530921613676e+01
9.190666365338670118e+01
9.195742634565446849e+01
9.220905308488076457e+01
9.191675884955752451e+01
9.179327086468903474e+01
9.173779678035823792e+01
9.194307634791371697e+01
9.166440012333457332e+01
9.179457999017522241e+01
9.161264776770342166e+01
9.152830589658499605e+01
9.144116977326696372e+01
9.162958327915745826e+01
9.139526688435549318e+01
9.174306391283134587e+01
9.162520603729679181e+01
9.218583454751497186e+01
9.196584348163601419e+01
9.223479275367014907e+01
9.207803144623473202e+01
9.213576444900687079e+01
9.197656097083577720e+01
9.204447522816167293e+01
9.167424869709219593e+01
9.191625222169680853e+01
9.193854139546994020e+01
9.202983340424835035e+01
9.193375450677233118e+01
9.195016343895267141e+01
9.201459425045300122e+01
9.223266563944531526e+01
9.217686931079323642e+01
9.237281379646954349e+01
9.217951349854179455e+01
9.236714098789663296e+01
9.224554320042980748e+01
9.235224412408878436e+01
9.211764417978628217e+01
9.200425090047701815e+01
9.201070023091683936e+01
9.215565562311019221e+01
9.206709861808025153e+01
9.229745351525610886e+01
9.191027501047811654e+01
9.226419922097818471e+01
9.227281594433787859e+01
9.249812576064908853e+01
9.226575098973903266e+01
9.242573402417961859e+01
9.221085211335717702e+01
9.231964195126741402e+01
9.214153441302123326e+01
9.189632562970656693e+01
9.170085428599163890e+01
9.182465334288131942e+01
9.183970628758530097e+01
9.186679858703473656e+01
9.157413269801898537e+01
9.163806931177256843e+01
9.178700608274490946e+01
9.203869295113240412e+01
9.197979043132158949e+01
9.188565175097276949e+01
9.204150723133795964e+01
9.218761396196926228e+01
9.201857549857548690e+01
9.196971377313870732e+01
9.158112400337071790e+01
9.134505191434132598e+01
9.159925670033891265e+01
9.143633125556544883e+01
9.171611964218547541e+01
9.119536386398513628e+01
9.144862098193910072e+01
9.139633751779474835e+01
9.172488508454203782e+01
9.148755341188656587e+01
9.178368696161925300e+01
9.144649077538382187e+01
9.190880308124164344e+01
9.186744629838040055e+01
9.188861176317162460e+01
9.154902406916838231e+01
9.133415034005875555e+01
9.153863936054177941e+01
9.143126103792997128e+01
9.144614010877505450e+01
9.147774751708278984e+01
9.141547692607890951e+01
9.162205532566551369e+01
9.147032059927528280e+01
9.175121563796680846e+01
9.158688567120134394e+01
9.169697018926163423e+01
9.185099466909375110e+01
9.191336770093700181e+01
9.185249911493032471e+01
9.170897747528762523e+01
9.149643720884935760e+01
9.153486259368612821e+01
9.153983130271790003e+01
9.164105186267347847e+01
9.142654875887966170e+01
9.140268598061027205e+01
9.171629986244840893e+01
9.174329227615157833e+01
9.199156848968119959e+01
9.187517700483405747e+01
9.185474313139722824e+01
9.222539739530634506e+01
9.230618754678906157e+01
9.240192501872903108e+01
9.218927962316250557e+01
9.215676769655128453e+01
9.195833536615114667e+01
9.204713864978765514e+01
9.204872706031252960e+01
9.205580632590765333e+01
9.197759327961821896e+01
9.205171908098419919e+01
9.230336436387392496e+01
9.208990981293932521e+01
9.219065070445475385e+01
9.222641417107065820e+01
9.237700065061808630e+01
9.244092703134684541e+01
9.254811382113820173e+01
9.254411501908862192e+01
9.249514642570674994e+01
9.256773730486273166e+01
9.242862523540490827e+01
9.252405001225791636e+01
9.224568430000654473e+01
9.222162655412343213e+01
9.244750857702989322e+01
9.243874001861559009e+01
9.268785862581943036e+01
9.249070023654449813e+01
9.257768219444893987e+01
9.287425941340646318e+01
9.303517702724749938e+01
9.298888924828567326e+01
9.308607183487730197e+01
9.273893726386793901e+01
9.302176250203616803e+01
9.280775452104428780e+01
9.286713026603057131e+01
9.266859633146870578e+01
9.266700866393067315e+01
9.284302107918939839e+01
9.273670952334217077e+01
9.289173756730815512e+01
9.301450293161735772e+01
9.262488022736499715e+01
9.303194047309591497e+01
9.303553012301377123e+01
9.332539850875332377e+01
9.330443512476318801e+01
9.323970153135871897e+01
9.310514306059036471e+01
9.334557421919548403e+01
9.310165377520307572e+01
9.318505928468032096e+01
9.289613444287637378e+01
9.318910461210781193e+01
9.299550601901424329e+01
9.310200647037679289e+01
9.297600507209858733e+01
9.303147074584693144e+01
9.336353004239559539e+01
9.330624685056649525e+01
9.352073966286806694e+01
9.322737238724765518e+01
9.323069014475252914e+01
9.303168711606721786e+01
9.314729048776113984e+01
9.288600262846202327e+01
9.277469974146676179e+01
9.273992197659298142e+01
9.288715390614845546e+01
9.274460735022219637e+01
9.275549772283669370e+01
9.235427094844958162e+01
9.276662618172268537e+01
9.267686876538411411e+01
9.282098755415645996e+01
9.278429361979166856e+01
9.303696277426246297e+01
9.262990271710002332e+01
9.293039473469320910e+01
9.250805175311219841e+01
9.234907248508621080e+01
9.213418540794978639e+01
9.203671342947200174e+01
9.217815395697587633e+01
9.222155854301618660e+01
9.228489102930373633e+01
9.206243702668443518e+01
9.215578724444081615e+01
9.227880334102506765e+01
9.242617033092679435e+01
9.241493086657003175e+01
9.244972613458529054e+01
9.234284644438656642e+01
9.241072300530616701e+01
9.212849280270957308e+01
9.203544209174967250e+01
9.167156775043507366e+01
9.184269038354641168e+01
9.182764463415826128e+01
9.188172885450330796e+01
9.168839355341823705e+01
9.192290918630007468e+01
9.158954263275381891e+01
9.202712795709538796e+01
9.188427154744263703e+01
9.194838027022628069e+01
9.196047043449853220e+01
9.205326952174198141e+01
9.216302655940229727e+01
9.168177529040444540e+01
9.156074155209338983e+01
9.150173795264284138e+01
9.126364112467676648e+01
9.160662404632928713e+01
9.153844025198183942e+01
9.160486505913873145e+01
9.141340251747335799e+01
9.172383939364239325e+01
9.182764036120926221e+01
9.205837534278066414e+01
9.182141461508402358e+01
9.198035687999868060e+01
9.205790116421070479e+01
9.232760708092013147e+01
9.204695689203354902e+01
9.180034671115035394e+01
9.173441547794720918e+01
9.157381501660694312e+01
9.170245528455284045e+01
9.149468741876786737e+01
9.162819248594811938e+01
9.143336216322069276e+01
9.151810534912209505e+01
9.170945990180032936e+01
9.187124266561772856e+01
9.183186159668409232e+01
9.198816869051525202e+01
9.182491104364572720e+01
9.205611844685580536e+01
9.187041766208089655e+01
9.172306255223612936e+01
9.167214596860360132e+01
9.172681518151814828e+01
9.168426042466940373e+01
9.177085696437670492e+01
9.148186664050491856e+01
9.167041198501873112e+01
9.171175873805471213e+01
9.177223239390571052e+01
9.199415549334511866e+01
9.194958190676850052e+01
9.198473683346736607e+01
9.212104909213179837e+01
9.211826743843815279e+01
9.206209000262397524e+01
9.173664384683415562e+01
9.168663147335010422e+01
9.182081360486262156e+01
9.210321356109692204e+01
9.174955804360637046e+01
9.177092770355349671e+01
9.153802858261551023e+01
9.199467087733148674e+01
9.193258703609474480e+01
9.202623873132854726e+01
9.191075716736094137e+01
9.226553253218601469e+01
9.200926891249103790e+01
9.238462794000032829e+01
9.230183459042851268e+01
9.194621788148924679e+01
9.208711940715423339e+01
9.205712452917083510e+01
9.228992012674103762e+01
9.209921894269506026e+01
9.214357226366315956e+01
9.198400761854720997e+01
9.234069270498159199e+01
9.241487747765575023e+01
9.235459877453389765e+01
9.229736037605600529e+01
9.231732140223216732e+01
9.237459886043617985e+01
9.263940362087326719e+01
9.242781545922211706e+01
9.232028294127323420e+01
9.218043734450701265e+01
9.214970849754095639e+01
9.225748551847922840e+01
9.209785053941772048e+01
9.201914488375146561e+01
9.210887301146117068e+01
9.214003788814760298e+01
9.232204506522599274e+01
9.213835602985466267e+01
9.233087655942219385e+01
9.233230486443903828e+01
9.261332679257624534e+01
9.272656353080880365e+01
9.239010944202509279e+01
9.238549954349809923e+01
9.235138879833084502e+01
9.223716684326349480e+01
9.243245147022688002e+01
9.225240138636738152e+01
9.216037004666809196e+01
9.230803453730557351e+01
9.246001708390826934e+01
9.253979414560592431e+01
9.245153249479329816e+01
9.253707898365176732e+01
9.258958064463431015e+01
9.277515790162647136e+01
9.281107917428793996e+01
9.266694441721401176e+01
9.257310181686762007e+01
9.252884379748076071e+01
9.254900965788181111e+01
9.253293608685005722e+01
9.234111683427356354e+01
9.214773006134969080e+01
9.230021524312689962e+01
9.240979146301727098e+01
9.258424711180732913e+01
9.240690982016205623e+01
9.247374509196956183e+01
9.267147138343268864e+01
9.279714239324565028e+01
9.299942670881721085e+01
9.274290907899909087e+01
9.268321536243281855e+01
9.258495327407118225e+01
9.262024399479741987e+01
9.256836669031629583e+01
9.253465297250659205e+01
9.272592132226961326e+01
9.349482705513578651e+01
9.312834423042940557e+01
9.281441524354909234e+01
9.247237173809361366e+01
9.245210197535033103e+01
9.239488107724058352e+01
9.230956112852663864e+01
9.240919355390563794e+01
9.193192508338322000e+01
9.168118230280805392e+01
9.172974724562540416e+01
9.176758306056341041e+01
9.178022986942329453e+01
9.167560863729804055e+01
9.147873283119184862e+01
9.144935310291315034e+01
9.140786999731399476e+01
9.141330265986029247e+01
9.132738945563940547e+01
9.137561927638492421e+01
9.141574502312487027e+01
9.150015130119022899e+01
9.154126769271904607e+01
9.129497202938600253e+01
9.103301910319716228e+01
9.131289647669261456e+01
9.102944856928338879e+01
9.118499361859340979e+01
9.094070892241087734e+01
9.083048903878582792e+01
9.104469995803607674e+01
9.096990140987247742e+01
9.104466421808133703e+01
9.112444887409834848e+01
9.097022580317545248e+01
9.124424189129773310e+01
9.143738435160506128e+01
9.154676210526315572e+01
9.158712750449197415e+01
9.202872764992351051e+01
9.232287705956906620e+01
9.163308795707061449e+01
9.107832779193600459e+01
9.062088402066191861e+01
9.060466960960131644e+01
9.107930537490771883e+01
8.999456005526293723e+01
9.043227685813462813e+01
9.009553551566590102e+01
9.007571215676870224e+01
8.991284598764907798e+01
8.974734895400330004e+01
8.981320362317595141e+01
8.948423269191262364e+01
8.947299327392536838e+01
8.950648737909884289e+01
8.990782340584129884e+01
8.980367062319550087e+01
8.980725943556613800e+01
8.949697830888017336e+01
8.968613840973129925e+01
8.960878162551335890e+01
8.955506473724295802e+01
8.943375597518391373e+01
8.939262458247580412e+01
8.952697911895917571e+01
8.945649305019968267e+01
8.911181037726169052e+01
8.902592714145060881e+01
8.912879074080433384e+01
8.924242684140108395e+01
8.927688348474903535e+01
8.919896184700351682e+01
8.904961377963242342e+01
8.896588433265431206e+01
8.899836774383996385e+01
8.908240928731324004e+01
8.928098758592032880e+01
8.939599062744078140e+01
8.910600780234071294e+01
8.913283286414348083e+01
8.880912863070540197e+01
8.869991601967539907e+01
8.866374223468133664e+01
8.863111219308618161e+01
8.861926516842086698e+01
8.848237753882915513e+01
8.825889465797817479e+01
8.841078692663768379e+01
8.844261175605400638e+01
8.854095022624433398e+01
8.858828351180717675e+01
8.837002921464168992e+01
8.832037424554242477e+01
8.842342841318193791e+01
8.843047407912688129e+01
8.873934191214117106e+01
8.879993534776099295e+01
8.872363929533253213e+01
8.863268501443930347e+01
8.865082342413656136e+01
8.844637428698295878e+01
8.850990777880626581e+01
8.861645968045434074e+01
8.883793233469303630e+01
8.907387259402990765e+01
8.878464228219287691e+01
8.866040145670446293e+01
8.868158485444325834e+01
8.887935034802784173e+01
8.906931568093992269e+01
8.889762021076138865e+01
8.885987982234608751e+01
8.861916517055655618e+01
8.859467886450462970e+01
8.888892342762407850e+01
8.889176949106196446e+01
8.921975893613711150e+01
8.932657606709703657e+01
8.944850464077002528e+01
8.944797914394766281e+01
8.933890235017030079e+01
8.939170222610663075e+01
8.925347310569436843e+01
8.938951022641768418e+01
8.939690405640133974e+01
8.916619925442046224e+01
8.919852401045491774e+01
8.905563388655784252e+01
8.904096654652519760e+01
8.932646135143349397e+01
8.912469417025225482e+01
8.896695975650997923e+01
8.899046973037137320e+01
8.892828442093484398e+01
8.887699647730769925e+01
8.870381125850573767e+01
8.869902080153653401e+01
8.866600333367350117e+01
8.887406391911575554e+01
8.899074294660177031e+01
8.877127284606523006e+01
8.885724340377319663e+01
8.890191025905311051e+01
8.921120763072731563e+01
8.919259903777253840e+01
8.854478183210002840e+01
8.810034637676187685e+01
8.794251837234622826e+01
8.830645543481941218e+01
8.852086393376953311e+01
8.839026304801670619e+01
8.814695689484454988e+01
8.816893259084601198e+01
8.848906975179929191e+01
8.873128091990908217e+01
8.861100428930632233e+01
8.912400967945106345e+01
8.870407057214801227e+01
8.847001307016527960e+01
8.849329246184778697e+01
8.853163617165199639e+01
8.863056544415928784e+01
8.869361045682248346e+01
8.881675756073374828e+01
8.879691635786130632e+01
8.873173358964585589e+01
8.864304535423734421e+01
8.878777431545448451e+01
8.892324594009681960e+01
8.927395565234606067e+01
8.909184549356224636e+01
8.917639526375307923e+01
8.915741199801685468e+01
8.912316996596054253e+01
8.937087253426808786e+01
8.917158781766305253e+01
8.913907835634668686e+01
8.912294741735708214e+01
8.921226690706332363e+01
8.936214189738400648e+01
8.926316573433517476e+01
8.940087449070854575e+01
8.953731615816208489e+01
8.969383628619254978e+01
8.965363573062766989e+01
8.929459455041761373e+01
8.936677271823424462e+01
8.934428486135065839e+01
8.943780865213669529e+01
8.967372560634481715e+01
8.969419359099239841e+01
8.952352073430586188e+01
8.976017815902342534e+01
8.990077951915976939e+01
9.007990350775739330e+01
9.019913455799455448e+01
9.013880398671096827e+01
9.006459014228649096e+01
8.999399823770967544e+01
8.999321000943973559e+01
8.978741224085240447e+01
8.978421705682852405e+01
8.975214072353135464e+01
8.989533210640789207e+01
8.956959495176424468e+01
8.970147529621439730e+01
8.948152474335351769e+01
8.972381865679045632e+01
8.978288428439030611e+01
9.014018180008625336e+01
8.986519041043472100e+01
8.959649677290570935e+01
8.968889294242504207e+01
8.960523141492753041e+01
8.971386455245011859e+01
8.964190190662264968e+01
8.976416212372599546e+01
8.995325936436839243e+01
8.988261343507289780e+01
9.011000051083829021e+01
8.972409227478739524e+01
8.977898372813626793e+01
8.983648712576872697e+01
8.972314859814650845e+01
8.958258222909800850e+01
8.908321749761350361e+01
8.887480378076885756e+01
8.908403671572163773e+01
8.917781805366762171e+01
8.902694276330048240e+01
8.868551600478151897e+01
8.850688522414309034e+01
8.878503291683460930e+01
8.892876537829774009e+01
8.893233531940317960e+01
8.896688642243178435e+01
8.875430167412014271e+01
8.893255288903753808e+01
8.868598630365792701e+01
8.851951069727299171e+01
8.866459802538786050e+01
8.870033834396619454e+01
8.892805827513616634e+01
8.867892573579175064e+01
8.899057968576524047e+01
8.872248178849535805e+01
8.898245731953220172e+01
8.923588314758528384e+01
8.924016138522316055e+01
8.957214869733924445e+01
8.969095184216108407e+01
8.944011015031659895e+01
8.979706176609973056e+01
8.945365734946460634e+01
8.953732896311325362e+01
8.924702116926715689e+01
8.923787821023809386e+01
8.928278358119351310e+01
8.910084497327125064e+01
8.896849247006014139e+01
8.904013740122171328e+01
8.881631620660000692e+01
8.871005550059526001e+01
8.895691078831183063e+01
8.887314076856692679e+01
8.891791791791793287e+01
8.860924811152429470e+01
8.875757375314195485e+01
8.866923650833125237e+01
8.881266126213107270e+01
8.865254576372912254e+01
8.844972753854332836e+01
8.899154957915563102e+01
8.886161849518839517e+01
8.891639322306301096e+01
8.876571694537717860e+01
8.886712499159550305e+01
8.917484905057436606e+01
8.894610114849889726e+01
8.897862590256522708e+01
8.904063712477025661e+01
8.903742630958396376e+01
8.942998869127171702e+01
8.938387381005857435e+01
8.925793854691193019e+01
8.918215265002949366e+01
8.935236816742391852e+01
8.942686766366654183e+01
8.958681322444226680e+01
8.944876531541595455e+01
8.943569974818034041e+01
8.946614836410753924e+01
8.944464444901598199e+01
8.939876411088479813e+01
8.913683745882991616e+01
8.911703056768558895e+01
8.929330874877221902e+01
8.928979591836734642e+01
8.921510690140361532e+01
8.925963367201822507e+01
8.925759818263173884e+01
8.921946863139093864e+01
8.946163230240549069e+01
8.948871999862753057e+01
8.933772695078343418e+01
8.905914965928010929e+01
8.911461445990039465e+01
8.915339667787911537e+01
8.894655115768360076e+01
8.901346433770015665e+01
8.872509047044633235e+01
8.891170805530714460e+01
8.898146611341631740e+01
8.885428817946505831e+01
8.897079937575861663e+01
8.862016435451091922e+01
8.813541010016109567e+01
8.829966530569330985e+01
8.809487036131105242e+01
8.796030436217708370e+01
8.782333425490737966e+01
8.772657337788916720e+01
8.801820165564059550e+01
8.805354479211317198e+01
8.777199123239256551e+01
8.809812972270661646e+01
8.829168154837832105e+01
8.824965405514866745e+01
8.836869208747650362e+01
8.847946250042363658e+01
8.862089970302376685e+01
8.863302192305735616e+01
8.892794450977385168e+01
8.847002678601702996e+01
8.852448724023555826e+01
8.844414826312147682e+01
8.856624365915727992e+01
8.903262698767042593e+01
8.882870243635368013e+01
8.876879989036966379e+01
8.889965699073363226e+01
8.887519349516050227e+01
8.909558477369023421e+01
8.897801443378375552e+01
8.912139303482587138e+01
8.934471950253619354e+01
8.929703321781759939e+01
8.923919959812457137e+01
8.901397896434693280e+01
8.913720623987033775e+01
8.893730471059164699e+01
8.901636811274300953e+01
8.909146938637667290e+01
8.878578187840076907e+01
8.852173248407642348e+01
8.835950928516059832e+01
8.829527685915374491e+01
8.851389696078767599e+01
8.847035232964421425e+01
8.839462439696760043e+01
8.801450269139780858e+01
8.797398729491969505e+01
8.814806425397264888e+01
8.759104472492796845e+01
8.743982900742555842e+01
8.739815703913343725e+01
