99.56
112.49
104.04
105.70
110.62
109.62
99.17
111.53
124.85
143.59
115.20
100.99
93.83
106.40
106.49
110.17
105.94
111.45
103.47
100.08
101.20
102.77
120.48
108.33
101.90
108.20
98.90
103.85
94.65
102.46
113.18
106.12
113.31
102.03
104.25
116.44
106.44
121.79
103.05
108.59
105.72
112.07
109.80
108.58
104.00
100.00
101.34
111.84
103.20
116.64
104.87
116.25
102.12
104.79
117.38
100.21
119.79
100.26
106.40
104.48
99.68
102.71
84.68
99.81
106.13
98.39
102.63
108.93
110.49
103.25
103.49
100.36
103.73
102.81
116.75
106.37
117.31
104.10
98.13
