-0.02294
-0.06649
-0.12371
-0.18076
-0.22836
-0.26509
-0.29572
-0.32295
-0.34439
-0.35672
-0.35802
-0.34983
-0.33440
-0.31188
-0.28156
-0.24335
-0.19862
-0.14922
-0.09671
-0.04173
0.01485
0.07122
0.12632
0.17832
0.22611
0.26920
0.30600
0.33605
0.35863
0.37294
0.37943
0.37729
0.36699
0.34888
0.32296
0.29061
0.25189
0.20788
0.15979
0.10816
0.05454
-0.00031
-0.05523
-0.10903
-0.16092
-0.20977
-0.25495
-0.29541
-0.33084
-0.36053
-0.38386
-0.40122
-0.41169
-0.41567
-0.41326
-0.40409
-0.38939
-0.36867
-0.34253
-0.31194
-0.27670
-0.23800
-0.19617
-0.15170
-0.10571
-0.05843
-0.01072
0.03679
0.08336
0.12850
0.17143
0.21141
0.24835
0.28106
0.30948
0.33309
0.35106
0.36393
0.37063
0.37127
0.36610
0.35450
0.33726
0.31418
0.28564
0.25251
0.21480
0.17363
0.12948
0.08334
0.03618
-0.01122
-0.05750
-0.10211
-0.14364
-0.18123
-0.21415
-0.24115
-0.26213
-0.27603
-0.28253
-0.28168
-0.27297
-0.25704
-0.23387
-0.20403
-0.16867
-0.12808
-0.08381
-0.03670
0.01196
0.06063
0.10843
0.15371
0.19552
0.23274
0.26427
0.28957
0.30777
0.31875
0.32213
0.31792
0.30654
0.28810
0.26353
0.23330
0.19827
0.15978
0.11835
0.07542
0.03193
-0.01116
-0.05254
-0.09161
-0.12734
-0.15901
-0.18611
-0.20813
-0.22476
-0.23582
-0.24145
-0.24155
-0.23660
-0.22693
-0.21290
-0.19547
-0.17488
-0.15203
-0.12787
-0.10269
-0.07765
-0.05317
-0.02990
-0.00864
0.01044
0.02672
0.03997
0.05002
0.05670
0.06003
0.06004
0.05704
0.05104
0.04251
0.03179
0.01913
0.00525
-0.00970
-0.02511
-0.04040
-0.05542
-0.06945
-0.08231
-0.09362
-0.10295
-0.11029
-0.11525
-0.11788
-0.11806
-0.11576
-0.11117
-0.10427
-0.09539
-0.08465
-0.07227
-0.05867
-0.04398
-0.02863
-0.01288
0.00304
0.01871
0.03400
0.04863
0.06238
0.07509
0.08664
0.09687
0.10573
0.11320
0.11914
0.12369
0.12677
0.12837
0.12875
0.12773
0.12549
0.12216
0.11768
0.11230
0.10601
0.09888
0.09117
0.08282
0.07399
0.06485
0.05544
0.04593
0.03647
0.02713
0.01809
0.00948
0.00136
-0.00610
-0.01280
-0.01880
-0.02386
-0.02809
-0.03146
-0.03389
-0.03560
-0.03649
-0.03665
-0.03635
-0.03544
-0.03418
-0.03266
-0.03086
-0.02907
-0.02721
-0.02534
-0.02363
-0.02193
-0.02034
-0.01882
-0.01726
-0.01569
-0.01398
-0.01208
-0.00989
-0.00740
-0.00452
-0.00121
0.00243
0.00656
0.01097
0.01560
0.02047
0.02523
0.02994
0.03433
0.03812
0.04139
0.04370
0.04498
0.04515
0.04391
0.04135
0.03731
0.03172
0.02471
0.01626
0.00649
-0.00445
-0.01637
-0.02911
-0.04237
-0.05587
-0.06944
-0.08261
-0.09522
-0.10695
-0.11736
-0.12645
-0.13372
-0.13901
-0.14226
-0.14309
-0.14166
-0.13776
-0.13134
-0.12267
-0.11163
-0.09852
-0.08351
-0.06679
-0.04877
-0.02967
-0.00986
0.01030
0.03042
0.05020
0.06921
0.08709
0.10367
0.11846
0.13134
0.14210
0.15039
0.15643
0.15984
0.16067
0.15911
0.15493
0.14852
0.13987
0.12907
0.11662
0.10244
0.08692
0.07032
0.05283
0.03484
0.01655
-0.00171
-0.01971
-0.03710
-0.05367
-0.06918
-0.08324
-0.09589
-0.10668
-0.11549
-0.12232
-0.12677
-0.12901
-0.12885
-0.12616
-0.12132
-0.11402
-0.10456
-0.09310
-0.07971
-0.06483
-0.04856
-0.03130
-0.01339
0.00487
0.02301
0.04077
0.05766
0.07345
0.08772
0.10012
0.11055
0.11857
0.12418
0.12719
0.12741
0.12516
0.12016
0.11268
0.10292
0.09095
0.07725
0.06194
0.04543
0.02811
0.01025
-0.00766
-0.02539
-0.04246
-0.05864
-0.07360
-0.08697
-0.09872
-0.10842
-0.11607
-0.12152
-0.12451
-0.12538
-0.12375
-0.11981
-0.11370
-0.10531
-0.09503
-0.08284
-0.06893
-0.05366
-0.03709
-0.01959
-0.00138
0.01722
0.03593
0.05442
0.07231
0.08944
0.10528
0.11969
0.13236
0.14282
0.15127
0.15711
0.16031
0.16094
0.15859
0.15363
0.14587
0.13534
0.12251
0.10721
0.08985
0.07072
0.04997
0.02814
0.00544
-0.01771
-0.04092
-0.06380
-0.08602
-0.10717
-0.12681
-0.14487
-0.16077
-0.17436
-0.18550
-0.19375
-0.19930
-0.20181
-0.20120
-0.19779
-0.19124
-0.18193
-0.16996
-0.15538
-0.13879
-0.12018
-0.09999
-0.07869
-0.05651
-0.03397
-0.01146
0.01065
0.03194
0.05201
0.07059
0.08733
0.10192
0.11434
0.12422
0.13156
0.13644
0.13862
0.13846
0.13593
0.13115
0.12467
0.11636
0.10670
0.09602
0.08443
0.07248
0.06025
0.04804
0.03621
0.02481
0.01411
0.00421
-0.00476
-0.01277
-0.01975
-0.02565
-0.03063
-0.03452
-0.03751
-0.03963
-0.04076
-0.04129
-0.04094
-0.03985
-0.03817
-0.03566
-0.03257
-0.02876
-0.02417
-0.01901
-0.01305
-0.00641
0.00091
0.00887
0.01740
0.02643
0.03577
0.04543
0.05510
0.06463
0.07393
0.08250
0.09044
0.09730
0.10276
0.10688
0.10912
0.10945
0.10774
0.10364
0.09739
0.08872
0.07769
0.06448
0.04912
0.03189
0.01302
-0.00716
-0.02833
-0.05001
-0.07182
-0.09333
-0.11393
-0.13339
-0.15107
-0.16655
-0.17964
-0.18975
-0.19681
-0.20058
-0.20077
-0.19771
-0.19110
-0.18119
-0.16828
-0.15242
-0.13422
-0.11388
-0.09185
-0.06874
-0.04485
-0.02075
0.00309
0.02625
0.04833
0.06891
0.08769
0.10446
0.11886
0.13096
0.14050
0.14738
0.15197
0.15389
0.15350
0.15093
0.14607
0.13953
0.13114
0.12114
0.11000
0.09754
0.08422
0.07016
0.05545
0.04047
0.02524
0.00998
-0.00514
-0.01994
-0.03432
-0.04807
-0.06098
-0.07314
-0.08411
-0.09390
-0.10243
-0.10933
-0.11484
-0.11859
-0.12047
-0.12072
-0.11891
-0.11526
-0.10973
-0.10220
-0.09301
-0.08201
-0.06941
-0.05541
-0.04011
-0.02380
-0.00668
0.01090
0.02875
0.04643
0.06362
0.08008
0.09525
0.10902
0.12093
0.13060
0.13806
0.14276
0.14473
0.14386
0.13993
0.13329
0.12374
0.11156
0.09705
0.08035
0.06197
0.04218
0.02146
0.00027
-0.02097
-0.04174
-0.06167
-0.08023
-0.09715
-0.11204
-0.12452
-0.13459
-0.14184
-0.14633
-0.14802
-0.14674
-0.14295
-0.13645
-0.12751
-0.11652
-0.10345
-0.08885
-0.07286
-0.05574
-0.03806
-0.01985
-0.00154
0.01655
0.03422
0.05115
0.06713
0.08193
0.09542
0.10733
0.11765
0.12623
0.13287
0.13782
0.14076
0.14178
0.14109
0.13842
0.13417
0.12827
0.12073
0.11206
0.10203
0.09092
0.07901
0.06623
0.05297
0.03928
0.02528
0.01125
-0.00276
-0.01662
-0.03013
-0.04317
-0.05575
-0.06757
-0.07863
-0.08889
-0.09805
-0.10629
-0.11333
-0.11902
-0.12365
-0.12672
-0.12837
-0.12861
-0.12713
-0.12424
-0.11969
-0.11347
-0.10584
-0.09660
-0.08596
-0.07403
-0.06087
-0.04673
-0.03176
-0.01618
-0.00019
0.01587
0.03187
0.04746
0.06228
0.07635
0.08909
0.10040
0.11014
0.11783
0.12366
0.12726
0.12845
0.12753
0.12408
0.11836
0.11044
0.10021
0.08817
0.07422
0.05865
0.04178
0.02375
0.00495
-0.01438
-0.03389
-0.05330
-0.07224
-0.09040
-0.10754
-0.12320
-0.13730
-0.14944
-0.15934
-0.16706
-0.17212
-0.17460
-0.17442
-0.17135
-0.16578
-0.15745
-0.14656
-0.13344
-0.11805
-0.10087
-0.08208
-0.06197
-0.04106
-0.01957
0.00207
0.02343
0.04418
0.06396
0.08236
0.09912
0.11399
0.12663
0.13701
0.14487
0.15015
0.15300
0.15321
0.15109
0.14672
0.14020
0.13204
0.12227
0.11131
0.09960
0.08728
0.07489
0.06266
0.05090
0.03998
0.03006
0.02139
0.01410
0.00831
0.00402
0.00127
0.00001
-0.00000
0.00128
0.00351
0.00652
0.01017
0.01403
0.01805
0.02198
0.02545
0.02857
0.03098
0.03272
0.03376
0.03398
0.03359
0.03253
0.03100
0.02910
0.02691
0.02470
0.02241
0.02035
0.01848
0.01677
0.01548
0.01430
0.01331
0.01245
0.01134
0.01019
0.00856
0.00627
0.00337
-0.00055
-0.00546
-0.01144
-0.01873
-0.02712
-0.03670
-0.04742
-0.05909
-0.07158
-0.08477
-0.09833
-0.11207
-0.12579
-0.13906
-0.15175
-0.16355
-0.17401
-0.18321
-0.19061
-0.19601
-0.19946
-0.20046
-0.19918
-0.19547
-0.18908
-0.18042
-0.16924
-0.15568
-0.14006
-0.12228
-0.10279
-0.08174
-0.05928
-0.03582
-0.01163
0.01313
0.03800
0.06265
0.08706
0.11053
0.13297
0.15418
0.17343
0.19104
0.20631
0.21886
0.22906
0.23595
0.23972
0.24021
0.23683
0.23013
0.21948
0.20497
0.18679
0.16481
0.13930
0.11041
0.07861
0.04395
0.00723
-0.03101
-0.07054
-0.10991
-0.14911
-0.18696
-0.22209
-0.25473
-0.28285
-0.30601
-0.32361
-0.33399
-0.33761
-0.33306
-0.31996
-0.29855
-0.26820
-0.22946
-0.18253
-0.12808
-0.06698
-0.00024
0.07062
0.14455
0.21937
0.29379
0.36589
0.43333
0.49526
0.54908
0.59353
0.62753
0.64912
0.65858
0.65453
0.63685
0.60626
0.56250
0.50711
0.44089
0.36516
0.28224
0.19335
0.10090
0.00691
-0.08659
-0.17733
-0.26350
-0.34318
-0.41488
-0.47704
-0.52883
-0.56928
-0.59777
-0.61484
-0.61976
-0.61356
-0.59696
-0.57034
-0.53585
-0.49388
-0.44604
-0.39457
-0.33977
-0.28397
-0.22828
-0.17363
-0.12192
-0.07346
-0.02919
0.00997
0.04396
0.07251
0.09536
0.11284
0.12539
0.13292
0.13653
0.13650
0.13327
0.12826
0.12124
0.11324
0.10531
0.09702
0.08969
0.08327
0.07782
0.07425
0.07189
0.07104
0.07185
0.07369
0.07672
0.08056
0.08478
0.08930
0.09365
0.09745
0.10053
0.10257
0.10322
0.10247
0.10012
0.09593
0.09016
0.08266
0.07357
0.06321
0.05151
0.03898
0.02592
0.01244
-0.00081
-0.01362
-0.02565
-0.03633
-0.04564
-0.05305
-0.05834
-0.06142
-0.06201
-0.06017
-0.05580
-0.04901
-0.03997
-0.02879
-0.01586
-0.00134
0.01428
0.03067
0.04748
0.06405
0.08024
0.09539
0.10908
0.12113
0.13081
0.13815
0.14271
0.14415
0.14261
0.13772
0.12961
0.11835
0.10390
0.08669
0.06680
0.04462
0.02051
-0.00509
-0.03171
-0.05888
-0.08597
-0.11263
-0.13812
-0.16201
-0.18386
-0.20292
-0.21919
-0.23197
-0.24095
-0.24618
-0.24710
-0.24399
-0.23669
-0.22514
-0.20994
-0.19092
-0.16861
-0.14342
-0.11567
-0.08606
-0.05499
-0.02310
0.00903
0.04079
0.07161
0.10096
0.12815
0.15300
0.17479
0.19324
0.20822
0.21917
0.22635
0.22942
0.22830
0.22357
0.21481
0.20260
0.18718
0.16866
0.14785
0.12479
0.10005
0.07425
0.04761
0.02081
-0.00580
-0.03170
-0.05651
-0.07980
-0.10119
-0.12043
-0.13708
-0.15111
-0.16217
-0.17007
-0.17506
-0.17668
-0.17526
-0.17082
-0.16331
-0.15335
-0.14077
-0.12602
-0.10958
-0.09151
-0.07248
-0.05273
-0.03264
-0.01280
0.00661
0.02513
0.04242
0.05821
0.07225
0.08430
0.09420
0.10199
0.10741
0.11066
0.11176
0.11068
0.10791
0.10331
0.09722
0.09004
0.08170
0.07275
0.06329
0.05345
0.04372
0.03399
0.02454
0.01551
0.00690
-0.00115
-0.00865
-0.01559
-0.02202
-0.02788
-0.03329
-0.03827
-0.04275
-0.04698
-0.05076
-0.05411
-0.05719
-0.05969
-0.06173
-0.06320
-0.06383
-0.06386
-0.06289
-0.06088
-0.05787
-0.05361
-0.04818
-0.04150
-0.03358
-0.02450
-0.01433
-0.00321
0.00875
0.02121
0.03408
0.04701
0.05963
0.07184
0.08310
0.09320
0.10189
0.10868
0.11365
0.11633
0.11659
0.11449
0.10977
0.10261
0.09302
0.08111
0.06719
0.05141
0.03414
0.01569
-0.00352
-0.02310
-0.04265
-0.06165
-0.07984
-0.09668
-0.11187
-0.12512
-0.13597
-0.14448
-0.15024
-0.15319
-0.15341
-0.15069
-0.14533
-0.13732
-0.12682
-0.11423
-0.09960
-0.08338
-0.06584
-0.04730
-0.02820
-0.00881
0.01042
0.02921
0.04716
0.06397
0.07937
0.09298
0.10474
0.11426
0.12145
0.12621
0.12835
0.12799
0.12498
0.11945
0.11161
0.10145
0.08940
0.07559
0.06039
0.04431
0.02755
0.01074
-0.00575
-0.02147
-0.03588
-0.04865
-0.05934
-0.06763
-0.07325
-0.07606
-0.07590
-0.07282
-0.06700
-0.05851
-0.04781
-0.03530
-0.02135
-0.00669
0.00821
0.02277
0.03622
0.04821
0.05817
0.06561
0.07042
0.07231
0.07125
0.06744
0.06098
0.05229
0.04186
0.03015
0.01774
0.00535
-0.00652
-0.01731
-0.02631
-0.03334
-0.03795
-0.03983
-0.03921
-0.03578
-0.02994
-0.02213
-0.01241
-0.00164
0.00966
0.02104
0.03154
0.04075
0.04803
0.05268
0.05441
0.05286
0.04767
0.03892
0.02669
0.01098
-0.00761
-0.02865
-0.05170
-0.07575
-0.10032
-0.12450
-0.14725
-0.16817
-0.18618
-0.20063
-0.21116
-0.21697
-0.21805
-0.21409
-0.20497
-0.19100
-0.17230
-0.14934
-0.12262
-0.09274
-0.06043
-0.02641
0.00848
0.04350
0.07776
0.11055
0.14114
0.16876
0.19299
0.21317
0.22899
0.24014
0.24635
0.24781
0.24427
0.23611
0.22355
0.20688
0.18684
0.16368
0.13820
0.11118
0.08307
0.05491
0.02725
0.00080
-0.02361
-0.04554
-0.06443
-0.07978
-0.09138
-0.09907
-0.10267
-0.10240
-0.09851
-0.09115
-0.08104
-0.06854
-0.05425
-0.03913
-0.02351
-0.00827
0.00577
0.01836
0.02863
0.03630
0.04119
0.04281
0.04142
0.03707
0.02987
0.02038
0.00900
-0.00376
-0.01717
-0.03060
-0.04349
-0.05509
-0.06490
-0.07252
-0.07740
-0.07945
-0.07856
-0.07458
-0.06789
-0.05866
-0.04727
-0.03433
-0.02029
-0.00581
0.00844
0.02194
0.03407
0.04429
0.05227
0.05767
0.06030
0.06016
0.05729
0.05189
0.04430
0.03487
0.02405
0.01238
0.00033
-0.01162
-0.02292
-0.03326
-0.04225
-0.04956
-0.05514
-0.05878
-0.06050
-0.06041
-0.05856
-0.05518
-0.05048
-0.04469
-0.03805
-0.03083
-0.02325
-0.01552
-0.00788
-0.00041
0.00666
0.01327
0.01935
0.02473
0.02947
0.03343
0.03663
0.03901
0.04052
0.04123
0.04102
0.03995
0.03801
0.03516
0.03156
0.02711
0.02195
0.01614
0.00973
0.00288
-0.00436
-0.01180
-0.01934
-0.02682
-0.03407
-0.04098
-0.04731
-0.05302
-0.05791
-0.06180
-0.06473
-0.06646
-0.06701
-0.06635
-0.06436
-0.06124
-0.05688
-0.05138
-0.04490
-0.03744
-0.02923
-0.02038
-0.01099
-0.00134
0.00849
0.01830
0.02790
0.03716
0.04590
0.05396
0.06125
0.06764
0.07302
0.07738
0.08060
0.08268
0.08368
0.08352
0.08234
0.08017
0.07708
0.07327
0.06876
0.06374
0.05839
0.05279
0.04714
0.04156
0.03616
0.03108
0.02639
0.02216
0.01842
0.01523
0.01253
0.01036
0.00868
0.00738
0.00650
0.00591
0.00559
0.00551
0.00552
0.00571
0.00595
0.00624
0.00660
0.00692
0.00733
0.00770
0.00810
0.00857
0.00895
0.00946
0.00990
0.01027
0.01065
0.01072
0.01072
0.01037
0.00948
0.00820
0.00615
0.00333
-0.00034
-0.00515
-0.01094
-0.01793
-0.02616
-0.03553
-0.04605
-0.05764
-0.07013
-0.08333
-0.09712
-0.11109
-0.12503
-0.13867
-0.15145
-0.16338
-0.17386
-0.18253
-0.18935
-0.19371
-0.19560
-0.19483
-0.19100
-0.18446
-0.17487
-0.16230
-0.14707
-0.12909
-0.10878
-0.08638
-0.06213
-0.03656
-0.01001
0.01714
0.04431
0.07108
0.09711
0.12176
0.14475
0.16570
0.18410
0.19992
0.21270
0.22226
0.22876
0.23174
0.23151
0.22805
0.22133
0.21192
0.19969
0.18509
0.16855
0.15020
0.13066
0.11020
0.08923
0.06824
0.04752
0.02749
0.00845
-0.00925
-0.02546
-0.03984
-0.05225
-0.06272
-0.07092
-0.07707
-0.08104
-0.08282
-0.08283
-0.08081
-0.07713
-0.07202
-0.06546
-0.05798
-0.04954
-0.04045
-0.03113
-0.02151
-0.01205
-0.00282
0.00596
0.01404
0.02141
0.02778
0.03320
0.03748
0.04057
0.04251
0.04312
0.04262
0.04087
0.03788
0.03391
0.02876
0.02268
0.01572
0.00784
-0.00062
-0.00977
-0.01943
-0.02944
-0.03973
-0.05013
-0.06052
-0.07072
-0.08063
-0.09004
-0.09880
-0.10683
-0.11382
-0.11982
-0.12457
-0.12790
-0.12991
-0.13027
-0.12906
-0.12624
-0.12160
-0.11546
-0.10761
-0.09815
-0.08730
-0.07502
-0.06156
-0.04710
-0.03175
-0.01583
0.00046
0.01694
0.03328
0.04923
0.06466
0.07919
0.09266
0.10494
0.11566
0.12486
0.13230
0.13778
0.14155
0.14323
0.14298
0.14090
0.13685
0.13119
0.12387
0.11501
0.10501
0.09380
0.08171
0.06894
0.05560
0.04201
0.02830
0.01463
0.00121
-0.01177
-0.02425
-0.03603
-0.04693
-0.05707
-0.06609
-0.07405
-0.08095
-0.08650
-0.09097
-0.09410
-0.09581
-0.09643
-0.09554
-0.09335
-0.08991
-0.08497
-0.07892
-0.07153
-0.06286
-0.05316
-0.04228
-0.03044
-0.01774
-0.00426
0.00982
0.02433
0.03911
0.05398
0.06863
0.08299
0.09670
0.10946
0.12129
0.13164
0.14043
0.14752
0.15243
0.15541
0.15604
0.15419
0.15014
0.14351
0.13457
0.12342
0.10993
0.09473
0.07770
0.05913
0.03951
0.01890
-0.00221
-0.02348
-0.04473
-0.06544
-0.08539
-0.10437
-0.12198
-0.13808
-0.15259
-0.16517
-0.17589
-0.18474
-0.19150
-0.19649
-0.19959
-0.20078
-0.20066
-0.19883
-0.19562
-0.19138
-0.18580
-0.17946
-0.17225
-0.16402
-0.15541
-0.14591
-0.13563
-0.12480
-0.11293
-0.10027
-0.08667
-0.07179
-0.05583
-0.03860
-0.01987
0.00010
0.02137
0.04411
0.06776
0.09235
0.11765
0.14295
0.16829
0.19286
0.21600
0.23768
0.25669
0.27274
0.28531
0.29353
0.29744
0.29630
0.28993
0.27839
0.26148
0.23956
0.21285
0.18192
0.14733
0.10986
0.07045
0.02984
-0.01074
-0.05047
-0.08832
-0.12312
-0.15440
-0.18097
-0.20235
-0.21806
-0.22747
-0.23081
-0.22765
-0.21830
-0.20313
-0.18236
-0.15694
-0.12722
-0.09423
-0.05893
-0.02198
0.01525
0.05218
0.08762
0.12064
0.15068
0.17655
0.19810
0.21448
0.22531
0.23057
0.22975
0.22333
0.21113
0.19343
0.17092
0.14371
0.11274
0.07846
0.04160
0.00320
-0.03630
-0.07580
-0.11465
-0.15201
-0.18709
-0.21928
-0.24776
-0.27226
-0.29204
-0.30683
-0.31647
-0.32049
-0.31935
-0.31270
-0.30083
-0.28431
-0.26309
-0.23808
-0.20962
-0.17820
-0.14498
-0.11014
-0.07459
-0.03909
-0.00412
0.02952
0.06133
0.09087
0.11763
0.14124
0.16160
0.17835
0.19142
0.20109
0.20700
0.20961
0.20914
0.20554
0.19964
0.19137
0.18113
0.16982
0.15717
0.14398
0.13060
0.11707
0.10412
0.09169
0.07996
0.06933
0.05958
0.05078
0.04301
0.03600
0.02963
0.02384
0.01824
0.01270
0.00714
0.00107
-0.00538
-0.01234
-0.02022
-0.02854
-0.03753
-0.04706
-0.05671
-0.06659
-0.07614
-0.08504
-0.09320
-0.09998
-0.10522
-0.10860
-0.10979
-0.10876
-0.10526
-0.09935
-0.09106
-0.08055
-0.06808
-0.05389
-0.03850
-0.02215
-0.00544
0.01113
0.02721
0.04216
0.05565
0.06727
0.07656
0.08342
0.08750
0.08874
0.08710
0.08256
0.07536
0.06557
0.05358
0.03964
0.02415
0.00764
-0.00961
-0.02696
-0.04401
-0.06032
-0.07531
-0.08874
-0.10011
-0.10915
-0.11566
-0.11931
-0.12019
-0.11811
-0.11315
-0.10547
-0.09517
-0.08261
-0.06798
-0.05169
-0.03413
-0.01565
0.00323
0.02218
0.04070
0.05844
0.07501
0.08999
0.10322
0.11427
0.12307
0.12942
0.13312
0.13434
0.13287
0.12890
0.12254
0.11382
0.10319
0.09065
0.07656
0.06125
0.04491
0.02799
0.01070
-0.00658
-0.02357
-0.03996
-0.05542
-0.06978
-0.08265
-0.09396
-0.10343
-0.11082
-0.11625
-0.11934
-0.12022
-0.11886
-0.11512
-0.10939
-0.10148
-0.09164
-0.08015
-0.06704
-0.05272
-0.03737
-0.02126
-0.00479
0.01184
0.02823
0.04416
0.05924
0.07327
0.08596
0.09701
0.10643
0.11382
0.11921
0.12252
0.12354
0.12258
0.11943
0.11421
0.10722
0.09834
0.08798
0.07623
0.06325
0.04950
0.03499
0.02006
0.00499
-0.01005
-0.02479
-0.03901
-0.05250
-0.06515
-0.07668
-0.08704
-0.09609
-0.10360
-0.10975
-0.11424
-0.11707
-0.11839
-0.11793
-0.11595
-0.11237
-0.10714
-0.10065
-0.09266
-0.08342
-0.07307
-0.06164
-0.04938
-0.03638
-0.02283
-0.00890
0.00520
0.01930
0.03322
0.04662
0.05951
0.07149
0.08235
0.09209
0.10023
0.10683
0.11166
0.11441
0.11539
0.11414
0.11077
0.10535
0.09774
0.08823
0.07677
0.06357
0.04886
0.03280
0.01573
-0.00215
-0.02038
-0.03878
-0.05691
-0.07430
-0.09084
-0.10588
-0.11924
-0.13062
-0.13944
-0.14592
-0.14944
-0.14992
-0.14743
-0.14163
-0.13285
-0.12098
-0.10617
-0.08883
-0.06903
-0.04727
-0.02389
0.00067
0.02588
0.05131
0.07634
0.10061
0.12344
0.14446
0.16323
0.17917
0.19227
0.20192
0.20800
0.21049
0.20904
0.20401
0.19526
0.18294
0.16759
0.14919
0.12836
0.10550
0.08097
0.05555
0.02955
0.00358
-0.02177
-0.04608
-0.06887
-0.08969
-0.10822
-0.12426
-0.13746
-0.14784
-0.15531
-0.15981
-0.16170
-0.16086
-0.15762
-0.15241
-0.14517
-0.13653
-0.12663
-0.11568
-0.10429
-0.09237
-0.08031
-0.06838
-0.05658
-0.04523
-0.03435
-0.02403
-0.01438
-0.00544
0.00281
0.01030
0.01699
0.02305
0.02828
0.03278
0.03669
0.03976
0.04227
0.04410
0.04517
0.04581
0.04570
0.04499
0.04376
0.04185
0.03947
0.03649
0.03297
0.02900
0.02451
0.01962
0.01428
0.00864
0.00268
-0.00352
-0.00975
-0.01617
-0.02241
-0.02842
-0.03419
-0.03925
-0.04379
-0.04742
-0.04988
-0.05129
-0.05115
-0.04949
-0.04618
-0.04093
-0.03392
-0.02494
-0.01402
-0.00124
0.01326
0.02938
0.04688
0.06535
0.08472
0.10435
0.12386
0.14298
0.16080
0.17729
0.19168
0.20332
0.21221
0.21746
0.21895
0.21647
0.20946
0.19832
0.18269
0.16271
0.13879
0.11105
0.08005
0.04629
0.01037
-0.02703
-0.06511
-0.10312
-0.14031
-0.17572
-0.20885
-0.23876
-0.26480
-0.28663
-0.30344
-0.31521
-0.32153
-0.32216
-0.31763
-0.30754
-0.29247
-0.27285
-0.24890
-0.22165
-0.19140
-0.15892
-0.12524
-0.09075
-0.05642
-0.02296
0.00914
0.03904
0.06635
0.09073
0.11170
0.12912
0.14305
0.15323
0.15994
0.16356
0.16399
0.16204
0.15791
0.15193
0.14511
0.13737
0.12935
0.12182
0.11455
0.10827
0.10307
0.09876
0.09588
0.09389
0.09262
0.09209
0.09162
0.09095
0.08977
0.08747
0.08375
0.07836
0.07085
0.06112
0.04922
0.03484
0.01842
0.00021
-0.01981
-0.04069
-0.06223
-0.08385
-0.10456
-0.12430
-0.14199
-0.15701
-0.16917
-0.17755
-0.18199
-0.18215
-0.17767
-0.16876
-0.15524
-0.13736
-0.11541
-0.08982
-0.06111
-0.02981
0.00314
0.03733
0.07167
0.10535
0.13778
0.16770
0.19478
0.21806
0.23670
0.25061
0.25886
0.26139
0.25797
0.24830
0.23290
0.21157
0.18489
0.15333
0.11742
0.07811
0.03600
-0.00778
-0.05234
-0.09665
-0.13955
-0.18020
-0.21739
-0.25041
-0.27831
-0.30035
-0.31618
-0.32515
-0.32732
-0.32249
-0.31080
-0.29296
-0.26905
-0.24013
-0.20690
-0.17019
-0.13142
-0.09126
-0.05101
-0.01182
0.02555
0.05994
0.09066
0.11709
0.13865
0.15503
0.16618
0.17206
0.17281
0.16904
0.16094
0.14925
0.13491
0.11819
0.10031
0.08184
0.06336
0.04603
0.02992
0.01571
0.00394
-0.00555
-0.01235
-0.01662
-0.01860
-0.01837
-0.01639
-0.01308
-0.00881
-0.00402
0.00073
0.00521
0.00904
0.01176
0.01351
0.01394
0.01308
0.01116
0.00798
0.00401
-0.00055
-0.00567
-0.01076
-0.01572
-0.02031
-0.02410
-0.02711
-0.02904
-0.02972
-0.02923
-0.02739
-0.02425
-0.01992
-0.01438
-0.00784
-0.00039
0.00784
0.01665
0.02588
0.03539
0.04500
0.05451
0.06386
0.07279
0.08118
0.08897
0.09584
0.10189
0.10686
0.11056
0.11313
0.11422
0.11389
0.11210
0.10860
0.10367
0.09707
0.08884
0.07914
0.06788
0.05525
0.04137
0.02633
0.01035
-0.00635
-0.02359
-0.04108
-0.05849
-0.07569
-0.09223
-0.10783
-0.12232
-0.13519
-0.14637
-0.15552
-0.16232
-0.16687
-0.16874
-0.16796
-0.16453
-0.15834
-0.14964
-0.13841
-0.12492
-0.10943
-0.09217
-0.07358
-0.05392
-0.03374
-0.01333
0.00680
0.02614
0.04446
0.06112
0.07591
0.08843
0.09828
0.10548
0.10958
0.11060
0.10849
0.10318
0.09498
0.08384
0.07017
0.05426
0.03641
0.01726
-0.00296
-0.02353
-0.04398
-0.06384
-0.08235
-0.09929
-0.11395
-0.12595
-0.13503
-0.14066
-0.14292
-0.14147
-0.13632
-0.12761
-0.11536
-0.09999
-0.08168
-0.06091
-0.03817
-0.01390
0.01122
0.03675
0.06197
0.08639
0.10945
0.13052
0.14933
0.16527
0.17812
0.18760
0.19336
0.19564
0.19408
0.18887
0.18023
0.16814
0.15317
0.13542
0.11533
0.09342
0.06996
0.04557
0.02061
-0.00438
-0.02897
-0.05273
-0.07514
-0.09599
-0.11472
-0.13118
-0.14505
-0.15592
-0.16407
-0.16894
-0.17065
-0.16928
-0.16459
-0.15709
-0.14658
-0.13332
-0.11778
-0.09989
-0.08022
-0.05901
-0.03657
-0.01346
0.01010
0.03357
0.05662
0.07877
0.09967
0.11894
0.13609
0.15110
0.16338
0.17283
0.17934
0.18253
0.18269
0.17954
0.17313
0.16385
0.15152
0.13663
0.11937
0.09999
0.07911
0.05688
0.03386
0.01051
-0.01278
-0.03551
-0.05728
-0.07763
-0.09630
-0.11283
-0.12701
-0.13865
-0.14743
-0.15350
-0.15659
-0.15677
-0.15430
-0.14901
-0.14138
-0.13147
-0.11951
-0.10607
-0.09116
-0.07533
-0.05889
-0.04211
-0.02548
-0.00920
0.00634
0.02089
0.03419
0.04600
0.05622
0.06457
0.07114
0.07573
0.07832
0.07914
0.07796
0.07513
0.07067
0.06463
0.05749
0.04910
0.03981
0.02985
0.01926
0.00840
-0.00271
-0.01383
-0.02483
-0.03560
-0.04593
-0.05585
-0.06504
-0.07357
-0.08127
-0.08784
-0.09354
-0.09787
-0.10088
-0.10251
-0.10235
-0.10068
-0.09711
-0.09152
-0.08406
-0.07444
-0.06277
-0.04906
-0.03336
-0.01579
0.00344
0.02407
0.04594
0.06842
0.09138
0.11425
0.13630
0.15749
0.17680
0.19386
0.20828
0.21913
0.22647
0.22954
0.22798
0.22183
0.21066
0.19463
0.17377
0.14833
0.11868
0.08530
0.04891
0.01004
-0.03020
-0.07113
-0.11174
-0.15076
-0.18769
-0.22109
-0.25021
-0.27434
-0.29235
-0.30421
-0.30904
-0.30664
-0.29716
-0.28037
-0.25691
-0.22702
-0.19145
-0.15119
-0.10695
-0.06012
-0.01162
0.03718
0.08501
0.13082
0.17320
0.21138
0.24422
0.27100
0.29122
0.30421
0.31022
0.30882
0.30037
0.28541
0.26411
0.23765
0.20647
0.17149
0.13409
0.09469
0.05470
0.01490
-0.02389
-0.06056
-0.09469
-0.12550
-0.15252
-0.17540
-0.19390
-0.20789
-0.21724
-0.22240
-0.22315
-0.22000
-0.21338
-0.20333
-0.19079
-0.17582
-0.15886
-0.14088
-0.12164
-0.10197
-0.08217
-0.06232
-0.04310
-0.02444
-0.00657
0.01022
0.02597
0.04058
0.05393
0.06602
0.07699
0.08657
0.09497
0.10221
0.10806
0.11290
0.11645
0.11867
0.11999
0.11986
0.11860
0.11621
0.11242
0.10764
0.10160
0.09434
0.08613
0.07676
0.06647
0.05533
0.04338
0.03083
0.01779
0.00441
-0.00917
-0.02267
-0.03604
-0.04901
-0.06128
-0.07295
-0.08349
-0.09286
-0.10095
-0.10734
-0.11221
-0.11518
-0.11614
-0.11527
-0.11222
-0.10718
-0.10015
-0.09107
-0.08029
-0.06776
-0.05374
-0.03848
-0.02218
-0.00519
0.01225
0.02972
0.04700
0.06365
0.07934
0.09385
0.10669
0.11780
0.12681
0.13346
0.13784
0.13955
0.13874
0.13537
0.12934
0.12105
0.11038
0.09762
0.08307
0.06688
0.04949
0.03115
0.01223
-0.00686
-0.02580
-0.04419
-0.06171
-0.07798
-0.09277
-0.10575
-0.11667
-0.12549
-0.13189
-0.13596
-0.13760
-0.13672
-0.13372
-0.12838
-0.12102
-0.11190
-0.10105
-0.08896
-0.07574
-0.06168
-0.04719
-0.03237
-0.01760
-0.00309
0.01095
0.02429
0.03676
0.04817
0.05850
0.06749
0.07519
0.08149
0.08625
0.08973
0.09163
0.09207
0.09119
0.08880
0.08520
0.08030
0.07414
0.06702
0.05879
0.04970
0.03984
0.02928
0.01825
0.00682
-0.00479
-0.01646
-0.02795
-0.03911
-0.04977
-0.05959
-0.06863
-0.07648
-0.08300
-0.08818
-0.09166
-0.09354
-0.09362
-0.09179
-0.08826
-0.08282
-0.07564
-0.06683
-0.05643
-0.04476
-0.03190
-0.01814
-0.00374
0.01103
0.02586
0.04050
0.05456
0.06788
0.08010
0.09094
0.10031
0.10784
0.11353
0.11719
0.11865
0.11811
0.11534
0.11050
0.10369
0.09492
0.08452
0.07255
0.05928
0.04499
0.02988
0.01432
-0.00148
-0.01713
-0.03244
-0.04706
-0.06067
-0.07314
-0.08405
-0.09335
-0.10076
-0.10606
-0.10934
-0.11028
-0.10897
-0.10539
-0.09950
-0.09158
-0.08158
-0.06980
-0.05648
-0.04181
-0.02624
-0.00998
0.00649
0.02282
0.03864
0.05349
0.06706
0.07895
0.08887
0.09652
0.10168
0.10426
0.10409
0.10127
0.09580
0.08785
0.07778
0.06572
0.05218
0.03760
0.02232
0.00700
-0.00797
-0.02215
-0.03490
-0.04601
-0.05510
-0.06184
-0.06620
-0.06804
-0.06740
-0.06455
-0.05961
-0.05297
-0.04513
-0.03642
-0.02740
-0.01869
-0.01060
-0.00368
0.00161
0.00515
0.00653
0.00573
0.00286
-0.00221
-0.00904
-0.01732
-0.02681
-0.03686
-0.04703
-0.05686
-0.06568
-0.07312
-0.07872
-0.08201
-0.08284
-0.08099
-0.07630
-0.06894
-0.05902
-0.04673
-0.03256
-0.01684
-0.00007
0.01711
0.03431
0.05088
0.06624
0.08005
0.09176
0.10105
0.10770
0.11142
0.11225
0.11011
0.10512
0.09747
0.08740
0.07529
0.06141
0.04629
0.03029
0.01388
-0.00243
-0.01834
-0.03329
-0.04702
-0.05920
-0.06946
-0.07774
-0.08375
-0.08748
-0.08888
-0.08787
-0.08475
-0.07940
-0.07211
-0.06310
-0.05244
-0.04063
-0.02774
-0.01408
-0.00004
0.01427
0.02845
0.04233
0.05567
0.06823
0.07987
0.09037
0.09970
0.10763
0.11419
0.11927
0.12272
0.12484
0.12529
0.12424
0.12183
0.11781
0.11260
0.10605
0.09815
0.08931
0.07926
0.06825
0.05641
0.04362
0.03021
0.01615
0.00147
-0.01358
-0.02897
-0.04464
-0.06033
-0.07592
-0.09140
-0.10637
-0.12079
-0.13448
-0.14701
-0.15853
-0.16854
-0.17681
-0.18345
-0.18785
-0.19009
-0.19002
-0.18725
-0.18215
-0.17431
-0.16380
-0.15087
-0.13539
-0.11771
-0.09801
-0.07650
-0.05359
-0.02962
-0.00495
0.01997
0.04465
0.06880
0.09182
0.11330
0.13303
0.15032
0.16513
0.17707
0.18574
0.19145
0.19363
0.19246
0.18811
0.18039
0.16983
0.15644
0.14050
0.12261
0.10282
0.08173
0.05972
0.03716
0.01459
-0.00769
-0.02920
-0.04965
-0.06860
-0.08585
-0.10113
-0.11406
-0.12486
-0.13304
-0.13867
-0.14187
-0.14235
-0.14054
-0.13630
-0.12967
-0.12123
-0.11067
-0.09846
-0.08479
-0.06970
-0.05369
-0.03678
-0.01926
-0.00140
0.01661
0.03452
0.05216
0.06914
0.08556
0.10094
0.11508
0.12808
0.13927
0.14889
0.15660
0.16190
0.16534
0.16608
0.16421
0.15980
0.15231
0.14214
0.12898
0.11279
0.09382
0.07203
0.04761
0.02076
-0.00806
-0.03883
-0.07083
-0.10347
-0.13667
-0.16912
-0.20067
-0.23048
-0.25725
-0.28124
-0.30080
-0.31541
-0.32479
-0.32762
-0.32414
-0.31355
-0.29551
-0.27039
-0.23787
-0.19847
-0.15257
-0.10096
-0.04439
0.01603
0.07893
0.14335
0.20734
0.26975
0.32902
0.38309
0.43145
0.47192
0.50355
0.52568
0.53683
0.53739
0.52655
0.50436
0.47178
0.42877
0.37679
0.31680
0.25002
0.17851
0.10337
0.02665
-0.05001
-0.12494
-0.19642
-0.26308
-0.32339
-0.37655
-0.42126
-0.45705
-0.48349
-0.50000
-0.50733
-0.50497
-0.49363
-0.47431
-0.44698
-0.41340
-0.37402
-0.32978
-0.28264
-0.23269
-0.18162
-0.13042
-0.07980
-0.03110
0.01519
0.05823
0.09745
0.13232
0.16258
0.18794
0.20808
0.22351
0.23368
0.23901
0.24001
0.23629
0.22896
0.21785
0.20331
0.18649
0.16687
0.14549
0.12260
0.09842
0.07380
0.04868
0.02374
-0.00075
-0.02445
-0.04684
-0.06785
-0.08676
-0.10366
-0.11798
-0.12930
-0.13785
-0.14282
-0.14441
-0.14238
-0.13633
-0.12689
-0.11347
-0.09644
-0.07605
-0.05234
-0.02597
0.00290
0.03359
0.06558
0.09826
0.13081
0.16273
0.19300
0.22115
0.24638
0.26784
0.28537
0.29802
0.30562
0.30793
0.30441
0.29566
0.28125
0.26154
0.23713
0.20811
0.17542
0.13955
0.10114
0.06126
0.02044
-0.02041
-0.06048
-0.09906
-0.13548
-0.16905
-0.19928
-0.22579
-0.24804
-0.26606
-0.27949
-0.28823
-0.29278
-0.29271
-0.28857
-0.28066
-0.26901
-0.25453
-0.23721
-0.21756
-0.19645
-0.17381
-0.15046
-0.12677
-0.10302
-0.07986
-0.05745
-0.03610
-0.01615
0.00222
0.01897
0.03383
0.04679
0.05810
0.06738
0.07501
0.08106
0.08536
0.08856
0.09035
0.09091
0.09080
0.08953
0.08758
0.08495
0.08142
0.07747
0.07268
0.06714
0.06092
0.05376
0.04577
0.03678
0.02687
0.01589
0.00398
-0.00872
-0.02237
-0.03640
-0.05090
-0.06551
-0.07954
-0.09329
-0.10571
-0.11650
-0.12545
-0.13159
-0.13498
-0.13492
-0.13094
-0.12310
-0.11091
-0.09441
-0.07364
-0.04878
-0.02011
0.01188
0.04650
0.08329
0.12109
0.15920
0.19665
0.23208
0.26502
0.29402
0.31821
0.33703
0.34931
0.35499
0.35342
0.34434
0.32814
0.30472
0.27474
0.23879
0.19760
0.15236
0.10390
0.05352
0.00233
-0.04842
-0.09759
-0.14411
-0.18686
-0.22520
-0.25813
-0.28520
-0.30603
-0.32012
-0.32786
-0.32885
-0.32351
-0.31240
-0.29557
-0.27413
-0.24837
-0.21901
-0.18732
-0.15343
-0.11857
-0.08336
-0.04844
-0.01474
0.01737
0.04718
0.07429
0.09825
0.11877
0.13565
0.14856
0.15779
0.16297
0.16431
0.16214
0.15625
0.14737
0.13545
0.12080
0.10427
0.08562
0.06569
0.04477
0.02315
0.00158
-0.01985
-0.04054
-0.06014
-0.07835
-0.09472
-0.10908
-0.12103
-0.13052
-0.13726
-0.14113
-0.14223
-0.14034
-0.13572
-0.12834
-0.11834
-0.10618
-0.09182
-0.07577
-0.05832
-0.03979
-0.02075
-0.00144
0.01758
0.03591
0.05318
0.06893
0.08283
0.09457
0.10388
0.11053
0.11446
0.11551
0.11372
0.10929
0.10218
0.09283
0.08147
0.06840
0.05428
0.03933
0.02420
0.00949
-0.00447
-0.01699
-0.02761
-0.03600
-0.04167
-0.04434
-0.04395
-0.04022
-0.03325
-0.02335
-0.01043
0.00485
0.02203
0.04079
0.06006
0.07949
0.09822
0.11521
0.13006
0.14182
0.14975
0.15346
0.15234
0.14600
0.13446
0.11758
0.09548
0.06883
0.03784
0.00341
-0.03332
-0.07180
-0.11044
-0.14811
-0.18376
-0.21572
-0.24324
-0.26498
-0.27992
-0.28752
-0.28709
-0.27841
-0.26146
-0.23657
-0.20423
-0.16529
-0.12096
-0.07223
-0.02086
0.03176
0.08411
0.13423
0.18101
0.22273
0.25812
0.28634
0.30626
0.31767
0.32007
0.31351
0.29837
0.27505
0.24457
0.20762
0.16553
0.11960
0.07091
0.02121
-0.02852
-0.07678
-0.12225
-0.16412
-0.20105
-0.23251
-0.25772
-0.27619
-0.28773
-0.29205
-0.28957
-0.28016
-0.26447
-0.24302
-0.21631
-0.18554
-0.15113
-0.11427
-0.07605
-0.03710
0.00121
0.03826
0.07311
0.10484
0.13303
0.15694
0.17628
0.19069
0.20010
0.20443
0.20375
0.19857
0.18884
0.17529
0.15833
0.13836
0.11640
0.09264
0.06793
0.04303
0.01822
-0.00559
-0.02810
-0.04879
-0.06717
-0.08305
-0.09606
-0.10612
-0.11304
-0.11689
-0.11765
-0.11538
-0.11052
-0.10295
-0.09320
-0.08152
-0.06812
-0.05367
-0.03824
-0.02232
-0.00639
0.00942
0.02458
0.03894
0.05218
0.06405
0.07443
0.08310
0.09007
0.09515
0.09842
0.09988
0.09943
0.09748
0.09380
0.08865
0.08227
0.07456
0.06598
0.05649
0.04623
0.03557
0.02442
0.01301
0.00148
-0.01013
-0.02164
-0.03300
-0.04410
-0.05491
-0.06522
-0.07507
-0.08431
-0.09271
-0.10049
-0.10720
-0.11284
-0.11740
-0.12050
-0.12231
-0.12255
-0.12103
-0.11800
-0.11307
-0.10636
-0.09793
-0.08766
-0.07584
-0.06248
-0.04772
-0.03187
-0.01510
0.00233
0.02009
0.03785
0.05544
0.07237
0.08840
0.10332
0.11665
0.12839
0.13817
0.14572
0.15122
0.15421
0.15482
0.15307
0.14874
0.14228
0.13348
0.12254
0.10982
0.09527
0.07928
0.06206
0.04380
0.02491
0.00557
-0.01390
-0.03322
-0.05203
-0.07017
-0.08726
-0.10299
-0.11734
-0.12979
-0.14031
-0.14875
-0.15471
-0.15849
-0.15966
-0.15824
-0.15447
-0.14803
-0.13930
-0.12829
-0.11503
-0.10007
-0.08332
-0.06519
-0.04602
-0.02603
-0.00565
0.01481
0.03498
0.05458
0.07318
0.09055
0.10642
0.12038
0.13251
0.14237
0.14986
0.15510
0.15770
0.15795
0.15572
0.15096
0.14416
0.13502
0.12390
0.11102
0.09641
0.08052
0.06341
0.04542
0.02682
0.00787
-0.01112
-0.02992
-0.04809
-0.06552
-0.08176
-0.09650
-0.10965
-0.12067
-0.12954
-0.13596
-0.13962
-0.14073
-0.13886
-0.13416
-0.12668
-0.11640
-0.10370
-0.08860
-0.07154
-0.05284
-0.03286
-0.01218
0.00890
0.02968
0.04980
0.06872
0.08582
0.10090
0.11331
0.12284
0.12921
0.13207
0.13160
0.12749
0.11992
0.10907
0.09506
0.07838
0.05922
0.03815
0.01563
-0.00786
-0.03163
-0.05533
-0.07816
-0.09974
-0.11954
-0.13691
-0.15171
-0.16332
-0.17156
-0.17629
-0.17711
-0.17438
-0.16780
-0.15757
-0.14400
-0.12715
-0.10758
-0.08551
-0.06143
-0.03588
-0.00926
0.01779
0.04487
0.07131
0.09671
0.12055
0.14225
0.16164
0.17808
0.19144
0.20143
0.20764
0.21042
0.20924
0.20431
0.19581
0.18361
0.16830
0.14990
0.12877
0.10555
0.08040
0.05402
0.02684
-0.00061
-0.02772
-0.05402
-0.07895
-0.10211
-0.12296
-0.14127
-0.15665
-0.16879
-0.17788
-0.18346
-0.18576
-0.18492
-0.18082
-0.17411
-0.16471
-0.15294
-0.13950
-0.12425
-0.10787
-0.09063
-0.07267
-0.05463
-0.03650
-0.01857
-0.00117
0.01566
0.03174
0.04691
0.06108
0.07428
0.08625
0.09709
0.10673
0.11495
0.12204
0.12765
0.13180
0.13473
0.13601
0.13591
0.13436
0.13117
0.12674
0.12075
0.11334
0.10474
0.09479
0.08377
0.07177
0.05884
0.04530
0.03122
0.01680
0.00229
-0.01213
-0.02630
-0.03990
-0.05281
-0.06487
-0.07576
-0.08549
-0.09382
-0.10058
-0.10591
-0.10949
-0.11142
-0.11177
-0.11039
-0.10760
-0.10334
-0.09771
-0.09114
-0.08351
-0.07515
-0.06633
-0.05707
-0.04777
-0.03852
-0.02942
-0.02079
-0.01260
-0.00495
0.00201
0.00835
0.01409
0.01918
0.02378
0.02796
0.03174
0.03538
0.03885
0.04224
0.04585
0.04944
0.05320
0.05716
0.06106
0.06507
0.06888
0.07232
0.07536
0.07760
0.07892
0.07910
0.07788
0.07516
0.07078
0.06467
0.05682
0.04732
0.03629
0.02395
0.01064
-0.00337
-0.01760
-0.03162
-0.04498
-0.05720
-0.06787
-0.07654
-0.08296
-0.08676
-0.08785
-0.08620
-0.08170
-0.07472
-0.06534
-0.05394
-0.04113
-0.02716
-0.01278
0.00139
0.01493
0.02704
0.03726
0.04513
0.05010
0.05190
0.05039
0.04532
0.03679
0.02510
0.01021
-0.00720
-0.02661
-0.04767
-0.06931
-0.09111
-0.11222
-0.13159
-0.14885
-0.16301
-0.17338
-0.17958
-0.18095
-0.17721
-0.16823
-0.15390
-0.13430
-0.10992
-0.08102
-0.04826
-0.01268
0.02525
0.06419
0.10301
0.14086
0.17619
0.20814
0.23555
0.25730
0.27269
0.28097
0.28163
0.27435
0.25932
0.23646
0.20641
0.17013
0.12807
0.08197
0.03298
-0.01758
-0.06749
-0.11578
-0.16039
-0.19961
-0.23242
-0.25708
-0.27284
-0.27883
-0.27450
-0.25983
-0.23494
-0.20049
-0.15714
-0.10635
-0.04941
0.01210
0.07592
0.14065
0.20387
0.26364
0.31842
0.36591
0.40520
0.43475
0.45353
0.46137
0.45754
0.44270
0.41702
0.38125
0.33688
0.28470
0.22671
0.16428
0.09891
0.03293
-0.03273
-0.09621
-0.15612
-0.21155
-0.26123
-0.30461
-0.34122
-0.37072
-0.39302
-0.40849
-0.41724
-0.41967
-0.41690
-0.40886
-0.39668
-0.38121
-0.36253
-0.34212
-0.32002
-0.29663
-0.27331
-0.24942
-0.22568
-0.20249
-0.17944
-0.15713
-0.13537
-0.11386
-0.09301
-0.07246
-0.05196
-0.03187
-0.01179
0.00841
0.02830
0.04839
0.06834
0.08793
0.10759
0.12656
0.14491
0.16283
0.17943
0.19509
0.20940
0.22194
0.23310
0.24220
0.24923
0.25443
0.25723
0.25794
0.25652
0.25273
0.24712
0.23940
0.22970
0.21843
0.20541
0.19095
0.17524
0.15823
0.14027
0.12142
0.10168
0.08135
0.06052
0.03912
0.01757
-0.00410
-0.02592
-0.04731
-0.06840
-0.08882
-0.10805
-0.12640
-0.14296
-0.15755
-0.17012
-0.17982
-0.18681
-0.19053
-0.19064
-0.18738
-0.18017
-0.16925
-0.15461
-0.13638
-0.11497
-0.09058
-0.06390
-0.03531
-0.00557
0.02455
0.05450
0.08317
0.11014
0.13445
0.15529
0.17238
0.18480
0.19241
0.19485
0.19178
0.18364
0.17017
0.15187
0.12918
0.10251
0.07281
0.04053
0.00665
-0.02799
-0.06264
-0.09629
-0.12834
-0.15785
-0.18428
-0.20704
-0.22552
-0.23960
-0.24879
-0.25317
-0.25266
-0.24723
-0.23754
-0.22345
-0.20562
-0.18459
-0.16062
-0.13471
-0.10715
-0.07858
-0.04985
-0.02121
0.00660
0.03315
0.05807
0.08093
0.10146
0.11950
0.13491
0.14749
0.15749
0.16472
0.16928
0.17170
0.17162
0.16958
0.16577
0.16010
0.15328
0.14508
0.13573
0.12572
0.11474
0.10319
0.09113
0.07845
0.06552
0.05219
0.03853
0.02469
0.01068
-0.00347
-0.01759
-0.03155
-0.04545
-0.05883
-0.07174
-0.08401
-0.09521
-0.10552
-0.11442
-0.12173
-0.12754
-0.13129
-0.13308
-0.13275
-0.13004
-0.12524
-0.11806
-0.10868
-0.09723
-0.08380
-0.06867
-0.05201
-0.03424
-0.01555
0.00360
0.02277
0.04175
0.05985
0.07690
0.09241
0.10584
0.11718
0.12580
0.13156
0.13429
0.13368
0.12988
0.12266
0.11220
0.09858
0.08202
0.06288
0.04133
0.01810
-0.00665
-0.03219
-0.05779
-0.08322
-0.10735
-0.12984
-0.15003
-0.16692
-0.18049
-0.18975
-0.19437
-0.19412
-0.18846
-0.17757
-0.16121
-0.13958
-0.11294
-0.08170
-0.04647
-0.00777
0.03329
0.07615
0.11962
0.16247
0.20406
0.24275
0.27785
0.30828
0.33274
0.35105
0.36200
0.36528
0.36071
0.34783
0.32725
0.29887
0.26337
0.22157
0.17418
0.12253
0.06758
0.01077
-0.04655
-0.10312
-0.15742
-0.20837
-0.25460
-0.29523
-0.32927
-0.35598
-0.37510
-0.38600
-0.38893
-0.38384
-0.37098
-0.35134
-0.32503
-0.29327
-0.25701
-0.21700
-0.17487
-0.13130
-0.08756
-0.04504
-0.00433
0.03332
0.06719
0.09668
0.12116
0.14033
0.15408
0.16241
0.16535
0.16355
0.15714
0.14679
0.13352
0.11747
0.09986
0.08134
0.06237
0.04417
0.02684
0.01104
-0.00249
-0.01395
-0.02280
-0.02907
-0.03288
-0.03418
-0.03331
-0.03051
-0.02614
-0.02048
-0.01403
-0.00711
0.00003
0.00673
0.01306
0.01863
0.02315
0.02679
0.02921
0.03060
0.03113
0.03062
0.02958
0.02811
0.02640
0.02483
0.02356
0.02286
0.02295
0.02401
0.02611
0.02938
0.03382
0.03925
0.04577
0.05301
0.06074
0.06884
0.07679
0.08435
0.09122
0.09686
0.10119
0.10376
0.10427
0.10270
0.09876
0.09246
0.08387
0.07298
0.06009
0.04541
0.02922
0.01194
-0.00606
-0.02436
-0.04250
-0.06010
-0.07674
-0.09204
-0.10575
-0.11753
-0.12721
-0.13470
-0.13983
-0.14269
-0.14328
-0.14165
-0.13813
-0.13275
-0.12580
-0.11766
-0.10840
-0.09850
-0.08817
-0.07760
-0.06727
-0.05720
-0.04762
-0.03881
-0.03069
-0.02343
-0.01707
-0.01145
-0.00665
-0.00252
0.00118
0.00441
0.00741
0.01044
0.01344
0.01670
0.02032
0.02424
0.02872
0.03361
0.03887
0.04467
0.05066
0.05684
0.06316
0.06925
0.07516
0.08062
0.08535
0.08945
0.09251
0.09445
0.09525
0.09463
0.09264
0.08921
0.08425
0.07788
0.07009
0.06095
0.05063
0.03926
0.02698
0.01405
0.00069
-0.01292
-0.02640
-0.03961
-0.05224
-0.06393
-0.07466
-0.08397
-0.09173
-0.09783
-0.10195
-0.10417
-0.10428
-0.10226
-0.09823
-0.09210
-0.08412
-0.07434
-0.06298
-0.05034
-0.03657
-0.02207
-0.00706
0.00806
0.02294
0.03733
0.05075
0.06303
0.07378
0.08272
0.08971
0.09443
0.09691
0.09695
0.09455
0.08985
0.08283
0.07378
0.06283
0.05029
0.03654
0.02180
0.00660
-0.00877
-0.02389
-0.03831
-0.05176
-0.06376
-0.07414
-0.08255
-0.08879
-0.09278
-0.09432
-0.09354
-0.09037
-0.08494
-0.07750
-0.06814
-0.05723
-0.04499
-0.03173
-0.01789
-0.00365
0.01055
0.02443
0.03772
0.05009
0.06137
0.07129
0.07976
0.08660
0.09174
0.09517
0.09680
0.09680
0.09510
0.09181
0.08716
0.08110
0.07395
0.06579
0.05672
0.04713
0.03699
0.02656
0.01606
0.00558
-0.00464
-0.01448
-0.02381
-0.03245
-0.04032
-0.04734
-0.05339
-0.05844
-0.06251
-0.06549
-0.06746
-0.06848
-0.06848
-0.06768
-0.06605
-0.06368
-0.06081
-0.05737
-0.05357
-0.04955
-0.04531
-0.04108
-0.03689
-0.03281
-0.02900
-0.02543
-0.02217
-0.01929
-0.01672
-0.01450
-0.01262
-0.01097
-0.00957
-0.00835
-0.00717
-0.00606
-0.00490
-0.00356
-0.00210
-0.00037
0.00166
0.00395
0.00663
0.00958
0.01280
0.01631
0.01994
0.02368
0.02742
0.03100
0.03439
0.03742
0.03997
0.04197
0.04329
0.04386
0.04361
0.04252
0.04054
0.03770
0.03406
0.02963
0.02459
0.01900
0.01302
0.00689
0.00068
-0.00534
-0.01094
-0.01602
-0.02030
-0.02368
-0.02600
-0.02713
-0.02704
-0.02566
-0.02303
-0.01916
-0.01419
-0.00822
-0.00139
0.00601
0.01390
0.02194
0.02991
0.03763
0.04470
0.05109
0.05647
0.06061
0.06351
0.06486
0.06470
0.06296
0.05952
0.05455
0.04799
0.03994
0.03055
0.01992
0.00824
-0.00433
-0.01754
-0.03126
-0.04512
-0.05896
-0.07254
-0.08540
-0.09756
-0.10853
-0.11804
-0.12602
-0.13196
-0.13592
-0.13758
-0.13668
-0.13342
-0.12745
-0.11891
-0.10789
-0.09434
-0.07867
-0.06093
-0.04146
-0.02063
0.00122
0.02366
0.04627
0.06852
0.09012
0.11046
0.12918
0.14597
0.16027
0.17206
0.18088
0.18654
0.18918
0.18841
0.18450
0.17749
0.16736
0.15473
0.13951
0.12215
0.10315
0.08267
0.06136
0.03953
0.01754
-0.00404
-0.02498
-0.04490
-0.06346
-0.08044
-0.09570
-0.10895
-0.12020
-0.12945
-0.13650
-0.14164
-0.14479
-0.14597
-0.14570
-0.14368
-0.14028
-0.13577
-0.12998
-0.12344
-0.11604
-0.10785
-0.09930
-0.09010
-0.08048
-0.07055
-0.06016
-0.04952
-0.03859
-0.02734
-0.01590
-0.00429
0.00751
0.01931
0.03101
0.04269
0.05396
0.06482
0.07517
0.08463
0.09332
0.10089
0.10712
0.11222
0.11568
0.11760
0.11796
0.11648
0.11348
0.10876
0.10234
0.09451
0.08513
0.07445
0.06259
0.04964
0.03584
0.02134
0.00633
-0.00903
-0.02443
-0.03978
-0.05479
-0.06909
-0.08279
-0.09530
-0.10652
-0.11631
-0.12417
-0.13024
-0.13410
-0.13551
-0.13465
-0.13107
-0.12493
-0.11618
-0.10474
-0.09097
-0.07480
-0.05657
-0.03656
-0.01509
0.00740
0.03053
0.05370
0.07657
0.09849
0.11896
0.13759
0.15371
0.16713
0.17732
0.18395
0.18704
0.18618
0.18155
0.17316
0.16108
0.14585
0.12755
0.10679
0.08406
0.05984
0.03487
0.00961
-0.01523
-0.03911
-0.06151
-0.08188
-0.09989
-0.11509
-0.12738
-0.13645
-0.14224
-0.14491
-0.14432
-0.14084
-0.13459
-0.12576
-0.11500
-0.10229
-0.08821
-0.07314
-0.05729
-0.04127
-0.02518
-0.00942
0.00567
0.01999
0.03323
0.04530
0.05600
0.06532
0.07312
0.07932
0.08407
0.08712
0.08869
0.08875
0.08717
0.08438
0.08007
0.07446
0.06771
0.05969
0.05074
0.04080
0.02997
0.01852
0.00643
-0.00608
-0.01886
-0.03175
-0.04456
-0.05708
-0.06908
-0.08042
-0.09078
-0.10003
-0.10794
-0.11423
-0.11894
-0.12172
-0.12257
-0.12146
-0.11826
-0.11314
-0.10609
-0.09726
-0.08691
-0.07516
-0.06237
-0.04880
-0.03477
-0.02069
-0.00684
0.00642
0.01874
0.02986
0.03954
0.04750
0.05369
0.05795
0.06023
0.06070
0.05927
0.05620
0.05175
0.04599
0.03944
0.03226
0.02478
0.01755
0.01065
0.00458
-0.00035
-0.00400
-0.00596
-0.00618
-0.00453
-0.00089
0.00468
0.01209
0.02127
0.03197
0.04389
0.05685
0.07037
0.08411
0.09774
0.11064
0.12262
0.13315
0.14175
0.14828
0.15225
0.15349
0.15186
0.14715
0.13948
0.12884
0.11538
0.09940
0.08116
0.06109
0.03962
0.01724
-0.00551
-0.02811
-0.05003
-0.07073
-0.08973
-0.10663
-0.12101
-0.13266
-0.14128
-0.14679
-0.14925
-0.14859
-0.14510
-0.13899
-0.13050
-0.12020
-0.10832
-0.09537
-0.08198
-0.06835
-0.05513
-0.04268
-0.03128
-0.02141
-0.01317
-0.00674
-0.00232
0.00018
0.00084
-0.00032
-0.00297
-0.00689
-0.01186
-0.01739
-0.02325
-0.02910
-0.03443
-0.03914
-0.04281
-0.04515
-0.04617
-0.04552
-0.04327
-0.03942
-0.03388
-0.02693
-0.01865
-0.00920
0.00107
0.01198
0.02324
0.03449
0.04554
0.05606
0.06576
0.07452
0.08204
0.08818
0.09288
0.09592
0.09744
0.09728
0.09548
0.09218
0.08733
0.08113
0.07366
0.06500
0.05542
0.04495
0.03381
0.02216
0.01017
-0.00199
-0.01415
-0.02607
-0.03771
-0.04873
-0.05907
-0.06855
-0.07684
-0.08409
-0.08987
-0.09411
-0.09682
-0.09766
-0.09680
-0.09405
-0.08935
-0.08294
-0.07464
-0.06468
-0.05321
-0.04032
-0.02634
-0.01143
0.00409
0.01995
0.03581
0.05137
0.06634
0.08030
0.09316
0.10446
0.11399
0.12166
0.12709
0.13035
0.13126
0.12971
0.12596
0.11981
0.11150
0.10121
0.08901
0.07532
0.06026
0.04415
0.02736
0.01014
-0.00713
-0.02415
-0.04058
-0.05616
-0.07055
-0.08352
-0.09490
-0.10438
-0.11198
-0.11749
-0.12082
-0.12216
-0.12130
-0.11848
-0.11377
-0.10721
-0.09923
-0.08979
-0.07918
-0.06777
-0.05560
-0.04308
-0.03041
-0.01777
-0.00550
0.00628
0.01740
0.02766
0.03695
0.04525
0.05241
0.05844
0.06345
0.06727
0.07012
0.07201
0.07288
0.07311
0.07249
0.07116
0.06936
0.06686
0.06392
0.06051
0.05650
0.05217
0.04727
0.04184
0.03595
0.02945
0.02241
0.01482
0.00668
-0.00198
-0.01105
-0.02049
-0.03020
-0.03991
-0.04965
-0.05909
-0.06800
-0.07637
-0.08372
-0.09002
-0.09505
-0.09845
-0.10036
-0.10040
-0.09854
-0.09483
-0.08909
-0.08151
-0.07211
-0.06102
-0.04847
-0.03464
-0.01983
-0.00430
0.01157
0.02752
0.04317
0.05813
0.07223
0.08497
0.09619
0.10567
0.11301
0.11837
0.12136
0.12198
0.12034
0.11626
0.11003
0.10166
0.09125
0.07922
0.06557
0.05068
0.03480
0.01818
0.00118
-0.01596
-0.03289
-0.04940
-0.06513
-0.07986
-0.09336
-0.10528
-0.11568
-0.12413
-0.13055
-0.13496
-0.13702
-0.13698
-0.13464
-0.12996
-0.12334
-0.11451
-0.10381
-0.09143
-0.07739
-0.06220
-0.04592
-0.02881
-0.01134
0.00638
0.02398
0.04114
0.05765
0.07322
0.08758
0.10063
0.11215
0.12195
0.13015
0.13651
0.14106
0.14406
0.14526
0.14498
0.14333
0.14022
0.13619
0.13106
0.12496
0.11833
0.11087
0.10291
0.09451
0.08544
0.07607
0.06615
0.05559
0.04455
0.03282
0.02033
0.00719
-0.00674
-0.02145
-0.03672
-0.05263
-0.06894
-0.08530
-0.10179
-0.11778
-0.13299
-0.14729
-0.15994
-0.17085
-0.17958
-0.18560
-0.18906
-0.18934
-0.18644
-0.18037
-0.17099
-0.15858
-0.14323
-0.12526
-0.10506
-0.08302
-0.05967
-0.03546
-0.01105
0.01317
0.03656
0.05856
0.07889
0.09688
0.11233
0.12488
0.13415
0.14030
0.14288
0.14204
0.13785
0.13027
0.11977
0.10634
0.09047
0.07256
0.05291
0.03221
0.01073
-0.01082
-0.03198
-0.05232
-0.07112
-0.08822
-0.10298
-0.11510
-0.12441
-0.13039
-0.13329
-0.13270
-0.12869
-0.12145
-0.11088
-0.09743
-0.08117
-0.06243
-0.04172
-0.01924
0.00440
0.02887
0.05358
0.07808
0.10192
0.12444
0.14544
0.16421
0.18046
0.19390
0.20392
0.21073
0.21376
0.21295
0.20848
0.20004
0.18807
0.17256
0.15370
0.13210
0.10784
0.08151
0.05357
0.02448
-0.00514
-0.03480
-0.06391
-0.09199
-0.11841
-0.14280
-0.16468
-0.18352
-0.19937
-0.21159
-0.22017
-0.22513
-0.22613
-0.22366
-0.21755
-0.20795
-0.19556
-0.18016
-0.16243
-0.14274
-0.12124
-0.09877
-0.07541
-0.05163
-0.02799
-0.00464
0.01798
0.03956
0.05990
0.07883
0.09606
0.11159
0.12533
0.13706
0.14709
0.15514
0.16120
0.16575
0.16825
0.16914
0.16843
0.16583
0.16199
0.15646
0.14933
0.14099
0.13102
0.11974
0.10717
0.09312
0.07802
0.06167
0.04416
0.02573
0.00643
-0.01363
-0.03415
-0.05494
-0.07590
-0.09649
-0.11662
-0.13593
-0.15385
-0.17048
-0.18508
-0.19737
-0.20734
-0.21425
-0.21820
-0.21891
-0.21599
-0.20990
-0.20017
-0.18702
-0.17076
-0.15137
-0.12940
-0.10511
-0.07893
-0.05146
-0.02314
0.00545
0.03374
0.06115
0.08723
0.11135
0.13313
0.15224
0.16816
0.18090
0.19011
0.19565
0.19791
0.19651
0.19189
0.18429
0.17379
0.16112
0.14636
0.12998
0.11268
0.09452
0.07617
0.05799
0.04018
0.02330
0.00742
-0.00723
-0.02043
-0.03216
-0.04243
-0.05116
-0.05842
-0.06452
-0.06926
-0.07301
-0.07589
-0.07784
-0.07934
-0.08018
-0.08045
-0.08052
-0.07996
-0.07902
-0.07760
-0.07544
-0.07276
-0.06919
-0.06470
-0.05927
-0.05271
-0.04506
-0.03628
-0.02645
-0.01557
-0.00387
0.00848
0.02134
0.03427
0.04716
0.05958
0.07108
0.08160
0.09054
0.09769
0.10285
0.10559
0.10601
0.10380
0.09896
0.09163
0.08178
0.06970
0.05556
0.03970
0.02250
0.00430
-0.01440
-0.03326
-0.05172
-0.06941
-0.08593
-0.10075
-0.11374
-0.12442
-0.13259
-0.13816
-0.14081
-0.14073
-0.13775
-0.13196
-0.12362
-0.11271
-0.09964
-0.08457
-0.06781
-0.04978
-0.03071
-0.01110
0.00881
0.02851
0.04770
0.06603
0.08300
0.09853
0.11208
0.12346
0.13254
0.13886
0.14262
0.14346
0.14135
0.13649
0.12865
0.11818
0.10512
0.08964
0.07220
0.05287
0.03218
0.01040
-0.01199
-0.03455
-0.05691
-0.07841
-0.09890
-0.11767
-0.13437
-0.14878
-0.16019
-0.16876
-0.17394
-0.17550
-0.17369
-0.16804
-0.15888
-0.14625
-0.13010
-0.11115
-0.08928
-0.06504
-0.03889
-0.01118
0.01745
0.04658
0.07559
0.10405
0.13132
0.15694
0.18053
0.20139
0.21954
0.23435
0.24550
0.25321
0.25680
0.25662
0.25257
0.24438
0.23293
0.21773
0.19924
0.17800
0.15390
0.12774
0.09972
0.07011
0.03969
0.00859
-0.02271
-0.05371
-0.08409
-0.11353
-0.14150
-0.16780
-0.19217
-0.21407
-0.23361
-0.25033
-0.26390
-0.27477
-0.28213
-0.28623
-0.28715
-0.28444
-0.27871
-0.26964
-0.25729
-0.24231
-0.22434
-0.20391
-0.18134
-0.15667
-0.13059
-0.10329
-0.07508
-0.04657
-0.01805
0.01015
0.03745
0.06360
0.08836
0.11115
0.13197
0.15047
0.16634
0.17984
0.19045
0.19830
0.20364
0.20605
0.20607
0.20360
0.19871
0.19202
0.18326
0.17291
0.16127
0.14835
0.13466
0.12027
0.10542
0.09046
0.07547
0.06070
0.04632
0.03253
0.01939
0.00716
-0.00409
-0.01434
-0.02328
-0.03107
-0.03749
-0.04246
-0.04620
-0.04837
-0.04921
-0.04873
-0.04682
-0.04386
-0.03968
-0.03454
-0.02869
-0.02209
-0.01516
-0.00794
-0.00072
0.00622
0.01281
0.01865
0.02371
0.02774
0.03054
0.03211
0.03220
0.03090
0.02811
0.02382
0.01820
0.01121
0.00306
-0.00611
-0.01618
-0.02681
-0.03789
-0.04914
-0.06031
-0.07119
-0.08151
-0.09109
-0.09970
-0.10722
-0.11346
-0.11833
-0.12178
-0.12370
-0.12417
-0.12315
-0.12066
-0.11686
-0.11174
-0.10548
-0.09816
-0.08989
-0.08087
-0.07118
-0.06097
-0.05039
-0.03958
-0.02865
-0.01776
-0.00705
0.00341
0.01339
0.02285
0.03161
0.03951
0.04657
0.05249
0.05728
0.06083
0.06300
0.06387
0.06326
0.06131
0.05801
0.05340
0.04775
0.04100
0.03353
0.02551
0.01708
0.00880
0.00060
-0.00696
-0.01357
-0.01916
-0.02314
-0.02553
-0.02601
-0.02429
-0.02048
-0.01431
-0.00587
0.00479
0.01760
0.03230
0.04873
0.06650
0.08537
0.10483
0.12451
0.14401
0.16263
0.18022
0.19605
0.20967
0.22088
0.22893
0.23386
0.23522
0.23269
0.22650
0.21631
0.20232
0.18475
0.16361
0.13956
0.11276
0.08369
0.05303
0.02117
-0.01123
-0.04352
-0.07520
-0.10563
-0.13423
-0.16063
-0.18423
-0.20472
-0.22195
-0.23546
-0.24534
-0.25153
-0.25393
-0.25301
-0.24867
-0.24129
-0.23150
-0.21926
-0.20531
-0.19001
-0.17366
-0.15702
-0.14025
-0.12375
-0.10808
-0.09328
-0.07969
-0.06756
-0.05681
-0.04760
-0.03993
-0.03351
-0.02844
-0.02443
-0.02108
-0.01848
-0.01613
-0.01369
-0.01124
-0.00816
-0.00450
-0.00014
0.00537
0.01168
0.01900
0.02739
0.03647
0.04635
0.05672
0.06725
0.07793
0.08823
0.09795
0.10686
0.11455
0.12087
0.12554
0.12838
0.12928
0.12813
0.12495
0.11971
0.11261
0.10371
0.09324
0.08157
0.06880
0.05544
0.04183
0.02822
0.01520
0.00294
-0.00809
-0.01751
-0.02516
-0.03066
-0.03388
-0.03465
-0.03289
-0.02863
-0.02186
-0.01284
-0.00159
0.01145
0.02596
0.04169
0.05789
0.07438
0.09047
0.10549
0.11922
0.13077
0.13989
0.14611
0.14885
0.14811
0.14350
0.13496
0.12260
0.10641
0.08677
0.06397
0.03846
0.01078
-0.01843
-0.04854
-0.07887
-0.10859
-0.13718
-0.16379
-0.18782
-0.20880
-0.22600
-0.23931
-0.24822
-0.25254
-0.25237
-0.24750
-0.23830
-0.22489
-0.20757
-0.18701
-0.16341
-0.13753
-0.10989
-0.08107
-0.05184
-0.02266
0.00573
0.03284
0.05810
0.08104
0.10128
0.11839
0.13232
0.14267
0.14946
0.15273
0.15236
0.14879
0.14196
0.13223
0.12015
0.10572
0.08968
0.07227
0.05395
0.03537
0.01668
-0.00143
-0.01869
-0.03471
-0.04903
-0.06152
-0.07174
-0.07964
-0.08498
-0.08762
-0.08762
-0.08485
-0.07950
-0.07155
-0.06121
-0.04876
-0.03430
-0.01833
-0.00098
0.01721
0.03583
0.05460
0.07279
0.09021
0.10625
0.12039
0.13242
0.14168
0.14804
0.15112
0.15063
0.14657
0.13875
0.12729
0.11224
0.09388
0.07252
0.04853
0.02256
-0.00500
-0.03331
-0.06175
-0.08963
-0.11598
-0.14034
-0.16180
-0.17972
-0.19366
-0.20293
-0.20746
-0.20685
-0.20107
-0.19036
-0.17480
-0.15500
-0.13137
-0.10459
-0.07560
-0.04498
-0.01381
0.01719
0.04714
0.07522
0.10088
0.12338
0.14245
0.15766
0.16886
0.17603
0.17909
0.17848
0.17416
0.16656
0.15615
0.14305
0.12801
0.11119
0.09300
0.07412
0.05453
0.03484
0.01530
-0.00388
-0.02228
-0.03980
-0.05613
-0.07116
-0.08465
-0.09652
-0.10664
-0.11478
-0.12117
-0.12543
-0.12764
-0.12794
-0.12605
-0.12233
-0.11665
-0.10905
-0.09996
-0.08917
-0.07704
-0.06376
-0.04943
-0.03444
-0.01891
-0.00315
0.01259
0.02803
0.04290
0.05699
0.06989
0.08162
0.09173
0.10007
0.10664
0.11104
0.11342
0.11361
0.11147
0.10738
0.10105
0.09276
0.08267
0.07082
0.05764
0.04318
0.02777
0.01173
-0.00473
-0.02125
-0.03761
-0.05340
-0.06851
-0.08255
-0.09525
-0.10659
-0.11610
-0.12384
-0.12959
-0.13306
-0.13461
-0.13377
-0.13066
-0.12544
-0.11785
-0.10830
-0.09670
-0.08315
-0.06804
-0.05134
-0.03339
-0.01443
0.00528
0.02544
0.04574
0.06582
0.08545
0.10415
0.12175
0.13787
0.15206
0.16441
0.17431
0.18165
0.18641
0.18813
0.18710
0.18303
0.17590
0.16609
0.15336
0.13812
0.12056
0.10083
0.07949
0.05670
0.03290
0.00853
-0.01600
-0.04028
-0.06386
-0.08628
-0.10730
-0.12636
-0.14325
-0.15770
-0.16930
-0.17817
-0.18392
-0.18654
-0.18625
-0.18277
-0.17649
-0.16747
-0.15582
-0.14214
-0.12638
-0.10904
-0.09052
-0.07105
-0.05120
-0.03121
-0.01153
0.00746
0.02545
0.04210
0.05714
0.07029
0.08147
0.09039
0.09704
0.10145
0.10346
0.10336
0.10109
0.09682
0.09097
0.08346
0.07475
0.06510
0.05465
0.04393
0.03301
0.02224
0.01198
0.00229
-0.00649
-0.01424
-0.02084
-0.02614
-0.03012
-0.03275
-0.03404
-0.03402
-0.03284
-0.03050
-0.02719
-0.02309
-0.01826
-0.01300
-0.00740
-0.00164
0.00398
0.00943
0.01445
0.01886
0.02261
0.02546
0.02735
0.02822
0.02792
0.02646
0.02390
0.02008
0.01522
0.00937
0.00252
-0.00495
-0.01307
-0.02153
-0.02995
-0.03827
-0.04600
-0.05283
-0.05853
-0.06262
-0.06488
-0.06501
-0.06274
-0.05792
-0.05049
-0.04037
-0.02770
-0.01276
0.00432
0.02294
0.04262
0.06289
0.08286
0.10204
0.11963
0.13485
0.14726
0.15613
0.16106
0.16179
0.15803
0.14993
0.13752
0.12116
0.10132
0.07853
0.05359
0.02714
0.00006
-0.02683
-0.05279
-0.07701
-0.09887
-0.11782
-0.13337
-0.14526
-0.15334
-0.15755
-0.15800
-0.15502
-0.14882
-0.13991
-0.12888
-0.11606
-0.10223
-0.08781
-0.07329
-0.05936
-0.04618
-0.03420
-0.02378
-0.01489
-0.00779
-0.00246
0.00125
0.00331
0.00396
0.00349
0.00198
-0.00022
-0.00278
-0.00562
-0.00832
-0.01070
-0.01269
-0.01389
-0.01439
-0.01402
-0.01264
-0.01044
-0.00724
-0.00320
0.00159
0.00713
0.01320
0.01975
0.02664
0.03372
0.04092
0.04808
0.05510
0.06191
0.06841
0.07448
0.08016
0.08529
0.08985
0.09388
0.09718
0.09988
0.10190
0.10306
0.10361
0.10325
0.10202
0.09996
0.09680
0.09274
0.08758
0.08121
0.07377
0.06508
0.05514
0.04403
0.03174
0.01825
0.00380
-0.01157
-0.02774
-0.04428
-0.06124
-0.07815
-0.09454
-0.11048
-0.12514
-0.13833
-0.14973
-0.15863
-0.16508
-0.16845
-0.16848
-0.16507
-0.15792
-0.14706
-0.13242
-0.11426
-0.09263
-0.06798
-0.04084
-0.01145
0.01912
0.05052
0.08187
0.11198
0.14062
0.16638
0.18856
0.20657
0.21926
0.22654
0.22757
0.22203
0.20998
0.19120
0.16611
0.13493
0.09844
0.05729
0.01242
-0.03488
-0.08380
-0.13267
-0.18043
-0.22581
-0.26713
-0.30381
-0.33429
-0.35774
-0.37367
-0.38101
-0.38011
-0.37041
-0.35207
-0.32580
-0.29173
-0.25106
-0.20450
-0.15309
-0.09836
-0.04117
0.01690
0.07467
0.13089
0.18426
0.23381
0.27844
0.31748
0.35006
0.37584
0.39442
0.40546
0.40949
0.40609
0.39590
0.37951
0.35705
0.32990
0.29833
0.26321
0.22605
0.18699
0.14741
0.10819
0.06981
0.03352
-0.00034
-0.03132
-0.05861
-0.08224
-0.10209
-0.11782
-0.12986
-0.13842
-0.14350
-0.14603
-0.14612
-0.14428
-0.14155
-0.13787
-0.13405
-0.13093
-0.12826
-0.12698
-0.12719
-0.12874
-0.13236
-0.13745
-0.14389
-0.15189
-0.16053
-0.16964
-0.17886
-0.18720
-0.19460
-0.20025
-0.20339
-0.20395
-0.20117
-0.19468
-0.18446
-0.17012
-0.15168
-0.12942
-0.10334
-0.07393
-0.04179
-0.00724
0.02874
0.06540
0.10214
0.13772
0.17152
0.20263
0.23003
0.25339
0.27172
0.28462
0.29184
0.29294
0.28815
0.27735
0.26094
0.23947
0.21328
0.18338
0.15037
0.11525
0.07908
0.04262
0.00711
-0.02668
-0.05784
-0.08548
-0.10906
-0.12790
-0.14173
-0.15018
-0.15327
-0.15101
-0.14359
-0.13159
-0.11517
-0.09524
-0.07243
-0.04731
-0.02113
0.00572
0.03214
0.05722
0.08051
0.10089
0.11801
0.13127
0.14007
0.14434
0.14371
0.13822
0.12792
0.11301
0.09380
0.07075
0.04449
0.01548
-0.01533
-0.04729
-0.07960
-0.11118
-0.14150
-0.16946
-0.19438
-0.21563
-0.23235
-0.24433
-0.25097
-0.25209
-0.24766
-0.23757
-0.22231
-0.20197
-0.17716
-0.14853
-0.11666
-0.08253
-0.04681
-0.01045
0.02561
0.06063
0.09368
0.12410
0.15115
0.17435
0.19320
0.20738
0.21682
0.22129
0.22109
0.21628
0.20713
0.19442
0.17820
0.15934
0.13845
0.11594
0.09283
0.06944
0.04641
0.02453
0.00393
-0.01479
-0.03136
-0.04566
-0.05748
-0.06683
-0.07378
-0.07848
-0.08102
-0.08182
-0.08100
-0.07878
-0.07581
-0.07191
-0.06757
-0.06305
-0.05825
-0.05365
-0.04907
-0.04454
-0.04033
-0.03607
-0.03188
-0.02765
-0.02324
-0.01864
-0.01372
-0.00846
-0.00279
0.00321
0.00960
0.01626
0.02299
0.02989
0.03656
0.04288
0.04878
0.05385
0.05808
0.06122
0.06300
0.06355
0.06254
0.05998
0.05593
0.05028
0.04324
0.03483
0.02521
0.01459
0.00315
-0.00884
-0.02118
-0.03352
-0.04571
-0.05741
-0.06835
-0.07841
-0.08721
-0.09470
-0.10069
-0.10492
-0.10756
-0.10831
-0.10722
-0.10437
-0.09962
-0.09326
-0.08524
-0.07568
-0.06486
-0.05280
-0.03980
-0.02604
-0.01171
0.00289
0.01757
0.03208
0.04619
0.05964
0.07228
0.08387
0.09416
0.10320
0.11061
0.11642
0.12057
0.12282
0.12342
0.12216
0.11907
0.11441
0.10799
0.10011
0.09085
0.08023
0.06865
0.05607
0.04273
0.02887
0.01462
0.00019
-0.01422
-0.02840
-0.04226
-0.05547
-0.06794
-0.07954
-0.08992
-0.09924
-0.10712
-0.11343
-0.11835
-0.12142
-0.12283
-0.12249
-0.12016
-0.11625
-0.11042
-0.10276
-0.09352
-0.08251
-0.07005
-0.05618
-0.04101
-0.02483
-0.00775
0.00998
0.02814
0.04636
0.06454
0.08226
0.09915
0.11518
0.12972
0.14269
0.15381
0.16254
0.16915
0.17302
0.17406
0.17242
0.16765
0.16007
0.14959
0.13619
0.12035
0.10199
0.08150
0.05921
0.03542
0.01058
-0.01490
-0.04054
-0.06595
-0.09055
-0.11396
-0.13573
-0.15527
-0.17253
-0.18684
-0.19803
-0.20603
-0.21037
-0.21133
-0.20868
-0.20243
-0.19312
-0.18052
-0.16515
-0.14737
-0.12734
-0.10581
-0.08297
-0.05932
-0.03547
-0.01168
0.01151
0.03369
0.05458
0.07382
0.09111
0.10634
0.11932
0.12990
0.13827
0.14422
0.14788
0.14964
0.14924
0.14718
0.14359
0.13845
0.13246
0.12540
0.11752
0.10934
0.10056
0.09159
0.08253
0.07316
0.06394
0.05459
0.04503
0.03547
0.02563
0.01546
0.00502
-0.00592
-0.01738
-0.02927
-0.04178
-0.05478
-0.06808
-0.08190
-0.09577
-0.10953
-0.12323
-0.13618
-0.14838
-0.15948
-0.16883
-0.17667
-0.18222
-0.18522
-0.18571
-0.18310
-0.17748
-0.16871
-0.15662
-0.14153
-0.12339
-0.10245
-0.07909
-0.05364
-0.02653
0.00168
0.03044
0.05927
0.08741
0.11437
0.13957
0.16226
0.18232
0.19893
0.21185
0.22094
0.22571
0.22641
0.22282
0.21504
0.20359
0.18837
0.17004
0.14897
0.12556
0.10061
0.07442
0.04773
0.02107
-0.00504
-0.03002
-0.05348
-0.07486
-0.09402
-0.11048
-0.12405
-0.13472
-0.14212
-0.14656
-0.14786
-0.14605
-0.14166
-0.13438
-0.12475
-0.11295
-0.09903
-0.08368
-0.06681
-0.04886
-0.03020
-0.01096
0.00840
0.02772
0.04660
0.06486
0.08218
0.09824
0.11297
0.12588
0.13700
0.14601
0.15258
0.15699
0.15867
0.15772
0.15418
0.14771
0.13877
0.12713
0.11292
0.09655
0.07795
0.05759
0.03572
0.01263
-0.01116
-0.03534
-0.05946
-0.08308
-0.10573
-0.12707
-0.14663
-0.16401
-0.17906
-0.19126
-0.20057
-0.20677
-0.20967
-0.20952
-0.20607
-0.19959
-0.19033
-0.17833
-0.16414
-0.14794
-0.13011
-0.11125
-0.09156
-0.07161
-0.05181
-0.03252
-0.01419
0.00284
0.01829
0.03183
0.04326
0.05252
0.05935
0.06383
0.06607
0.06594
0.06389
0.05997
0.05444
0.04789
0.04035
0.03241
0.02457
0.01697
0.01029
0.00480
0.00073
-0.00136
-0.00146
0.00055
0.00499
0.01153
0.02015
0.03073
0.04270
0.05584
0.06963
0.08337
0.09664
0.10877
0.11905
0.12705
0.13223
0.13397
0.13218
0.12660
0.11694
0.10368
0.08673
0.06655
0.04405
0.01922
-0.00658
-0.03251
-0.05805
-0.08164
-0.10279
-0.12047
-0.13356
-0.14178
-0.14423
-0.14056
-0.13060
-0.11426
-0.09167
-0.06324
-0.02967
0.00863
0.05033
0.09456
0.14029
0.18565
0.23011
0.27182
0.30933
0.34203
0.36799
0.38681
0.39751
0.39906
0.39178
0.37491
0.34875
0.31377
0.27021
0.21936
0.16189
0.09914
0.03251
-0.03659
-0.10652
-0.17583
-0.24277
-0.30608
-0.36418
-0.41586
-0.46019
-0.49594
-0.52298
-0.54045
-0.54825
-0.54681
-0.53580
-0.51632
-0.48870
-0.45363
-0.41281
-0.36646
-0.31621
-0.26319
-0.20829
-0.15310
-0.09833
-0.04520
0.00537
0.05260
0.09574
0.13422
0.16742
0.19539
0.21743
0.23369
0.24435
0.24901
0.24858
0.24278
0.23207
0.21752
0.19870
0.17690
0.15239
0.12565
0.09787
0.06904
0.04028
0.01208
-0.01507
-0.04025
-0.06329
-0.08333
-0.10015
-0.11331
-0.12230
-0.12724
-0.12759
-0.12354
-0.11504
-0.10200
-0.08515
-0.06427
-0.04005
-0.01297
0.01656
0.04759
0.07974
0.11208
0.14384
0.17440
0.20283
0.22864
0.25103
0.26955
0.28374
0.29317
0.29783
0.29742
0.29214
0.28215
0.26754
0.24913
0.22702
0.20190
0.17453
0.14528
0.11512
0.08454
0.05407
0.02460
-0.00362
-0.03010
-0.05432
-0.07616
-0.09542
-0.11184
-0.12563
-0.13672
-0.14515
-0.15141
-0.15540
-0.15747
-0.15825
-0.15749
-0.15586
-0.15357
-0.15060
-0.14763
-0.14439
-0.14108
-0.13803
-0.13486
-0.13176
-0.12862
-0.12519
-0.12150
-0.11731
-0.11242
-0.10674
-0.10017
-0.09250
-0.08377
-0.07404
-0.06305
-0.05126
-0.03867
-0.02540
-0.01198
0.00161
0.01481
0.02720
0.03872
0.04864
0.05681
0.06285
0.06643
0.06750
0.06572
0.06121
0.05386
0.04387
0.03154
0.01696
0.00087
-0.01659
-0.03474
-0.05277
-0.07047
-0.08684
-0.10135
-0.11352
-0.12247
-0.12804
-0.12963
-0.12687
-0.11972
-0.10803
-0.09186
-0.07144
-0.04719
-0.01941
0.01109
0.04364
0.07760
0.11172
0.14548
0.17770
0.20730
0.23371
0.25574
0.27278
0.28422
0.28937
0.28809
0.28007
0.26538
0.24417
0.21693
0.18420
0.14667
0.10551
0.06142
0.01582
-0.03005
-0.07520
-0.11792
-0.15746
-0.19242
-0.22167
-0.24466
-0.26032
-0.26845
-0.26861
-0.26070
-0.24518
-0.22213
-0.19248
-0.15686
-0.11633
-0.07224
-0.02546
0.02229
0.06997
0.11618
0.15950
0.19914
0.23364
0.26259
0.28509
0.30050
0.30902
0.31000
0.30405
0.29128
0.27182
0.24708
0.21694
0.18258
0.14495
0.10440
0.06254
0.01961
-0.02356
-0.06587
-0.10718
-0.14669
-0.18400
-0.21884
-0.25097
-0.28007
-0.30615
-0.32924
-0.34891
-0.36572
-0.37927
-0.38933
-0.39675
-0.40046
-0.40091
-0.39814
-0.39132
-0.38137
-0.36744
-0.34936
-0.32779
-0.30193
-0.27219
-0.23878
-0.20147
-0.16097
-0.11747
-0.07125
-0.02309
0.02642
0.07688
0.12714
0.17657
0.22457
0.26981
0.31190
0.34979
0.38256
0.41006
0.43103
0.44539
0.45273
0.45258
0.44542
0.43086
0.40957
0.38216
0.34898
0.31142
0.27014
0.22647
0.18188
0.13739
0.09461
0.05486
0.01927
-0.01094
-0.03471
-0.05155
-0.06077
-0.06209
-0.05604
-0.04245
-0.02235
0.00301
0.03307
0.06563
0.09939
0.13290
0.16369
0.19082
0.21242
0.22680
0.23350
0.23118
0.21951
0.19866
0.16853
0.13004
0.08422
0.03215
-0.02441
-0.08376
-0.14417
-0.20365
-0.26035
-0.31266
-0.35891
-0.39781
-0.42837
-0.44978
-0.46163
-0.46388
-0.45675
-0.44069
-0.41664
-0.38557
-0.34859
-0.30732
-0.26289
-0.21685
-0.17086
-0.12588
-0.08343
-0.04456
-0.00999
0.01935
0.04307
0.06100
0.07293
0.07904
0.07990
0.07565
0.06713
0.05530
0.04044
0.02395
0.00653
-0.01123
-0.02788
-0.04330
-0.05654
-0.06671
-0.07396
-0.07740
-0.07701
-0.07284
-0.06454
-0.05262
-0.03719
-0.01856
0.00266
0.02602
0.05093
0.07669
0.10264
0.12819
0.15256
0.17525
0.19565
0.21320
0.22762
0.23842
0.24548
0.24864
0.24777
0.24309
0.23458
0.22258
0.20738
0.18925
0.16883
0.14637
0.12245
0.09759
0.07223
0.04693
0.02211
-0.00175
-0.02433
-0.04516
-0.06404
-0.08067
-0.09476
-0.10644
-0.11530
-0.12144
-0.12500
-0.12573
-0.12410
-0.12000
-0.11358
-0.10545
-0.09535
-0.08387
-0.07123
-0.05756
-0.04348
-0.02899
-0.01451
-0.00042
0.01319
0.02594
0.03765
0.04813
0.05722
0.06478
0.07072
0.07507
0.07770
0.07879
0.07833
0.07636
0.07326
0.06890
0.06360
0.05755
0.05078
0.04369
0.03625
0.02866
0.02114
0.01367
0.00643
-0.00055
-0.00721
-0.01352
-0.01947
-0.02502
-0.03025
-0.03505
-0.03950
-0.04357
-0.04715
-0.05039
-0.05303
-0.05509
-0.05651
-0.05710
-0.05688
-0.05565
-0.05338
-0.04998
-0.04540
-0.03969
-0.03276
-0.02487
-0.01596
-0.00630
0.00376
0.01425
0.02456
0.03448
0.04374
0.05166
0.05836
0.06317
0.06580
0.06627
0.06409
0.05938
0.05206
0.04203
0.02965
0.01492
-0.00185
-0.02035
-0.04021
-0.06109
-0.08259
-0.10416
-0.12560
-0.14624
-0.16576
-0.18385
-0.19974
-0.21358
-0.22464
-0.23256
-0.23741
-0.23851
-0.23600
-0.22967
-0.21921
-0.20509
-0.18701
-0.16525
-0.14018
-0.11191
-0.08107
-0.04805
-0.01337
0.02228
0.05825
0.09393
0.12854
0.16136
0.19197
0.21945
0.24343
0.26350
0.27904
0.29018
0.29645
0.29786
0.29481
0.28704
0.27521
0.25955
0.24038
0.21864
0.19444
0.16855
0.14165
0.11409
0.08664
0.05968
0.03371
0.00916
-0.01362
-0.03439
-0.05292
-0.06895
-0.08264
-0.09368
-0.10216
-0.10838
-0.11200
-0.11354
-0.11294
-0.11022
-0.10604
-0.10002
-0.09262
-0.08409
-0.07432
-0.06385
-0.05259
-0.04076
-0.02873
-0.01640
-0.00416
0.00794
0.01966
0.03084
0.04135
0.05085
0.05944
0.06670
0.07258
0.07701
0.07961
0.08064
0.07975
0.07690
0.07229
0.06565
0.05725
0.04711
0.03525
0.02208
0.00756
-0.00796
-0.02426
-0.04104
-0.05802
-0.07490
-0.09127
-0.10696
-0.12152
-0.13466
-0.14621
-0.15568
-0.16313
-0.16816
-0.17060
-0.17057
-0.16774
-0.16229
-0.15422
-0.14349
-0.13051
-0.11523
-0.09797
-0.07904
-0.05868
-0.03730
-0.01524
0.00707
0.02932
0.05099
0.07175
0.09123
0.10892
0.12475
0.13818
0.14901
0.15722
0.16238
0.16466
0.16389
0.16001
0.15346
0.14400
0.13205
0.11783
0.10154
0.08372
0.06452
0.04446
0.02393
0.00329
-0.01695
-0.03652
-0.05487
-0.07181
-0.08691
-0.09983
-0.11049
-0.11846
-0.12379
-0.12626
-0.12574
-0.12255
-0.11642
-0.10767
-0.09647
-0.08294
-0.06761
-0.05058
-0.03237
-0.01338
0.00606
0.02536
0.04422
0.06210
0.07864
0.09346
0.10612
0.11647
0.12411
0.12897
0.13089
0.12974
0.12577
0.11883
0.10925
0.09723
0.08300
0.06708
0.04967
0.03134
0.01251
-0.00642
-0.02488
-0.04255
-0.05892
-0.07367
-0.08646
-0.09697
-0.10509
-0.11055
-0.11340
-0.11357
-0.11107
-0.10624
-0.09904
-0.08986
-0.07898
-0.06663
-0.05336
-0.03934
-0.02500
-0.01080
0.00310
0.01623
0.02841
0.03939
0.04895
0.05699
0.06340
0.06816
0.07124
0.07278
0.07277
0.07135
0.06881
0.06513
0.06063
0.05549
0.04979
0.04392
0.03787
0.03182
0.02604
0.02044
0.01523
0.01045
0.00604
0.00212
-0.00139
-0.00456
-0.00739
-0.00996
-0.01239
-0.01468
-0.01694
-0.01930
-0.02170
-0.02424
-0.02696
-0.02974
-0.03272
-0.03570
-0.03860
-0.04147
-0.04401
-0.04620
-0.04791
-0.04893
-0.04924
-0.04867
-0.04715
-0.04462
-0.04105
-0.03643
-0.03080
-0.02429
-0.01688
-0.00884
-0.00032
0.00857
0.01744
0.02620
0.03455
0.04213
0.04892
0.05450
0.05872
0.06147
0.06248
0.06180
0.05929
0.05493
0.04882
0.04099
0.03162
0.02083
0.00892
-0.00394
-0.01744
-0.03118
-0.04501
-0.05841
-0.07115
-0.08292
-0.09320
-0.10200
-0.10880
-0.11342
-0.11579
-0.11555
-0.11284
-0.10748
-0.09948
-0.08903
-0.07616
-0.06114
-0.04421
-0.02566
-0.00590
0.01473
0.03573
0.05673
0.07717
0.09668
0.11478
0.13097
0.14506
0.15652
0.16518
0.17087
0.17328
0.17264
0.16872
0.16168
0.15180
0.13912
0.12412
0.10702
0.08821
0.06824
0.04738
0.02619
0.00505
-0.01559
-0.03532
-0.05380
-0.07063
-0.08564
-0.09846
-0.10901
-0.11712
-0.12262
-0.12572
-0.12619
-0.12423
-0.11999
-0.11347
-0.10510
-0.09488
-0.08315
-0.07030
-0.05640
-0.04197
-0.02715
-0.01233
0.00217
0.01614
0.02917
0.04115
0.05172
0.06069
0.06793
0.07314
0.07642
0.07748
0.07634
0.07308
0.06758
0.06011
0.05067
0.03947
0.02683
0.01286
-0.00199
-0.01753
-0.03332
-0.04898
-0.06425
-0.07857
-0.09180
-0.10344
-0.11319
-0.12091
-0.12613
-0.12896
-0.12910
-0.12646
-0.12122
-0.11324
-0.10280
-0.09002
-0.07508
-0.05842
-0.04020
-0.02085
-0.00074
0.01975
0.04021
0.06028
0.07949
0.09761
0.11415
0.12888
0.14156
0.15176
0.15961
0.16472
0.16701
0.16667
0.16340
0.15753
0.14907
0.13805
0.12501
0.10984
0.09297
0.07470
0.05525
0.03506
0.01438
-0.00641
-0.02700
-0.04702
-0.06620
-0.08425
-0.10075
-0.11574
-0.12873
-0.13956
-0.14831
-0.15449
-0.15833
-0.15963
-0.15819
-0.15451
-0.14813
-0.13934
-0.12834
-0.11500
-0.09981
-0.08277
-0.06413
-0.04427
-0.02335
-0.00176
0.02022
0.04218
0.06389
0.08488
0.10477
0.12340
0.14016
0.15497
0.16745
0.17713
0.18428
0.18823
0.18905
0.18675
0.18104
0.17231
0.16040
0.14551
0.12802
0.10801
0.08595
0.06214
0.03705
0.01111
-0.01523
-0.04136
-0.06697
-0.09134
-0.11412
-0.13483
-0.15282
-0.16807
-0.17986
-0.18803
-0.19242
-0.19267
-0.18898
-0.18111
-0.16929
-0.15372
-0.13458
-0.11245
-0.08752
-0.06060
-0.03216
-0.00282
0.02643
0.05520
0.08244
0.10746
0.12967
0.14807
0.16246
0.17202
0.17640
0.17545
0.16884
0.15684
0.13940
0.11700
0.09013
0.05933
0.02560
-0.01047
-0.04766
-0.08501
-0.12157
-0.15602
-0.18764
-0.21528
-0.23813
-0.25562
-0.26693
-0.27208
-0.27061
-0.26264
-0.24854
-0.22847
-0.20339
-0.17378
-0.14053
-0.10486
-0.06738
-0.02940
0.00820
0.04465
0.07880
0.11023
0.13831
0.16247
0.18260
0.19852
0.21017
0.21777
0.22164
0.22190
0.21925
0.21399
0.20650
0.19769
0.18757
0.17675
0.16590
0.15486
0.14431
0.13432
0.12477
0.11625
0.10831
0.10092
0.09426
0.08783
0.08158
0.07543
0.06886
0.06194
0.05445
0.04595
0.03666
0.02631
0.01471
0.00218
-0.01153
-0.02627
-0.04171
-0.05802
-0.07472
-0.09156
-0.10857
-0.12508
-0.14097
-0.15601
-0.16963
-0.18181
-0.19214
-0.20023
-0.20624
-0.20964
-0.21043
-0.20866
-0.20409
-0.19698
-0.18732
-0.17521
-0.16098
-0.14473
-0.12679
-0.10744
-0.08702
-0.06577
-0.04412
-0.02242
-0.00087
0.01997
0.03998
0.05874
0.07581
0.09127
0.10447
0.11535
0.12371
0.12919
0.13191
0.13149
0.12807
0.12150
0.11186
0.09942
0.08398
0.06632
0.04629
0.02444
0.00170
-0.02220
-0.04583
-0.06878
-0.09059
-0.10962
-0.12613
-0.13862
-0.14622
-0.14875
-0.14504
-0.13482
-0.11765
-0.09332
-0.06160
-0.02294
0.02234
0.07399
0.13021
0.19104
0.25451
0.31850
0.38278
0.44395
0.50076
0.55160
0.59304
0.62511
0.64479
0.65044
0.64180
0.61688
0.57585
0.51846
0.44483
0.35616
0.25362
0.13909
0.01461
-0.11666
-0.25245
-0.38915
-0.52303
-0.65166
-0.77056
-0.87719
-0.96860
-1.04131
-1.09476
-1.12592
-1.13424
-1.11971
-1.08161
-1.02211
-0.94165
-0.84250
-0.72794
-0.59983
-0.46243
-0.31875
-0.17224
-0.02726
0.11358
0.24663
0.36900
0.47834
0.57267
0.65031
0.71041
0.75305
0.77749
0.78531
0.77711
0.75400
0.71921
0.67302
0.61844
0.55821
0.49298
0.42651
0.35962
0.29383
0.23203
0.17373
0.12064
0.07354
0.03212
-0.00291
-0.03181
-0.05510
-0.07296
-0.08579
-0.09472
-0.09979
-0.10175
-0.10195
-0.09986
-0.09685
-0.09345
-0.08934
-0.08603
-0.08294
-0.08045
-0.07957
-0.07931
-0.08044
-0.08297
-0.08638
-0.09124
-0.09703
-0.10347
-0.11092
-0.11861
-0.12640
-0.13433
-0.14164
-0.14838
-0.15422
-0.15848
-0.16142
-0.16237
-0.16100
-0.15744
-0.15099
-0.14181
-0.12972
-0.11439
-0.09610
-0.07478
-0.05045
-0.02349
0.00584
0.03739
0.07039
0.10447
0.13919
0.17347
0.20714
0.23916
0.26858
0.29534
0.31799
0.33620
0.34952
0.35681
0.35852
0.35372
0.34224
0.32456
0.30019
0.26985
0.23387
0.19257
0.14717
0.09809
0.04637
-0.00686
-0.06072
-0.11405
-0.16575
-0.21488
-0.26050
-0.30163
-0.33776
-0.36810
-0.39219
-0.41012
-0.42126
-0.42599
-0.42446
-0.41672
-0.40373
-0.38553
-0.36288
-0.33685
-0.30756
-0.27623
-0.24349
-0.20989
-0.17660
-0.14394
-0.11257
-0.08340
-0.05653
-0.03251
-0.01187
0.00562
0.01950
0.02978
0.03708
0.04094
0.04215
0.04132
0.03833
0.03455
0.03017
0.02575
0.02264
0.02073
0.02104
0.02434
0.03055
0.04054
0.05443
0.07208
0.09387
0.11936
0.14805
0.17998
0.21402
0.24942
0.28575
0.32145
0.35584
0.38791
0.41605
0.43998
0.45822
0.46979
0.47445
0.47108
0.45961
0.43987
0.41163
0.37551
0.33185
0.28137
0.22513
0.16420
0.09982
0.03351
-0.03332
-0.09921
-0.16249
-0.22197
-0.27612
-0.32371
-0.36411
-0.39600
-0.41923
-0.43330
-0.43798
-0.43404
-0.42121
-0.40055
-0.37307
-0.33924
-0.30094
-0.25890
-0.21445
-0.16949
-0.12454
-0.08127
-0.04076
-0.00365
0.02887
0.05643
0.07871
0.09529
0.10630
0.11210
0.11278
0.10900
0.10171
0.09115
0.07856
0.06480
0.05030
0.03652
0.02369
0.01243
0.00391
-0.00231
-0.00557
-0.00569
-0.00320
0.00221
0.00990
0.01926
0.03023
0.04178
0.05331
0.06440
0.07414
0.08205
0.08771
0.09047
0.09018
0.08664
0.07962
0.06938
0.05604
0.03982
0.02129
0.00088
-0.02085
-0.04319
-0.06557
-0.08733
-0.10778
-0.12644
-0.14275
-0.15626
-0.16671
-0.17379
-0.17746
-0.17768
-0.17451
-0.16825
-0.15904
-0.14735
-0.13353
-0.11796
-0.10133
-0.08387
-0.06614
-0.04866
-0.03165
-0.01564
-0.00085
0.01259
0.02427
0.03427
0.04257
0.04900
0.05385
0.05717
0.05902
0.05985
0.05967
0.05878
0.05763
0.05617
0.05488
0.05399
0.05351
0.05387
0.05503
0.05710
0.06028
0.06439
0.06949
0.07555
0.08234
0.08981
0.09776
0.10594
0.11421
0.12232
0.12994
0.13702
0.14321
0.14828
0.15220
0.15459
0.15550
0.15477
0.15220
0.14799
0.14194
0.13412
0.12471
0.11356
0.10101
0.08711
0.07191
0.05578
0.03876
0.02107
0.00302
-0.01529
-0.03359
-0.05158
-0.06916
-0.08599
-0.10181
-0.11661
-0.12991
-0.14167
-0.15172
-0.15974
-0.16585
-0.16973
-0.17134
-0.17085
-0.16798
-0.16298
-0.15588
-0.14676
-0.13596
-0.12352
-0.10981
-0.09508
-0.07963
-0.06383
-0.04796
-0.03243
-0.01745
-0.00345
0.00933
0.02068
0.03027
0.03808
0.04387
0.04755
0.04929
0.04887
0.04658
0.04246
0.03664
0.02954
0.02116
0.01194
0.00214
-0.00805
-0.01814
-0.02805
-0.03739
-0.04591
-0.05348
-0.05976
-0.06475
-0.06821
-0.07007
-0.07034
-0.06886
-0.06582
-0.06114
-0.05493
-0.04735
-0.03845
-0.02850
-0.01760
-0.00598
0.00611
0.01850
0.03090
0.04312
0.05488
0.06601
0.07626
0.08542
0.09336
0.09985
0.10484
0.10820
0.10979
0.10977
0.10795
0.10448
0.09947
0.09290
0.08510
0.07611
0.06611
0.05545
0.04418
0.03262
0.02097
0.00938
-0.00187
-0.01265
-0.02284
-0.03229
-0.04087
-0.04863
-0.05543
-0.06125
-0.06632
-0.07041
-0.07374
-0.07643
-0.07826
-0.07973
-0.08059
-0.08078
-0.08078
-0.08003
-0.07879
-0.07705
-0.07429
-0.07099
-0.06659
-0.06088
-0.05407
-0.04561
-0.03553
-0.02374
-0.01001
0.00564
0.02315
0.04257
0.06379
0.08633
0.11037
0.13525
0.16033
0.18582
0.21038
0.23377
0.25554
0.27425
0.29027
0.30222
0.30934
0.31176
0.30818
0.29864
0.28284
0.26022
0.23130
0.19589
0.15432
0.10721
0.05522
-0.00095
-0.06018
-0.12120
-0.18323
-0.24440
-0.30363
-0.35967
-0.41054
-0.45592
-0.49385
-0.52335
-0.54407
-0.55456
-0.55503
-0.54494
-0.52409
-0.49344
-0.45282
-0.40340
-0.34609
-0.28196
-0.21270
-0.13947
-0.06418
0.01169
0.08635
0.15808
0.22545
0.28665
0.34084
0.38642
0.42262
0.44894
0.46450
0.46980
0.46439
0.44878
0.42415
0.39051
0.34971
0.30259
0.25039
0.19526
0.13785
0.08019
0.02368
-0.03063
-0.08104
-0.12685
-0.16695
-0.20065
-0.22745
-0.24700
-0.25928
-0.26415
-0.26230
-0.25373
-0.23915
-0.21967
-0.19539
-0.16783
-0.13756
-0.10536
-0.07280
-0.04000
-0.00815
0.02188
0.04988
0.07487
0.09669
0.11504
0.12956
0.14032
0.14736
0.15077
0.15073
0.14777
0.14198
0.13383
0.12405
0.11262
0.10038
0.08763
0.07455
0.06201
0.04985
0.03841
0.02816
0.01882
0.01068
0.00371
-0.00232
-0.00736
-0.01165
-0.01549
-0.01903
-0.02246
-0.02625
-0.03042
-0.03513
-0.04091
-0.04738
-0.05483
-0.06330
-0.07224
-0.08201
-0.09193
-0.10154
-0.11087
-0.11895
-0.12546
-0.12999
-0.13173
-0.13055
-0.12587
-0.11739
-0.10499
-0.08864
-0.06833
-0.04439
-0.01736
0.01256
0.04432
0.07718
0.11051
0.14286
0.17375
0.20197
0.22636
0.24663
0.26151
0.27060
0.27358
0.26979
0.25966
0.24290
0.21986
0.19113
0.15713
0.11883
0.07693
0.03253
-0.01339
-0.05975
-0.10537
-0.14938
-0.19053
-0.22812
-0.26125
-0.28906
-0.31137
-0.32737
-0.33708
-0.34035
-0.33695
-0.32771
-0.31232
-0.29147
-0.26585
-0.23569
-0.20216
-0.16563
-0.12692
-0.08708
-0.04652
-0.00624
0.03312
0.07087
0.10638
0.13908
0.16842
0.19419
0.21575
0.23317
0.24612
0.25432
0.25846
0.25787
0.25308
0.24445
0.23179
0.21609
0.19726
0.17571
0.15239
0.12712
0.10074
0.07364
0.04606
0.01871
-0.00825
-0.03438
-0.05940
-0.08295
-0.10490
-0.12497
-0.14279
-0.15871
-0.17206
-0.18295
-0.19150
-0.19715
-0.20043
-0.20094
-0.19854
-0.19382
-0.18611
-0.17580
-0.16295
-0.14733
-0.12948
-0.10919
-0.08672
-0.06243
-0.03643
-0.00914
0.01908
0.04773
0.07646
0.10458
0.13160
0.15703
0.18009
0.20053
0.21763
0.23092
0.24036
0.24529
0.24583
0.24189
0.23338
0.22092
0.20446
0.18461
0.16203
0.13709
0.11072
0.08348
0.05603
0.02925
0.00358
-0.02037
-0.04207
-0.06122
-0.07755
-0.09082
-0.10108
-0.10835
-0.11265
-0.11442
-0.11369
-0.11082
-0.10639
-0.10038
-0.09342
-0.08583
-0.07773
-0.06979
-0.06196
-0.05454
-0.04796
-0.04203
-0.03706
-0.03311
-0.03007
-0.02808
-0.02702
-0.02676
-0.02730
-0.02846
-0.03003
-0.03198
-0.03408
-0.03609
-0.03800
-0.03953
-0.04053
-0.04098
-0.04060
-0.03943
-0.03743
-0.03439
-0.03056
-0.02587
-0.02039
-0.01435
-0.00779
-0.00099
0.00585
0.01256
0.01883
0.02447
0.02923
0.03297
0.03546
0.03660
0.03638
0.03465
0.03157
0.02723
0.02168
0.01532
0.00825
0.00083
-0.00650
-0.01356
-0.01988
-0.02512
-0.02904
-0.03128
-0.03166
-0.03006
-0.02634
-0.02050
-0.01271
-0.00300
0.00833
0.02087
0.03448
0.04854
0.06263
0.07641
0.08914
0.10063
0.11031
0.11766
0.12261
0.12465
0.12368
0.11964
0.11238
0.10211
0.08890
0.07300
0.05475
0.03453
0.01278
-0.01003
-0.03330
-0.05663
-0.07935
-0.10096
-0.12105
-0.13894
-0.15449
-0.16714
-0.17662
-0.18286
-0.18551
-0.18474
-0.18044
-0.17269
-0.16188
-0.14801
-0.13156
-0.11286
-0.09222
-0.07030
-0.04737
-0.02400
-0.00070
0.02212
0.04393
0.06434
0.08294
0.09942
0.11342
0.12478
0.13331
0.13888
0.14161
0.14136
0.13839
0.13291
0.12499
0.11518
0.10361
0.09074
0.07709
0.06283
0.04863
0.03475
0.02159
0.00962
-0.00099
-0.00987
-0.01686
-0.02180
-0.02459
-0.02524
-0.02374
-0.02028
-0.01492
-0.00795
0.00038
0.00987
0.02004
0.03074
0.04153
0.05202
0.06207
0.07115
0.07917
0.08581
0.09080
0.09417
0.09557
0.09517
0.09283
0.08852
0.08251
0.07470
0.06536
0.05467
0.04264
0.02979
0.01607
0.00176
-0.01280
-0.02758
-0.04223
-0.05660
-0.07061
-0.08398
-0.09665
-0.10854
-0.11950
-0.12946
-0.13852
-0.14645
-0.15332
-0.15920
-0.16384
-0.16751
-0.17003
-0.17127
-0.17156
-0.17049
-0.16815
-0.16462
-0.15955
-0.15321
-0.14539
-0.13594
-0.12510
-0.11266
-0.09866
-0.08327
-0.06646
-0.04835
-0.02923
-0.00917
0.01152
0.03244
0.05350
0.07413
0.09393
0.11280
0.12998
0.14536
0.15854
0.16903
0.17695
0.18177
0.18343
0.18205
0.17734
0.16967
0.15903
0.14562
0.12993
0.11205
0.09253
0.07173
0.05010
0.02814
0.00623
-0.01504
-0.03541
-0.05431
-0.07142
-0.08649
-0.09902
-0.10908
-0.11626
-0.12045
-0.12181
-0.12005
-0.11548
-0.10809
-0.09799
-0.08571
-0.07116
-0.05490
-0.03719
-0.01836
0.00102
0.02074
0.04022
0.05913
0.07707
0.09358
0.10841
0.12113
0.13156
0.13941
0.14447
0.14674
0.14601
0.14243
0.13596
0.12678
0.11516
0.10122
0.08543
0.06800
0.04943
0.03018
0.01057
-0.00873
-0.02745
-0.04503
-0.06097
-0.07501
-0.08660
-0.09558
-0.10160
-0.10446
-0.10413
-0.10047
-0.09367
-0.08371
-0.07096
-0.05568
-0.03818
-0.01912
0.00127
0.02222
0.04320
0.06378
0.08305
0.10080
0.11628
0.12893
0.13859
0.14457
0.14685
0.14512
0.13920
0.12930
0.11531
0.09758
0.07634
0.05198
0.02511
-0.00386
-0.03415
-0.06515
-0.09610
-0.12618
-0.15475
-0.18093
-0.20417
-0.22375
-0.23915
-0.25001
-0.25590
-0.25686
-0.25272
-0.24370
-0.23017
-0.21240
-0.19118
-0.16700
-0.14061
-0.11300
-0.08469
-0.05663
-0.02951
-0.00391
0.01949
0.04034
0.05828
0.07312
0.08472
0.09320
0.09859
0.10107
0.10111
0.09872
0.09445
0.08866
0.08147
0.07357
0.06496
0.05598
0.04715
0.03826
0.02980
0.02178
0.01425
0.00747
0.00129
-0.00411
-0.00877
-0.01266
-0.01577
-0.01814
-0.01966
-0.02054
-0.02061
-0.01991
-0.01862
-0.01653
-0.01386
-0.01057
-0.00657
-0.00222
0.00275
0.00819
0.01397
0.02020
0.02667
0.03340
0.04034
0.04738
0.05447
0.06152
0.06846
0.07515
0.08158
0.08757
0.09301
0.09787
0.10194
0.10516
0.10744
0.10858
0.10865
0.10744
0.10492
0.10110
0.09590
0.08938
0.08157
0.07255
0.06240
0.05131
0.03941
0.02690
0.01407
0.00104
-0.01181
-0.02420
-0.03601
-0.04675
-0.05634
-0.06448
-0.07083
-0.07555
-0.07819
-0.07879
-0.07743
-0.07391
-0.06857
-0.06138
-0.05249
-0.04234
-0.03091
-0.01863
-0.00574
0.00753
0.02079
0.03389
0.04652
0.05853
0.06966
0.07981
0.08891
0.09666
0.10340
0.10878
0.11281
0.11582
0.11733
0.11784
0.11721
0.11508
0.11222
0.10789
0.10224
0.09550
0.08695
0.07713
0.06559
0.05197
0.03672
0.01925
-0.00036
-0.02198
-0.04588
-0.07170
-0.09933
-0.12865
-0.15919
-0.19049
-0.22227
-0.25378
-0.28435
-0.31368
-0.34067
-0.36488
-0.38576
-0.40234
-0.41463
-0.42183
-0.42357
-0.42005
-0.41072
-0.39593
-0.37586
-0.35052
-0.32086
-0.28702
-0.24964
-0.20968
-0.16759
-0.12429
-0.08061
-0.03712
0.00527
0.04589
0.08436
0.11986
0.15204
0.18086
0.20558
0.22645
0.24336
0.25604
0.26519
0.27044
0.27214
0.27109
0.26680
0.26019
0.25141
0.24056
0.22852
0.21506
0.20069
0.18582
0.17038
0.15486
0.13929
0.12390
0.10879
0.09412
0.08006
0.06652
0.05389
0.04198
0.03104
0.02139
0.01248
0.00513
-0.00088
-0.00560
-0.00844
-0.00996
-0.00964
-0.00737
-0.00370
0.00205
0.00945
0.01846
0.02931
0.04133
0.05480
0.06945
0.08482
0.10099
0.11745
0.13401
0.15045
0.16627
0.18137
0.19539
0.20807
0.21918
0.22852
0.23593
0.24120
0.24441
0.24535
0.24407
0.24069
0.23507
0.22759
0.21824
0.20708
0.19461
0.18070
0.16569
0.14990
0.13320
0.11617
0.09878
0.08103
0.06342
0.04573
0.02812
0.01086
-0.00639
-0.02322
-0.03974
-0.05618
-0.07206
-0.08776
-0.10317
-0.11802
-0.13274
-0.14685
-0.16047
-0.17373
-0.18615
-0.19809
-0.20920
-0.21941
-0.22896
-0.23735
-0.24490
-0.25148
-0.25690
-0.26162
-0.26514
-0.26788
-0.26994
-0.27110
-0.27197
-0.27221
-0.27220
-0.27225
-0.27207
-0.27226
-0.27271
-0.27353
-0.27513
-0.27705
-0.27983
-0.28331
-0.28740
-0.29227
-0.29753
-0.30333
-0.30942
-0.31549
-0.32159
-0.32716
-0.33225
-0.33648
-0.33941
-0.34115
-0.34109
-0.33921
-0.33536
-0.32905
-0.32058
-0.30958
-0.29599
-0.28014
-0.26169
-0.24110
-0.21850
-0.19389
-0.16796
-0.14071
-0.11263
-0.08427
-0.05568
-0.02770
-0.00049
0.02561
0.04987
0.07245
0.09260
0.11029
0.12557
0.13776
0.14757
0.15445
0.15870
0.16105
0.16086
0.15938
0.15668
0.15292
0.14964
0.14611
0.14372
0.14319
0.14413
0.14829
0.15502
0.16511
0.17950
0.19710
0.21922
0.24537
0.27513
0.30936
0.34621
0.38635
0.42923
0.47340
0.51929
0.56522
0.61075
0.65564
0.69789
0.73789
0.77457
0.80695
0.83543
0.85853
0.87666
0.88989
0.89742
0.90028
0.89827
0.89182
0.88189
0.86834
0.85242
0.83461
0.81553
0.79597
0.77625
0.75726
0.73892
0.72192
0.70629
0.69155
0.67855
0.66595
0.65393
0.64234
0.62923
0.61574
0.60000
0.58103
0.55968
0.53308
0.50243
0.46672
0.42404
0.37645
0.32170
0.26015
0.19294
0.11795
0.03782
-0.04815
-0.14020
-0.23558
-0.33564
-0.43820
-0.54208
-0.64789
-0.75226
-0.85555
-0.95667
-1.05308
-1.14578
-1.23179
-1.31095
-1.38344
-1.44653
-1.50163
-1.54757
-1.58366
-1.61182
-1.62991
-1.63999
-1.64285
-1.63775
-1.62782
-1.61209
-1.59262
-1.57148
-1.54783
-1.52486
-1.50259
-1.48202
-1.46531
-1.45085
-1.44132
-1.43616
-1.43523
-1.43950
-1.44690
-1.45866
-1.47316
-1.48912
-1.50687
-1.52335
-1.53916
-1.55212
-1.56017
-1.56406
-1.56018
-1.54925
-1.52983
-1.49965
-1.46062
-1.40974
-1.34800
-1.27586
-1.19116
-1.09718
-0.99243
-0.87765
-0.75564
-0.62442
-0.48800
-0.34655
-0.19996
-0.05281
0.09670
0.24544
0.39138
0.53628
0.67497
0.80898
0.93775
1.05756
1.17215
1.27728
1.37412
1.46518
1.54605
1.62145
1.69032
1.75194
1.81168
1.86510
1.91676
1.96838
2.01721
2.06948
2.12153
2.17591
2.23585
2.29653
2.36319
2.43372
2.50701
2.58701
2.66691
2.75099
2.83788
2.92374
3.01204
3.09745
3.18117
3.26336
3.33874
3.41079
3.47596
3.53355
3.58481
3.62498
3.65720
3.67923
3.69000
3.69107
3.67939
3.65737
3.62353
3.57702
3.52022
3.45001
3.36965
3.27758
3.17305
3.05970
2.93329
2.79791
2.65294
2.49563
2.33212
2.15721
1.97376
1.78416
1.58251
1.37684
1.16283
0.93955
0.71386
0.47744
0.23798
-0.00584
-0.25919
-0.51178
-0.77140
-1.03489
-1.29747
-1.56806
-1.83517
-2.10408
-2.37677
-2.64333
-2.91393
-3.17973
-3.44119
-3.70502
-3.95856
-4.21071
-4.45877
-4.69681
-4.93535
-5.16119
-5.38145
-5.59847
-5.80226
-6.00345
-6.19458
-6.37624
-6.55535
-6.72004
-6.87977
-7.03201
-7.17242
-7.30921
-7.43204
-7.54727
-7.65507
-7.74878
-7.83537
-7.90834
-7.96959
-8.02051
-8.05316
-8.07458
-8.07858
-8.06601
-8.03731
-7.98602
-7.91821
-7.82717
-7.71380
-7.57981
-7.41740
-7.23484
-7.02498
-6.78777
-6.52931
-6.23864
-5.92718
-5.58967
-5.22254
-4.83870
-4.42435
-3.99174
-3.54099
-3.05409
-2.54953
-2.05742
-1.56506
-1.04110
-0.44802
0.16855
0.70575
1.17109
1.68840
2.37205
3.13636
3.72080
4.06161
4.44020
5.19130
6.22702
6.97733
7.08565
7.02416
7.73381
9.48058
11.08399
10.70354
7.60450
3.09074
