-0.01431
-0.04012
-0.06493
-0.08798
-0.10854
-0.12587
-0.13925
-0.14818
-0.15224
-0.15111
-0.14470
-0.13297
-0.11604
-0.09422
-0.06786
-0.03750
-0.00378
0.03262
0.07091
0.11024
0.14977
0.18862
0.22591
0.26084
0.29260
0.32048
0.34388
0.36222
0.37509
0.38221
0.38334
0.37846
0.36762
0.35100
0.32893
0.30178
0.27011
0.23453
0.19568
0.15434
0.11130
0.06735
0.02334
-0.01992
-0.06164
-0.10106
-0.13748
-0.17030
-0.19895
-0.22302
-0.24216
-0.25613
-0.26486
-0.26832
-0.26663
-0.26005
-0.24887
-0.23353
-0.21452
-0.19240
-0.16779
-0.14133
-0.11367
-0.08547
-0.05738
-0.03001
-0.00391
0.02038
0.04245
0.06191
0.07848
0.09195
0.10217
0.10913
0.11283
0.11338
0.11094
0.10572
0.09799
0.08803
0.07616
0.06271
0.04803
0.03244
0.01626
-0.00019
-0.01664
-0.03282
-0.04850
-0.06348
-0.07757
-0.09063
-0.10254
-0.11317
-0.12245
-0.13031
-0.13668
-0.14153
-0.14483
-0.14654
-0.14666
-0.14519
-0.14212
-0.13749
-0.13133
-0.12369
-0.11465
-0.10431
-0.09279
-0.08023
-0.06679
-0.05266
-0.03803
-0.02314
-0.00819
0.00658
0.02095
0.03472
0.04767
0.05964
0.07047
0.08004
0.08825
0.09506
0.10044
0.10440
0.10699
0.10828
0.10837
0.10739
0.10547
0.10279
0.09949
0.09575
0.09173
0.08758
0.08343
0.07941
0.07562
0.07211
0.06895
0.06615
0.06371
0.06159
0.05975
0.05813
0.05664
0.05520
0.05372
0.05212
0.05029
0.04818
0.04571
0.04284
0.03952
0.03575
0.03151
0.02682
0.02170
0.01620
0.01038
0.00428
-0.00201
-0.00843
-0.01490
-0.02134
-0.02769
-0.03386
-0.03980
-0.04546
-0.05078
-0.05573
-0.06028
-0.06440
-0.06809
-0.07134
-0.07415
-0.07653
-0.07847
-0.08000
-0.08111
-0.08181
-0.08209
-0.08195
-0.08139
-0.08038
-0.07891
-0.07695
-0.07447
-0.07145
-0.06786
-0.06367
-0.05886
-0.05342
-0.04735
-0.04064
-0.03331
-0.02540
-0.01694
-0.00800
0.00134
0.01100
0.02087
0.03083
0.04076
0.05052
0.05997
0.06896
0.07735
0.08499
0.09175
0.09750
0.10212
0.10551
0.10758
0.10827
0.10753
0.10534
0.10170
0.09662
0.09017
0.08241
0.07343
0.06335
0.05231
0.04047
0.02800
0.01509
0.00193
-0.01125
-0.02425
-0.03684
-0.04882
-0.05999
-0.07013
-0.07908
-0.08667
-0.09277
-0.09727
-0.10008
-0.10116
-0.10051
-0.09814
-0.09410
-0.08851
-0.08146
-0.07312
-0.06367
-0.05331
-0.04226
-0.03076
-0.01903
-0.00734
0.00409
0.01503
0.02526
0.03458
0.04284
0.04987
0.05556
0.05985
0.06265
0.06397
0.06381
0.06221
0.05926
0.05503
0.04966
0.04328
0.03604
0.02811
0.01966
0.01087
0.00192
-0.00702
-0.01578
-0.02418
-0.03208
-0.03935
-0.04584
-0.05144
-0.05607
-0.05963
-0.06207
-0.06335
-0.06343
-0.06231
-0.06000
-0.05654
-0.05197
-0.04636
-0.03981
-0.03240
-0.02426
-0.01552
-0.00633
0.00315
0.01277
0.02236
0.03175
0.04076
0.04924
0.05703
0.06397
0.06995
0.07484
0.07855
0.08102
0.08219
0.08204
0.08058
0.07784
0.07388
0.06878
0.06265
0.05561
0.04780
0.03939
0.03054
0.02142
0.01221
0.00309
-0.00578
-0.01423
-0.02211
-0.02928
-0.03564
-0.04107
-0.04550
-0.04886
-0.05113
-0.05229
-0.05234
-0.05133
-0.04930
-0.04632
-0.04248
-0.03789
-0.03266
-0.02691
-0.02079
-0.01445
-0.00801
-0.00163
0.00454
0.01038
0.01576
0.02055
0.02465
0.02798
0.03046
0.03205
0.03272
0.03244
0.03124
0.02915
0.02620
0.02249
0.01808
0.01307
0.00759
0.00173
-0.00437
-0.01058
-0.01679
-0.02286
-0.02868
-0.03415
-0.03916
-0.04362
-0.04747
-0.05064
-0.05308
-0.05475
-0.05563
-0.05572
-0.05500
-0.05350
-0.05122
-0.04821
-0.04449
-0.04012
-0.03515
-0.02963
-0.02363
-0.01723
-0.01050
-0.00353
0.00360
0.01078
0.01792
0.02492
0.03167
0.03808
0.04403
0.04944
0.05420
0.05822
0.06143
0.06377
0.06517
0.06559
0.06501
0.06342
0.06084
0.05729
0.05282
0.04749
0.04139
0.03462
0.02728
0.01949
0.01138
0.00309
-0.00525
-0.01349
-0.02150
-0.02915
-0.03630
-0.04283
-0.04865
-0.05364
-0.05772
-0.06082
-0.06288
-0.06386
-0.06374
-0.06251
-0.06018
-0.05677
-0.05234
-0.04694
-0.04065
-0.03358
-0.02581
-0.01749
-0.00874
0.00028
0.00943
0.01854
0.02745
0.03601
0.04405
0.05143
0.05801
0.06366
0.06828
0.07177
0.07408
0.07517
0.07501
0.07363
0.07105
0.06735
0.06261
0.05694
0.05047
0.04335
0.03574
0.02778
0.01966
0.01153
0.00355
-0.00413
-0.01139
-0.01811
-0.02419
-0.02956
-0.03417
-0.03798
-0.04100
-0.04322
-0.04469
-0.04545
-0.04557
-0.04510
-0.04415
-0.04278
-0.04110
-0.03919
-0.03713
-0.03500
-0.03288
-0.03083
-0.02890
-0.02712
-0.02554
-0.02417
-0.02301
-0.02205
-0.02129
-0.02070
-0.02024
-0.01988
-0.01957
-0.01927
-0.01892
-0.01849
-0.01792
-0.01718
-0.01622
-0.01502
-0.01355
-0.01181
-0.00978
-0.00747
-0.00491
-0.00210
0.00091
0.00408
0.00738
0.01073
0.01410
0.01741
0.02062
0.02367
0.02650
0.02907
0.03134
0.03328
0.03485
0.03606
0.03689
0.03734
0.03745
0.03721
0.03667
0.03587
0.03483
0.03360
0.03223
0.03075
0.02920
0.02762
0.02603
0.02446
0.02292
0.02142
0.01994
0.01850
0.01707
0.01563
0.01417
0.01264
0.01103
0.00930
0.00744
0.00543
0.00325
0.00088
-0.00165
-0.00436
-0.00723
-0.01023
-0.01334
-0.01652
-0.01974
-0.02294
-0.02608
-0.02912
-0.03200
-0.03468
-0.03711
-0.03923
-0.04103
-0.04244
-0.04345
-0.04404
-0.04417
-0.04383
-0.04303
-0.04176
-0.04003
-0.03785
-0.03526
-0.03227
-0.02893
-0.02529
-0.02139
-0.01729
-0.01307
-0.00878
-0.00450
-0.00031
0.00372
0.00750
0.01096
0.01402
0.01663
0.01872
0.02025
0.02116
0.02144
0.02108
0.02008
0.01845
0.01624
0.01350
0.01031
0.00673
0.00288
-0.00114
-0.00522
-0.00922
-0.01302
-0.01649
-0.01952
-0.02199
-0.02378
-0.02482
-0.02502
-0.02432
-0.02269
-0.02010
-0.01655
-0.01207
-0.00671
-0.00052
0.00641
0.01399
0.02208
0.03058
0.03933
0.04819
0.05702
0.06564
0.07391
0.08169
0.08882
0.09516
0.10059
0.10498
0.10824
0.11027
0.11099
0.11036
0.10831
0.10484
0.09993
0.09360
0.08588
0.07683
0.06652
0.05504
0.04250
0.02905
0.01483
-0.00000
-0.01524
-0.03071
-0.04619
-0.06147
-0.07632
-0.09055
-0.10392
-0.11622
-0.12728
-0.13690
-0.14494
-0.15126
-0.15575
-0.15835
-0.15902
-0.15775
-0.15459
-0.14957
-0.14280
-0.13442
-0.12457
-0.11344
-0.10121
-0.08810
-0.07434
-0.06014
-0.04573
-0.03134
-0.01716
-0.00340
0.00978
0.02221
0.03376
0.04432
0.05382
0.06219
0.06939
0.07541
0.08027
0.08397
0.08658
0.08814
0.08871
0.08837
0.08720
0.08528
0.08268
0.07949
0.07578
0.07162
0.06708
0.06222
0.05708
0.05172
0.04617
0.04048
0.03467
0.02877
0.02282
0.01684
0.01085
0.00490
-0.00099
-0.00678
-0.01242
-0.01786
-0.02306
-0.02795
-0.03246
-0.03654
-0.04011
-0.04310
-0.04546
-0.04712
-0.04803
-0.04815
-0.04744
-0.04590
-0.04352
-0.04033
-0.03636
-0.03168
-0.02636
-0.02050
-0.01421
-0.00764
-0.00091
0.00582
0.01239
0.01865
0.02444
0.02961
0.03404
0.03760
0.04021
0.04179
0.04230
0.04174
0.04011
0.03748
0.03393
0.02955
0.02450
0.01894
0.01303
0.00696
0.00095
-0.00483
-0.01019
-0.01492
-0.01889
-0.02195
-0.02399
-0.02494
-0.02475
-0.02341
-0.02098
-0.01749
-0.01307
-0.00786
-0.00202
0.00426
0.01078
0.01732
0.02367
0.02961
0.03494
0.03949
0.04309
0.04563
0.04702
0.04720
0.04618
0.04398
0.04069
0.03642
0.03132
0.02558
0.01939
0.01296
0.00654
0.00033
-0.00545
-0.01061
-0.01499
-0.01846
-0.02091
-0.02230
-0.02263
-0.02192
-0.02026
-0.01775
-0.01455
-0.01083
-0.00677
-0.00261
0.00146
0.00522
0.00846
0.01099
0.01266
0.01332
0.01286
0.01121
0.00834
0.00425
-0.00100
-0.00735
-0.01466
-0.02279
-0.03154
-0.04071
-0.05007
-0.05938
-0.06839
-0.07685
-0.08453
-0.09119
-0.09665
-0.10072
-0.10326
-0.10417
-0.10338
-0.10087
-0.09667
-0.09082
-0.08344
-0.07466
-0.06466
-0.05364
-0.04182
-0.02944
-0.01676
-0.00404
0.00848
0.02053
0.03189
0.04233
0.05167
0.05972
0.06636
0.07147
0.07498
0.07684
0.07705
0.07562
0.07260
0.06808
0.06215
0.05492
0.04656
0.03720
0.02703
0.01621
0.00494
-0.00658
-0.01817
-0.02962
-0.04073
-0.05130
-0.06113
-0.07002
-0.07779
-0.08424
-0.08918
-0.09246
-0.09392
-0.09339
-0.09078
-0.08598
-0.07891
-0.06954
-0.05786
-0.04391
-0.02779
-0.00961
0.01043
0.03210
0.05513
0.07918
0.10388
0.12882
0.15356
0.17764
0.20060
0.22196
0.24126
0.25809
0.27203
0.28277
0.29002
0.29355
0.29326
0.28908
0.28104
0.26929
0.25399
0.23546
0.21402
0.19007
0.16407
0.13651
0.10788
0.07868
0.04941
0.02053
-0.00753
-0.03438
-0.05972
-0.08326
-0.10484
-0.12432
-0.14164
-0.15684
-0.16996
-0.18112
-0.19051
-0.19830
-0.20471
-0.20996
-0.21429
-0.21790
-0.22099
-0.22373
-0.22623
-0.22861
-0.23090
-0.23313
-0.23525
-0.23719
-0.23885
-0.24008
-0.24071
-0.24057
-0.23946
-0.23719
-0.23356
-0.22841
-0.22157
-0.21294
-0.20241
-0.18994
-0.17554
-0.15924
-0.14114
-0.12138
-0.10014
-0.07767
-0.05422
-0.03010
-0.00564
0.01882
0.04294
0.06634
0.08870
0.10970
0.12903
0.14645
0.16174
0.17471
0.18529
0.19339
0.19901
0.20223
0.20311
0.20184
0.19860
0.19362
0.18716
0.17951
0.17093
0.16173
0.15220
0.14260
0.13317
0.12414
0.11568
0.10794
0.10104
0.09501
0.08990
0.08568
0.08228
0.07964
0.07761
0.07607
0.07487
0.07385
0.07284
0.07168
0.07024
0.06838
0.06601
0.06303
0.05940
0.05509
0.05010
0.04449
0.03830
0.03162
0.02456
0.01724
0.00978
0.00233
-0.00498
-0.01202
-0.01866
-0.02481
-0.03036
-0.03525
-0.03942
-0.04286
-0.04556
-0.04754
-0.04882
-0.04948
-0.04958
-0.04920
-0.04844
-0.04740
-0.04617
-0.04485
-0.04353
-0.04231
-0.04124
-0.04039
-0.03981
-0.03953
-0.03956
-0.03992
-0.04058
-0.04153
-0.04273
-0.04414
-0.04571
-0.04739
-0.04911
-0.05083
-0.05249
-0.05403
-0.05541
-0.05660
-0.05756
-0.05828
-0.05873
-0.05893
-0.05887
-0.05858
-0.05807
-0.05739
-0.05655
-0.05560
-0.05457
-0.05349
-0.05239
-0.05129
-0.05022
-0.04917
-0.04814
-0.04711
-0.04607
-0.04498
-0.04380
-0.04247
-0.04095
-0.03918
-0.03710
-0.03465
-0.03179
-0.02847
-0.02466
-0.02035
-0.01551
-0.01018
-0.00437
0.00188
0.00850
0.01541
0.02253
0.02975
0.03697
0.04406
0.05091
0.05738
0.06337
0.06875
0.07342
0.07729
0.08028
0.08234
0.08340
0.08346
0.08252
0.08057
0.07768
0.07388
0.06926
0.06389
0.05789
0.05136
0.04443
0.03722
0.02987
0.02251
0.01527
0.00827
0.00166
-0.00448
-0.01002
-0.01487
-0.01896
-0.02222
-0.02459
-0.02606
-0.02659
-0.02619
-0.02488
-0.02270
-0.01969
-0.01591
-0.01146
-0.00643
-0.00092
0.00495
0.01105
0.01727
0.02346
0.02950
0.03525
0.04059
0.04540
0.04957
0.05301
0.05564
0.05740
0.05822
0.05809
0.05699
0.05493
0.05194
0.04805
0.04333
0.03784
0.03168
0.02494
0.01771
0.01011
0.00223
-0.00580
-0.01389
-0.02193
-0.02984
-0.03752
-0.04489
-0.05189
-0.05845
-0.06450
-0.07001
-0.07494
-0.07923
-0.08285
-0.08578
-0.08798
-0.08942
-0.09006
-0.08988
-0.08885
-0.08693
-0.08409
-0.08031
-0.07557
-0.06986
-0.06316
-0.05551
-0.04690
-0.03741
-0.02709
-0.01602
-0.00433
0.00785
0.02035
0.03298
0.04554
0.05778
0.06948
0.08036
0.09018
0.09867
0.10560
0.11072
0.11384
0.11479
0.11344
0.10970
0.10357
0.09505
0.08425
0.07132
0.05647
0.03998
0.02217
0.00340
-0.01591
-0.03533
-0.05441
-0.07269
-0.08972
-0.10511
-0.11843
-0.12937
-0.13766
-0.14306
-0.14547
-0.14482
-0.14113
-0.13453
-0.12519
-0.11336
-0.09937
-0.08355
-0.06631
-0.04807
-0.02923
-0.01021
0.00859
0.02680
0.04411
0.06022
0.07492
0.08800
0.09933
0.10886
0.11652
0.12235
0.12637
0.12866
0.12934
0.12851
0.12630
0.12285
0.11830
0.11277
0.10639
0.09927
0.09151
0.08319
0.07440
0.06519
0.05562
0.04575
0.03562
0.02528
0.01479
0.00422
-0.00637
-0.01690
-0.02726
-0.03736
-0.04708
-0.05629
-0.06488
-0.07271
-0.07966
-0.08562
-0.09047
-0.09413
-0.09654
-0.09764
-0.09742
-0.09588
-0.09306
-0.08902
-0.08385
-0.07768
-0.07063
-0.06286
-0.05457
-0.04592
-0.03712
-0.02838
-0.01988
-0.01181
-0.00437
0.00231
0.00807
0.01279
0.01640
0.01882
0.02004
0.02007
0.01894
0.01673
0.01354
0.00951
0.00479
-0.00044
-0.00599
-0.01164
-0.01718
-0.02240
-0.02709
-0.03104
-0.03407
-0.03602
-0.03675
-0.03614
-0.03413
-0.03069
-0.02580
-0.01952
-0.01193
-0.00315
0.00663
0.01724
0.02843
0.03993
0.05147
0.06274
0.07342
0.08322
0.09182
0.09894
0.10432
0.10775
0.10903
0.10806
0.10476
0.09913
0.09127
0.08129
0.06942
0.05595
0.04120
0.02559
0.00957
-0.00639
-0.02178
-0.03609
-0.04884
-0.05954
-0.06779
-0.07325
-0.07559
-0.07468
-0.07042
-0.06281
-0.05204
-0.03835
-0.02208
-0.00375
0.01612
0.03687
0.05781
0.07822
0.09737
0.11452
0.12900
0.14020
0.14754
0.15066
0.14923
0.14305
0.13218
0.11668
0.09688
0.07321
0.04618
0.01654
-0.01497
-0.04751
-0.08015
-0.11197
-0.14209
-0.16962
-0.19375
-0.21380
-0.22915
-0.23936
-0.24418
-0.24340
-0.23715
-0.22562
-0.20917
-0.18841
-0.16397
-0.13667
-0.10739
-0.07707
-0.04667
-0.01718
0.01050
0.03554
0.05713
0.07472
0.08781
0.09604
0.09934
0.09766
0.09122
0.08039
0.06560
0.04752
0.02685
0.00435
-0.01911
-0.04269
-0.06556
-0.08690
-0.10595
-0.12207
-0.13467
-0.14329
-0.14764
-0.14745
-0.14267
-0.13336
-0.11965
-0.10184
-0.08026
-0.05538
-0.02772
0.00218
0.03370
0.06624
0.09916
0.13187
0.16374
0.19424
0.22283
0.24901
0.27239
0.29257
0.30923
0.32216
0.33112
0.33601
0.33676
0.33336
0.32588
0.31442
0.29916
0.28033
0.25818
0.23303
0.20525
0.17521
0.14332
0.11002
0.07576
0.04097
0.00613
-0.02835
-0.06201
-0.09446
-0.12533
-0.15425
-0.18092
-0.20507
-0.22646
-0.24492
-0.26030
-0.27251
-0.28152
-0.28730
-0.28991
-0.28943
-0.28597
-0.27970
-0.27079
-0.25947
-0.24596
-0.23053
-0.21343
-0.19497
-0.17542
-0.15508
-0.13425
-0.11321
-0.09227
-0.07168
-0.05172
-0.03262
-0.01461
0.00213
0.01741
0.03112
0.04314
0.05341
0.06191
0.06862
0.07360
0.07692
0.07868
0.07900
0.07804
0.07597
0.07298
0.06925
0.06500
0.06040
0.05567
0.05097
0.04648
0.04234
0.03867
0.03560
0.03319
0.03151
0.03058
0.03042
0.03100
0.03229
0.03423
0.03674
0.03974
0.04311
0.04675
0.05053
0.05433
0.05804
0.06152
0.06467
0.06738
0.06955
0.07110
0.07196
0.07206
0.07138
0.06988
0.06756
0.06443
0.06051
0.05585
0.05051
0.04455
0.03805
0.03110
0.02381
0.01628
0.00862
0.00095
-0.00664
-0.01402
-0.02110
-0.02777
-0.03395
-0.03955
-0.04449
-0.04873
-0.05222
-0.05490
-0.05677
-0.05781
-0.05803
-0.05745
-0.05609
-0.05400
-0.05124
-0.04786
-0.04394
-0.03958
-0.03484
-0.02983
-0.02465
-0.01939
-0.01416
-0.00904
-0.00413
0.00048
0.00471
0.00850
0.01177
0.01449
0.01660
0.01808
0.01892
0.01911
0.01867
0.01760
0.01595
0.01377
0.01109
0.00797
0.00450
0.00072
-0.00327
-0.00740
-0.01160
-0.01578
-0.01986
-0.02377
-0.02744
-0.03078
-0.03374
-0.03625
-0.03826
-0.03973
-0.04060
-0.04086
-0.04047
-0.03941
-0.03770
-0.03532
-0.03230
-0.02866
-0.02443
-0.01967
-0.01442
-0.00877
-0.00278
0.00347
0.00987
0.01633
0.02274
0.02900
0.03500
0.04064
0.04581
0.05040
0.05433
0.05752
0.05990
0.06141
0.06199
0.06164
0.06033
0.05808
0.05492
0.05088
0.04603
0.04045
0.03422
0.02746
0.02027
0.01278
0.00512
-0.00259
-0.01021
-0.01761
-0.02468
-0.03130
-0.03736
-0.04277
-0.04744
-0.05131
-0.05433
-0.05645
-0.05765
-0.05794
-0.05730
-0.05577
-0.05338
-0.05017
-0.04621
-0.04157
-0.03631
-0.03052
-0.02430
-0.01773
-0.01092
-0.00396
0.00303
0.00997
0.01674
0.02325
0.02941
0.03512
0.04030
0.04488
0.04878
0.05195
0.05433
0.05590
0.05663
0.05650
0.05551
0.05368
0.05104
0.04762
0.04347
0.03866
0.03327
0.02736
0.02105
0.01441
0.00756
0.00059
-0.00640
-0.01329
-0.01999
-0.02640
-0.03244
-0.03803
-0.04308
-0.04754
-0.05135
-0.05447
-0.05685
-0.05849
-0.05935
-0.05945
-0.05878
-0.05735
-0.05519
-0.05234
-0.04883
-0.04470
-0.04000
-0.03480
-0.02915
-0.02313
-0.01680
-0.01025
-0.00355
0.00322
0.00996
0.01659
0.02303
0.02918
0.03497
0.04030
0.04512
0.04936
0.05294
0.05582
0.05796
0.05933
0.05992
0.05971
0.05872
0.05695
0.05444
0.05123
0.04737
0.04290
0.03790
0.03244
0.02658
0.02041
0.01399
0.00741
0.00074
-0.00594
-0.01256
-0.01905
-0.02533
-0.03134
-0.03702
-0.04229
-0.04710
-0.05139
-0.05509
-0.05816
-0.06053
-0.06216
-0.06301
-0.06302
-0.06215
-0.06039
-0.05770
-0.05407
-0.04948
-0.04395
-0.03750
-0.03014
-0.02193
-0.01294
-0.00324
0.00708
0.01788
0.02905
0.04042
0.05183
0.06308
0.07399
0.08434
0.09391
0.10247
0.10982
0.11572
0.11997
0.12237
0.12277
0.12100
0.11697
0.11061
0.10187
0.09082
0.07751
0.06207
0.04472
0.02569
0.00529
-0.01612
-0.03815
-0.06036
-0.08228
-0.10345
-0.12337
-0.14159
-0.15766
-0.17119
-0.18183
-0.18933
-0.19345
-0.19410
-0.19129
-0.18506
-0.17560
-0.16317
-0.14810
-0.13081
-0.11175
-0.09141
-0.07033
-0.04902
-0.02796
-0.00766
0.01148
0.02912
0.04492
0.05870
0.07033
0.07975
0.08699
0.09216
0.09542
0.09702
0.09721
0.09630
0.09461
0.09247
0.09020
0.08809
0.08639
0.08531
0.08502
0.08559
0.08706
0.08939
0.09244
0.09607
0.10002
0.10402
0.10776
0.11088
0.11304
0.11390
0.11313
0.11043
0.10561
0.09848
0.08894
0.07702
0.06276
0.04638
0.02813
0.00834
-0.01254
-0.03404
-0.05565
-0.07680
-0.09692
-0.11550
-0.13199
-0.14595
-0.15701
-0.16482
-0.16922
-0.17010
-0.16745
-0.16141
-0.15219
-0.14010
-0.12554
-0.10897
-0.09089
-0.07185
-0.05240
-0.03307
-0.01441
0.00311
0.01908
0.03309
0.04489
0.05423
0.06098
0.06511
0.06661
0.06561
0.06229
0.05685
0.04962
0.04091
0.03108
0.02052
0.00963
-0.00121
-0.01163
-0.02127
-0.02984
-0.03704
-0.04267
-0.04655
-0.04856
-0.04866
-0.04685
-0.04319
-0.03780
-0.03084
-0.02252
-0.01308
-0.00279
0.00806
0.01915
0.03020
0.04089
0.05093
0.06008
0.06808
0.07472
0.07986
0.08334
0.08510
0.08510
0.08333
0.07985
0.07475
0.06814
0.06020
0.05109
0.04103
0.03025
0.01897
0.00745
-0.00409
-0.01540
-0.02627
-0.03648
-0.04584
-0.05419
-0.06137
-0.06729
-0.07183
-0.07494
-0.07658
-0.07674
-0.07543
-0.07271
-0.06864
-0.06330
-0.05680
-0.04927
-0.04085
-0.03170
-0.02197
-0.01185
-0.00150
0.00888
0.01913
0.02905
0.03849
0.04726
0.05524
0.06227
0.06823
0.07302
0.07656
0.07879
0.07967
0.07919
0.07738
0.07425
0.06988
0.06436
0.05779
0.05030
0.04203
0.03313
0.02376
0.01411
0.00433
-0.00540
-0.01492
-0.02407
-0.03271
-0.04071
-0.04796
-0.05434
-0.05979
-0.06425
-0.06767
-0.07003
-0.07134
-0.07160
-0.07085
-0.06913
-0.06650
-0.06303
-0.05880
-0.05390
-0.04842
-0.04246
-0.03612
-0.02950
-0.02271
-0.01584
-0.00900
-0.00228
0.00424
0.01046
0.01632
0.02173
0.02664
0.03099
0.03473
0.03783
0.04025
0.04196
0.04296
0.04324
0.04280
0.04165
0.03981
0.03731
0.03416
0.03043
0.02613
0.02133
0.01607
0.01041
0.00441
-0.00185
-0.00833
-0.01493
-0.02157
-0.02818
-0.03465
-0.04090
-0.04681
-0.05227
-0.05718
-0.06140
-0.06483
-0.06735
-0.06883
-0.06915
-0.06823
-0.06596
-0.06228
-0.05712
-0.05044
-0.04227
-0.03261
-0.02154
-0.00917
0.00438
0.01892
0.03422
0.05004
0.06607
0.08202
0.09753
0.11225
0.12582
0.13788
0.14807
0.15607
0.16160
0.16439
0.16425
0.16106
0.15471
0.14524
0.13272
0.11731
0.09927
0.07889
0.05657
0.03276
0.00793
-0.01737
-0.04259
-0.06717
-0.09057
-0.11224
-0.13173
-0.14859
-0.16245
-0.17305
-0.18017
-0.18372
-0.18368
-0.18011
-0.17318
-0.16314
-0.15027
-0.13498
-0.11765
-0.09874
-0.07873
-0.05808
-0.03727
-0.01676
0.00303
0.02172
0.03896
0.05445
0.06798
0.07935
0.08846
0.09525
0.09973
0.10195
0.10201
0.10006
0.09630
0.09093
0.08418
0.07631
0.06756
0.05819
0.04843
0.03852
0.02865
0.01902
0.00978
0.00106
-0.00703
-0.01444
-0.02109
-0.02697
-0.03209
-0.03644
-0.04005
-0.04297
-0.04522
-0.04686
-0.04791
-0.04842
-0.04841
-0.04789
-0.04689
-0.04540
-0.04342
-0.04094
-0.03796
-0.03446
-0.03043
-0.02587
-0.02079
-0.01521
-0.00915
-0.00267
0.00417
0.01130
0.01863
0.02603
0.03338
0.04055
0.04739
0.05374
0.05945
0.06436
0.06833
0.07121
0.07288
0.07323
0.07219
0.06970
0.06573
0.06029
0.05341
0.04517
0.03567
0.02506
0.01349
0.00117
-0.01169
-0.02483
-0.03800
-0.05092
-0.06333
-0.07493
-0.08547
-0.09466
-0.10229
-0.10811
-0.11194
-0.11364
-0.11306
-0.11015
-0.10489
-0.09727
-0.08740
-0.07539
-0.06141
-0.04571
-0.02855
-0.01025
0.00882
0.02829
0.04774
0.06673
0.08485
0.10167
0.11676
0.12976
0.14031
0.14813
0.15297
0.15466
0.15310
0.14829
0.14026
0.12919
0.11527
0.09883
0.08023
0.05989
0.03831
0.01599
-0.00653
-0.02873
-0.05007
-0.07006
-0.08826
-0.10426
-0.11776
-0.12850
-0.13631
-0.14115
-0.14298
-0.14192
-0.13813
-0.13183
-0.12331
-0.11289
-0.10092
-0.08777
-0.07380
-0.05937
-0.04481
-0.03043
-0.01647
-0.00317
0.00932
0.02089
0.03145
0.04101
0.04957
0.05718
0.06393
0.06991
0.07522
0.07998
0.08428
0.08819
0.09179
0.09511
0.09815
0.10090
0.10328
0.10522
0.10662
0.10732
0.10720
0.10609
0.10383
0.10028
0.09530
0.08877
0.08060
0.07075
0.05919
0.04596
0.03115
0.01488
-0.00266
-0.02124
-0.04060
-0.06040
-0.08030
-0.09992
-0.11885
-0.13669
-0.15304
-0.16751
-0.17973
-0.18939
-0.19621
-0.19999
-0.20058
-0.19791
-0.19201
-0.18295
-0.17092
-0.15617
-0.13899
-0.11977
-0.09892
-0.07687
-0.05411
-0.03111
-0.00832
0.01381
0.03486
0.05449
0.07234
0.08818
0.10181
0.11307
0.12189
0.12826
0.13220
0.13381
0.13320
0.13054
0.12603
0.11988
0.11232
0.10358
0.09389
0.08348
0.07259
0.06140
0.05010
0.03888
0.02788
0.01725
0.00709
-0.00249
-0.01139
-0.01954
-0.02686
-0.03328
-0.03876
-0.04323
-0.04663
-0.04894
-0.05009
-0.05007
-0.04883
-0.04636
-0.04266
-0.03773
-0.03161
-0.02434
-0.01600
-0.00667
0.00354
0.01446
0.02594
0.03779
0.04979
0.06171
0.07330
0.08431
0.09447
0.10353
0.11122
0.11731
0.12159
0.12386
0.12398
0.12185
0.11738
0.11059
0.10151
0.09023
0.07693
0.06178
0.04504
0.02703
0.00805
-0.01152
-0.03130
-0.05091
-0.06995
-0.08805
-0.10484
-0.12000
-0.13321
-0.14427
-0.15294
-0.15910
-0.16267
-0.16361
-0.16198
-0.15785
-0.15138
-0.14276
-0.13222
-0.12005
-0.10653
-0.09200
-0.07676
-0.06118
-0.04556
-0.03022
-0.01546
-0.00155
0.01127
0.02280
0.03288
0.04139
0.04824
0.05340
0.05686
0.05867
0.05890
0.05766
0.05508
0.05131
0.04652
0.04091
0.03466
0.02797
0.02102
0.01399
0.00704
0.00035
-0.00596
-0.01178
-0.01700
-0.02154
-0.02536
-0.02840
-0.03064
-0.03208
-0.03272
-0.03257
-0.03165
-0.02999
-0.02763
-0.02460
-0.02094
-0.01669
-0.01189
-0.00659
-0.00085
0.00530
0.01179
0.01857
0.02556
0.03270
0.03990
0.04708
0.05415
0.06100
0.06752
0.07362
0.07918
0.08408
0.08822
0.09150
0.09382
0.09511
0.09528
0.09430
0.09212
0.08874
0.08415
0.07839
0.07152
0.06360
0.05473
0.04502
0.03462
0.02366
0.01231
0.00074
-0.01088
-0.02235
-0.03350
-0.04415
-0.05413
-0.06328
-0.07144
-0.07849
-0.08431
-0.08881
-0.09191
-0.09357
-0.09377
-0.09250
-0.08979
-0.08571
-0.08032
-0.07374
-0.06609
-0.05751
-0.04818
-0.03826
-0.02795
-0.01744
-0.00693
0.00337
0.01328
0.02261
0.03120
0.03888
0.04552
0.05102
0.05529
0.05826
0.05993
0.06028
0.05934
0.05717
0.05385
0.04949
0.04420
0.03812
0.03140
0.02419
0.01666
0.00897
0.00125
-0.00633
-0.01366
-0.02061
-0.02707
-0.03296
-0.03821
-0.04276
-0.04659
-0.04966
-0.05199
-0.05356
-0.05440
-0.05455
-0.05403
-0.05289
-0.05117
-0.04891
-0.04618
-0.04302
-0.03948
-0.03561
-0.03146
-0.02709
-0.02253
-0.01785
-0.01310
-0.00833
-0.00358
0.00108
0.00560
0.00993
0.01402
0.01781
0.02125
0.02430
0.02692
0.02907
0.03072
0.03186
0.03245
0.03251
0.03203
0.03104
0.02955
0.02759
0.02522
0.02248
0.01944
0.01615
0.01269
0.00914
0.00557
0.00206
-0.00130
-0.00443
-0.00727
-0.00973
-0.01176
-0.01329
-0.01427
-0.01466
-0.01444
-0.01358
-0.01207
-0.00994
-0.00718
-0.00384
0.00003
0.00438
0.00914
0.01424
0.01957
0.02504
0.03055
0.03597
0.04121
0.04615
0.05066
0.05463
0.05797
0.06056
0.06233
0.06319
0.06307
0.06194
0.05977
0.05653
0.05225
0.04695
0.04068
0.03353
0.02557
0.01693
0.00773
-0.00187
-0.01172
-0.02164
-0.03145
-0.04097
-0.05003
-0.05844
-0.06603
-0.07266
-0.07818
-0.08247
-0.08545
-0.08705
-0.08721
-0.08594
-0.08325
-0.07919
-0.07385
-0.06731
-0.05972
-0.05123
-0.04200
-0.03223
-0.02212
-0.01185
-0.00165
0.00829
0.01778
0.02663
0.03467
0.04176
0.04776
0.05258
0.05615
0.05841
0.05934
0.05896
0.05729
0.05440
0.05037
0.04532
0.03937
0.03265
0.02533
0.01757
0.00953
0.00138
-0.00670
-0.01457
-0.02205
-0.02902
-0.03533
-0.04088
-0.04556
-0.04930
-0.05202
-0.05371
-0.05432
-0.05385
-0.05233
-0.04979
-0.04628
-0.04187
-0.03665
-0.03071
-0.02418
-0.01715
-0.00978
-0.00219
0.00548
0.01308
0.02049
0.02756
0.03417
0.04019
0.04552
0.05005
0.05372
0.05645
0.05820
0.05896
0.05870
0.05746
0.05527
0.05218
0.04827
0.04364
0.03837
0.03258
0.02640
0.01995
0.01335
0.00672
0.00018
-0.00616
-0.01221
-0.01788
-0.02309
-0.02781
-0.03196
-0.03554
-0.03851
-0.04087
-0.04262
-0.04376
-0.04431
-0.04428
-0.04369
-0.04255
-0.04090
-0.03874
-0.03610
-0.03300
-0.02946
-0.02550
-0.02116
-0.01646
-0.01146
-0.00619
-0.00071
0.00491
0.01061
0.01630
0.02189
0.02731
0.03244
0.03721
0.04150
0.04523
0.04831
0.05067
0.05224
0.05297
0.05282
0.05177
0.04983
0.04700
0.04334
0.03888
0.03371
0.02790
0.02157
0.01483
0.00780
0.00061
-0.00661
-0.01371
-0.02057
-0.02704
-0.03302
-0.03838
-0.04303
-0.04687
-0.04983
-0.05187
-0.05294
-0.05302
-0.05213
-0.05027
-0.04750
-0.04386
-0.03944
-0.03433
-0.02862
-0.02244
-0.01590
-0.00915
-0.00232
0.00445
0.01104
0.01730
0.02312
0.02839
0.03299
0.03686
0.03990
0.04208
0.04336
0.04371
0.04315
0.04170
0.03938
0.03626
0.03240
0.02788
0.02280
0.01724
0.01132
0.00514
-0.00118
-0.00756
-0.01387
-0.02002
-0.02591
-0.03147
-0.03660
-0.04124
-0.04532
-0.04879
-0.05160
-0.05371
-0.05509
-0.05572
-0.05557
-0.05465
-0.05294
-0.05047
-0.04724
-0.04328
-0.03863
-0.03332
-0.02740
-0.02094
-0.01401
-0.00669
0.00094
0.00878
0.01671
0.02463
0.03241
0.03993
0.04707
0.05369
0.05967
0.06489
0.06923
0.07259
0.07488
0.07602
0.07596
0.07464
0.07206
0.06822
0.06313
0.05687
0.04951
0.04115
0.03192
0.02198
0.01149
0.00066
-0.01031
-0.02121
-0.03179
-0.04182
-0.05107
-0.05931
-0.06632
-0.07189
-0.07585
-0.07804
-0.07835
-0.07667
-0.07299
-0.06728
-0.05961
-0.05009
-0.03884
-0.02610
-0.01210
0.00286
0.01844
0.03427
0.04995
0.06507
0.07921
0.09196
0.10290
0.11167
0.11794
0.12141
0.12188
0.11919
0.11327
0.10415
0.09193
0.07680
0.05908
0.03910
0.01736
-0.00565
-0.02935
-0.05312
-0.07633
-0.09837
-0.11860
-0.13645
-0.15144
-0.16310
-0.17111
-0.17526
-0.17540
-0.17156
-0.16387
-0.15255
-0.13800
-0.12064
-0.10099
-0.07967
-0.05727
-0.03443
-0.01180
0.01003
0.03052
0.04917
0.06559
0.07949
0.09061
0.09888
0.10427
0.10686
0.10684
0.10443
0.09994
0.09374
0.08618
0.07767
0.06861
0.05937
0.05027
0.04165
0.03373
0.02670
0.02072
0.01584
0.01208
0.00940
0.00771
0.00690
0.00679
0.00722
0.00799
0.00890
0.00977
0.01041
0.01068
0.01044
0.00958
0.00803
0.00576
0.00275
-0.00097
-0.00533
-0.01024
-0.01560
-0.02127
-0.02710
-0.03293
-0.03858
-0.04390
-0.04870
-0.05285
-0.05619
-0.05860
-0.05997
-0.06022
-0.05931
-0.05720
-0.05390
-0.04943
-0.04386
-0.03728
-0.02978
-0.02152
-0.01263
-0.00329
0.00633
0.01602
0.02561
0.03490
0.04370
0.05185
0.05916
0.06551
0.07076
0.07480
0.07756
0.07898
0.07904
0.07773
0.07507
0.07113
0.06597
0.05970
0.05242
0.04428
0.03541
0.02598
0.01615
0.00607
-0.00408
-0.01413
-0.02395
-0.03337
-0.04224
-0.05045
-0.05787
-0.06441
-0.06995
-0.07444
-0.07780
-0.08000
-0.08100
-0.08079
-0.07937
-0.07675
-0.07298
-0.06810
-0.06219
-0.05531
-0.04757
-0.03908
-0.02997
-0.02037
-0.01044
-0.00033
0.00980
0.01976
0.02940
0.03853
0.04700
0.05465
0.06134
0.06693
0.07131
0.07439
0.07612
0.07644
0.07534
0.07284
0.06897
0.06381
0.05746
0.05002
0.04164
0.03248
0.02270
0.01250
0.00205
-0.00845
-0.01882
-0.02889
-0.03848
-0.04744
-0.05562
-0.06293
-0.06923
-0.07448
-0.07859
-0.08153
-0.08328
-0.08385
-0.08324
-0.08150
-0.07866
-0.07478
-0.06993
-0.06419
-0.05765
-0.05038
-0.04249
-0.03408
-0.02525
-0.01610
-0.00674
0.00271
0.01215
0.02147
0.03054
0.03928
0.04755
0.05528
0.06235
0.06869
0.07422
0.07888
0.08262
0.08541
0.08725
0.08813
0.08807
0.08713
0.08535
0.08280
0.07956
0.07573
0.07140
0.06667
0.06164
0.05640
0.05105
0.04566
0.04031
0.03504
0.02991
0.02495
0.02017
0.01557
0.01116
0.00691
0.00281
-0.00119
-0.00512
-0.00900
-0.01288
-0.01678
-0.02073
-0.02474
-0.02882
-0.03297
-0.03716
-0.04136
-0.04553
-0.04961
-0.05353
-0.05721
-0.06056
-0.06349
-0.06592
-0.06775
-0.06890
-0.06932
-0.06895
-0.06776
-0.06575
-0.06295
-0.05941
-0.05520
-0.05043
-0.04524
-0.03978
-0.03422
-0.02875
-0.02355
-0.01881
-0.01470
-0.01138
-0.00898
-0.00762
-0.00735
-0.00823
-0.01024
-0.01331
-0.01737
-0.02228
-0.02785
-0.03389
-0.04014
-0.04634
-0.05224
-0.05753
-0.06194
-0.06521
-0.06710
-0.06738
-0.06591
-0.06254
-0.05722
-0.04994
-0.04071
-0.02969
-0.01701
-0.00289
0.01238
0.02850
0.04513
0.06190
0.07841
0.09430
0.10918
0.12271
0.13455
0.14442
0.15210
0.15741
0.16022
0.16050
0.15826
0.15359
0.14666
0.13764
0.12683
0.11454
0.10111
0.08693
0.07238
0.05786
0.04376
0.03045
0.01826
0.00751
-0.00157
-0.00879
-0.01400
-0.01716
-0.01828
-0.01742
-0.01476
-0.01049
-0.00489
0.00171
0.00894
0.01640
0.02367
0.03032
0.03594
0.04012
0.04251
0.04280
0.04072
0.03613
0.02890
0.01903
0.00660
-0.00823
-0.02518
-0.04393
-0.06407
-0.08510
-0.10651
-0.12775
-0.14825
-0.16743
-0.18476
-0.19973
-0.21188
-0.22087
-0.22635
-0.22816
-0.22619
-0.22039
-0.21090
-0.19788
-0.18160
-0.16245
-0.14082
-0.11720
-0.09211
-0.06609
-0.03969
-0.01346
0.01208
0.03645
0.05920
0.07997
0.09842
0.11432
0.12753
0.13792
0.14550
0.15034
0.15252
0.15224
0.14970
0.14517
0.13892
0.13124
0.12243
0.11276
0.10252
0.09195
0.08129
0.07074
0.06044
0.05056
0.04116
0.03234
0.02413
0.01655
0.00960
0.00326
-0.00251
-0.00773
-0.01246
-0.01673
-0.02059
-0.02406
-0.02717
-0.02994
-0.03238
-0.03449
-0.03625
-0.03766
-0.03869
-0.03931
-0.03949
-0.03922
-0.03846
-0.03720
-0.03542
-0.03313
-0.03032
-0.02703
-0.02327
-0.01910
-0.01457
-0.00976
-0.00473
0.00042
0.00560
0.01072
0.01568
0.02038
0.02472
0.02862
0.03202
0.03483
0.03702
0.03854
0.03939
0.03957
0.03909
0.03800
0.03634
0.03418
0.03160
0.02870
0.02556
0.02228
0.01897
0.01572
0.01261
0.00974
0.00717
0.00495
0.00314
0.00175
0.00082
0.00032
0.00024
0.00056
0.00123
0.00220
0.00341
0.00478
0.00627
0.00778
0.00926
0.01063
0.01184
0.01283
0.01354
0.01394
0.01400
0.01368
0.01298
0.01188
0.01038
0.00850
0.00625
0.00364
0.00071
-0.00252
-0.00600
-0.00970
-0.01357
-0.01758
-0.02167
-0.02582
-0.02996
-0.03407
-0.03810
-0.04201
-0.04577
-0.04935
-0.05272
-0.05585
-0.05872
-0.06131
-0.06360
-0.06557
-0.06722
-0.06852
-0.06946
-0.07003
-0.07021
-0.06998
-0.06933
-0.06822
-0.06664
-0.06457
-0.06199
-0.05887
-0.05521
-0.05100
-0.04623
-0.04091
-0.03506
-0.02871
-0.02191
-0.01470
-0.00716
0.00062
0.00853
0.01647
0.02431
0.03192
0.03915
0.04586
0.05191
0.05716
0.06150
0.06481
0.06699
0.06800
0.06779
0.06635
0.06373
0.05997
0.05520
0.04955
0.04318
0.03631
0.02916
0.02199
0.01506
0.00865
0.00303
-0.00155
-0.00483
-0.00661
-0.00670
-0.00498
-0.00138
0.00414
0.01151
0.02063
0.03134
0.04336
0.05643
0.07017
0.08417
0.09800
0.11120
0.12328
0.13377
0.14223
0.14822
0.15139
0.15144
0.14812
0.14134
0.13103
0.11726
0.10025
0.08022
0.05760
0.03285
0.00652
-0.02077
-0.04835
-0.07554
-0.10166
-0.12601
-0.14801
-0.16706
-0.18270
-0.19458
-0.20240
-0.20604
-0.20550
-0.20084
-0.19235
-0.18033
-0.16522
-0.14754
-0.12784
-0.10673
-0.08484
-0.06278
-0.04114
-0.02049
-0.00129
0.01603
0.03110
0.04373
0.05371
0.06098
0.06558
0.06758
0.06715
0.06455
0.06004
0.05396
0.04666
0.03850
0.02985
0.02108
0.01253
0.00451
-0.00269
-0.00886
-0.01379
-0.01734
-0.01946
-0.02008
-0.01926
-0.01705
-0.01358
-0.00902
-0.00357
0.00254
0.00906
0.01574
0.02230
0.02848
0.03405
0.03878
0.04248
0.04500
0.04623
0.04609
0.04458
0.04169
0.03751
0.03214
0.02573
0.01845
0.01051
0.00214
-0.00644
-0.01497
-0.02322
-0.03096
-0.03797
-0.04405
-0.04903
-0.05276
-0.05516
-0.05612
-0.05562
-0.05367
-0.05028
-0.04553
-0.03952
-0.03237
-0.02425
-0.01531
-0.00577
0.00419
0.01434
0.02449
0.03440
0.04390
0.05277
0.06084
0.06797
0.07400
0.07884
0.08240
0.08462
0.08547
0.08497
0.08313
0.08001
0.07570
0.07028
0.06389
0.05665
0.04871
0.04023
0.03136
0.02226
0.01309
0.00399
-0.00490
-0.01344
-0.02154
-0.02909
-0.03601
-0.04223
-0.04771
-0.05242
-0.05634
-0.05945
-0.06177
-0.06332
-0.06411
-0.06418
-0.06356
-0.06230
-0.06043
-0.05800
-0.05505
-0.05163
-0.04778
-0.04354
-0.03897
-0.03411
-0.02900
-0.02371
-0.01828
-0.01276
-0.00723
-0.00174
0.00364
0.00885
0.01381
0.01846
0.02273
0.02656
0.02988
0.03264
0.03479
0.03630
0.03712
0.03725
0.03668
0.03540
0.03345
0.03085
0.02763
0.02385
0.01958
0.01489
0.00986
0.00457
-0.00087
-0.00637
-0.01183
-0.01715
-0.02222
-0.02694
-0.03123
-0.03498
-0.03812
-0.04057
-0.04226
-0.04314
-0.04318
-0.04234
-0.04061
-0.03801
-0.03457
-0.03031
-0.02531
-0.01964
-0.01340
-0.00671
0.00032
0.00754
0.01482
0.02199
0.02892
0.03544
0.04142
0.04672
0.05120
0.05478
0.05736
0.05887
0.05928
0.05856
0.05673
0.05383
0.04990
0.04503
0.03934
0.03292
0.02593
0.01850
0.01078
0.00293
-0.00490
-0.01256
-0.01991
-0.02681
-0.03316
-0.03883
-0.04376
-0.04787
-0.05109
-0.05340
-0.05478
-0.05522
-0.05473
-0.05333
-0.05106
-0.04796
-0.04409
-0.03951
-0.03429
-0.02851
-0.02225
-0.01559
-0.00863
-0.00146
0.00582
0.01310
0.02030
0.02730
0.03401
0.04032
0.04614
0.05137
0.05592
0.05971
0.06266
0.06471
0.06582
0.06593
0.06503
0.06310
0.06014
0.05620
0.05128
0.04546
0.03881
0.03140
0.02334
0.01474
0.00571
-0.00360
-0.01306
-0.02252
-0.03183
-0.04084
-0.04940
-0.05734
-0.06452
-0.07079
-0.07602
-0.08007
-0.08284
-0.08422
-0.08414
-0.08254
-0.07938
-0.07466
-0.06839
-0.06063
-0.05147
-0.04101
-0.02941
-0.01685
-0.00355
0.01025
0.02430
0.03830
0.05195
0.06494
0.07696
0.08771
0.09690
0.10425
0.10954
0.11257
0.11316
0.11125
0.10677
0.09974
0.09025
0.07844
0.06452
0.04876
0.03146
0.01301
-0.00619
-0.02573
-0.04514
-0.06399
-0.08183
-0.09826
-0.11288
-0.12538
-0.13546
-0.14293
-0.14763
-0.14947
-0.14847
-0.14470
-0.13826
-0.12937
-0.11826
-0.10520
-0.09052
-0.07454
-0.05761
-0.04008
-0.02227
-0.00452
0.01287
0.02963
0.04551
0.06027
0.07374
0.08574
0.09616
0.10488
0.11184
0.11699
0.12031
0.12180
0.12151
0.11948
0.11579
0.11054
0.10384
0.09585
0.08672
0.07660
0.06571
0.05422
0.04234
0.03028
0.01825
0.00643
-0.00495
-0.01573
-0.02573
-0.03479
-0.04278
-0.04959
-0.05511
-0.05931
-0.06211
-0.06352
-0.06356
-0.06225
-0.05965
-0.05586
-0.05096
-0.04510
-0.03838
-0.03097
-0.02303
-0.01471
-0.00619
0.00236
0.01078
0.01891
0.02658
0.03366
0.04002
0.04553
0.05010
0.05364
0.05609
0.05743
0.05761
0.05665
0.05457
0.05141
0.04722
0.04209
0.03610
0.02937
0.02201
0.01414
0.00589
-0.00260
-0.01121
-0.01980
-0.02824
-0.03642
-0.04422
-0.05154
-0.05828
-0.06436
-0.06970
-0.07425
-0.07795
-0.08075
-0.08262
-0.08354
-0.08348
-0.08245
-0.08044
-0.07746
-0.07353
-0.06867
-0.06291
-0.05630
-0.04889
-0.04075
-0.03196
-0.02259
-0.01277
-0.00258
0.00782
0.01832
0.02875
0.03897
0.04879
0.05806
0.06658
0.07420
0.08075
0.08605
0.08997
0.09238
0.09315
0.09222
0.08952
0.08501
0.07873
0.07071
0.06103
0.04982
0.03725
0.02350
0.00884
-0.00649
-0.02219
-0.03792
-0.05336
-0.06816
-0.08196
-0.09442
-0.10522
-0.11403
-0.12060
-0.12466
-0.12603
-0.12458
-0.12021
-0.11292
-0.10275
-0.08980
-0.07430
-0.05646
-0.03662
-0.01515
0.00753
0.03095
0.05462
0.07801
0.10062
0.12191
0.14140
0.15861
0.17314
0.18464
0.19278
0.19739
0.19833
0.19554
0.18909
0.17912
0.16583
0.14955
0.13061
0.10945
0.08653
0.06233
0.03736
0.01212
-0.01294
-0.03736
-0.06074
-0.08276
-0.10312
-0.12159
-0.13804
-0.15234
-0.16446
-0.17441
-0.18219
-0.18788
-0.19155
-0.19326
-0.19308
-0.19106
-0.18723
-0.18160
-0.17416
-0.16487
-0.15372
-0.14066
-0.12569
-0.10880
-0.09006
-0.06957
-0.04747
-0.02401
0.00053
0.02578
0.05133
0.07672
0.10143
0.12494
0.14674
0.16632
0.18319
0.19697
0.20730
0.21390
0.21665
0.21544
0.21033
0.20148
0.18909
0.17354
0.15522
0.13462
0.11226
0.08872
0.06457
0.04039
0.01676
-0.00583
-0.02686
-0.04591
-0.06266
-0.07679
-0.08813
-0.09654
-0.10197
-0.10448
-0.10417
-0.10119
-0.09581
-0.08828
-0.07894
-0.06815
-0.05626
-0.04368
-0.03079
-0.01795
-0.00553
0.00614
0.01678
0.02612
0.03394
0.04011
0.04449
0.04701
0.04767
0.04647
0.04350
0.03885
0.03265
0.02506
0.01627
0.00645
-0.00418
-0.01544
-0.02712
-0.03903
-0.05101
-0.06289
-0.07451
-0.08576
-0.09651
-0.10667
-0.11616
-0.12490
-0.13284
-0.13992
-0.14608
-0.15130
-0.15552
-0.15869
-0.16075
-0.16165
-0.16133
-0.15970
-0.15670
-0.15225
-0.14626
-0.13865
-0.12936
-0.11832
-0.10549
-0.09082
-0.07433
-0.05603
-0.03597
-0.01424
0.00901
0.03364
0.05943
0.08613
0.11345
0.14108
0.16865
0.19577
0.22205
0.24706
0.27038
0.29157
0.31023
0.32597
0.33841
0.34726
0.35224
0.35313
0.34981
0.34218
0.33027
0.31417
0.29403
0.27013
0.24277
0.21236
0.17936
0.14428
0.10769
0.07018
0.03235
-0.00520
-0.04184
-0.07702
-0.11021
-0.14090
-0.16869
-0.19322
-0.21420
-0.23145
-0.24484
-0.25434
-0.26001
-0.26195
-0.26037
-0.25552
-0.24769
-0.23725
-0.22456
-0.21003
-0.19408
-0.17711
-0.15952
-0.14171
-0.12402
-0.10678
-0.09029
-0.07477
-0.06042
-0.04742
-0.03585
-0.02579
-0.01725
-0.01022
-0.00465
-0.00045
0.00248
0.00427
0.00507
0.00503
0.00431
0.00308
0.00150
-0.00028
-0.00210
-0.00383
-0.00534
-0.00653
-0.00729
-0.00754
-0.00723
-0.00631
-0.00473
-0.00251
0.00037
0.00388
0.00798
0.01263
0.01777
0.02331
0.02916
0.03524
0.04142
0.04760
0.05365
0.05945
0.06486
0.06977
0.07404
0.07756
0.08021
0.08189
0.08252
0.08201
0.08032
0.07740
0.07326
0.06789
0.06135
0.05369
0.04501
0.03543
0.02510
0.01418
0.00288
-0.00858
-0.01997
-0.03106
-0.04156
-0.05123
-0.05980
-0.06702
-0.07265
-0.07647
-0.07828
-0.07795
-0.07533
-0.07037
-0.06305
-0.05340
-0.04152
-0.02758
-0.01179
0.00557
0.02416
0.04359
0.06343
0.08320
0.10242
0.12058
0.13715
0.15166
0.16363
0.17263
0.17832
0.18037
0.17860
0.17288
0.16318
0.14963
0.13239
0.11178
0.08823
0.06220
0.03430
0.00517
-0.02451
-0.05401
-0.08261
-0.10962
-0.13437
-0.15625
-0.17478
-0.18952
-0.20016
-0.20654
-0.20857
-0.20633
-0.20003
-0.18991
-0.17643
-0.16005
-0.14130
-0.12081
-0.09920
-0.07707
-0.05507
-0.03378
-0.01371
0.00465
0.02092
0.03482
0.04611
0.05472
0.06063
0.06392
0.06478
0.06344
0.06021
0.05544
0.04951
0.04281
0.03573
0.02862
0.02182
0.01563
0.01025
0.00585
0.00255
0.00037
-0.00071
-0.00076
0.00007
0.00162
0.00370
0.00608
0.00855
0.01088
0.01288
0.01436
0.01519
0.01525
0.01450
0.01291
0.01052
0.00742
0.00372
-0.00040
-0.00475
-0.00912
-0.01327
-0.01696
-0.01996
-0.02205
-0.02301
-0.02272
-0.02101
-0.01783
-0.01315
-0.00698
0.00057
0.00936
0.01922
0.02988
0.04107
0.05247
0.06372
0.07447
0.08436
0.09304
0.10016
0.10545
0.10863
0.10951
0.10796
0.10389
0.09732
0.08831
0.07701
0.06366
0.04853
0.03196
0.01435
-0.00389
-0.02230
-0.04045
-0.05787
-0.07416
-0.08891
-0.10179
-0.11250
-0.12081
-0.12658
-0.12969
-0.13015
-0.12800
-0.12334
-0.11638
-0.10733
-0.09647
-0.08413
-0.07063
-0.05634
-0.04163
-0.02686
-0.01238
0.00147
0.01439
0.02612
0.03642
0.04514
0.05214
0.05735
0.06077
0.06240
0.06235
0.06073
0.05768
0.05340
0.04810
0.04198
0.03528
0.02822
0.02101
0.01385
0.00693
0.00040
-0.00559
-0.01094
-0.01556
-0.01939
-0.02241
-0.02459
-0.02596
-0.02654
-0.02640
-0.02558
-0.02419
-0.02230
-0.02001
-0.01743
-0.01466
-0.01180
-0.00894
-0.00619
-0.00361
-0.00128
0.00075
0.00244
0.00378
0.00475
0.00537
0.00568
0.00571
0.00554
0.00524
0.00488
0.00454
0.00433
0.00431
0.00457
0.00518
0.00619
0.00765
0.00957
0.01196
0.01479
0.01804
0.02165
0.02553
0.02959
0.03373
0.03783
0.04176
0.04539
0.04860
0.05127
0.05326
0.05450
0.05489
0.05436
0.05288
0.05040
0.04693
0.04251
0.03717
0.03097
0.02403
0.01643
0.00831
-0.00019
-0.00893
-0.01776
-0.02652
-0.03504
-0.04319
-0.05081
-0.05777
-0.06394
-0.06922
-0.07351
-0.07673
-0.07883
-0.07976
-0.07952
-0.07811
-0.07553
-0.07186
-0.06713
-0.06144
-0.05487
-0.04754
-0.03958
-0.03111
-0.02228
-0.01324
-0.00415
0.00486
0.01362
0.02199
0.02983
0.03701
0.04341
0.04892
0.05346
0.05695
0.05935
0.06063
0.06077
0.05979
0.05771
0.05460
0.05052
0.04556
0.03983
0.03343
0.02649
0.01914
0.01153
0.00378
-0.00398
-0.01160
-0.01898
-0.02599
-0.03254
-0.03854
-0.04391
-0.04860
-0.05255
-0.05574
-0.05815
-0.05977
-0.06061
-0.06068
-0.06000
-0.05861
-0.05654
-0.05383
-0.05054
-0.04669
-0.04234
-0.03753
-0.03232
-0.02674
-0.02085
-0.01468
-0.00827
-0.00168
0.00505
0.01189
0.01879
0.02570
0.03257
0.03934
0.04597
0.05240
0.05855
0.06437
0.06979
0.07474
0.07915
0.08295
0.08607
0.08845
0.09002
0.09073
0.09054
0.08939
0.08727
0.08416
0.08005
0.07496
0.06893
0.06199
0.05421
0.04567
0.03647
0.02674
0.01659
0.00619
-0.00431
-0.01475
-0.02494
-0.03470
-0.04388
-0.05228
-0.05975
-0.06615
-0.07135
-0.07525
-0.07778
-0.07890
-0.07860
-0.07691
-0.07390
-0.06967
-0.06434
-0.05808
-0.05109
-0.04356
-0.03571
-0.02778
-0.01998
-0.01254
-0.00565
0.00049
0.00574
0.00996
0.01306
0.01499
0.01571
0.01526
0.01366
0.01099
0.00737
0.00292
-0.00221
-0.00787
-0.01387
-0.02005
-0.02622
-0.03222
-0.03788
-0.04304
-0.04757
-0.05134
-0.05424
-0.05620
-0.05713
-0.05699
-0.05577
-0.05345
-0.05006
-0.04563
-0.04021
-0.03389
-0.02674
-0.01888
-0.01041
-0.00148
0.00778
0.01723
0.02672
0.03609
0.04519
0.05387
0.06198
0.06939
0.07597
0.08161
0.08621
0.08969
0.09199
0.09307
0.09290
0.09150
0.08887
0.08507
0.08016
0.07422
0.06734
0.05964
0.05125
0.04229
0.03291
0.02325
0.01345
0.00365
-0.00602
-0.01542
-0.02443
-0.03295
-0.04089
-0.04815
-0.05466
-0.06037
-0.06523
-0.06921
-0.07228
-0.07443
-0.07566
-0.07598
-0.07541
-0.07395
-0.07165
-0.06853
-0.06464
-0.06002
-0.05471
-0.04877
-0.04226
-0.03525
-0.02779
-0.01996
-0.01185
-0.00353
0.00490
0.01334
0.02169
0.02985
0.03770
0.04513
0.05203
0.05828
0.06378
0.06842
0.07210
0.07475
0.07629
0.07668
0.07587
0.07385
0.07062
0.06623
0.06071
0.05415
0.04666
0.03834
0.02935
0.01986
0.01004
0.00009
-0.00980
-0.01940
-0.02853
-0.03697
-0.04453
-0.05102
-0.05628
-0.06019
-0.06261
-0.06347
-0.06272
-0.06034
-0.05637
-0.05087
-0.04394
-0.03572
-0.02639
-0.01615
-0.00526
0.00605
0.01748
0.02876
0.03958
0.04967
0.05874
0.06654
0.07284
0.07742
0.08014
0.08086
0.07951
0.07607
0.07055
0.06303
0.05363
0.04251
0.02989
0.01601
0.00114
-0.01440
-0.03030
-0.04623
-0.06186
-0.07688
-0.09096
-0.10382
-0.11520
-0.12487
-0.13263
-0.13835
-0.14191
-0.14325
-0.14236
-0.13925
-0.13402
-0.12676
-0.11763
-0.10682
-0.09451
-0.08096
-0.06642
-0.05113
-0.03538
-0.01942
-0.00353
0.01205
0.02707
0.04133
0.05462
0.06677
0.07765
0.08714
0.09516
0.10167
0.10665
0.11010
0.11207
0.11262
0.11183
0.10980
0.10665
0.10252
0.09753
0.09182
0.08554
0.07882
0.07178
0.06456
0.05725
0.04996
0.04277
0.03575
0.02894
0.02240
0.01613
0.01017
0.00452
-0.00083
-0.00588
-0.01063
-0.01510
-0.01928
-0.02318
-0.02679
-0.03010
-0.03310
-0.03576
-0.03806
-0.03996
-0.04143
-0.04243
-0.04295
-0.04295
-0.04241
-0.04132
-0.03969
-0.03753
-0.03488
-0.03176
-0.02824
-0.02439
-0.02029
-0.01602
-0.01169
-0.00739
-0.00322
0.00072
0.00435
0.00758
0.01035
0.01262
0.01435
0.01553
0.01617
0.01630
0.01596
0.01522
0.01415
0.01284
0.01139
0.00987
0.00840
0.00705
0.00590
0.00501
0.00444
0.00419
0.00428
0.00469
0.00540
0.00634
0.00745
0.00866
0.00986
0.01097
0.01190
0.01255
0.01284
0.01269
0.01207
0.01093
0.00926
0.00706
0.00437
0.00124
-0.00226
-0.00605
-0.01000
-0.01402
-0.01797
-0.02173
-0.02518
-0.02822
-0.03075
-0.03268
-0.03398
-0.03458
-0.03450
-0.03375
-0.03237
-0.03044
-0.02804
-0.02527
-0.02227
-0.01916
-0.01608
-0.01317
-0.01055
-0.00834
-0.00665
-0.00556
-0.00513
-0.00540
-0.00635
-0.00799
-0.01025
-0.01304
-0.01628
-0.01982
-0.02352
-0.02722
-0.03075
-0.03391
-0.03655
-0.03850
-0.03958
-0.03969
-0.03870
-0.03652
-0.03312
-0.02848
-0.02261
-0.01559
-0.00750
0.00152
0.01130
0.02165
0.03236
0.04319
0.05391
0.06425
0.07399
0.08288
0.09070
0.09726
0.10240
0.10597
0.10788
0.10806
0.10648
0.10319
0.09822
0.09167
0.08367
0.07438
0.06399
0.05269
0.04070
0.02826
0.01559
0.00292
-0.00952
-0.02152
-0.03290
-0.04346
-0.05305
-0.06155
-0.06884
-0.07483
-0.07947
-0.08273
-0.08459
-0.08508
-0.08421
-0.08207
-0.07870
-0.07420
-0.06869
-0.06226
-0.05504
-0.04718
-0.03880
-0.03006
-0.02110
-0.01207
-0.00311
0.00563
0.01402
0.02191
0.02919
0.03576
0.04149
0.04633
0.05018
0.05301
0.05479
0.05548
0.05510
0.05368
0.05124
0.04786
0.04361
0.03857
0.03285
0.02656
0.01983
0.01278
0.00555
-0.00173
-0.00894
-0.01594
-0.02262
-0.02886
-0.03456
-0.03963
-0.04398
-0.04756
-0.05030
-0.05218
-0.05316
-0.05324
-0.05243
-0.05074
-0.04822
-0.04490
-0.04086
-0.03616
-0.03089
-0.02514
-0.01901
-0.01262
-0.00607
0.00052
0.00703
0.01335
0.01937
0.02497
0.03006
0.03453
0.03833
0.04136
0.04359
0.04497
0.04548
0.04512
0.04391
0.04187
0.03907
0.03555
0.03139
0.02670
0.02156
0.01608
0.01039
0.00459
-0.00120
-0.00686
-0.01230
-0.01739
-0.02206
-0.02622
-0.02980
-0.03274
-0.03501
-0.03656
-0.03738
-0.03748
-0.03686
-0.03555
-0.03358
-0.03100
-0.02786
-0.02423
-0.02017
-0.01578
-0.01112
-0.00627
-0.00134
0.00360
0.00847
0.01318
0.01766
0.02183
0.02563
0.02901
0.03190
0.03428
0.03610
0.03736
0.03802
0.03810
0.03760
0.03653
0.03492
0.03281
0.03023
0.02723
0.02385
0.02017
0.01622
0.01208
0.00781
0.00346
-0.00092
-0.00525
-0.00950
-0.01360
-0.01752
-0.02121
-0.02463
-0.02774
-0.03052
-0.03294
-0.03497
-0.03658
-0.03778
-0.03853
-0.03884
-0.03871
-0.03813
-0.03711
-0.03568
-0.03385
-0.03165
-0.02913
-0.02631
-0.02326
-0.02003
-0.01669
-0.01329
-0.00991
-0.00662
-0.00348
-0.00055
0.00211
0.00446
0.00646
0.00810
0.00936
0.01027
0.01086
0.01117
0.01126
0.01123
0.01115
0.01114
0.01131
0.01176
0.01261
0.01397
0.01591
0.01852
0.02185
0.02591
0.03070
0.03619
0.04229
0.04890
0.05588
0.06306
0.07022
0.07716
0.08364
0.08939
0.09419
0.09778
0.09994
0.10046
0.09920
0.09600
0.09082
0.08361
0.07441
0.06332
0.05050
0.03613
0.02050
0.00391
-0.01331
-0.03077
-0.04810
-0.06491
-0.08081
-0.09546
-0.10854
-0.11976
-0.12893
-0.13587
-0.14049
-0.14278
-0.14276
-0.14054
-0.13628
-0.13018
-0.12249
-0.11348
-0.10344
-0.09267
-0.08148
-0.07016
-0.05898
-0.04820
-0.03804
-0.02869
-0.02030
-0.01298
-0.00681
-0.00182
0.00203
0.00476
0.00649
0.00734
0.00747
0.00708
0.00636
0.00552
0.00479
0.00435
0.00440
0.00511
0.00658
0.00891
0.01216
0.01631
0.02134
0.02717
0.03367
0.04070
0.04810
0.05567
0.06322
0.07054
0.07745
0.08375
0.08928
0.09388
0.09743
0.09983
0.10098
0.10087
0.09945
0.09674
0.09277
0.08761
0.08132
0.07403
0.06583
0.05688
0.04731
0.03729
0.02696
0.01650
0.00606
-0.00419
-0.01412
-0.02356
-0.03241
-0.04055
-0.04788
-0.05432
-0.05982
-0.06433
-0.06783
-0.07032
-0.07181
-0.07232
-0.07189
-0.07058
-0.06843
-0.06553
-0.06194
-0.05773
-0.05299
-0.04780
-0.04224
-0.03638
-0.03030
-0.02407
-0.01778
-0.01149
-0.00527
0.00082
0.00670
0.01233
0.01763
0.02256
0.02705
0.03106
0.03455
0.03746
0.03977
0.04146
0.04249
0.04286
0.04256
0.04161
0.04002
0.03782
0.03504
0.03174
0.02795
0.02376
0.01921
0.01439
0.00937
0.00423
-0.00096
-0.00613
-0.01121
-0.01612
-0.02083
-0.02527
-0.02940
-0.03318
-0.03660
-0.03962
-0.04222
-0.04440
-0.04614
-0.04744
-0.04829
-0.04868
-0.04860
-0.04804
-0.04700
-0.04547
-0.04342
-0.04086
-0.03779
-0.03419
-0.03007
-0.02544
-0.02033
-0.01476
-0.00878
-0.00245
0.00417
0.01100
0.01793
0.02487
0.03169
0.03827
0.04449
0.05021
0.05531
0.05966
0.06314
0.06567
0.06715
0.06752
0.06673
0.06477
0.06163
0.05734
0.05197
0.04560
0.03832
0.03026
0.02157
0.01241
0.00295
-0.00663
-0.01615
-0.02542
-0.03427
-0.04252
-0.05002
-0.05662
-0.06219
-0.06663
-0.06985
-0.07179
-0.07241
-0.07170
-0.06966
-0.06633
-0.06178
-0.05607
-0.04932
-0.04163
-0.03315
-0.02401
-0.01439
-0.00444
0.00567
0.01576
0.02567
0.03521
0.04425
0.05263
0.06020
0.06685
0.07246
0.07695
0.08026
0.08233
0.08313
0.08267
0.08096
0.07805
0.07399
0.06887
0.06279
0.05585
0.04818
0.03993
0.03121
0.02219
0.01300
0.00379
-0.00531
-0.01416
-0.02266
-0.03069
-0.03817
-0.04500
-0.05113
-0.05650
-0.06108
-0.06483
-0.06776
-0.06983
-0.07108
-0.07150
-0.07113
-0.06998
-0.06808
-0.06547
-0.06220
-0.05830
-0.05382
-0.04881
-0.04332
-0.03740
-0.03112
-0.02455
-0.01774
-0.01076
-0.00371
0.00335
0.01032
0.01712
0.02366
0.02984
0.03556
0.04073
0.04526
0.04906
0.05206
0.05417
0.05534
0.05552
0.05467
0.05279
0.04986
0.04592
0.04099
0.03514
0.02844
0.02099
0.01292
0.00433
-0.00460
-0.01373
-0.02288
-0.03187
-0.04053
-0.04865
-0.05607
-0.06261
-0.06809
-0.07236
-0.07530
-0.07678
-0.07670
-0.07503
-0.07171
-0.06676
-0.06022
-0.05215
-0.04267
-0.03194
-0.02012
-0.00745
0.00583
0.01946
0.03316
0.04661
0.05952
0.07159
0.08253
0.09207
0.09996
0.10600
0.11001
0.11188
0.11154
0.10897
0.10420
0.09737
0.08859
0.07810
0.06614
0.05302
0.03906
0.02462
0.01008
-0.00420
-0.01784
-0.03049
-0.04183
-0.05156
-0.05946
-0.06530
-0.06896
-0.07036
-0.06947
-0.06636
-0.06110
-0.05386
-0.04486
-0.03435
-0.02261
-0.00998
0.00321
0.01660
0.02983
0.04255
0.05441
0.06510
0.07433
0.08184
0.08742
0.09090
0.09214
0.09108
0.08769
0.08198
0.07405
0.06400
0.05201
0.03829
0.02309
0.00669
-0.01058
-0.02840
-0.04640
-0.06423
-0.08153
-0.09794
-0.11312
-0.12675
-0.13854
-0.14824
-0.15566
-0.16063
-0.16306
-0.16292
-0.16020
-0.15501
-0.14747
-0.13777
-0.12616
-0.11291
-0.09834
-0.08280
-0.06664
-0.05022
-0.03391
-0.01804
-0.00293
0.01112
0.02387
0.03512
0.04471
0.05256
0.05859
0.06283
0.06533
0.06618
0.06554
0.06359
0.06053
0.05659
0.05202
0.04705
0.04194
0.03691
0.03218
0.02794
0.02434
0.02151
0.01956
0.01852
0.01842
0.01925
0.02095
0.02344
0.02661
0.03033
0.03446
0.03884
0.04331
0.04769
0.05184
0.05561
0.05886
0.06148
0.06336
0.06446
0.06472
0.06413
0.06269
0.06044
0.05744
0.05377
0.04952
0.04483
0.03981
0.03460
0.02936
0.02421
0.01931
0.01478
0.01076
0.00733
0.00460
0.00262
0.00144
0.00107
0.00150
0.00269
0.00458
0.00706
0.01003
0.01334
0.01684
0.02036
0.02372
0.02672
0.02921
0.03098
0.03189
0.03179
0.03056
0.02810
0.02438
0.01935
0.01305
0.00552
-0.00314
-0.01279
-0.02327
-0.03437
-0.04586
-0.05750
-0.06901
-0.08012
-0.09055
-0.10005
-0.10835
-0.11523
-0.12051
-0.12400
-0.12562
-0.12528
-0.12297
-0.11875
-0.11269
-0.10496
-0.09575
-0.08530
-0.07389
-0.06184
-0.04947
-0.03713
-0.02517
-0.01390
-0.00366
0.00530
0.01274
0.01847
0.02237
0.02439
0.02450
0.02282
0.01944
0.01458
0.00849
0.00144
-0.00623
-0.01416
-0.02200
-0.02939
-0.03596
-0.04142
-0.04548
-0.04789
-0.04849
-0.04716
-0.04383
-0.03855
-0.03137
-0.02247
-0.01205
-0.00036
0.01229
0.02556
0.03911
0.05258
0.06560
0.07784
0.08900
0.09878
0.10698
0.11340
0.11794
0.12054
0.12117
0.11993
0.11689
0.11223
0.10615
0.09887
0.09065
0.08178
0.07253
0.06317
0.05399
0.04523
0.03710
0.02980
0.02348
0.01826
0.01420
0.01131
0.00960
0.00900
0.00941
0.01071
0.01273
0.01529
0.01821
0.02128
0.02429
0.02703
0.02933
0.03099
0.03189
0.03187
0.03085
0.02878
0.02559
0.02131
0.01597
0.00961
0.00235
-0.00570
-0.01442
-0.02363
-0.03317
-0.04285
-0.05250
-0.06193
-0.07094
-0.07937
-0.08704
-0.09380
-0.09951
-0.10407
-0.10736
-0.10932
-0.10991
-0.10912
-0.10696
-0.10349
-0.09878
-0.09296
-0.08615
-0.07851
-0.07025
-0.06154
-0.05261
-0.04367
-0.03493
-0.02659
-0.01883
-0.01181
-0.00567
-0.00050
0.00363
0.00668
0.00866
0.00962
0.00962
0.00878
0.00723
0.00512
0.00261
-0.00010
-0.00284
-0.00542
-0.00767
-0.00942
-0.01053
-0.01087
-0.01037
-0.00895
-0.00657
-0.00324
0.00101
0.00612
0.01200
0.01853
0.02558
0.03301
0.04063
0.04827
0.05576
0.06292
0.06957
0.07556
0.08072
0.08492
0.08804
0.08998
0.09067
0.09004
0.08807
0.08476
0.08012
0.07418
0.06703
0.05875
0.04944
0.03923
0.02827
0.01672
0.00475
-0.00745
-0.01970
-0.03179
-0.04353
-0.05471
-0.06512
-0.07458
-0.08289
-0.08988
-0.09538
-0.09923
-0.10132
-0.10154
-0.09979
-0.09604
-0.09024
-0.08242
-0.07263
-0.06094
-0.04747
-0.03240
-0.01591
0.00175
0.02031
0.03945
0.05884
0.07812
0.09691
0.11481
0.13144
0.14642
0.15935
0.16992
0.17781
0.18275
0.18454
0.18301
0.17810
0.16980
0.15815
0.14333
0.12554
0.10507
0.08229
0.05762
0.03151
0.00448
-0.02294
-0.05022
-0.07681
-0.10221
-0.12593
-0.14751
-0.16660
-0.18286
-0.19604
-0.20598
-0.21256
-0.21577
-0.21566
-0.21232
-0.20593
-0.19672
-0.18493
-0.17088
-0.15488
-0.13727
-0.11840
-0.09864
-0.07834
-0.05786
-0.03754
-0.01772
0.00129
0.01920
0.03574
0.05068
0.06383
0.07502
0.08412
0.09108
0.09585
0.09845
0.09894
0.09741
0.09401
0.08891
0.08231
0.07445
0.06557
0.05594
0.04583
0.03551
0.02524
0.01528
0.00586
-0.00279
-0.01049
-0.01707
-0.02240
-0.02639
-0.02897
-0.03009
-0.02979
-0.02807
-0.02502
-0.02073
-0.01532
-0.00894
-0.00176
0.00605
0.01427
0.02270
0.03113
0.03936
0.04716
0.05435
0.06073
0.06614
0.07043
0.07347
0.07517
0.07549
0.07436
0.07181
0.06787
0.06261
0.05614
0.04858
0.04011
0.03091
0.02118
0.01114
0.00102
-0.00895
-0.01855
-0.02755
-0.03575
-0.04296
-0.04902
-0.05382
-0.05722
-0.05917
-0.05965
-0.05864
-0.05619
-0.05236
-0.04726
-0.04103
-0.03382
-0.02580
-0.01718
-0.00817
0.00102
0.01015
0.01902
0.02742
0.03514
0.04200
0.04786
0.05255
0.05600
0.05812
0.05885
0.05820
0.05616
0.05280
0.04819
0.04243
0.03565
0.02798
0.01959
0.01066
0.00134
-0.00817
-0.01771
-0.02710
-0.03618
-0.04480
-0.05285
-0.06020
-0.06676
-0.07248
-0.07728
-0.08114
-0.08405
-0.08600
-0.08701
-0.08711
-0.08633
-0.08472
-0.08232
-0.07917
-0.07534
-0.07085
-0.06577
-0.06013
-0.05398
-0.04735
-0.04028
-0.03282
-0.02501
-0.01690
-0.00855
-0.00000
0.00865
0.01733
0.02594
0.03439
0.04255
0.05030
0.05752
0.06406
0.06980
0.07459
0.07833
0.08089
0.08217
0.08211
0.08064
0.07775
0.07345
0.06777
0.06078
0.05262
0.04342
0.03337
0.02269
0.01160
0.00038
-0.01068
-0.02131
-0.03120
-0.04005
-0.04761
-0.05361
-0.05781
-0.06004
-0.06015
-0.05804
-0.05370
-0.04711
-0.03839
-0.02770
-0.01522
-0.00128
0.01381
0.02966
0.04582
0.06184
0.07722
0.09147
0.10409
0.11463
0.12264
0.12775
0.12966
0.12810
0.12297
0.11422
0.10189
0.08621
0.06742
0.04595
0.02230
-0.00297
-0.02917
-0.05559
-0.08150
-0.10613
-0.12872
-0.14861
-0.16515
-0.17779
-0.18615
-0.18988
-0.18886
-0.18311
-0.17273
-0.15808
-0.13958
-0.11778
-0.09338
-0.06709
-0.03971
-0.01207
0.01505
0.04088
0.06471
0.08593
0.10407
0.11868
0.12955
0.13656
0.13968
0.13910
0.13502
0.12782
0.11792
0.10581
0.09201
0.07708
0.06157
0.04596
0.03077
0.01640
0.00319
-0.00856
-0.01867
-0.02702
-0.03356
-0.03834
-0.04144
-0.04301
-0.04325
-0.04236
-0.04060
-0.03820
-0.03541
-0.03245
-0.02955
-0.02686
-0.02455
-0.02273
-0.02148
-0.02084
-0.02082
-0.02138
-0.02247
-0.02399
-0.02585
-0.02792
-0.03005
-0.03212
-0.03397
-0.03548
-0.03651
-0.03696
-0.03673
-0.03576
-0.03401
-0.03145
-0.02808
-0.02396
-0.01912
-0.01366
-0.00767
-0.00128
0.00539
0.01217
0.01894
0.02552
0.03177
0.03754
0.04270
0.04713
0.05072
0.05338
0.05505
0.05568
0.05525
0.05377
0.05125
0.04774
0.04330
0.03803
0.03200
0.02535
0.01818
0.01063
0.00284
-0.00505
-0.01290
-0.02056
-0.02788
-0.03473
-0.04097
-0.04647
-0.05110
-0.05476
-0.05734
-0.05874
-0.05889
-0.05772
-0.05518
-0.05124
-0.04589
-0.03915
-0.03106
-0.02168
-0.01110
0.00055
0.01311
0.02641
0.04024
0.05433
0.06844
0.08228
0.09552
0.10786
0.11896
0.12849
0.13615
0.14163
0.14465
0.14498
0.14242
0.13683
0.12816
0.11636
0.10153
0.08382
0.06343
0.04069
0.01599
-0.01024
-0.03744
-0.06509
-0.09254
-0.11917
-0.14434
-0.16743
-0.18783
-0.20499
-0.21843
-0.22774
-0.23263
-0.23289
-0.22843
-0.21933
-0.20570
-0.18786
-0.16620
-0.14118
-0.11340
-0.08350
-0.05216
-0.02011
0.01193
0.04325
0.07315
0.10100
0.12624
0.14834
0.16690
0.18162
0.19222
0.19862
0.20076
0.19871
0.19264
0.18276
0.16937
0.15287
0.13366
0.11221
0.08901
0.06458
0.03944
0.01411
-0.01092
-0.03516
-0.05815
-0.07950
-0.09882
-0.11582
-0.13024
-0.14185
-0.15054
-0.15619
-0.15878
-0.15835
-0.15494
-0.14871
-0.13982
-0.12846
-0.11489
-0.09938
-0.08222
-0.06372
-0.04422
-0.02404
-0.00351
0.01703
0.03727
0.05689
0.07560
0.09313
0.10922
0.12367
0.13628
0.14688
0.15536
0.16161
0.16558
0.16726
0.16665
0.16381
0.15881
0.15177
0.14283
0.13216
0.11995
0.10641
0.09177
0.07626
0.06013
0.04361
0.02694
0.01036
-0.00593
-0.02172
-0.03683
-0.05111
-0.06441
-0.07664
-0.08770
-0.09755
-0.10615
-0.11350
-0.11961
-0.12452
-0.12828
-0.13096
-0.13264
-0.13340
-0.13334
-0.13256
-0.13112
-0.12913
-0.12665
-0.12375
-0.12048
-0.11687
-0.11295
-0.10872
-0.10417
-0.09929
-0.09403
-0.08834
-0.08218
-0.07549
-0.06821
-0.06028
-0.05164
-0.04227
-0.03214
-0.02123
-0.00957
0.00282
0.01586
0.02948
0.04355
0.05793
0.07246
0.08694
0.10116
0.11490
0.12792
0.14000
0.15088
0.16034
0.16817
0.17418
0.17819
0.18010
0.17980
0.17725
0.17246
0.16547
0.15639
0.14538
0.13261
0.11833
0.10283
0.08640
0.06937
0.05207
0.03484
0.01803
0.00195
-0.01311
-0.02688
-0.03915
-0.04975
-0.05854
-0.06547
-0.07053
-0.07373
-0.07519
-0.07503
-0.07342
-0.07059
-0.06675
-0.06217
-0.05710
-0.05180
-0.04651
-0.04148
-0.03690
-0.03297
-0.02982
-0.02756
-0.02627
-0.02598
-0.02665
-0.02827
-0.03074
-0.03394
-0.03775
-0.04199
-0.04650
-0.05109
-0.05558
-0.05977
-0.06350
-0.06658
-0.06889
-0.07030
-0.07070
-0.07001
-0.06821
-0.06527
-0.06120
-0.05606
-0.04992
-0.04287
-0.03505
-0.02658
-0.01764
-0.00839
0.00099
0.01031
0.01939
0.02807
0.03616
0.04352
0.05001
0.05552
0.05994
0.06320
0.06527
0.06612
0.06574
0.06419
0.06150
0.05776
0.05307
0.04754
0.04130
0.03449
0.02726
0.01975
0.01212
0.00452
-0.00292
-0.01005
-0.01675
-0.02291
-0.02844
-0.03323
-0.03723
-0.04036
-0.04260
-0.04391
-0.04428
-0.04370
-0.04219
-0.03978
-0.03650
-0.03240
-0.02755
-0.02200
-0.01585
-0.00919
-0.00212
0.00526
0.01284
0.02048
0.02807
0.03548
0.04258
0.04924
0.05535
0.06078
0.06543
0.06919
0.07199
0.07374
0.07440
0.07393
0.07231
0.06955
0.06566
0.06069
0.05471
0.04780
0.04006
0.03160
0.02256
0.01309
0.00332
-0.00657
-0.01642
-0.02607
-0.03535
-0.04410
-0.05216
-0.05939
-0.06565
-0.07082
-0.07478
-0.07745
-0.07875
-0.07862
-0.07705
-0.07401
-0.06953
-0.06366
-0.05646
-0.04804
-0.03853
-0.02807
-0.01684
-0.00505
0.00710
0.01936
0.03149
0.04323
0.05434
0.06455
0.07364
0.08137
0.08755
0.09199
0.09456
0.09517
0.09375
0.09030
0.08486
0.07750
0.06837
0.05766
0.04558
0.03240
0.01840
0.00388
-0.01084
-0.02543
-0.03959
-0.05301
-0.06543
-0.07662
-0.08636
-0.09451
-0.10096
-0.10563
-0.10853
-0.10967
-0.10912
-0.10700
-0.10342
-0.09855
-0.09256
-0.08563
-0.07794
-0.06969
-0.06104
-0.05215
-0.04318
-0.03424
-0.02545
-0.01691
-0.00867
-0.00079
0.00670
0.01377
0.02041
0.02663
0.03243
0.03781
0.04279
0.04738
0.05158
0.05538
0.05879
0.06179
0.06435
0.06646
0.06808
0.06919
0.06975
0.06972
0.06908
0.06780
0.06584
0.06321
0.05990
0.05591
0.05126
0.04598
0.04012
0.03374
0.02690
0.01968
0.01219
0.00451
-0.00324
-0.01094
-0.01849
-0.02576
-0.03264
-0.03902
-0.04479
-0.04985
-0.05412
-0.05752
-0.05998
-0.06145
-0.06190
-0.06131
-0.05967
-0.05700
-0.05333
-0.04871
-0.04320
-0.03687
-0.02983
-0.02217
-0.01401
-0.00547
0.00331
0.01221
0.02107
0.02976
0.03815
0.04610
0.05349
0.06019
0.06611
0.07114
0.07520
0.07823
0.08019
0.08103
0.08075
0.07935
0.07685
0.07329
0.06873
0.06323
0.05688
0.04978
0.04202
0.03373
0.02502
0.01602
0.00685
-0.00237
-0.01149
-0.02042
-0.02903
-0.03722
-0.04489
-0.05194
-0.05831
-0.06392
-0.06873
-0.07268
-0.07574
-0.07790
-0.07916
-0.07952
-0.07900
-0.07764
-0.07548
-0.07257
-0.06898
-0.06480
-0.06009
-0.05495
-0.04948
-0.04377
-0.03792
-0.03204
-0.02622
-0.02056
-0.01515
-0.01007
-0.00539
-0.00118
0.00251
0.00565
0.00820
0.01018
0.01156
0.01239
0.01269
0.01251
0.01191
0.01095
0.00972
0.00829
0.00675
0.00518
0.00367
0.00230
0.00113
0.00023
-0.00035
-0.00056
-0.00038
0.00021
0.00121
0.00261
0.00439
0.00652
0.00895
0.01163
0.01453
0.01757
0.02070
0.02388
0.02705
0.03016
0.03317
0.03605
0.03876
0.04128
0.04359
0.04566
0.04748
0.04905
0.05034
0.05134
0.05205
0.05244
0.05251
0.05223
0.05160
0.05059
0.04919
0.04740
0.04520
0.04260
0.03959
0.03618
0.03241
0.02828
0.02385
0.01915
0.01423
0.00915
0.00397
-0.00125
-0.00644
-0.01154
-0.01650
-0.02125
-0.02576
-0.02998
-0.03390
-0.03748
-0.04074
-0.04366
-0.04628
-0.04860
-0.05066
-0.05249
-0.05413
-0.05561
-0.05696
-0.05820
-0.05935
-0.06041
-0.06135
-0.06217
-0.06280
-0.06320
-0.06329
-0.06297
-0.06216
-0.06074
-0.05862
-0.05567
-0.05180
-0.04693
-0.04096
-0.03385
-0.02557
-0.01613
-0.00556
0.00606
0.01861
0.03194
0.04584
0.06007
0.07437
0.08843
0.10190
0.11445
0.12571
0.13531
0.14290
0.14815
0.15073
0.15040
0.14694
0.14017
0.13004
0.11651
0.09968
0.07971
0.05682
0.03139
0.00382
-0.02539
-0.05565
-0.08635
-0.11682
-0.14636
-0.17425
-0.19982
-0.22239
-0.24135
-0.25618
-0.26639
-0.27167
-0.27177
-0.26655
-0.25609
-0.24048
-0.22003
-0.19513
-0.16626
-0.13405
-0.09917
-0.06232
-0.02430
0.01410
0.05211
0.08897
0.12395
0.15640
0.18572
0.21140
0.23305
0.25031
0.26302
0.27106
0.27440
0.27317
0.26753
0.25776
0.24422
0.22731
0.20752
0.18534
0.16133
0.13603
0.11002
0.08384
0.05804
0.03313
0.00957
-0.01221
-0.03183
-0.04899
-0.06343
-0.07499
-0.08354
-0.08903
-0.09151
-0.09105
-0.08780
-0.08199
-0.07387
-0.06375
-0.05198
-0.03893
-0.02503
-0.01067
0.00371
0.01769
0.03087
0.04285
0.05326
0.06178
0.06814
0.07207
0.07341
0.07202
0.06782
0.06083
0.05108
0.03870
0.02387
0.00681
-0.01220
-0.03282
-0.05470
-0.07742
-0.10058
-0.12372
-0.14641
-0.16820
-0.18867
-0.20738
-0.22398
-0.23810
-0.24944
-0.25774
-0.26281
-0.26448
-0.26270
-0.25741
-0.24868
-0.23660
-0.22131
-0.20306
-0.18209
-0.15871
-0.13329
-0.10618
-0.07779
-0.04854
-0.01886
0.01085
0.04017
0.06870
0.09608
0.12195
0.14603
0.16804
0.18774
0.20497
0.21955
0.23141
0.24048
0.24673
0.25020
0.25093
0.24900
0.24455
0.23770
0.22864
0.21757
0.20467
0.19021
0.17440
0.15750
0.13978
0.12150
0.10292
0.08431
0.06593
0.04803
0.03085
0.01463
-0.00043
-0.01413
-0.02632
-0.03684
-0.04559
-0.05248
-0.05746
-0.06053
-0.06168
-0.06098
-0.05853
-0.05443
-0.04883
-0.04194
-0.03395
-0.02512
-0.01569
-0.00595
0.00381
0.01329
0.02220
0.03022
0.03707
0.04249
0.04620
0.04800
0.04770
0.04513
0.04022
0.03289
0.02314
0.01104
-0.00332
-0.01977
-0.03809
-0.05802
-0.07923
-0.10138
-0.12407
-0.14688
-0.16936
-0.19107
-0.21154
-0.23033
-0.24700
-0.26114
-0.27238
-0.28039
-0.28487
-0.28561
-0.28243
-0.27522
-0.26397
-0.24869
-0.22949
-0.20655
-0.18010
-0.15047
-0.11800
-0.08311
-0.04629
-0.00803
0.03112
0.07061
0.10985
0.14826
0.18526
0.22030
0.25283
0.28236
0.30843
0.33064
0.34864
0.36219
0.37106
0.37513
0.37440
0.36887
0.35869
0.34404
0.32518
0.30246
0.27624
0.24697
0.21510
0.18112
0.14555
0.10889
0.07165
0.03434
-0.00255
-0.03856
-0.07325
-0.10618
-0.13699
-0.16531
-0.19082
-0.21322
-0.23226
-0.24771
-0.25940
-0.26717
-0.27094
-0.27064
-0.26625
-0.25784
-0.24547
-0.22933
-0.20959
-0.18654
-0.16050
-0.13185
-0.10102
-0.06853
-0.03489
-0.00070
0.03341
0.06681
0.09882
0.12878
0.15603
0.17992
0.19986
0.21532
0.22580
0.23094
0.23047
0.22420
0.21213
0.19436
0.17111
0.14282
0.10998
0.07329
0.03355
-0.00839
-0.05152
-0.09480
-0.13719
-0.17762
-0.21504
-0.24854
-0.27722
-0.30032
-0.31732
-0.32771
-0.33128
-0.32801
-0.31795
-0.30149
-0.27909
-0.25135
-0.21910
-0.18315
-0.14443
-0.10394
-0.06263
-0.02142
0.01876
0.05714
0.09303
0.12580
0.15502
0.18035
0.20156
0.21859
0.23143
0.24022
0.24517
0.24652
0.24462
0.23982
0.23249
0.22302
0.21180
0.19918
0.18551
0.17110
0.15621
0.14108
0.12591
0.11084
0.09601
0.08149
0.06735
0.05363
0.04036
0.02756
0.01524
0.00343
-0.00787
-0.01861
-0.02876
-0.03828
-0.04712
-0.05520
-0.06248
-0.06889
-0.07437
-0.07887
-0.08234
-0.08474
-0.08605
-0.08626
-0.08538
-0.08342
-0.08042
-0.07645
-0.07157
-0.06587
-0.05946
-0.05245
-0.04498
-0.03720
-0.02925
-0.02131
-0.01352
-0.00606
0.00091
0.00725
0.01280
0.01744
0.02105
0.02356
0.02487
0.02497
0.02383
0.02145
0.01789
0.01320
0.00748
0.00086
-0.00654
-0.01454
-0.02297
-0.03164
-0.04034
-0.04887
-0.05702
-0.06459
-0.07138
-0.07721
-0.08193
-0.08538
-0.08746
-0.08808
-0.08717
-0.08473
-0.08075
-0.07530
-0.06843
-0.06028
-0.05098
-0.04072
-0.02968
-0.01810
-0.00622
0.00573
0.01747
0.02876
0.03935
0.04899
0.05748
0.06462
0.07026
0.07428
0.07658
0.07713
0.07596
0.07309
0.06865
0.06276
0.05563
0.04747
0.03854
0.02913
0.01952
0.01003
0.00096
-0.00738
-0.01473
-0.02082
-0.02543
-0.02839
-0.02957
-0.02889
-0.02634
-0.02193
-0.01577
-0.00802
0.00116
0.01148
0.02269
0.03447
0.04648
0.05837
0.06981
0.08044
0.08995
0.09807
0.10452
0.10912
0.11172
0.11221
0.11058
0.10684
0.10106
0.09339
0.08401
0.07312
0.06100
0.04791
0.03413
0.01996
0.00569
-0.00842
-0.02210
-0.03513
-0.04732
-0.05848
-0.06850
-0.07726
-0.08471
-0.09081
-0.09555
-0.09897
-0.10112
-0.10206
-0.10192
-0.10079
-0.09881
-0.09613
-0.09289
-0.08925
-0.08535
-0.08133
-0.07730
-0.07339
-0.06967
-0.06618
-0.06296
-0.05999
-0.05724
-0.05465
-0.05213
-0.04958
-0.04687
-0.04389
-0.04051
-0.03663
-0.03214
-0.02698
-0.02108
-0.01444
-0.00707
0.00097
0.00961
0.01871
0.02813
0.03770
0.04721
0.05647
0.06526
0.07337
0.08060
0.08676
0.09170
0.09528
0.09739
0.09798
0.09702
0.09451
0.09051
0.08511
0.07842
0.07059
0.06180
0.05223
0.04210
0.03163
0.02103
0.01053
0.00034
-0.00933
-0.01829
-0.02638
-0.03344
-0.03935
-0.04402
-0.04736
-0.04933
-0.04993
-0.04916
-0.04707
-0.04372
-0.03921
-0.03366
-0.02719
-0.01998
-0.01219
-0.00400
0.00440
0.01281
0.02103
0.02887
0.03616
0.04271
0.04838
0.05302
0.05654
0.05884
0.05986
0.05958
0.05798
0.05511
0.05102
0.04578
0.03951
0.03234
0.02440
0.01587
0.00690
-0.00232
-0.01162
-0.02083
-0.02977
-0.03828
-0.04623
-0.05348
-0.05990
-0.06542
-0.06994
-0.07341
-0.07580
-0.07707
-0.07724
-0.07631
-0.07432
-0.07133
-0.06739
-0.06259
-0.05700
-0.05072
-0.04387
-0.03655
-0.02887
-0.02096
-0.01294
-0.00492
0.00297
0.01062
0.01791
0.02475
0.03102
0.03665
0.04155
0.04564
0.04887
0.05120
0.05260
0.05304
0.05253
0.05109
0.04874
0.04553
0.04152
0.03678
0.03140
0.02548
0.01911
0.01241
0.00551
-0.00148
-0.00842
-0.01520
-0.02168
-0.02774
-0.03327
-0.03817
-0.04232
-0.04566
-0.04810
-0.04958
-0.05007
-0.04953
-0.04796
-0.04537
-0.04177
-0.03722
-0.03178
-0.02554
-0.01858
-0.01103
-0.00301
0.00535
0.01388
0.02245
0.03088
0.03903
0.04672
0.05382
0.06017
0.06565
0.07013
0.07352
0.07572
0.07670
0.07640
0.07482
0.07197
0.06788
0.06262
0.05627
0.04894
0.04075
0.03186
0.02242
0.01259
0.00257
-0.00748
-0.01737
-0.02692
-0.03596
-0.04433
-0.05187
-0.05845
-0.06397
-0.06832
-0.07143
-0.07326
-0.07378
-0.07300
-0.07095
-0.06768
-0.06327
-0.05782
-0.05144
-0.04428
-0.03648
-0.02822
-0.01965
-0.01097
-0.00233
0.00608
0.01411
0.02159
0.02840
0.03439
0.03948
0.04358
0.04663
0.04859
0.04944
0.04921
0.04792
0.04563
0.04241
0.03835
0.03356
0.02816
0.02227
0.01603
0.00957
0.00304
-0.00344
-0.00973
-0.01571
-0.02125
-0.02626
-0.03064
-0.03431
-0.03720
-0.03927
-0.04048
-0.04081
-0.04026
-0.03883
-0.03657
-0.03351
-0.02972
-0.02526
-0.02022
-0.01469
-0.00878
-0.00261
0.00371
0.01005
0.01628
0.02228
0.02793
0.03311
0.03769
0.04160
0.04473
0.04702
0.04840
0.04884
0.04831
0.04682
0.04437
0.04101
0.03680
0.03180
0.02610
0.01981
0.01304
0.00592
-0.00143
-0.00887
-0.01626
-0.02347
-0.03037
-0.03683
-0.04273
-0.04797
-0.05245
-0.05609
-0.05883
-0.06062
-0.06141
-0.06120
-0.05998
-0.05777
-0.05460
-0.05053
-0.04561
-0.03994
-0.03360
-0.02670
-0.01937
-0.01171
-0.00388
0.00401
0.01181
0.01938
0.02660
0.03333
0.03945
0.04487
0.04947
0.05319
0.05595
0.05772
0.05846
0.05818
0.05688
0.05460
0.05140
0.04736
0.04255
0.03709
0.03110
0.02470
0.01802
0.01122
0.00443
-0.00222
-0.00857
-0.01451
-0.01990
-0.02465
-0.02867
-0.03186
-0.03417
-0.03556
-0.03601
-0.03551
-0.03408
-0.03176
-0.02860
-0.02467
-0.02007
-0.01489
-0.00925
-0.00328
0.00289
0.00914
0.01531
0.02127
0.02688
0.03204
0.03660
0.04048
0.04358
0.04583
0.04717
0.04757
0.04700
0.04548
0.04301
0.03965
0.03544
0.03045
0.02477
0.01849
0.01172
0.00457
-0.00284
-0.01039
-0.01796
-0.02543
-0.03269
-0.03961
-0.04610
-0.05206
-0.05739
-0.06200
-0.06583
-0.06880
-0.07087
-0.07197
-0.07209
-0.07120
-0.06929
-0.06637
-0.06245
-0.05757
-0.05178
-0.04514
-0.03775
-0.02970
-0.02111
-0.01209
-0.00281
0.00660
0.01597
0.02513
0.03391
0.04215
0.04968
0.05635
0.06201
0.06654
0.06984
0.07181
0.07243
0.07164
0.06947
0.06593
0.06110
0.05507
0.04796
0.03990
0.03107
0.02164
0.01179
0.00175
-0.00831
-0.01818
-0.02765
-0.03655
-0.04470
-0.05195
-0.05818
-0.06325
-0.06710
-0.06966
-0.07089
-0.07078
-0.06936
-0.06665
-0.06274
-0.05769
-0.05161
-0.04463
-0.03687
-0.02847
-0.01960
-0.01041
-0.00105
0.00831
0.01752
0.02643
0.03489
0.04278
0.04998
0.05637
0.06188
0.06642
0.06995
0.07240
0.07377
0.07405
0.07324
0.07137
0.06848
0.06461
0.05985
0.05426
0.04792
0.04095
0.03344
0.02551
0.01726
0.00884
0.00036
-0.00805
-0.01625
-0.02411
-0.03149
-0.03826
-0.04429
-0.04944
-0.05360
-0.05666
-0.05850
-0.05906
-0.05825
-0.05603
-0.05238
-0.04729
-0.04081
-0.03299
-0.02393
-0.01377
-0.00266
0.00920
0.02157
0.03420
0.04680
0.05909
0.07074
0.08143
0.09085
0.09871
0.10470
0.10858
0.11015
0.10920
0.10566
0.09945
0.09058
0.07915
0.06528
0.04921
0.03121
0.01161
-0.00919
-0.03076
-0.05264
-0.07436
-0.09542
-0.11538
-0.13377
-0.15019
-0.16429
-0.17574
-0.18435
-0.18995
-0.19243
-0.19181
-0.18814
-0.18153
-0.17219
-0.16033
-0.14624
-0.13021
-0.11257
-0.09365
-0.07378
-0.05328
-0.03249
-0.01169
0.00884
0.02885
0.04810
0.06640
0.08357
0.09947
0.11398
0.12699
0.13843
0.14826
0.15642
0.16289
0.16767
0.17074
0.17211
0.17178
0.16978
0.16612
0.16083
0.15393
0.14547
0.13549
0.12407
0.11127
0.09719
0.08193
0.06564
0.04845
0.03053
0.01207
-0.00672
-0.02563
-0.04443
-0.06286
-0.08069
-0.09765
-0.11351
-0.12801
-0.14093
-0.15206
-0.16121
-0.16821
-0.17294
-0.17531
-0.17526
-0.17280
-0.16795
-0.16079
-0.15145
-0.14008
-0.12689
-0.11209
-0.09595
-0.07876
-0.06079
-0.04236
-0.02378
-0.00536
0.01259
0.02979
0.04595
0.06082
0.07414
0.08571
0.09535
0.10288
0.10820
0.11120
0.11183
0.11007
0.10593
0.09949
0.09083
0.08009
0.06748
0.05320
0.03756
0.02087
0.00349
-0.01417
-0.03165
-0.04848
-0.06415
-0.07813
-0.08989
-0.09890
-0.10465
-0.10666
-0.10447
-0.09775
-0.08620
-0.06961
-0.04796
-0.02126
0.01028
0.04628
0.08630
0.12964
0.17548
0.22291
0.27080
0.31799
0.36320
0.40508
0.44228
0.47347
0.49735
0.51272
0.51859
0.51400
0.49836
0.47127
0.43253
0.38243
0.32136
0.25015
0.16997
0.08213
-0.01164
-0.10942
-0.20920
-0.30872
-0.40571
-0.49793
-0.58315
-0.65927
-0.72449
-0.77713
-0.81586
-0.83984
-0.84834
-0.84127
-0.81890
-0.78170
-0.73085
-0.66759
-0.59358
-0.51077
-0.42119
-0.32706
-0.23067
-0.13428
-0.04002
0.05000
0.13398
0.21035
0.27769
0.33510
0.38186
0.41757
0.44232
0.45629
0.46008
0.45453
0.44058
0.41944
0.39238
0.36068
0.32568
0.28869
0.25087
0.21335
0.17711
0.14290
0.11143
0.08317
0.05842
0.03740
0.02012
0.00651
-0.00361
-0.01051
-0.01452
-0.01601
-0.01538
-0.01307
-0.00947
-0.00502
-0.00010
0.00492
0.00969
0.01391
0.01732
0.01967
0.02079
0.02053
0.01878
0.01551
0.01068
0.00433
-0.00346
-0.01258
-0.02287
-0.03415
-0.04617
-0.05867
-0.07136
-0.08393
-0.09602
-0.10728
-0.11734
-0.12582
-0.13235
-0.13656
-0.13811
-0.13670
-0.13203
-0.12390
-0.11215
-0.09665
-0.07744
-0.05457
-0.02821
0.00134
0.03375
0.06852
0.10507
0.14278
0.18087
0.21854
0.25495
0.28919
0.32036
0.34760
0.37005
0.38692
0.39755
0.40133
0.39784
0.38681
0.36808
0.34178
0.30814
0.26759
0.22080
0.16850
0.11168
0.05141
-0.01117
-0.07480
-0.13822
-0.20017
-0.25941
-0.31477
-0.36522
-0.40980
-0.44770
-0.47835
-0.50124
-0.51610
-0.52288
-0.52158
-0.51250
-0.49600
-0.47259
-0.44296
-0.40781
-0.36797
-0.32435
-0.27784
-0.22938
-0.17991
-0.13031
-0.08144
-0.03411
0.01099
0.05325
0.09211
0.12723
0.15826
0.18505
0.20753
0.22571
0.23971
0.24973
0.25600
0.25885
0.25858
0.25554
0.25007
0.24251
0.23316
0.22230
0.21018
0.19699
0.18293
0.16811
0.15263
0.13658
0.12000
0.10292
0.08539
0.06742
0.04906
0.03036
0.01141
-0.00771
-0.02684
-0.04582
-0.06445
-0.08249
-0.09968
-0.11573
-0.13033
-0.14317
-0.15395
-0.16235
-0.16811
-0.17098
-0.17076
-0.16733
-0.16059
-0.15055
-0.13729
-0.12094
-0.10175
-0.08004
-0.05617
-0.03062
-0.00387
0.02350
0.05091
0.07776
0.10344
0.12735
0.14892
0.16765
0.18302
0.19469
0.20231
0.20564
0.20459
0.19909
0.18923
0.17520
0.15722
0.13571
0.11109
0.08389
0.05471
0.02419
-0.00700
-0.03813
-0.06850
-0.09743
-0.12420
-0.14820
-0.16885
-0.18562
-0.19811
-0.20598
-0.20898
-0.20705
-0.20015
-0.18843
-0.17214
-0.15161
-0.12731
-0.09981
-0.06972
-0.03777
-0.00469
0.02876
0.06176
0.09357
0.12345
0.15071
0.17473
0.19501
0.21108
0.22267
0.22956
0.23165
0.22903
0.22181
0.21028
0.19482
0.17586
0.15393
0.12961
0.10349
0.07620
0.04837
0.02059
-0.00658
-0.03260
-0.05704
-0.07948
-0.09962
-0.11722
-0.13208
-0.14414
-0.15336
-0.15977
-0.16348
-0.16464
-0.16342
-0.16007
-0.15483
-0.14796
-0.13974
-0.13045
-0.12036
-0.10973
-0.09881
-0.08783
-0.07698
-0.06645
-0.05637
-0.04686
-0.03801
-0.02988
-0.02249
-0.01586
-0.00995
-0.00473
-0.00015
0.00388
0.00742
0.01057
0.01341
0.01602
0.01850
0.02089
0.02327
0.02569
0.02817
0.03073
0.03338
0.03610
0.03886
0.04163
0.04434
0.04694
0.04936
0.05153
0.05338
0.05484
0.05584
0.05633
0.05625
0.05557
0.05426
0.05231
0.04971
0.04648
0.04263
0.03822
0.03328
0.02789
0.02210
0.01599
0.00967
0.00320
-0.00329
-0.00972
-0.01598
-0.02196
-0.02757
-0.03270
-0.03727
-0.04117
-0.04433
-0.04667
-0.04814
-0.04868
-0.04826
-0.04686
-0.04448
-0.04114
-0.03686
-0.03171
-0.02577
-0.01912
-0.01188
-0.00418
0.00383
0.01200
0.02016
0.02814
0.03577
0.04287
0.04930
0.05489
0.05951
0.06306
0.06544
0.06659
0.06648
0.06512
0.06251
0.05874
0.05387
0.04804
0.04138
0.03405
0.02621
0.01805
0.00977
0.00154
-0.00645
-0.01403
-0.02103
-0.02732
-0.03278
-0.03730
-0.04080
-0.04326
-0.04464
-0.04494
-0.04420
-0.04247
-0.03983
-0.03637
-0.03220
-0.02745
-0.02226
-0.01677
-0.01112
-0.00547
0.00005
0.00529
0.01013
0.01445
0.01814
0.02112
0.02332
0.02468
0.02518
0.02480
0.02355
0.02147
0.01858
0.01496
0.01068
0.00584
0.00052
-0.00517
-0.01111
-0.01719
-0.02331
-0.02936
-0.03522
-0.04080
-0.04601
-0.05076
-0.05500
-0.05864
-0.06164
-0.06395
-0.06555
-0.06641
-0.06651
-0.06585
-0.06442
-0.06224
-0.05930
-0.05563
-0.05124
-0.04616
-0.04041
-0.03402
-0.02703
-0.01947
-0.01138
-0.00282
0.00617
0.01552
0.02516
0.03502
0.04501
0.05503
0.06498
0.07474
0.08420
0.09320
0.10161
0.10928
0.11605
0.12178
0.12629
0.12945
0.13111
0.13114
0.12944
0.12590
0.12049
0.11316
0.10393
0.09286
0.08001
0.06556
0.04967
0.03257
0.01455
-0.00411
-0.02303
-0.04187
-0.06023
-0.07772
-0.09395
-0.10857
-0.12121
-0.13158
-0.13944
-0.14457
-0.14686
-0.14625
-0.14275
-0.13648
-0.12758
-0.11630
-0.10294
-0.08785
-0.07144
-0.05414
-0.03640
-0.01867
-0.00143
0.01489
0.02990
0.04322
0.05456
0.06365
0.07032
0.07448
0.07608
0.07517
0.07187
0.06636
0.05888
0.04972
0.03921
0.02770
0.01557
0.00317
-0.00912
-0.02095
-0.03201
-0.04203
-0.05074
-0.05797
-0.06354
-0.06737
-0.06940
-0.06960
-0.06803
-0.06474
-0.05984
-0.05347
-0.04579
-0.03699
-0.02726
-0.01682
-0.00590
0.00530
0.01654
0.02761
0.03831
0.04844
0.05782
0.06629
0.07372
0.07997
0.08496
0.08863
0.09092
0.09182
0.09134
0.08950
0.08638
0.08204
0.07660
0.07017
0.06289
0.05491
0.04639
0.03750
0.02839
0.01924
0.01020
0.00141
-0.00699
-0.01489
-0.02219
-0.02883
-0.03475
-0.03993
-0.04438
-0.04810
-0.05115
-0.05359
-0.05548
-0.05692
-0.05798
-0.05876
-0.05934
-0.05979
-0.06016
-0.06048
-0.06078
-0.06101
-0.06116
-0.06114
-0.06087
-0.06023
-0.05911
-0.05736
-0.05486
-0.05148
-0.04712
-0.04169
-0.03514
-0.02747
-0.01870
-0.00892
0.00176
0.01316
0.02508
0.03726
0.04944
0.06132
0.07262
0.08302
0.09224
0.10003
0.10613
0.11037
0.11258
0.11266
0.11056
0.10629
0.09988
0.09148
0.08120
0.06928
0.05595
0.04149
0.02622
0.01044
-0.00550
-0.02125
-0.03648
-0.05089
-0.06416
-0.07602
-0.08625
-0.09464
-0.10105
-0.10537
-0.10753
-0.10753
-0.10539
-0.10118
-0.09504
-0.08709
-0.07753
-0.06658
-0.05447
-0.04145
-0.02781
-0.01381
0.00025
0.01411
0.02748
0.04011
0.05176
0.06221
0.07127
0.07877
0.08459
0.08862
0.09082
0.09115
0.08963
0.08631
0.08127
0.07461
0.06649
0.05707
0.04653
0.03510
0.02298
0.01041
-0.00235
-0.01508
-0.02752
-0.03943
-0.05058
-0.06074
-0.06971
-0.07730
-0.08332
-0.08765
-0.09014
-0.09071
-0.08930
-0.08589
-0.08049
-0.07314
-0.06395
-0.05306
-0.04062
-0.02688
-0.01208
0.00349
0.01949
0.03558
0.05137
0.06648
0.08052
0.09310
0.10385
0.11241
0.11850
0.12182
0.12220
0.11949
0.11361
0.10462
0.09261
0.07777
0.06040
0.04085
0.01957
-0.00291
-0.02607
-0.04928
-0.07193
-0.09341
-0.11311
-0.13047
-0.14501
-0.15629
-0.16398
-0.16790
-0.16789
-0.16397
-0.15630
-0.14506
-0.13063
-0.11343
-0.09394
-0.07275
-0.05042
-0.02758
-0.00482
0.01726
0.03814
0.05731
0.07434
0.08893
0.10075
0.10968
0.11562
0.11856
0.11860
0.11589
0.11068
0.10325
0.09393
0.08310
0.07116
0.05851
0.04554
0.03264
0.02017
0.00844
-0.00225
-0.01168
-0.01968
-0.02609
-0.03087
-0.03397
-0.03544
-0.03533
-0.03376
-0.03089
-0.02688
-0.02193
-0.01626
-0.01008
-0.00362
0.00290
0.00929
0.01535
0.02090
0.02582
0.03000
0.03333
0.03578
0.03733
0.03799
0.03780
0.03682
0.03516
0.03293
0.03025
0.02726
0.02410
0.02090
0.01782
0.01496
0.01244
0.01034
0.00874
0.00767
0.00715
0.00718
0.00770
0.00867
0.01000
0.01160
0.01335
0.01512
0.01678
0.01820
0.01922
0.01974
0.01963
0.01877
0.01708
0.01449
0.01095
0.00643
0.00093
-0.00553
-0.01289
-0.02109
-0.03000
-0.03952
-0.04948
-0.05973
-0.07006
-0.08028
-0.09016
-0.09950
-0.10806
-0.11563
-0.12197
-0.12691
-0.13024
-0.13181
-0.13149
-0.12916
-0.12480
-0.11836
-0.10986
-0.09939
-0.08704
-0.07298
-0.05742
-0.04059
-0.02277
-0.00426
0.01459
0.03344
0.05192
0.06968
0.08635
0.10158
0.11507
0.12652
0.13567
0.14235
0.14636
0.14763
0.14611
0.14182
0.13485
0.12532
0.11343
0.09945
0.08365
0.06638
0.04801
0.02894
0.00960
-0.00961
-0.02824
-0.04590
-0.06219
-0.07676
-0.08928
-0.09948
-0.10716
-0.11213
-0.11432
-0.11368
-0.11025
-0.10414
-0.09549
-0.08453
-0.07153
-0.05680
-0.04069
-0.02358
-0.00587
0.01204
0.02975
0.04688
0.06305
0.07793
0.09125
0.10273
0.11219
0.11950
0.12455
0.12734
0.12788
0.12625
0.12258
0.11703
0.10980
0.10112
0.09122
0.08038
0.06884
0.05686
0.04469
0.03255
0.02066
0.00919
-0.00169
-0.01186
-0.02120
-0.02966
-0.03718
-0.04374
-0.04933
-0.05398
-0.05770
-0.06055
-0.06257
-0.06383
-0.06439
-0.06431
-0.06365
-0.06248
-0.06085
-0.05883
-0.05647
-0.05382
-0.05093
-0.04784
-0.04460
-0.04127
-0.03788
-0.03448
-0.03112
-0.02786
-0.02475
-0.02183
-0.01917
-0.01682
-0.01482
-0.01323
-0.01208
-0.01141
-0.01125
-0.01160
-0.01247
-0.01384
-0.01570
-0.01799
-0.02068
-0.02367
-0.02689
-0.03025
-0.03363
-0.03691
-0.03998
-0.04271
-0.04497
-0.04664
-0.04761
-0.04777
-0.04703
-0.04532
-0.04260
-0.03883
-0.03401
-0.02818
-0.02138
-0.01370
-0.00525
0.00384
0.01340
0.02326
0.03323
0.04309
0.05263
0.06163
0.06989
0.07720
0.08339
0.08828
0.09175
0.09368
0.09402
0.09272
0.08980
0.08530
0.07932
0.07196
0.06341
0.05385
0.04350
0.03262
0.02146
0.01031
-0.00057
-0.01087
-0.02035
-0.02874
-0.03580
-0.04135
-0.04520
-0.04723
-0.04736
-0.04552
-0.04175
-0.03609
-0.02865
-0.01961
-0.00916
0.00245
0.01492
0.02795
0.04118
0.05424
0.06678
0.07842
0.08881
0.09762
0.10454
0.10931
0.11175
0.11165
0.10895
0.10362
0.09565
0.08518
0.07234
0.05736
0.04051
0.02210
0.00251
-0.01789
-0.03866
-0.05939
-0.07962
-0.09895
-0.11693
-0.13319
-0.14737
-0.15916
-0.16829
-0.17458
-0.17786
-0.17810
-0.17531
-0.16954
-0.16099
-0.14985
-0.13640
-0.12100
-0.10400
-0.08578
-0.06678
-0.04738
-0.02798
-0.00895
0.00939
0.02674
0.04284
0.05753
0.07062
0.08201
0.09165
0.09948
0.10550
0.10973
0.11219
0.11294
0.11203
0.10951
0.10546
0.09995
0.09306
0.08487
0.07549
0.06502
0.05359
0.04133
0.02841
0.01500
0.00129
-0.01251
-0.02618
-0.03949
-0.05221
-0.06410
-0.07495
-0.08455
-0.09272
-0.09929
-0.10414
-0.10720
-0.10840
-0.10775
-0.10529
-0.10108
-0.09526
-0.08796
-0.07936
-0.06965
-0.05902
-0.04771
-0.03591
-0.02384
-0.01167
0.00040
0.01222
0.02366
0.03461
0.04498
0.05470
0.06371
0.07201
0.07956
0.08637
0.09243
0.09777
0.10239
0.10630
0.10953
0.11208
0.11395
0.11517
0.11572
0.11561
0.11485
0.11343
0.11135
0.10862
0.10524
0.10123
0.09659
0.09135
0.08554
0.07916
0.07227
0.06490
0.05709
0.04887
0.04031
0.03145
0.02235
0.01305
0.00362
-0.00588
-0.01539
-0.02485
-0.03417
-0.04329
-0.05214
-0.06062
-0.06865
-0.07615
-0.08303
-0.08921
-0.09460
-0.09913
-0.10273
-0.10534
-0.10692
-0.10745
-0.10691
-0.10532
-0.10270
-0.09912
-0.09465
-0.08937
-0.08342
-0.07691
-0.07000
-0.06283
-0.05558
-0.04841
-0.04147
-0.03493
-0.02893
-0.02361
-0.01906
-0.01537
-0.01261
-0.01082
-0.00999
-0.01012
-0.01115
-0.01302
-0.01561
-0.01883
-0.02252
-0.02655
-0.03075
-0.03495
-0.03899
-0.04270
-0.04594
-0.04854
-0.05039
-0.05138
-0.05140
-0.05042
-0.04838
-0.04527
-0.04112
-0.03595
-0.02984
-0.02288
-0.01516
-0.00682
0.00200
0.01117
0.02052
0.02989
0.03914
0.04811
0.05666
0.06466
0.07199
0.07855
0.08425
0.08902
0.09282
0.09562
0.09740
0.09818
0.09796
0.09678
0.09471
0.09178
0.08808
0.08369
0.07868
0.07314
0.06717
0.06085
0.05427
0.04751
0.04066
0.03379
0.02698
0.02028
0.01377
0.00750
0.00152
-0.00412
-0.00938
-0.01420
-0.01856
-0.02240
-0.02571
-0.02843
-0.03053
-0.03199
-0.03278
-0.03286
-0.03222
-0.03085
-0.02874
-0.02588
-0.02230
-0.01800
-0.01304
-0.00746
-0.00131
0.00531
0.01233
0.01965
0.02715
0.03470
0.04219
0.04947
0.05643
0.06291
0.06880
0.07398
0.07833
0.08177
0.08422
0.08561
0.08591
0.08509
0.08315
0.08013
0.07606
0.07100
0.06504
0.05826
0.05079
0.04272
0.03419
0.02533
0.01627
0.00713
-0.00195
-0.01086
-0.01947
-0.02769
-0.03542
-0.04256
-0.04905
-0.05482
-0.05982
-0.06401
-0.06738
-0.06989
-0.07156
-0.07239
-0.07241
-0.07167
-0.07020
-0.06807
-0.06535
-0.06213
-0.05850
-0.05457
-0.05044
-0.04624
-0.04210
-0.03813
-0.03448
-0.03128
-0.02864
-0.02670
-0.02557
-0.02533
-0.02610
-0.02791
-0.03083
-0.03488
-0.04006
-0.04635
-0.05370
-0.06203
-0.07125
-0.08124
-0.09185
-0.10293
-0.11429
-0.12577
-0.13716
-0.14826
-0.15889
-0.16885
-0.17795
-0.18602
-0.19290
-0.19844
-0.20252
-0.20502
-0.20585
-0.20495
-0.20226
-0.19776
-0.19144
-0.18332
-0.17345
-0.16188
-0.14868
-0.13398
-0.11788
-0.10054
-0.08212
-0.06280
-0.04276
-0.02223
-0.00142
0.01942
0.04008
0.06030
0.07986
0.09850
0.11603
0.13222
0.14689
0.15989
0.17107
0.18036
0.18768
0.19300
0.19638
0.19784
0.19750
0.19552
0.19205
0.18734
0.18161
0.17513
0.16821
0.16113
0.15420
0.14773
0.14201
0.13730
0.13387
0.13194
0.13168
0.13326
0.13674
0.14218
0.14959
0.15888
0.16997
0.18268
0.19680
0.21208
0.22823
0.24492
0.26181
0.27853
0.29471
0.30998
0.32400
0.33643
0.34697
0.35536
0.36139
0.36491
0.36579
0.36401
0.35957
0.35253
0.34303
0.33122
0.31732
0.30157
0.28424
0.26559
0.24592
0.22549
0.20455
0.18333
0.16202
0.14077
0.11969
0.09881
0.07815
0.05767
0.03727
0.01684
-0.00378
-0.02478
-0.04632
-0.06860
-0.09179
-0.11604
-0.14145
-0.16811
-0.19600
-0.22512
-0.25535
-0.28651
-0.31839
-0.35070
-0.38310
-0.41522
-0.44664
-0.47695
-0.50572
-0.53255
-0.55704
-0.57887
-0.59775
-0.61346
-0.62590
-0.63498
-0.64075
-0.64334
-0.64293
-0.63982
-0.63436
-0.62692
-0.61796
-0.60793
-0.59730
-0.58652
-0.57603
-0.56620
-0.55738
-0.54984
-0.54373
-0.53921
-0.53624
-0.53476
-0.53461
-0.53550
-0.53713
-0.53908
-0.54087
-0.54201
-0.54195
-0.54013
-0.53601
-0.52908
-0.51882
-0.50483
-0.48675
-0.46428
-0.43730
-0.40569
-0.36951
-0.32892
-0.28415
-0.23561
-0.18375
-0.12910
-0.07233
-0.01411
0.04483
0.10374
0.16187
0.21849
0.27290
0.32448
0.37269
0.41705
0.45725
0.49306
0.52435
0.55123
0.57382
0.59242
0.60749
0.61951
0.62911
0.63698
0.64384
0.65043
0.65751
0.66578
0.67590
0.68848
0.70395
0.72273
0.74506
0.77103
0.80065
0.83376
0.87006
0.90922
0.95070
0.99395
1.03837
1.08326
1.12794
1.17172
1.21392
1.25390
1.29106
1.32483
1.35475
1.38040
1.40141
1.41754
1.42855
1.43431
1.43477
1.42986
1.41965
1.40419
1.38358
1.35797
1.32751
1.29238
1.25275
1.20881
1.16076
1.10878
1.05304
0.99373
0.93101
0.86503
0.79596
0.72392
0.64905
0.57149
0.49137
0.40880
0.32392
0.23686
0.14775
0.05675
-0.03601
-0.13035
-0.22610
-0.32308
-0.42108
-0.51991
-0.61933
-0.71913
-0.81905
-0.91887
-1.01834
-1.11721
-1.21524
-1.31220
-1.40786
-1.50200
-1.59443
-1.68496
-1.77341
-1.85964
-1.94352
-2.02493
-2.10377
-2.17998
-2.25347
-2.32420
-2.39213
-2.45721
-2.51940
-2.57866
-2.63493
-2.68815
-2.73821
-2.78503
-2.82845
-2.86831
-2.90441
-2.93651
-2.96436
-2.98764
-3.00602
-3.01914
-3.02659
-3.02797
-3.02284
-3.01078
-2.99132
-2.96405
-2.92854
-2.88439
-2.83125
-2.76880
-2.69677
-2.61496
-2.52321
-2.42148
-2.30976
-2.18814
-2.05681
-1.91601
-1.76609
-1.60747
-1.44061
-1.26610
-1.08451
-0.89651
-0.70277
-0.50400
-0.30087
-0.09408
0.11571
0.32792
0.54196
0.75738
0.97376
1.19078
1.40823
1.62598
1.84397
2.06226
2.28095
2.50023
2.72034
2.94150
3.16390
3.38776
3.61325
3.84059
