1.532212684119332868e-02
-1.033875513254977618e-01
-1.960046359904016877e-01
-2.430923188223080844e-01
-2.368729741968885194e-01
-1.823781237440089131e-01
-9.487729310328270327e-02
5.271986062109762852e-03
9.848564415451052656e-02
1.706912994129620165e-01
2.157610433967140362e-01
2.353561964364769832e-01
2.366913992009123668e-01
2.292059339067540336e-01
2.212496334520873409e-01
2.176965576498487431e-01
2.189988503991675550e-01
2.217159362743358897e-01
2.201320822494136631e-01
2.083252193849875478e-01
1.820353714346891194e-01
1.398788704283820128e-01
8.375980957671512461e-02
1.858387382675982802e-02
-4.856019228225449957e-02
-1.097054987854527708e-01
-1.578233360649992367e-01
-1.889565392386932108e-01
-2.040073140901028648e-01
-2.091766130685882019e-01
-2.142715068627027986e-01
-2.289776587457962032e-01
-2.583288305038312638e-01
-2.993073197902160754e-01
-3.403009321142163035e-01
-3.640707164314802569e-01
-3.534330745990036937e-01
-2.976527426704320134e-01
-1.970964221930628368e-01
-6.426717411384219591e-02
7.922967485710336044e-02
2.086017458758054888e-01
3.024945866008036943e-01
3.482252968578984920e-01
3.443041834898007414e-01
2.998383525819068307e-01
2.312101084301123044e-01
1.570986930501892254e-01
9.336930785069934291e-02
4.936961825267816018e-02
2.663808772081377452e-02
2.012008988122586384e-02
2.111842502770096275e-02
2.076546085224532934e-02
1.291681357876507674e-02
-4.189658896366160734e-03
-2.774549233421999550e-02
-5.163036359935614661e-02
-6.882388664498290121e-02
-7.424371083144172545e-02
-6.690130390197433774e-02
-5.036471790224337358e-02
-3.124614810768736040e-02
-1.642673086128708729e-02
-1.036499986240134279e-02
-1.369490091811232171e-02
-2.352587878213969336e-02
-3.497103876964804264e-02
-4.299544896110166214e-02
-4.383935398620407431e-02
-3.575854219454694533e-02
-1.922554066895912003e-02
3.185603609883624898e-03
2.717843502936733574e-02
4.748591329993719079e-02
5.905840674719254474e-02
5.850554939493936984e-02
4.534197001471731991e-02
2.250763432025629229e-02
-4.167236032540332785e-03
-2.749397384137985262e-02
-4.100772131608416970e-02
-4.093150651922210226e-02
-2.736628608756806053e-02
-4.286484303080579858e-03
2.168588063583958003e-02
4.332337278664268043e-02
5.494945073308402789e-02
5.398883604365026928e-02
4.145346942593504391e-02
2.130540593597197996e-02
-9.884219471545038771e-04
-2.016013479630168054e-02
-3.252837680263987591e-02
-3.668606195206723652e-02
-3.341756625810630293e-02
-2.504452448293717146e-02
-1.451718079062044170e-02
-4.543908407952077649e-03
3.034562944413564042e-03
7.509840732871593538e-03
9.187671104429088326e-03
8.977047660140468482e-03
7.876056811008618971e-03
6.569046141040278675e-03
5.273760975807664439e-03
3.840810304679904627e-03
1.989946006885630336e-03
-4.683083814555908178e-04
-3.521467299919618134e-03
-6.953511861505875212e-03
-1.039030139293752042e-02
-1.334241029268631168e-02
-1.525475204147132106e-02
-1.560977423813342257e-02
-1.410529654146522316e-02
-1.085663745563816146e-02
-6.513238026086681613e-03
-2.184999293473612568e-03
8.481379685585863082e-04
1.558528689625665598e-03
-4.434834068979282701e-04
-4.737275725953754568e-03
-1.022552788090541273e-02
-1.551968460251233230e-02
-1.939450709549821877e-02
-2.110032350161552411e-02
-2.041226273417849277e-02
-1.744740148145986630e-02
-1.240406692387742253e-02
-5.408064755896398179e-03
3.422751084398040558e-03
1.372371206689179321e-02
2.460575180548052812e-02
3.458229985564253289e-02
4.184646013878244586e-02
4.483686663799896222e-02
4.282492452022126223e-02
3.621316793280543456e-02
2.639781106022582799e-02
1.529356991933862597e-02
4.770447442164500035e-03
-3.765998956225136834e-03
-9.551262886702945043e-03
-1.242825988056376479e-02
-1.269472011327643299e-02
-1.091121368955224637e-02
-7.718098510845044710e-03
-3.694483293573368882e-03
7.129086592020592028e-04
5.182519591147743618e-03
9.457472148059373543e-03
1.327620178611647883e-02
1.632828775986345030e-02
1.824749827199553462e-02
1.864339579428455490e-02
1.717580572870719066e-02
1.367530230754081602e-02
8.286193081729382667e-03
1.560602032977399366e-03
-5.589508318734153630e-03
-1.212119288651381140e-02
-1.719541725777064961e-02
-2.045592197602580375e-02
-2.210194803867728333e-02
-2.270987571598656607e-02
-2.289002504559036616e-02
-2.294926902254713214e-02
-2.272711772221083781e-02
-2.169014382135728974e-02
-1.925234658813537031e-02
-1.518481434171225532e-02
-9.919485190867976393e-03
-4.569709544368028009e-03
-6.049219333731856163e-04
7.009139961474258884e-04
-1.229064049488817756e-03
-6.110160039163014742e-03
-1.307112407187735817e-02
-2.119258640416285186e-02
-2.995799949241841065e-02
-3.931043360748877336e-02
-4.922973794336975989e-02
-5.901970217875084079e-02
-6.670134427569442137e-02
-6.894767853657839118e-02
-6.181886199946738658e-02
-4.220474575378818649e-02
-9.488920135277755658e-03
3.330139137508107000e-02
7.953908296765649366e-02
1.204905867416704579e-01
1.478480660309589023e-01
1.563142864660037046e-01
1.451551473194488406e-01
1.181293843576603220e-01
8.198738724409439238e-02
4.430654782126450253e-02
1.151618034708930260e-02
-1.234476028455191304e-02
-2.600061650256399459e-02
-3.058128548639257177e-02
-2.877949311698528925e-02
-2.379149950896097820e-02
-1.832118131524666446e-02
-1.392343848384325344e-02
-1.088509834279886151e-02
-8.652938193577548731e-03
-6.573088182971512441e-03
-4.547211088979059151e-03
-3.262112281938428504e-03
-3.888358078939984502e-03
-7.419337786133267665e-03
-1.399514516365443079e-02
-2.256736657018436690e-02
-3.110911188463284446e-02
-3.731360493953282675e-02
-3.947877428575707892e-02
-3.717794908341928717e-02
-3.141812955130843243e-02
-2.422859751412920551e-02
-1.787845348531996378e-02
-1.406585348211058378e-02
-1.339635125572600019e-02
-1.531493790308035424e-02
-1.847104774034946661e-02
-2.134824488270149756e-02
-2.290741249036959415e-02
-2.298932083388102732e-02
-2.230879228885013221e-02
-2.202813869831558163e-02
-2.307238247190573910e-02
-2.548025425212414527e-02
-2.810767862886833640e-02
-2.887700530978590946e-02
-2.552981558999138992e-02
-1.660003481258775365e-02
-2.199518192572174485e-03
1.573570386426972889e-02
3.388341239621212031e-02
4.853418832084658435e-02
5.679454714028177309e-02
5.752789122239539837e-02
5.165563476102261187e-02
4.171979006131430745e-02
3.093991323640873925e-02
2.219223697299839773e-02
1.729885874483558239e-02
1.679357715101514187e-02
2.008102469785499194e-02
2.577746374051953157e-02
3.206677993690737472e-02
3.704248147778665956e-02
3.909184262356290435e-02
3.732860674226846920e-02
3.194350587403627095e-02
2.425733358740276777e-02
1.634030350754418076e-02
1.027810679736627930e-02
7.373767988777070459e-03
7.635150113306031494e-03
9.776936493279252474e-03
1.173589723578171221e-02
1.147863593658098209e-02
7.773219144166060648e-03
6.374571852363047214e-04
-8.673984619782059910e-03
-1.811032793151446871e-02
-2.553236600237578785e-02
-2.945376447270121531e-02
-2.956247818475634184e-02
-2.682471980274636625e-02
-2.312334357546813601e-02
-2.057744030988403056e-02
-2.082771306059890901e-02
-2.456929149403979523e-02
-3.146828897078880749e-02
-4.039897424100592077e-02
-4.981011235272427701e-02
-5.804364897663480405e-02
-6.354919933633232376e-02
-6.505424668263595778e-02
-6.177698626432220896e-02
-5.370636149804403070e-02
-4.188462961284596109e-02
-2.856867792748214382e-02
-1.713114510011122180e-02
-1.158576068927210517e-02
-1.569354270777981869e-02
-3.174038270708969683e-02
-5.924906005108275531e-02
-9.403843541587431076e-02
-1.280998181755608201e-01
-1.506683973708733693e-01
-1.505900240651282807e-01
-1.196295093107285212e-01
-5.583598706559710773e-02
3.431044509489103445e-02
1.362124543268406207e-01
2.304868032954072443e-01
2.985881033621199387e-01
3.286614093118361279e-01
3.190846495638894886e-01
2.781381543627891029e-01
2.201723970106563566e-01
1.602360775903778622e-01
1.094738905688004138e-01
7.285224815717725177e-02
4.957968569628593003e-02
3.548820423648534061e-02
2.599855783052168468e-02
1.831542400067227849e-02
1.207133492629960947e-02
8.414279678638447724e-03
8.202165710894215866e-03
1.032331730063875894e-02
1.109595909444732742e-02
5.221192616148000176e-03
-1.200061293212083616e-02
-4.223529443576762299e-02
-8.278679010400261107e-02
-1.272021608921476421e-01
-1.676143209183804106e-01
-1.977424519535888603e-01
-2.152235740445385126e-01
-2.223437417818635020e-01
-2.249420199595719705e-01
-2.299361873471994500e-01
-2.423654907904391753e-01
-2.629732534230722063e-01
-2.871598145666996449e-01
-3.057151443362857712e-01
-3.072230890971217598e-01
-2.815238845027405179e-01
-2.232220825315486545e-01
-1.340597707145940454e-01
-2.318093106406515780e-02
9.505182156680055949e-02
2.051061731102489794e-01
2.947758517867039019e-01
3.583797574524328899e-01
3.973263017415377130e-01
4.177331353894145338e-01
4.261030820447209155e-01
4.251234593576296295e-01
4.118174499966573698e-01
3.791708479684464672e-01
3.204821349345479686e-01
2.341958119915842629e-01
1.267524202415730716e-01
1.201497148728286612e-02
-9.254870028182807240e-02
-1.713229935990893682e-01
-2.153852109507124746e-01
-2.248144040589623860e-01
-2.076879684267488868e-01
-1.763816419672430691e-01
-1.428191730173924978e-01
-1.145759248501937860e-01
-9.321608688376098462e-02
-7.525305536047700861e-02
-5.509136073396385391e-02
-2.859375547385890198e-02
4.254283339328687741e-03
3.867974290890401068e-02
6.668171157525547288e-02
8.008968904124971755e-02
7.378871835149733438e-02
4.778260477388689142e-02
7.337867630377296890e-03
-3.871979448577688582e-02
-8.078272154452696696e-02
-1.112230475729669571e-01
-1.261827766113109428e-01
-1.259156880332247264e-01
-1.138174408972137397e-01
-9.475959202911803103e-02
-7.348109880452187437e-02
-5.356304608207347606e-02
-3.710246852294331321e-02
-2.487052513779670210e-02
-1.664391839711836657e-02
-1.150825392691325055e-02
-8.105061381506163676e-03
-4.894526983409440424e-03
-4.879181588084077759e-04
5.986860640949630274e-03
1.460974461867372426e-02
2.463162955203814647e-02
3.475871700219497484e-02
4.369166140044315749e-02
5.069260343569029215e-02
5.588959384314474282e-02
6.012296592347828733e-02
6.435577056182471833e-02
6.890785201310678509e-02
7.291402177908599958e-02
7.435618313696200354e-02
7.076356238699760270e-02
6.033214160727644326e-02
4.297037398588188228e-02
2.075977744502274097e-02
-2.457399045515902547e-03
-2.226572577374142520e-02
-3.516942681047715430e-02
-3.976464123882232637e-02
-3.710916143322032235e-02
-3.016336867983225589e-02
-2.257074192851955818e-02
-1.730780906633607591e-02
-1.574470422294332178e-02
-1.742376964792617319e-02
-2.052383270746831537e-02
-2.271230219121242455e-02
-2.200613839935387436e-02
-1.735930372730765114e-02
-8.873098810226338548e-03
2.322032094523734241e-03
1.439550996750009818e-02
2.524671595396780349e-02
3.296855749408457437e-02
3.629813145847770456e-02
3.497819574826620259e-02
2.990530446882728316e-02
2.295094897589934971e-02
1.644933810754839812e-02
1.249945659673920226e-02
1.232949690830029491e-02
1.595279471118932202e-02
2.222258767103459445e-02
2.924170113443222765e-02
3.497048712774713380e-02
3.782863774005984503e-02
3.710116403719214417e-02
3.302975103155515735e-02
2.658697071714354737e-02
1.905253517279480169e-02
1.157358428012572604e-02
4.859185600780409169e-03
-9.339996764534223839e-04
-6.150355550032064744e-03
-1.147168621505843464e-02
-1.768223561877519875e-02
-2.539277500542256455e-02
-3.477171942463438969e-02
-4.536563558713569561e-02
-5.610706235016964943e-02
-6.557442049226827607e-02
-7.248550554400454149e-02
-7.629998390644446293e-02
-7.771959998969626970e-02
-7.884976419210715237e-02
-8.285029940291316342e-02
-9.305144713793939149e-02
-1.116997816067351046e-01
-1.386627464317479741e-01
-1.705077159482658866e-01
-2.003582011850099098e-01
-2.188043498186682534e-01
-2.158897208168478188e-01
-1.838204030251576748e-01
-1.196476719634021191e-01
-2.697293807338321803e-02
8.406181814674332231e-02
1.985767973790658336e-01
2.998788719954145754e-01
3.725341225397927891e-01
4.049236146471762443e-01
3.911298881769614821e-01
3.322483331312494625e-01
2.370741493958639090e-01
1.217329887606742322e-01
7.583626212237237763e-03
-8.291789992725487335e-02
-1.317211190801864662e-01
-1.303708912375544926e-01
-8.287197382107136523e-02
-4.843922144002463237e-03
8.105907686425134484e-02
1.519710475583844200e-01
1.914064944005424707e-01
1.932406400769616228e-01
1.618792463891600142e-01
1.090484944768503328e-01
4.883700232795110813e-02
-7.025928892149271854e-03
-5.204726504963010092e-02
-8.525431203643797640e-02
-1.092442557362322264e-01
-1.272775162581180619e-01
-1.409405815267805451e-01
-1.493737461822852997e-01
-1.501365864621802826e-01
-1.410077966272104688e-01
-1.217158172800315019e-01
-9.478773056051303936e-02
-6.519108575603196898e-02
-3.897589631038320124e-02
-2.150489079205586407e-02
-1.598644105827140560e-02
-2.287425995675942958e-02
-4.031845063743288299e-02
-6.538241698468262586e-02
-9.538841741449945177e-02
-1.286911135917756799e-01
-1.644345354002237913e-01
-2.013192173493442982e-01
-2.359182632995698581e-01
-2.614400415124084054e-01
-2.678649992999047047e-01
-2.439865508550892459e-01
-1.811233212418778549e-01
-7.740534473512560021e-02
5.903943444624618064e-02
2.096224493181232940e-01
3.483998350528477728e-01
4.482846934204234857e-01
4.885669316936156470e-01
4.612143884494984136e-01
3.737446814829137876e-01
2.476597777442602899e-01
1.129206959462215332e-01
1.527426137917786697e-04
-6.712184864970932585e-02
-7.809263853505110653e-02
-3.676974699485251186e-02
3.975867208581032597e-02
1.263679972326172130e-01
1.968922487172608260e-01
2.311265556169849744e-01
2.197501429640708048e-01
1.656441752442442406e-01
8.133458787670466705e-02
-1.618457180460738942e-02
-1.109738306148511378e-01
-1.918431849814650203e-01
-2.531953389148749456e-01
-2.935012920981683315e-01
-3.129218531598341180e-01
-3.116620162789911497e-01
-2.898685414802488758e-01
-2.487854398459137251e-01
-1.920794897472971885e-01
-1.261512534867278990e-01
-5.890378217938746497e-02
2.509615535641829265e-03
5.364197498724639079e-02
9.316008090332045244e-02
1.214597840396898776e-01
1.385341626387277536e-01
1.426957808306608122e-01
1.311101394722653246e-01
1.017811616764174587e-01
5.568415720890847187e-02
-2.198240384036237449e-03
-6.334945047947855568e-02
-1.172724711268713221e-01
-1.534242661703674182e-01
-1.631125673699746204e-01
-1.413117706209246760e-01
-8.839232355069079339e-02
-1.137808770372739781e-02
7.612628802349484525e-02
1.562153247523550281e-01
2.112485542019849893e-01
2.294047716704984696e-01
2.088660742558406114e-01
1.584829842421834889e-01
9.438772609117573875e-02
3.406620008504318564e-02
-9.444572712453913610e-03
-3.089532203160466617e-02
-3.278160365088333972e-02
-2.260888628677285017e-02
-9.132506993282503427e-03
7.549260311417831104e-04
3.553183963611247775e-03
-9.089161929858070865e-04
-1.052585124172584000e-02
-2.223642053913303662e-02
-3.312622776917625161e-02
-4.112343114647398767e-02
-4.528762086723780306e-02
-4.576458448956868819e-02
-4.350198908686269544e-02
-3.983008151391648211e-02
-3.601392404621801824e-02
-3.288195295387708050e-02
-3.062733001261078170e-02
-2.884467972356739504e-02
-2.678878288710829364e-02
-2.374706479924600100e-02
-1.936398910077941071e-02
-1.378270549517821367e-02
-7.559897830314889211e-03
-1.412612746559561289e-03
4.073574430561041626e-03
8.633435895387814307e-03
1.231871404369414350e-02
1.531037835725730309e-02
1.765526225219329545e-02
1.909199040583488965e-02
1.910221955426986973e-02
1.720425836473022524e-02
1.335354882569409103e-02
8.223979828356939650e-03
3.179925263401996941e-03
-1.066038061603605085e-04
-2.686193609109013142e-04
3.150712952594747832e-03
9.352538177273786446e-03
1.637062137104778464e-02
2.162081092476185462e-02
2.276142424919794585e-02
1.857059581686284350e-02
9.506217615344510555e-03
-2.293839998005909459e-03
-1.361890906782369307e-02
-2.122037793965900893e-02
-2.291794683813005995e-02
-1.836980795038968203e-02
-9.208256159223222881e-03
1.520214943957280164e-03
1.040104451215266915e-02
1.479123470246183382e-02
1.364222186954416882e-02
7.737255841494187006e-03
-7.025251607111204777e-04
-8.873963773111774589e-03
-1.439391680366514797e-02
-1.608869399357805777e-02
-1.428929548033748553e-02
-1.053711073912394318e-02
-6.843964653733687099e-03
-4.840770893371988681e-03
-5.186157376413109282e-03
-7.460137719785330662e-03
-1.052015021852139957e-02
-1.308765684462624701e-02
-1.426591271054145592e-02
-1.377559308418942544e-02
-1.186664451158652746e-02
-9.023521244571858918e-03
-5.653327532724672193e-03
-1.915347278895325640e-03
2.249013668998763732e-03
6.936410639722169827e-03
1.207102386059280726e-02
1.728635326480941481e-02
2.196966122184176515e-02
2.545892162451959817e-02
2.730877525332614519e-02
2.750737079804898774e-02
2.654630820941517033e-02
2.530790266347189565e-02
2.480301963603928281e-02
2.584118638938380508e-02
2.873540653462743760e-02
3.313951379470226472e-02
3.808557465179323448e-02
4.223058602882615725e-02
4.424543097386052226e-02
4.321713497724406772e-02
3.892443963199647416e-02
3.189060585366531447e-02
2.318667068209806503e-02
1.403403340574045643e-02
5.339503500911519512e-03
-2.638269683794039130e-03
-1.031274793354812827e-02
-1.844431693026353861e-02
-2.761875075157804033e-02
-3.781185025745963102e-02
-4.831208403493798820e-02
-5.812155250830767367e-02
-6.671887045200200483e-02
-7.483300267943047979e-02
-8.475427341053250185e-02
-9.979580099547658012e-02
-1.228392698046880532e-01
-1.543570829714944193e-01
-1.906974123573160484e-01
-2.235329496597820431e-01
-2.410952468661148873e-01
-2.311952309777675629e-01
-1.852620913390869983e-01
-1.020107212621403220e-01
1.080078207469004070e-02
1.375061080169953931e-01
2.583555125188299328e-01
3.545675862464294226e-01
4.126433741611700845e-01
4.266292273104821398e-01
3.982367803360045144e-01
3.355022232606376109e-01
2.506404748069680499e-01
1.574283248687624592e-01
6.837584828022187644e-02
-7.836942145645148239e-03
-6.794606733477293048e-02
-1.140702446655601221e-01
-1.519353429871727612e-01
-1.879410236184707317e-01
-2.260710084681552823e-01
-2.655968736672362773e-01
-3.002411581394447415e-01
-3.191911524189908200e-01
-3.100401213942045597e-01
-2.631824480957594137e-01
-1.764152765100978626e-01
-5.790142693158720211e-02
7.418843822667953170e-02
1.958358154618961844e-01
2.838412164111338565e-01
3.224396906682348574e-01
3.074415484096166828e-01
2.468139914469481000e-01
1.580747367386297897e-01
6.359875696953350144e-02
-1.495554409714189292e-02
-6.188133484819653696e-02
-7.104047957478235031e-02
-4.680539539521254289e-02
-2.011608634337039292e-03
4.636654164605570616e-02
8.233529139680488551e-02
9.516830335412418407e-02
8.167785383707157343e-02
4.605323224867459431e-02
-2.355815796036650478e-03
-5.235876416972083669e-02
-9.420871324274243674e-02
-1.219193826852263685e-01
-1.341205554605325867e-01
-1.334311722522913690e-01
-1.247357375177054334e-01
-1.130480296788393124e-01
-1.017501702669948438e-01
-9.180739003790004682e-02
-8.211750788117236355e-02
-7.067082228479380779e-02
-5.591134140881821868e-02
-3.770493661991402429e-02
-1.756344837209888182e-02
1.899295710650387992e-03
1.801314928068172005e-02
2.915266171792725569e-02
3.542769192720635757e-02
3.865817937514880176e-02
4.162157797672230708e-02
4.687321909703386080e-02
5.563248380099805601e-02
6.720972676596481676e-02
7.921895672485766704e-02
8.847702243276706069e-02
9.219559579916473957e-02
8.897540875139753336e-02
7.924606042823048591e-02
6.505452582489319735e-02
4.934373249176955689e-02
3.500189624346673745e-02
2.400442309358365167e-02
1.692539829974198939e-02
1.296645035769194987e-02
1.046498568068400525e-02
7.669925164494353215e-03
3.481674171231012582e-03
-2.122427523373712072e-03
-8.127428630617244965e-03
-1.295325398877318797e-02
-1.516642757830019561e-02
-1.415683807658481980e-02
-1.052878416531377245e-02
-6.061259642667269493e-03
-3.238187754026407295e-03
-4.490823526722035469e-03
-1.138983254551889299e-02
-2.404254583846433119e-02
-4.089103072719773441e-02
-5.899969139687734343e-02
-7.480027296577262952e-02
-8.514313106178159063e-02
-8.839728880573108349e-02
-8.526868669182172122e-02
-7.899363189737861057e-02
-7.464703372541346693e-02
-7.751958510999579222e-02
-9.086403010052040985e-02
-1.136977213868467507e-01
-1.395970721270606285e-01
-1.573334347131352673e-01
-1.536840426977443275e-01
-1.179064864633060372e-01
-4.648833875294927642e-02
5.372916867436319799e-02
1.657443664664713379e-01
2.665002092472132933e-01
3.337770809375747438e-01
3.532448242664653071e-01
3.227855293654896540e-01
2.524864015688502716e-01
1.606869660379501297e-01
6.793729604685014301e-02
-8.853090827082701897e-03
-6.024294569628557694e-02
-8.518180208997851166e-02
-8.924357807499232187e-02
-8.125591119160188724e-02
-6.976242343801911105e-02
-6.052482351504168828e-02
-5.562645284968817383e-02
-5.400961949659100619e-02
-5.280187285626514182e-02
-4.872989205550951053e-02
-3.920881721922715030e-02
-2.306303863072416485e-02
-9.983281011785721804e-04
2.417957344972741784e-02
4.782805232157034264e-02
6.446015569678738288e-02
6.939645672050345770e-02
6.053546762863103864e-02
3.943996046708593550e-02
1.111837315559899980e-02
-1.755383856688103386e-02
-4.017679677026467222e-02
-5.296168886297585726e-02
-5.579273273903818942e-02
-5.184456223926296736e-02
-4.598927501413667407e-02
-4.268166098171385925e-02
-4.417351873665578688e-02
-4.974748215710018268e-02
-5.624702342647056041e-02
-5.967337736761571532e-02
-5.721344609570047646e-02
-4.889121303708392208e-02
-3.813924874007067201e-02
-3.092871822527017839e-02
-3.358604601769177994e-02
-4.992826353028651659e-02
-7.870634679116224330e-02
-1.124153633460825419e-01
-1.382401522859528775e-01
-1.412822108995916981e-01
-1.093955198740785700e-01
-3.818808215511054760e-02
6.567292522552858891e-02
1.844873059688552086e-01
2.934906175336897127e-01
3.677717889479988900e-01
3.896963081949097463e-01
3.540394900296732761e-01
2.690959157607734076e-01
1.537741310603178702e-01
3.204672514908388226e-02
-7.332930816188817924e-02
-1.460155931882530234e-01
-1.789858017277332070e-01
-1.747570569863562961e-01
-1.434425407242272410e-01
-9.953436211578145509e-02
-5.830539263507016068e-02
-3.250326866909600265e-02
-2.982441908658508417e-02
-5.152197496901691348e-02
-9.232424489898313769e-02
-1.416036422523879734e-01
-1.855373236006690740e-01
-2.098994975031544530e-01
-2.030706734636851529e-01
-1.587882736571321896e-01
-7.811549832820019468e-02
2.988076789767257768e-02
1.491292409981675171e-01
2.593223246792269454e-01
3.400654165970570797e-01
3.755167202269139581e-01
3.583523466082695341e-01
2.919237663218821055e-01
1.897570596835505274e-01
7.217593747610313859e-02
-3.912218695024635706e-02
-1.267146985325022512e-01
-1.813305107077176903e-01
-2.028105321057591115e-01
-1.982852021825896871e-01
-1.786413259250497210e-01
-1.546368047911548804e-01
-1.338013804797447692e-01
-1.188300399597060908e-01
-1.077399543225875944e-01
-9.564891292584049021e-02
-7.757648507620946987e-02
-5.122784446872505337e-02
-1.856640182817440726e-02
1.462207255658013599e-02
4.107971392465271238e-02
5.529926111698902497e-02
5.613186247655345407e-02
4.760791725656571272e-02
3.762537888502063416e-02
3.500874761851098527e-02
4.600502738770447658e-02
7.149386285248457429e-02
1.060170718906837811e-01
1.391511984576861705e-01
1.588903328848154384e-01
1.558936931395466519e-01
1.270228515784334045e-01
7.676816550079687551e-02
1.595555747907473343e-02
-4.176448083297573666e-02
-8.425590646504589609e-02
-1.044449722485082249e-01
-1.019116381942781341e-01
-8.218643903164798981e-02
-5.424932627393792839e-02
-2.729845773532995137e-02
-8.000482029007854878e-03
8.875777026190780072e-04
2.795472805484817969e-04
-6.672298273173657424e-03
-1.639016131542490873e-02
-2.626209239381300381e-02
-3.513559771047854857e-02
-4.290260353011778049e-02
-4.958502918904630907e-02
-5.452494999157292410e-02
-5.615745842195171006e-02
-5.248926711242013488e-02
-4.204091044813230288e-02
-2.480500300504702785e-02
-2.764685115800302739e-03
2.033341315788170928e-02
3.998858266519772497e-02
5.243102384125494786e-02
5.597550929618285570e-02
5.159088407957918704e-02
4.237546263998960561e-02
3.220145862401206649e-02
2.421124227913205862e-02
1.984963682915511993e-02
1.875746335438722295e-02
1.939533847926895940e-02
1.996777904478077084e-02
1.919101423292271513e-02
1.663753686627862313e-02
1.264061060781269258e-02
7.921055659512461766e-03
3.163902854170879547e-03
-1.259234523339996040e-03
-5.326556463924124463e-03
-9.194636503475295264e-03
-1.294805343617195376e-02
-1.641256093526990978e-02
-1.911254774207944707e-02
-2.036955931166455069e-02
-1.948766788739246525e-02
-1.597097646397278858e-02
-9.739296854582224147e-03
-1.308010358059722572e-03
8.132183781406190914e-03
1.682603339179649521e-02
2.281628067778057253e-02
2.451185588702343987e-02
2.127155427129421433e-02
1.373224814778796488e-02
3.681854147251847897e-03
-6.511334614238448865e-03
-1.467737468310248601e-02
-1.950410910670355089e-02
-2.083292966971967558e-02
-1.952940444064819522e-02
-1.703908314287836887e-02
-1.482628540986552848e-02
-1.388526684479083478e-02
-1.444949104189328926e-02
-1.595992565321946444e-02
-1.730366720782016907e-02
-1.727352712139539753e-02
-1.511250202271615176e-02
-1.093279804504310865e-02
-5.805593932491606018e-03
-1.439178619983041627e-03
4.446595635062902674e-04
-1.227811857848285990e-03
-6.459861503900297258e-03
-1.414189168973164351e-02
-2.234460440337758536e-02
-2.878771656120784894e-02
-3.131682695156702556e-02
-2.828407509816033630e-02
-1.881082950202037432e-02
-2.970617775005662126e-03
1.807076237585723832e-02
4.198910970024873762e-02
6.542144845196720682e-02
8.439912349954097059e-02
9.513203879168488641e-02
9.500624021397557906e-02
8.348205833770497297e-02
6.252201305838640810e-02
3.629681104582417606e-02
1.016932234502464227e-02
-1.076690075494787791e-02
-2.312683295897135713e-02
-2.615844692351165096e-02
-2.182398569042424616e-02
-1.400830663905792799e-02
-7.140929147765710111e-03
-4.720125661154659161e-03
-8.236560677046575463e-03
-1.682681568816351766e-02
-2.772573243778028371e-02
-3.732458209544413374e-02
-4.245829537617214905e-02
-4.149214652238014667e-02
-3.486504303289480328e-02
-2.493227380968676687e-02
-1.517049660891343563e-02
-9.002640742364773074e-03
-8.621374289235615718e-03
-1.419459095398839868e-02
-2.371002371257682068e-02
-3.350312917390371736e-02
-3.930656066622369160e-02
-3.753571332429177926e-02
-2.648225603614986351e-02
-7.081496948188825691e-03
1.704994745111450272e-02
4.047016986566336072e-02
5.752479762056925822e-02
6.420394013737040773e-02
5.950460887043858282e-02
4.568843630957425406e-02
2.730136790210178563e-02
9.395915179234250181e-03
-4.254788329169109304e-03
-1.221098856265857673e-02
-1.533852381176449044e-02
-1.586699343941673848e-02
-1.609341091434073404e-02
-1.737258553215432003e-02
-1.978574375681397407e-02
-2.246994419956278161e-02
-2.427924995547263431e-02
-2.438514781544198762e-02
-2.256978154399900266e-02
-1.917946363904110552e-02
-1.486614045655805863e-02
-1.029874699272249894e-02
-5.983279010029486991e-03
-2.236436830249924432e-03
7.331090139454316326e-04
2.732486860196240742e-03
3.571648049446607583e-03
3.160011401879071584e-03
1.664254802747983097e-03
-3.679232667187590927e-04
-2.002724964425987852e-03
-2.070255272241085590e-03
5.470932486815703599e-04
6.551208238885993657e-03
1.589619812169304133e-02
2.762116875830284909e-02
3.996077021665941920e-02
5.075923909305260495e-02
5.808488131481556738e-02
6.083426575499417677e-02
5.908773484142565424e-02
5.405276048391983307e-02
4.759006190131474801e-02
4.150080626922586502e-02
3.687443043833478484e-02
3.378032141536565364e-02
3.142590892825053439e-02
2.867934897517230089e-02
2.468808496260075855e-02
1.929817597742496463e-02
1.309187791421316180e-02
7.044004389444098908e-03
1.966967481662196260e-03
-1.994085662544878377e-03
-5.573560615539917620e-03
-1.018529406093473047e-02
-1.736734610328409881e-02
-2.808450690228745869e-02
-4.216799100019085617e-02
-5.812845369037657889e-02
-7.345427599620604764e-02
-8.535132256480379431e-02
-9.173570233188910183e-02
-9.219048373711699607e-02
-8.856457884424588645e-02
-8.493262014602921683e-02
-8.674397290222940482e-02
-9.917905944005495078e-02
-1.250116543002796066e-01
-1.625821932146427340e-01
-2.046702272847507609e-01
-2.389773219042920505e-01
-2.505550771670019827e-01
-2.258912808777390757e-01
-1.576444047168181206e-01
-4.845650321856936893e-02
8.777772046375617587e-02
2.281192806466094403e-01
3.459291679296950250e-01
4.177698224471232957e-01
4.297620700590375487e-01
3.815821552971654929e-01
2.869426605004136710e-01
1.701958323855366773e-01
5.975778601825137981e-02
-1.978027429982140428e-02
-5.434660378422301319e-02
-4.373353194302523339e-02
-6.327534949230884109e-04
5.412417095254976052e-02
9.845091052442853097e-02
1.158355660718413810e-01
1.000454406410713204e-01
5.627501302150948043e-02
-1.568254177144665085e-03
-5.636092425365082925e-02
-9.391468814324903380e-02
-1.074889238012602805e-01
-9.915556615698251086e-02
-7.784162207347516960e-02
-5.517318997709087097e-02
-4.096388549706484611e-02
-4.006747071953470352e-02
-5.151194071342379832e-02
-6.981474256140673962e-02
-8.761071713580974307e-02
-9.844338441950183094e-02
-9.875648406658028844e-02
-8.859380285233070529e-02
-7.103959661055234132e-02
-5.082111608384817791e-02
-3.265996958292617658e-02
-1.991153150133988248e-02
-1.383943750359808295e-02
-1.361644776271498519e-02
-1.690518688863786034e-02
-2.073014459760178299e-02
-2.234590667687634882e-02
-1.990287775276539453e-02
-1.282666299763042528e-02
-1.896499841166431055e-03
1.097009624057240784e-02
2.320803126566358537e-02
3.231761360326012439e-02
3.667341307028306602e-02
3.620393749207291567e-02
3.265164001987968384e-02
2.917550558372167258e-02
2.927446136352768180e-02
3.533303220322098898e-02
4.736235684211582975e-02
6.254609534859723041e-02
7.591886884156980042e-02
8.201011875986795319e-02
7.683418653758811168e-02
5.944146559376755484e-02
3.243527027656634143e-02
1.279889765840994120e-03
-2.732746815936830387e-02
-4.744228220553806802e-02
-5.555980276003672641e-02
-5.150061675522591559e-02
-3.829260349058289520e-02
-2.115500563241433374e-02
-5.892866359863014464e-03
2.891752794591086109e-03
3.303419175505945861e-03
-3.115115972631419747e-03
-1.178189951736942354e-02
-1.663734396812972111e-02
-1.247160097100158925e-02
2.742132534523645387e-03
2.640828384521486105e-02
5.145862718942160324e-02
6.822620862978584499e-02
6.746734988143211764e-02
4.346019422805465215e-02
-3.880532793914842626e-03
-6.844407308855153527e-02
-1.388769003012596814e-01
-2.006485465767906262e-01
-2.388194976374692358e-01
-2.412043794472609193e-01
-2.015379222429879158e-01
-1.219120776199858619e-01
-1.346406472053138237e-02
1.054754178050467672e-01
2.136329588195385876e-01
2.920993316620401625e-01
3.287349684168330843e-01
3.202233259521632958e-01
2.715681271835617694e-01
1.938853400522659032e-01
1.016320773929658278e-01
1.006186297762887150e-02
-6.685139299399261992e-02
-1.181308426797607614e-01
-1.372807240423131458e-01
-1.234457017790236144e-01
-8.190379145367479574e-02
-2.345325566300998643e-02
3.754467499008354303e-02
8.622220399478287833e-02
1.105912614859040216e-01
1.042382274292226463e-01
6.752272868270084438e-02
7.092769983080039753e-03
-6.584874684500956199e-02
-1.379024636985388685e-01
-1.960979226445453971e-01
-2.306809224536194303e-01
-2.377575493158712305e-01
-2.209446398050692872e-01
-1.908813637977721245e-01
-1.619243304354869850e-01
-1.465583608818753492e-01
-1.494622200058395856e-01
-1.639831489699024314e-01
-1.733117227106914793e-01
-1.567725701279404360e-01
-9.909203024393573034e-02
1.361707753261470755e-03
1.293756727155669362e-01
2.566987420471194548e-01
3.516893563288869817e-01
3.909150559425785820e-01
3.678482612153175513e-01
2.950764321730889317e-01
1.993002317997056849e-01
1.113845427423143797e-01
5.550950502584764412e-02
4.149848294277838634e-02
6.292271867202126057e-02
1.012414627144246210e-01
1.338816362525040993e-01
1.427636186574260946e-01
1.199874644552536840e-01
6.899874729696624243e-02
1.610489324324518301e-03
-6.723765302465220528e-02
-1.246825792087725704e-01
-1.633687839764245420e-01
-1.823773006278652242e-01
-1.858588397175826301e-01
-1.802545740974751121e-01
-1.713254420190298832e-01
-1.620909290388084789e-01
-1.522533577508192459e-01
-1.390578752256717565e-01
-1.190946733910443062e-01
-9.034167373925224009e-02
-5.370999911237678281e-02
-1.348867288483560078e-02
2.357005018904163862e-02
5.027499927699931315e-02
6.139677360807052620e-02
5.549810849738971708e-02
3.545692300436537048e-02
7.512751652041047695e-03
-2.069881776380565197e-02
-4.230348768501450418e-02
-5.278665303161438060e-02
-5.064579140932688739e-02
-3.712100231974438391e-02
-1.531585470101239424e-02
1.087055713389132802e-02
3.764265838602990494e-02
6.186368972743701983e-02
8.129418191114068382e-02
9.465304928911555393e-02
1.016178770041248208e-01
1.027728353800410055e-01
9.943042810367341833e-02
9.327959099259439113e-02
8.592811596812210961e-02
7.850880467378845706e-02
7.151250189590828421e-02
6.489193330787379477e-02
5.833393639560896515e-02
5.153059598630330140e-02
4.432858839364519493e-02
3.674068557868994528e-02
2.887818511989231202e-02
2.087792326652177996e-02
1.287184369306917930e-02
5.002379074497322747e-03
-2.557462675703003896e-03
-9.635335996644085049e-03
-1.616452705804608675e-02
-2.232076714516485760e-02
-2.860107820909587109e-02
-3.575924741861065403e-02
-4.456753661168982861e-02
-5.545594661651902929e-02
-6.816498746526804264e-02
-8.160344679878805962e-02
-9.407981855630881407e-02
-1.039437917461734778e-01
-1.104692729043757482e-01
-1.146266451071729225e-01
-1.193175332525727717e-01
-1.287309115759452671e-01
-1.467436713590689612e-01
-1.746967879921784705e-01
-2.093032356805213934e-01
-2.416868825236838658e-01
-2.584253777917140948e-01
-2.448902255169084774e-01
-1.902383088772093001e-01
-9.243414723098777874e-02
3.882818434680529451e-02
1.830235096821382634e-01
3.138120427515739830e-01
4.065581257140949423e-01
4.453848826509506642e-01
4.269823065523641326e-01
3.601095003841010556e-01
2.618141379957312775e-01
1.524322092292964281e-01
5.107075840596342342e-02
-2.764926462274791552e-02
-7.539037537418966095e-02
-9.040748717556032488e-02
-7.654969454310275867e-02
-4.148297320567821689e-02
5.180075553668159194e-03
5.338643233458405246e-02
9.376180881369609865e-02
1.186177762892143966e-01
1.230512992586830917e-01
1.059434157992902581e-01
7.031779668105592185e-02
2.264110991117913863e-02
-2.881315817467916540e-02
-7.594240815105099407e-02
-1.124753951239413907e-01
-1.349147174585572095e-01
-1.426881245255349762e-01
-1.376808267748184933e-01
-1.234261731352906261e-01
-1.041984025149715054e-01
-8.415811109466864171e-02
-6.664367040843935386e-02
-5.369503257004216989e-02
-4.588479738948324227e-02
-4.247419884820879954e-02
-4.182873414047431904e-02
-4.197184814781827755e-02
-4.114757720813233544e-02
-3.827507921133789515e-02
-3.318304841814625344e-02
-2.653815955646656594e-02
-1.947261484713667945e-02
-1.305159083281242499e-02
-7.814613772245938839e-03
-3.601602933587924604e-03
2.610430234890603884e-04
4.514447548554401113e-03
9.488771777862649304e-03
1.483695380666059244e-02
1.962280206394018123e-02
2.272906287018208391e-02
2.338487161630905392e-02
2.154733842073150440e-02
1.795551294820539601e-02
1.385942667080410605e-02
1.059261524557702193e-02
9.204083460224920729e-03
1.028522625694827317e-02
1.398679000374658879e-02
2.011033140564836424e-02
2.813984835487623459e-02
3.716155754865776983e-02
4.575446036566183788e-02
5.202871734937040971e-02
5.395772954779598507e-02
4.999041163078314642e-02
3.973882767929780985e-02
2.443194480550925363e-02
6.870424945350867008e-03
-9.200239303141212466e-03
-2.013482935372195443e-02
-2.349723845129432498e-02
-1.883814945345587896e-02
-7.865251077427189846e-03
6.057920971525816017e-03
1.892293772814183581e-02
2.726588059541157003e-02
2.914629766811429462e-02
2.460810394772627169e-02
1.550637940165186177e-02
4.810842442256837992e-03
-4.327893593779625486e-03
-9.410305583537403179e-03
-9.075319245850206606e-03
-3.196086597638533172e-03
7.282456678784784976e-03
2.057878085227293069e-02
3.429521485291970456e-02
4.568337178072293808e-02
5.206669097653680855e-02
5.143595367931765028e-02
4.306714054923576479e-02
2.790342204130037002e-02
8.476701466852951811e-03
-1.168547972357006880e-02
-2.900002342770003141e-02
-4.079501525796187106e-02
-4.597719160862137611e-02
-4.519926875621998325e-02
-4.050133122293515797e-02
-3.455727263421420892e-02
-2.977176313511489814e-02
-2.753123713824186247e-02
-2.788367442679948183e-02
-2.978908387874032448e-02
-3.187703958774373847e-02
-3.343850057861715019e-02
-3.523945872074157187e-02
-3.973989261335388740e-02
-5.047844947948761096e-02
-7.070844268441710267e-02
-1.017022355390297395e-01
-1.413144371264277166e-01
-1.833511373158162594e-01
-2.180948740569923772e-01
-2.340664992958559898e-01
-2.207955825592808896e-01
-1.720259160637723772e-01
-8.846384915507302105e-02
2.095751483870941789e-02
1.400788454871671751e-01
2.488652953651819821e-01
3.282914640466185752e-01
3.653001172871033764e-01
3.562731674026791140e-01
3.078468747898341906e-01
2.346850812813104925e-01
1.548821659312424326e-01
8.459168952515636053e-02
3.373707989523491713e-02
4.165577342734622102e-03
-9.309422961454982826e-03
-1.555147398635983724e-02
-2.285831973576235576e-02
-3.557997567184843779e-02
-5.289255312798241127e-02
-7.000927887109070769e-02
-8.104410405597946288e-02
-8.209805490097443759e-02
-7.316958872369463962e-02
-5.815589866673419317e-02
-4.315393214469145922e-02
-3.398887722341886741e-02
-3.407183031434990461e-02
-4.334503162885559868e-02
-5.849500192243775598e-02
-7.412410670209712560e-02
-8.435750933216319691e-02
-8.440614028751064479e-02
-7.175503575750705187e-02
-4.677788293531923158e-02
-1.268115557390100956e-02
2.520594633061225276e-02
6.064461739693983999e-02
8.792223077949455623e-02
1.031549587660093859e-01
1.051240104501933864e-01
9.543731634189386859e-02
7.798975886566043847e-02
5.787403523014100770e-02
4.003326189602444268e-02
2.801716732843025429e-02
2.317520853751246085e-02
2.448665953674462881e-02
2.903854908905748045e-02
3.299229719237223302e-02
3.277288763930107096e-02
2.617328709858605940e-02
1.308449183800337173e-02
-4.365523882643815301e-03
-2.235629508909875440e-02
-3.652678311305342096e-02
-4.347167902777947929e-02
-4.216460043198370228e-02
-3.483146059691695495e-02
-2.688475134224597995e-02
-2.576952466384552914e-02
-3.889132654633495334e-02
-7.108098059147703596e-02
-1.222394719989061684e-01
-1.859000693990822684e-01
-2.494134815663407723e-01
-2.962056582494572710e-01
-3.100101591103855414e-01
-2.802135172951580322e-01
-2.067036757859362639e-01
-1.022184529048270202e-01
9.486718569365892861e-03
1.000874337698637595e-01
1.462102080437318041e-01
1.385413578995752237e-01
8.637575264215455184e-02
1.495628414744649276e-02
-4.377794634216996411e-02
-6.314557548446983470e-02
-3.118210732931021856e-02
4.618220570795723845e-02
1.488574116800914504e-01
2.508895733216831569e-01
3.295615072705130877e-01
3.719070424871611102e-01
3.767987537296230149e-01
3.527051529258821150e-01
3.127040132647372905e-01
2.689306193440217929e-01
2.284595616311279609e-01
1.919177341388398628e-01
1.550328971397809397e-01
1.121318801106146595e-01
5.984438202385786165e-02
-6.391168602008501232e-04
-6.352767269805706385e-02
-1.203253970337496426e-01
-1.627775595468178294e-01
-1.858591224489853089e-01
-1.898012037120009043e-01
-1.802698464977201820e-01
-1.663592804474430253e-01
-1.570433929774917858e-01
-1.576141136900846007e-01
-1.677785383898714178e-01
-1.822936632216211605e-01
-1.937455441904953335e-01
-1.960728086346655297e-01
-1.871825898745828887e-01
-1.695436570124047582e-01
-1.486470435844926552e-01
-1.301949061024078869e-01
-1.173628527210859862e-01
-1.093278877422882989e-01
-1.016464337264840478e-01
-8.832500855674509099e-02
-6.480020963744112517e-02
-3.066980544057804070e-02
9.013764858586348350e-03
4.468571792451822566e-02
6.546186109135881948e-02
6.364022742959313250e-02
3.881889591731868538e-02
-2.170964191591726045e-04
-3.704662438833895843e-02
-5.252422499920768317e-02
-3.154655805116970274e-02
3.077617295642445794e-02
1.260059189451753492e-01
2.338064217181730631e-01
3.277536426276573267e-01
3.836169652201582014e-01
3.870910655217857377e-01
3.380856205083160315e-01
2.500775601496584288e-01
1.450379823537136792e-01
4.611090030496736714e-02
-2.914853234210626476e-02
-7.272151131778464839e-02
-8.636996300780086511e-02
-7.879138201669620700e-02
-6.128559734819183369e-02
-4.370443728534065264e-02
-3.194025517952386872e-02
-2.739048383993767516e-02
-2.807592154922899236e-02
-3.060846932630895134e-02
-3.208490059191935334e-02
-3.120964849319418644e-02
-2.839867055197533782e-02
-2.508359779499344175e-02
-2.272182547192037882e-02
-2.202874474993840245e-02
-2.273177907008861950e-02
-2.385321171089214987e-02
-2.431098714544161626e-02
-2.354784090430819821e-02
-2.193464120515478677e-02
-2.079186212072470230e-02
-2.199912077511260999e-02
-2.729716315748882682e-02
-3.750602938770379591e-02
-5.194987544387361100e-02
-6.835121863042772916e-02
-8.332253788484322854e-02
-9.338407066386322786e-02
-9.624613991137453972e-02
-9.196344228228969797e-02
-8.351994732451895054e-02
-7.646416791552157477e-02
-7.742309575328844284e-02
-9.168407115855030376e-02
-1.204735773463512516e-01
-1.589167850907649837e-01
-1.957265291197081702e-01
-2.153020893979996075e-01
-2.021342616727976604e-01
-1.464266708919480520e-01
-4.902535180186405606e-02
7.647345280293843528e-02
2.058852680182644002e-01
3.107741217675382139e-01
3.670413415662435730e-01
3.626973516362978489e-01
3.019907372609905716e-01
2.045099138929155902e-01
9.962764128560791521e-02
1.800407463910483341e-02
-1.738472708036506442e-02
1.947191282844040749e-03
6.751323096068322094e-02
1.566520385384268521e-01
2.398419497249348331e-01
2.901064174689423347e-01
2.912402249780260410e-01
2.420525973588595614e-01
1.554415122757263623e-01
5.310462061722077964e-02
-4.185382681344854139e-02
-1.117573456546873401e-01
-1.485766235757675635e-01
-1.546694238079009132e-01
-1.404134916667550970e-01
-1.199750347248800808e-01
-1.067872005875871028e-01
-1.101168210762098476e-01
-1.334824813460840365e-01
-1.748795798820415859e-01
-2.281178770406078193e-01
-2.843969668368424575e-01
-3.335829703330229767e-01
-3.652271844976036075e-01
-3.697647280122369207e-01
-3.402647429750494390e-01
-2.745965973246314862e-01
-1.772431920418470752e-01
-5.967630405621754397e-02
6.145824042335856774e-02
1.681554785471710001e-01
2.456473878326364546e-01
2.861298981554960541e-01
2.903612012639071871e-01
2.666996419245477035e-01
2.279739388203593231e-01
1.872592898307569309e-01
1.540432221194788509e-01
1.321152524884668389e-01
1.197190194641525596e-01
1.114943020694234704e-01
1.011525580793748019e-01
8.390471900620687096e-02
5.806134095601377110e-02
2.556999664726408716e-02
-8.510057191058892356e-03
-3.740402168016440654e-02
-5.456837856512426060e-02
-5.578104928647786148e-02
-4.083997627167145622e-02
-1.423215749687987280e-02
1.572070986066567699e-02
3.921965155908316986e-02
4.812636364183416060e-02
3.868298718458018648e-02
1.270674419783537033e-02
-2.319521744616608039e-02
-5.999082749279179005e-02
-8.916354074571629373e-02
-1.051281460191012401e-01
-1.063858285517589042e-01
-9.525233440576420796e-02
-7.650315244512374824e-02
-5.556848262784792186e-02
-3.693184978723154654e-02
-2.318380349350148556e-02
-1.486663887083956165e-02
-1.095237403793970082e-02
-9.628295489315673306e-03
-9.057262856274943263e-03
-7.897562513209346879e-03
-5.526818062233342793e-03
-2.028768147688868317e-03
1.970972263653791162e-03
5.564738569819070030e-03
7.887382571911318724e-03
8.457563725309941854e-03
7.445933772364191766e-03
5.756436358106509915e-03
4.834998279957137407e-03
6.209666809602557708e-03
1.089219660029097300e-02
1.887192883833842261e-02
2.894224349311249472e-02
3.899167627802753444e-02
4.669962256324673017e-02
5.037973591636249471e-02
4.960667658925189266e-02
4.531618979540219527e-02
3.929478919163295614e-02
3.328525065053683507e-02
2.815445084012683716e-02
2.354772199141666467e-02
1.818563829727214143e-02
1.061024852300474462e-02
-2.824486075516524641e-05
-1.352096213090768495e-02
-2.862865563345803888e-02
-4.346358761223650252e-02
-5.596933120732491135e-02
-6.430809784045171673e-02
-6.713851823320109158e-02
-6.388829269318822834e-02
-5.508342939195490229e-02
-4.261488427960062608e-02
-2.966462047581713835e-02
-2.004929363791073046e-02
-1.700457571039917098e-02
-2.178448197917021156e-02
-3.267741585283314570e-02
-4.499994941918280394e-02
-5.230626015366361681e-02
-4.855508394030619290e-02
-3.050137070679218021e-02
6.567572497253107433e-04
3.918388177232069725e-02
7.649159637901180309e-02
1.040138701557209999e-01
1.160608069436337986e-01
1.114307063369502915e-01
9.322479699052253765e-02
6.720485227345079915e-02
3.960267130841675642e-02
1.530087906915321427e-02
-3.082204073023661617e-03
-1.513460101879846031e-02
-2.187020836249409586e-02
-2.463819364341137894e-02
-2.420677937081278444e-02
-2.045166308003719402e-02
-1.280532087179588052e-02
-1.194383779833638887e-03
1.312987432463112725e-02
2.743479049008681891e-02
3.820961994451184396e-02
4.242374399010394315e-02
3.872564016022986277e-02
2.799947731186370678e-02
1.302847851926128113e-02
-2.544853095475856086e-03
-1.546202322359266010e-02
-2.376572771765400952e-02
-2.708612372177076136e-02
-2.631623085583865290e-02
-2.294728314516828599e-02
-1.841013577717915545e-02
-1.367625746809997787e-02
-9.198501689043372259e-03
-5.113429217523616371e-03
-1.538694053643433618e-03
1.207140568639693268e-03
2.575501855872762424e-03
1.966028100125236100e-03
-9.756805845470492566e-04
-6.104015645662316109e-03
-1.272507294980226335e-02
-1.981604051019061896e-02
-2.642072093856525500e-02
-3.201849841166229393e-02
-3.666917390488618617e-02
-4.085678993712352214e-02
-4.512181537772805978e-02
-4.968821569845720959e-02
-5.429346178436222914e-02
-5.831354589083707907e-02
-6.110538748664761516e-02
-6.236038070296178598e-02
-6.225003585163261383e-02
-6.125794626271777177e-02
-5.976578847997907062e-02
-5.759362604142680142e-02
-5.372006094105912649e-02
-4.633594775690785816e-02
-3.327838522900128382e-02
-1.279158941548569003e-02
1.554807797000738387e-02
5.004448331240669151e-02
8.664188958455514011e-02
1.195889121765235930e-01
1.430500523846283678e-01
1.532050260899943950e-01
1.499389539596294174e-01
1.371853066911479790e-01
1.215003024027092038e-01
1.093296508597914607e-01
1.041903736119885321e-01
1.051509664337020034e-01
1.073883588675044048e-01
1.045206356845711088e-01
9.149332165273661721e-02
6.661639380203460137e-02
3.197542965817538885e-02
-7.636100193139844228e-03
-4.650541383945563934e-02
-7.967732345371324187e-02
-1.039745078701031084e-01
-1.182003644145546567e-01
-1.226869280801786977e-01
-1.185512681768363247e-01
-1.070735169012970861e-01
-8.949044835809172316e-02
-6.723365026904930264e-02
-4.235170934207214272e-02
-1.772649501521188914e-02
3.183171883383129064e-03
1.705377933835498100e-02
2.158680481291301578e-02
1.618801572930309018e-02
2.129303941344931617e-03
-1.788464304905933860e-02
-4.055132895485938360e-02
-6.283559105655185661e-02
-8.250095614488524298e-02
-9.813103121775530735e-02
-1.087338189145282824e-01
-1.132387269153819209e-01
-1.102619701444480793e-01
-9.840106609874080257e-02
-7.705604246097759458e-02
-4.744829117553291120e-02
-1.325597230012268146e-02
1.972620945128594067e-02
4.516269404708062735e-02
5.863333996954141203e-02
5.996536705613810664e-02
5.412775414089082693e-02
4.976390170657343792e-02
5.555831756318415499e-02
7.595255965602835946e-02
1.083773603848054712e-01
1.436040364843753914e-01
1.692698407317713982e-01
1.749729291578334678e-01
1.565301122617902552e-01
1.174939875821749552e-01
6.746997317478926892e-02
1.827189981633342564e-02
-2.025696150083516889e-02
-4.308435600540803934e-02
-5.064691657545102033e-02
-4.748510062152611066e-02
-3.974341397430906919e-02
-3.266043609878410692e-02
-2.895083446575081806e-02
-2.848716328158006419e-02
-2.914795521100973716e-02
-2.829781876962541784e-02
-2.421659095924934280e-02
-1.691596654701507663e-02
-8.097601162960259280e-03
-3.780281247451784676e-04
3.814895780040837917e-03
3.187025316601877975e-03
-1.990487006852136032e-03
-1.006021953719681353e-02
-1.862218627799508419e-02
-2.536292353899238447e-02
-2.877771790704253610e-02
-2.856718559037758204e-02
-2.561291458458561307e-02
-2.157591940641292311e-02
-1.827816373133856614e-02
-1.708667604552977989e-02
-1.850070028153235832e-02
-2.204908880540038321e-02
-2.647998206541671631e-02
-3.013374585297131855e-02
-3.137340372805742100e-02
-2.898538158196465458e-02
-2.250262246293481538e-02
-1.240526618683144428e-02
-1.348389828491544651e-04
1.213540491970218141e-02
2.196977625968962733e-02
2.728249650446322103e-02
2.692197831242496703e-02
2.103270977130745900e-02
1.104805462369450736e-02
-7.106334119089986745e-04
-1.170004242302742983e-02
-1.985608234962843097e-02
-2.410462521958962184e-02
-2.454709502797770837e-02
-2.230105107309990689e-02
-1.906696846392781641e-02
-1.654784722051645326e-02
-1.587522274936680258e-02
-1.719839942835080238e-02
-1.956545808882641582e-02
-2.115227274002109970e-02
-1.979138629200941774e-02
-1.366136405950511314e-02
-1.954065373098749434e-03
1.466498971563302660e-02
3.396390934964364783e-02
5.251595553314447606e-02
6.651091592720484447e-02
7.282732533831490218e-02
7.005942299377557192e-02
5.915174128979297508e-02
4.336717908480079015e-02
2.749966861632010401e-02
1.650270043034145900e-02
1.394827588266584623e-02
2.083999141688991363e-02
3.521397997497417720e-02
5.269960105586928706e-02
6.787249596245527317e-02
7.594350094537555274e-02
7.420978956096269119e-02
6.279907179440284704e-02
4.450549622700236685e-02
2.382827165057275348e-02
5.570679756563067658e-03
-6.536759640848634201e-03
-1.078667971929919700e-02
-7.804698998665026213e-03
-2.249308123749311356e-04
8.100205320236390436e-03
1.312031253705352174e-02
1.161053804850402035e-02
2.005026643816486265e-03
-1.513266380863765269e-02
-3.715664614504020358e-02
-5.998553890215722884e-02
-7.926981602669300186e-02
-9.179459621220925625e-02
-9.668939782446218933e-02
-9.601851878648987038e-02
-9.447394767223701861e-02
-9.812895621933673262e-02
-1.124749414275285769e-01
-1.402104379633380415e-01
-1.794255362722421976e-01
-2.228606070683103735e-01
-2.587579012392086653e-01
-2.734479999583084853e-01
-2.552639424289802061e-01
-1.987795285066020212e-01
-1.079295390542198002e-01
3.448624193804400440e-03
1.144702736011012079e-01
2.029795064971373353e-01
2.523416148534489145e-01
2.566812015195759633e-01
2.226200520832875562e-01
1.670454183318147434e-01
1.118203761115379724e-01
7.713896247081430957e-02
7.550989095752479174e-02
1.081984236355449380e-01
1.652742583794089004e-01
2.292378709480854815e-01
2.808700032510361155e-01
3.050860172787237534e-01
2.947200159046513557e-01
2.512574525804270320e-01
1.829073861136065460e-01
1.013004213900359773e-01
1.817293431631036849e-02
-5.709941214182309710e-02
-1.187764279189448546e-01
-1.647912443123116799e-01
-1.957592321746235431e-01
-2.134628530120745438e-01
-2.194467742116235076e-01
-2.142079466409755606e-01
-1.972099125412649645e-01
-1.677319494292464352e-01
-1.263076493412350620e-01
-7.616312891344831359e-02
-2.382968732400544964e-02
2.172481809728492308e-02
5.146068903162335367e-02
5.932257470365010638e-02
4.466649942854311606e-02
1.287900667470394389e-02
-2.620711747151998477e-02
-6.147660752936736500e-02
-8.395665925968176513e-02
-8.917836997623826423e-02
-7.776431213428447453e-02
-5.435706204734527119e-02
-2.560289463059498005e-02
1.935834529700621032e-03
2.329788038549277657e-02
3.583252283974282942e-02
3.919834090556210959e-02
3.488879217568775087e-02
2.551156336692261481e-02
1.400674319916331290e-02
2.970656855173184341e-03
-5.781919538931298841e-03
-1.137041885644977934e-02
-1.376618816588148775e-02
-1.356739108675240890e-02
-1.170528583211328730e-02
-9.130176494275148852e-03
-6.527205374657675876e-03
-4.124003851269647872e-03
-1.640096179709185208e-03
1.606895853491187992e-03
6.451478371870739137e-03
1.352045210631623584e-02
2.284398888286747614e-02
3.359174072769416375e-02
4.410895674992697940e-02
5.232300669519165948e-02
5.639511457660725119e-02
5.533651716506429036e-02
4.931277075059359999e-02
3.953342396793382840e-02
2.784553474714204085e-02
1.625760965555100857e-02
6.557210896065118755e-03
4.663562809985311031e-05
-2.648493838878995810e-03
-1.697274653612551587e-03
1.967824291617376042e-03
6.901002836653166717e-03
1.157210560253840378e-02
1.481076071458430760e-02
1.607183998256167187e-02
1.542700137072859287e-02
1.334414768376793181e-02
1.041386264483297117e-02
7.157510739676031103e-03
3.952490710124684226e-03
1.032423845687958225e-03
-1.487598644639105683e-03
-3.575457983881700705e-03
-5.226692340524342895e-03
-6.390278713200950658e-03
-6.903951163000758909e-03
-6.483220753379841626e-03
-4.797644706646105560e-03
-1.633823468854540654e-03
2.899411200007185468e-03
8.203497430361498741e-03
1.315020904607942277e-02
1.623314070419471650e-02
1.591146637098503347e-02
1.106734888812747203e-02
1.442452661360709570e-03
-1.208715733854951770e-02
-2.750670809875499848e-02
-4.199348636362911641e-02
-5.258842668078702459e-02
-5.711780333749708061e-02
-5.514183888982895215e-02
-4.859352793448060148e-02
-4.175570192666136493e-02
-4.035543670742410688e-02
-4.981794397081718007e-02
-7.304791607435220935e-02
-1.083967846378963290e-01
-1.486217587341565061e-01
-1.815440656438392364e-01
-1.927079341639957588e-01
-1.696701130341856101e-01
-1.067961928520140130e-01
-8.897982296334830399e-03
1.079755057846704669e-01
2.195786653969629132e-01
2.999607539947354296e-01
3.294715196062250606e-01
3.013957575338843675e-01
2.246239773217479641e-01
1.212315038190738548e-01
1.972327345600298487e-02
-5.382648347679254430e-02
-8.385705582263376645e-02
-6.995003860679338548e-02
-2.634563765556738324e-02
2.363696269809856948e-02
5.638014841428298091e-02
5.670256647790311577e-02
2.317518635544422306e-02
-3.202743664206889052e-02
-8.852561766741462446e-02
-1.260146791806020794e-01
-1.319871876759054763e-01
-1.058818625261954971e-01
-5.828962349925218694e-02
-5.936658600161542898e-03
3.519605870862047015e-02
5.568304400688537520e-02
5.511076661997121179e-02
4.048432369791381963e-02
2.174163719125609892e-02
6.789868816250561184e-03
-1.496170806903833472e-03
-5.094249664023451155e-03
-8.045708883167825703e-03
-1.297798181549139965e-02
-1.901672436276709288e-02
-2.213883087656579735e-02
-1.754156194530807553e-02
-2.586080469108811841e-03
2.122620736214928666e-02
4.814866500846608915e-02
6.997129359011394767e-02
7.894372052297814191e-02
7.065257094763821577e-02
4.567959173715588350e-02
9.380826352122312306e-03
-3.005020299473486201e-02
-6.434502090246745076e-02
-8.759379307939230141e-02
-9.748889559327567067e-02
-9.514732266235005620e-02
-8.387493414555624582e-02
-6.752548616373429957e-02
-4.907159235587779667e-02
-2.979818636010023170e-02
-9.302483835936410650e-03
1.372411084817748428e-02
4.018331510885179980e-02
6.922111770463097724e-02
9.749121066731779306e-02
1.195722035916935017e-01
1.296213290849609345e-01
1.236790693988979589e-01
1.015426961380891530e-01
6.719515809645697224e-02
2.747626779775857661e-02
-1.038389918621372698e-02
-4.118804677923318391e-02
-6.311079609242339905e-02
-7.756869177295235007e-02
-8.791843521983148946e-02
-9.764689636399662143e-02
-1.087529861002188847e-01
-1.208657795218168185e-01
-1.313812132154122403e-01
-1.365653211896800667e-01
-1.332205617314200508e-01
-1.202451413541737180e-01
-9.936674763295252899e-02
-7.459613074900012242e-02
-5.046872092911264263e-02
-2.970657279671096163e-02
-1.130103582962973391e-02
9.949161247580960710e-03
4.179676835485322123e-02
9.099350721913627982e-02
1.590684364087405211e-01
2.393653304262162718e-01
3.170517877244967697e-01
3.726484876393422740e-01
3.880195647412743032e-01
3.525023342615014044e-01
2.666472133934894018e-01
1.421104913997707497e-01
-1.958075562939282088e-03
-1.442205062447018959e-01
-2.659745181633601518e-01
-3.540459987026524091e-01
-4.014840742513646754e-01
-4.067525442419064330e-01
-3.724720343218991259e-01
-3.045344905227670429e-01
-2.118363820629995675e-01
-1.062663386708210117e-01
-2.208195996087819468e-03
8.510993972900623983e-02
1.425461598298694843e-01
1.626094597993640312e-01
1.463845247919670356e-01
1.043651923507661616e-01
5.426197969134663457e-02
1.602502698588601643e-02
5.606181192261212171e-03
2.968759755478558512e-02
8.342849418895253999e-02
1.522491040143524321e-01
2.170451773714183741e-01
2.606989250605920017e-01
2.732032735353012720e-01
2.535306101137303481e-01
2.080912805871954485e-01
1.472125260506841893e-01
8.160378791493913542e-02
2.010280418929227819e-02
-3.116998622454265899e-02
-6.886510792199998510e-02
-9.226222679978447749e-02
-1.030868986805567600e-01
-1.050874692734770077e-01
-1.031532297730485409e-01
-1.020060106181514825e-01
-1.048231432677508290e-01
-1.123366386521589821e-01
-1.228530333158736887e-01
-1.332645540062511458e-01
-1.406694496778057579e-01
-1.439306317070291330e-01
-1.445111944062104636e-01
-1.462083513340096119e-01
-1.538223971143055646e-01
-1.711698583643598004e-01
-1.990693878379914405e-01
-2.339778009056002472e-01
-2.678373259359297931e-01
-2.894034701644363494e-01
-2.868958225757461955e-01
-2.513681339793397695e-01
-1.798481572278651519e-01
-7.714944642690044208e-02
4.455938742789716800e-02
1.686875944585397857e-01
2.788478196624845085e-01
3.633639978037755403e-01
4.177029581932045210e-01
4.439365111763424743e-01
4.479323602523147541e-01
4.359178152530850392e-01
4.119249055987958541e-01
3.768967188587202255e-01
3.294978464748327118e-01
2.681508410191822955e-01
1.934800509220196696e-01
1.100962014864451111e-01
2.665270081614798392e-02
-4.629511936255700788e-02
-9.993367717764151115e-02
-1.306255101710278588e-01
-1.413366648640315137e-01
-1.402635696433028600e-01
-1.373552459196175635e-01
-1.404614827634763363e-01
-1.528088946070328691e-01
-1.725846544111231673e-01
-1.943366330301076750e-01
-2.113112782173292015e-01
-2.178260784034126984e-01
-2.110191410799327205e-01
-1.915932337297355237e-01
-1.634419638209790027e-01
-1.323409760989895934e-01
-1.041535810098011133e-01
-8.312967534481141563e-02
-7.081164689045335581e-02
-6.582809289088890903e-02
-6.453852669854295843e-02
-6.221289855853613660e-02
-5.431464296122570645e-02
-3.754201167178997101e-02
-1.047706929183556124e-02
2.614410735885322468e-02
6.947255348999258062e-02
1.148786753683243567e-01
1.566249047232385894e-01
1.889112949566426891e-01
2.071710817033821095e-01
2.092776836517342698e-01
1.962169014330201189e-01
1.718925563979078475e-01
1.420403564456403367e-01
1.125834877020331776e-01
8.800785456562640330e-02
7.033862165388282683e-02
5.904281895925328483e-02
5.179158734866697034e-02
4.569499060365343757e-02
3.850864733721466593e-02
2.939879998602236422e-02
1.905367158947589290e-02
9.163179838763940710e-03
1.498902500684295980e-03
-3.041141391683453710e-03
-5.046061140240754028e-03
-6.607812332131021704e-03
-1.070666647095348638e-02
-2.018729229059068250e-02
-3.672379434776536916e-02
-6.018166976729819040e-02
-8.861050478843537914e-02
-1.188306956977254331e-01
-1.473553478728815147e-01
-1.713224431752932431e-01
-1.891974675624443769e-01
-2.011362472764656184e-01
-2.089625814204779386e-01
-2.157028591631622305e-01
-2.246180603236863638e-01
-2.377828642175811025e-01
-2.545013448572687187e-01
-2.701238782116655579e-01
-2.759662838310353861e-01
-2.608602562579103723e-01
-2.143226344989080934e-01
-1.305552415420989931e-01
-1.183154617270845699e-02
1.302612689642182742e-01
2.765463240388084110e-01
4.045359384055624008e-01
4.938009135318453535e-01
5.307193994365970724e-01
5.114608314862272298e-01
4.428142298529699206e-01
3.408510437805564175e-01
2.275333709343193567e-01
1.257073690219009110e-01
5.354646554826383853e-02
2.001432950996398508e-02
2.284686525578111249e-02
4.981007008865587227e-02
8.290659026594969505e-02
1.042516791187965974e-01
1.017832499215959169e-01
7.290011648257126164e-02
2.469330178585109337e-02
-2.931508181836976756e-02
-7.456852280669544475e-02
-1.008134149811430319e-01
-1.053587477380958232e-01
-9.322109080858032026e-02
-7.441008334393953150e-02
-5.970181127155170520e-02
-5.670052439218090101e-02
-6.763127100473009801e-02
-8.938858534574986581e-02
-1.154110178243690776e-01
-1.383973339426247673e-01
-1.528421552038224107e-01
-1.566699149808014335e-01
-1.516395077036640782e-01
-1.425400287909849573e-01
-1.354741400489582193e-01
-1.357236904030982294e-01
-1.457847685347229416e-01
-1.641218993527929770e-01
-1.850272485974887027e-01
-1.997138191614840075e-01
-1.984712905146278628e-01
-1.734191766679142876e-01
-1.211617335258698552e-01
-4.456805118922683995e-02
4.694324389026308109e-02
1.388353633280463018e-01
2.143110173910002803e-01
2.579069232640492926e-01
2.590045812284273441e-01
2.145515211400121358e-01
1.304858409426654930e-01
2.150420630498661723e-02
-9.105519818735086091e-02
-1.831570008795158355e-01
-2.332532651462696505e-01
-2.275168889598929156e-01
-1.635980306252550198e-01
-5.160631763907047587e-02
8.813705342299908707e-02
2.298856790022149599e-01
3.482664293673516376e-01
4.235314628940548554e-01
4.452682389101547678e-01
4.140423295891858535e-01
3.406164425685762609e-01
2.427448548921898042e-01
1.403221447712524605e-01
5.035421653369698269e-02
-1.673017583582481205e-02
-5.846602725042027160e-02
-7.928586645568629077e-02
-8.760709189530457852e-02
-9.218228488185405134e-02
-9.897829606584784834e-02
-1.096230139233197592e-01
-1.218304299578534672e-01
-1.313593012842647623e-01
-1.344213296744465325e-01
-1.294115030242011244e-01
-1.173452780946328960e-01
-1.010718564723432633e-01
-8.382747570623365341e-02
-6.786100068070294311e-02
-5.373412621009188150e-02
-4.054743624501133681e-02
-2.689382282671781699e-02
-1.199554936349507550e-02
3.566052201106645336e-03
1.785175412971472947e-02
2.821721376471768294e-02
3.223524250566931620e-02
2.845098361497542389e-02
1.671153482222586389e-02
-1.928260121340431843e-03
-2.552603304198810055e-02
-5.153131456930717252e-02
-7.684867784352403253e-02
-9.775959464372080410e-02
-1.100464310669106993e-01
-1.097072733338892159e-01
-9.435787648557115992e-02
-6.491947392993162314e-02
-2.676262280846652963e-02
1.061102872264037267e-02
3.584498207989782192e-02
3.958754125351675313e-02
1.861869866504942128e-02
-2.155174142163776563e-02
-6.707926363349610288e-02
-9.955492894759405964e-02
-1.021358693007531210e-01
-6.591022315373791518e-02
5.946895508408055891e-03
9.798923963029379514e-02
1.865833900240491672e-01
2.469188236793680158e-01
2.605529205553822614e-01
2.210802766200848091e-01
1.363568670243540948e-01
2.685274301142739906e-02
-7.931869508317360151e-02
-1.534899873871246045e-01
-1.740381714766062182e-01
-1.326566259008984394e-01
-3.747913550449920306e-02
8.827314922781619166e-02
2.122767175267949447e-01
3.022178328008612858e-01
3.351175734904633385e-01
3.036485791079212571e-01
2.173231825330049771e-01
9.843968816874942851e-02
-2.538697848651955136e-02
-1.292742300004611766e-01
-1.970920389189307065e-01
-2.239825209326085087e-01
-2.152961298389922673e-01
-1.829594901739953761e-01
-1.408496934549707813e-01
-1.007308546434860508e-01
-6.980759708507487671e-02
-5.020960485988090055e-02
-4.004510045142917196e-02
-3.527311339357676323e-02
-3.161589856523470965e-02
-2.597096907000642080e-02
-1.709661435599934415e-02
-5.592827164461307288e-03
6.647807205681505183e-03
1.726953863626164848e-02
2.429494719907957651e-02
2.673569523708031748e-02
2.481859566740712841e-02
1.981797204128232098e-02
1.360715017707200478e-02
8.086696251821786502e-03
4.634228777330759441e-03
3.689554916078866681e-03
4.576020879493776505e-03
5.655420794158524944e-03
4.847553301293685418e-03
3.971329641823256873e-04
-8.370251199282384424e-03
-2.060012130745472042e-02
-3.397637610896456217e-02
-4.533049124442321831e-02
-5.162782976332300211e-02
-5.103613506813666628e-02
-4.373316804757124143e-02
-3.213853930679569371e-02
-2.036865822744397467e-02
-1.293054281522816248e-02
-1.296932702025287154e-02
-2.066776467712011164e-02
-3.250068575353541600e-02
-4.184354633030256537e-02
-4.095457504123543868e-02
-2.379297106032226411e-02
1.127853025338521227e-02
5.998542565903395435e-02
1.126494044187051347e-01
1.568527857938400993e-01
1.814454156007658803e-01
1.803054506180811201e-01
1.542399540309301043e-01
1.103098695597237999e-01
5.913537526994118443e-02
1.152155737947939407e-02
-2.432692811504232749e-02
-4.432571865256069304e-02
-4.868421598319817856e-02
-4.101227285200446937e-02
-2.679282034155807540e-02
-1.169166904991308237e-02
-1.447650208992144749e-04
5.450928924989186658e-03
4.825498202132509629e-03
-6.719237587424382874e-04
-8.887071893626322105e-03
-1.766463255321267314e-02
-2.540955405957205648e-02
-3.129679512374627243e-02
-3.514967281264951698e-02
-3.712354676261649111e-02
-3.739464822643664976e-02
-3.601825953872307695e-02
-3.300067880319114411e-02
-2.850247942316937177e-02
-2.302684659902391046e-02
-1.746265565728741254e-02
-1.292350967509375836e-02
-1.041565578002191794e-02
-1.044980050897794527e-02
-1.276319393768186872e-02
-1.631065263092470671e-02
-1.958845385602446185e-02
-2.119789963234155333e-02
-2.042471255476971392e-02
-1.758562088037634447e-02
-1.398339146057440974e-02
-1.146902479978984674e-02
-1.176576014075458865e-02
-1.579632008374206448e-02
-2.323966019989596316e-02
-3.245195869490644092e-02
-4.077786866777229763e-02
-4.518972828782395756e-02
-4.311861884525525213e-02
-3.327094248811613558e-02
-1.618324296397639916e-02
5.697535392848212393e-03
2.849506831647977134e-02
4.785237252444980716e-02
6.009097151541913789e-02
6.324037199747879756e-02
5.762261431516756127e-02
4.579663013071615107e-02
3.184962182845044870e-02
2.022534450003032891e-02
1.444085473068906778e-02
1.609514509378989072e-02
2.448041294149608943e-02
3.689789498879544882e-02
4.953980487673215194e-02
5.862600645890711504e-02
6.143442673916843511e-02
5.693355913941391955e-02
4.588214190373425538e-02
3.045964630086137395e-02
1.365283280237600608e-02
-1.344903332746172353e-03
-1.159012304372587787e-02
-1.475553084521575437e-02
-9.546363166637063941e-03
3.783664075458409437e-03
2.298046812780867032e-02
4.375115516203340049e-02
6.047552076099858842e-02
6.770215490086176069e-02
6.198807723935002151e-02
4.329793397664519899e-02
1.524745935088019089e-02
-1.603025394698122039e-02
-4.397406731898970828e-02
-6.378564217558535532e-02
-7.385068181518794628e-02
-7.588363161365827003e-02
-7.383433562164638808e-02
-7.207771707170959608e-02
-7.364342547526332716e-02
-7.917104823073475850e-02
-8.696293587812436998e-02
-9.408575837250818252e-02
-9.807680210174475610e-02
-9.854273838587609968e-02
-9.788487712937535279e-02
-1.006210939947268929e-01
-1.112963675851204037e-01
-1.316290453544311789e-01
-1.580594130495006355e-01
-1.809842614695921226e-01
-1.865333008731964726e-01
-1.608264714951367635e-01
-9.552290885376527041e-02
7.410496113373007954e-03
1.339197363836602539e-01
2.603738818891029871e-01
3.599101948641106885e-01
4.103749418028122542e-01
4.008601070281285206e-01
3.345771906687809993e-01
2.274876530864512747e-01
1.036428512827350379e-01
-1.105946342951741324e-02
-9.492157537417884872e-02
-1.348173332992469442e-01
-1.279848668860740779e-01
-8.112661612306959480e-02
-7.506389151053546871e-03
7.673682367780287894e-02
1.558226873588754446e-01
2.164114175303490928e-01
2.486178545658025152e-01
2.465657660781320759e-01
2.090250171634503440e-01
1.401163849319573829e-01
4.946586481401606117e-02
-4.896539664526450286e-02
-1.396616894409746790e-01
-2.093567529445667652e-01
-2.505694654384985065e-01
-2.635042221975643639e-01
-2.555447796242317215e-01
-2.384780235039871965e-01
-2.243598816167011178e-01
-2.213284175097080531e-01
-2.306527216912387657e-01
-2.459631017102394956e-01
-2.550358631614000338e-01
-2.438014940368556649e-01
-2.015336230618522129e-01
-1.256312426775982871e-01
-2.423232681085060736e-02
8.472063805791241187e-02
1.783209563232818207e-01
2.362983544830633553e-01
2.487585811151928339e-01
2.207691330576165289e-01
1.712902239222636180e-01
1.261967427136304887e-01
1.078999067996113809e-01
1.259104296769061326e-01
1.725204903624963926e-01
2.255993140369529359e-01
2.573459284408510239e-01
2.452748245395720006e-01
1.809466319092908893e-01
7.322990890160541166e-02
-5.463293162646640222e-02
-1.724928918724821791e-01
-2.523392227663358023e-01
-2.760102717641328973e-01
-2.396224150540144926e-01
-1.539958665620441147e-01
-4.138089988885028381e-02
7.047474980455128990e-02
1.553283804633557030e-01
1.946296660458489702e-01
1.812253636509799370e-01
1.197628037332873624e-01
2.414942290131556757e-02
-8.664274602524585367e-02
-1.928713247773695405e-01
-2.772752793484075662e-01
-3.269280492560148743e-01
-3.340642430534700447e-01
-2.965552137444320557e-01
-2.184292148251582577e-01
-1.101640272728241637e-01
1.206360649336069013e-02
1.288951465895323556e-01
2.219752775324184135e-01
2.786447309549006657e-01
2.954055034276217295e-01
2.786708156654701396e-01
2.421947258788370305e-01
2.018108224602525869e-01
1.694169406068372630e-01
1.488858047423477216e-01
1.359706781597062042e-01
1.222671650239398333e-01
1.009856525051062021e-01
7.121461595164686742e-02
3.830032945646430487e-02
1.032483937068279234e-02
-7.119504807925357281e-03
-1.489462730166826732e-02
-2.096729681534885426e-02
-3.749686049296210855e-02
-7.570824600034206653e-02
-1.406296155378659596e-01
-2.276853719452400782e-01
-3.225307649192811765e-01
-4.044907426263628092e-01
-4.526338397665924940e-01
-4.523812723243899603e-01
-4.002601196586577093e-01
-3.051389957248897833e-01
-1.856320153141793328e-01
-6.467232604053149703e-02
3.696872273036752587e-02
1.063290444594927053e-01
1.414913200386355707e-01
1.513317096102442805e-01
1.515316785037682801e-01
1.579226002044603339e-01
1.796425768014252300e-01
2.151240347783616724e-01
2.529002021301449132e-01
2.769469259072655509e-01
2.740380402087694289e-01
2.396833843697971367e-01
1.800561569663022554e-01
1.093348574201468693e-01
4.400724746407075338e-02
-3.127639512791047238e-03
-2.674481113487631179e-02
-2.936471371639305661e-02
-1.874208415438875786e-02
-3.937712208934823765e-03
7.917786110089919394e-03
1.288675175335270845e-02
9.625641569551646182e-03
-1.842232221237138923e-03
-2.065961574200288198e-02
-4.455486744173414726e-02
-6.890375626081328420e-02
-8.675861014003642679e-02
-9.065065364906041423e-02
-7.567241972774817194e-02
-4.223162000538617511e-02
3.202783287014066005e-03
4.999140600956170077e-02
8.702453947746308094e-02
1.064789509778956422e-01
1.059957957836503983e-01
8.859447613714728498e-02
6.074872138349038386e-02
2.972202626381896529e-02
1.293735720692856805e-03
-2.142847828137192656e-02
-3.800408089028015080e-02
-4.981816803211971956e-02
-5.894184500118362230e-02
-6.715630374742030673e-02
-7.538651863776905937e-02
-8.357141321853889249e-02
-9.086346934625340321e-02
-9.602128355898724432e-02
-9.789045506841395627e-02
-9.589558135433010055e-02
-9.045599462582960826e-02
-8.321235983412268722e-02
-7.695238571532866945e-02
-7.516530465925770621e-02
-8.122138430946218568e-02
-9.725824895785833979e-02
-1.229745342449952705e-01
-1.546801568351600376e-01
-1.850659261779528109e-01
-2.041157518474192301e-01
-2.013012036251822512e-01
-1.686961076221586975e-01
-1.040972834614124765e-01
-1.290220716781290133e-02
9.235073991984424358e-02
1.950819803959879251e-01
2.794685124631505202e-01
3.349478670344773201e-01
3.584015138555089464e-01
3.532172011978432780e-01
3.261501272918297945e-01
2.839266381966921715e-01
2.312824705674215719e-01
1.709879545293857273e-01
1.052639817222087160e-01
3.748816140111557726e-02
-2.676174948507714646e-02
-7.987751415877923644e-02
-1.137190514716018563e-01
-1.220619455745394488e-01
-1.031453451054291232e-01
-6.127306435063317736e-02
-6.619657181257315726e-03
4.703388990028191385e-02
8.608803076291034195e-02
1.011377924217727320e-01
8.966991102933676017e-02
5.637941498134529938e-02
1.103156199404061594e-02
-3.517766788837453640e-02
-7.323752314491217830e-02
-9.855116291503952797e-02
-1.111914078310437259e-01
-1.145210264505363423e-01
-1.130848323130065891e-01
-1.107084804734321942e-01
-1.093830612629350663e-01
-1.090681925659527096e-01
-1.082203141506263011e-01
-1.047060774737575972e-01
-9.675313365728871462e-02
-8.366146184049741419e-02
-6.610391979617183389e-02
-4.596384061870940896e-02
-2.578325591519227411e-02
-8.012747229199077004e-03
5.676323259594745485e-03
1.477998555060582031e-02
1.993648745626805385e-02
2.254021757353451283e-02
2.417029250363866150e-02
2.604349439823838708e-02
2.866321907982703060e-02
3.176133536405417734e-02
3.453400974851933425e-02
3.606850323895938182e-02
3.578217567375181069e-02
3.369169614262569612e-02
3.041180465010561926e-02
2.691040223618840904e-02
2.415185646499939942e-02
2.278852782217142062e-02
2.300641654102932032e-02
2.453926227756427977e-02
2.679512243243229938e-02
2.902116157943774796e-02
3.045569048139810248e-02
3.045089730089037966e-02
2.857417134840506412e-02
2.470585423521401425e-02
1.914163549627868888e-02
1.266840368099079669e-02
6.527644324664412523e-03
2.169132435669327702e-03
7.841001989754396717e-04
2.764163967005808797e-03
7.349415961593670776e-03
1.270277653309132872e-02
1.646883283591027772e-02
1.663424546763522457e-02
1.233354976966534976e-02
4.237787285288362182e-03
-5.662493088838840144e-03
-1.479930384676651431e-02
-2.098642803187908065e-02
-2.320763251915284112e-02
-2.193441366719670743e-02
-1.887488681138882116e-02
-1.627835745711946058e-02
-1.607997730962994545e-02
-1.920558891967703852e-02
-2.525618441502299263e-02
-3.261897179586652207e-02
-3.891479186068581841e-02
-4.164442075398173265e-02
-3.890002028487918317e-02
-2.999642346812372851e-02
-1.584416877868027526e-02
1.106984766633584832e-03
1.742219209844994565e-02
2.961765815993543799e-02
3.518593408137639378e-02
3.334483247224105662e-02
2.522745017052734767e-02
1.344856416473881079e-02
1.238282100414453933e-03
-8.506860496213040912e-03
-1.392321453906075410e-02
-1.445702730097258096e-02
-1.073486563428187497e-02
-4.168896073422486033e-03
3.524423473870645467e-03
1.074722079212845488e-02
1.630920300933387176e-02
1.957298197189069611e-02
2.047857917382967310e-02
1.946873822415537414e-02
1.732656659821099621e-02
1.494453179027122568e-02
1.307142987902849135e-02
1.210779980285022275e-02
1.201509742252411007e-02
1.236770710796196091e-02
1.252891134334339560e-02
1.189270809218315010e-02
1.011196311979356902e-02
7.232869036058882720e-03
3.680340825167340534e-03
8.901839489104928366e-05
-2.962124389455867736e-03
-5.201235924545981673e-03
-6.780275869882694192e-03
-8.188673032084642714e-03
-9.997008089191874308e-03
-1.255908956146003369e-02
-1.582998083025234301e-02
-1.939915422175183743e-02
-2.272160482745100990e-02
-2.541620264755850567e-02
-2.745433517638878190e-02
-2.912051648642372675e-02
-3.076610174809117637e-02
-3.251134229391035996e-02
-3.408803079417746518e-02
-3.492746236739509291e-02
-3.444556791799911061e-02
-3.236046494038587185e-02
-2.886571729103331804e-02
-2.457034245150742369e-02
-2.024601107589211330e-02
-1.652278240159345268e-02
-1.369425193951463553e-02
-1.171834111431428391e-02
-1.037275627281581368e-02
-9.427134148821679147e-03
-8.698968534858688220e-03
-7.963044912228002190e-03
-6.795999630466830269e-03
-4.473487521999278821e-03
-2.502248751465319110e-07
7.696154225655482337e-03
1.941431259618669330e-02
3.523050263639218582e-02
5.409769594501706580e-02
7.370845019173105639e-02
9.081723702629927730e-02
1.020565683606921847e-01
1.050251145151464283e-01
9.921888310455014015e-02
8.637078069567716287e-02
6.999390053083437424e-02
5.427059428029354371e-02
4.270952521194627816e-02
3.707669189497576900e-02
3.697385463490188151e-02
4.016865159210799424e-02
4.350258019875487270e-02
4.402353650360446569e-02
3.995341618164525987e-02
3.119274589615514404e-02
1.923449330882923830e-02
6.551409428627461007e-03
-4.315666301109886277e-03
-1.165147993451510870e-02
-1.514097029880557416e-02
-1.594487357322893831e-02
-1.627591889080340706e-02
-1.864129141965834707e-02
-2.501297632855143532e-02
-3.619354620349683055e-02
-5.157080784898721709e-02
-6.932728673096173744e-02
-8.703119557632628400e-02
-1.024333406064697471e-01
-1.142585571184093068e-01
-1.227953616337957299e-01
-1.301101815225934044e-01
-1.397246463085946022e-01
-1.556400062030903197e-01
-1.807481072725996840e-01
-2.149545980902969056e-01
-2.536569190570161503e-01
-2.873753604881618129e-01
-3.031592262475460986e-01
-2.878459848708265767e-01
-2.324817352514727820e-01
-1.364961078386034143e-01
-9.898965730320063994e-03
1.278735842130365175e-01
2.526941554320324412e-01
3.427054765423930283e-01
3.849325541152329722e-01
3.789048289122693980e-01
3.358585526751867723e-01
2.739381142610379793e-01
2.114244393654510223e-01
1.607428182562425922e-01
1.255727496548384725e-01
1.019478893430206534e-01
8.239205948775565891e-02
6.080302095691234032e-02
3.571799591257726614e-02
1.074635851686847610e-02
-7.487122163722270685e-03
-1.250294961777545510e-02
-7.096968359325273035e-04
2.722279119651872803e-02
6.650817449083887278e-02
1.094422415915966007e-01
1.470156710490437280e-01
1.705685468962724327e-01
1.734833206729415878e-01
1.528924860490234461e-01
1.109128525155214512e-01
5.459670021744978535e-02
-5.824504391176946183e-03
-5.991957339485395884e-02
-1.000780003785172179e-01
-1.233884324381163550e-01
-1.317741126359211756e-01
-1.305317765622228121e-01
-1.259838512404485855e-01
-1.231653255810896408e-01
-1.243265858766224308e-01
-1.286620856193488593e-01
-1.332339240045249951e-01
-1.346836956479505187e-01
-1.310986101942066273e-01
-1.233598531409420829e-01
-1.154580733869391418e-01
-1.135739165493223346e-01
-1.241042841257766760e-01
-1.511589016695026877e-01
-1.942683880428778265e-01
-2.470896065339168446e-01
-2.977501385610324958e-01
-3.311269634424494623e-01
-3.328066871627752832e-01
-2.938031674907313762e-01
-2.145183079272880711e-01
-1.062348340604254843e-01
1.107797860250622768e-02
1.145888368942364066e-01
1.862635938312905692e-01
2.192240926066008067e-01
2.197898500317811976e-01
2.040871071462663222e-01
1.907929056486546704e-01
1.933921724324936531e-01
2.152941137610295264e-01
2.495731177553889013e-01
2.829833864185016257e-01
3.021992056859129638e-01
2.995300632014006315e-01
2.758263549503315870e-01
2.396423965335425788e-01
2.033046206550011281e-01
1.777046454012959631e-01
1.680429928602369116e-01
1.722404291721195413e-01
1.824284340542331462e-01
1.884770211505799598e-01
1.817821865161558248e-01
1.577988238035995527e-01
1.166474460385937134e-01
6.203339306369480555e-02
-6.254904839430586172e-04
-6.582618328221087611e-02
-1.287666868666351161e-01
-1.853689025167255533e-01
-2.320602298429907395e-01
-2.658741585520494333e-01
-2.851283839408081944e-01
-2.904602262699888526e-01
-2.856169401599766289e-01
-2.773503680330104970e-01
-2.740426071747010806e-01
-2.831279947018883192e-01
-3.078692179169925103e-01
-3.445454973643338747e-01
-3.814529076059716139e-01
-4.009220793623820001e-01
-3.845269144268948502e-01
-3.200561909053651899e-01
-2.075057897348551450e-01
-6.119757439031575652e-02
9.354092842036271227e-02
2.283291161470402675e-01
3.211989546884237434e-01
3.635463705255069788e-01
3.617162939854113857e-01
3.329460467438146720e-01
2.978089379972753692e-01
2.724015941084010350e-01
2.631836329700446009e-01
2.660915222383324341e-01
2.698684217626118320e-01
2.619936822609894023e-01
2.346304960476337520e-01
1.880343831342529692e-01
1.300445738554077413e-01
7.218271900287148712e-02
2.447372404390868450e-02
-8.510359568678918518e-03
-2.876671828149370003e-02
-4.302016882000866960e-02
-5.908676255682786260e-02
-8.216006185894178526e-02
-1.125422761825083107e-01
-1.456117929649600462e-01
-1.738064575443695747e-01
-1.895295987163780338e-01
-1.876505509590981613e-01
-1.667946103258549362e-01
-1.294683388250011391e-01
-8.159781339414760859e-02
-3.190880101717032125e-02
9.010641390074444756e-03
3.047788736517212382e-02
2.446966744591799747e-02
-1.132224872237290458e-02
-7.142588785454262457e-02
-1.426722120292874818e-01
-2.068093624378008477e-01
-2.451008338420546662e-01
-2.436862895228261439e-01
-1.981985413510219118e-01
-1.161815916127723752e-01
-1.620006986633210078e-02
7.674577822329989307e-02
1.387145237944026888e-01
1.550970578243892617e-01
1.266778014859060164e-01
7.073572164292468711e-02
1.594686341548716413e-02
-7.751857930864206048e-03
1.921999300966225482e-02
9.771336504655128707e-02
2.084811257268966989e-01
3.186923881061032304e-01
3.937754685314697189e-01
4.097395053375642582e-01
3.610543943097190289e-01
2.613060114466858597e-01
1.370594371838156356e-01
1.801714040687954488e-02
-7.248910201339034409e-02
-1.234405945424816992e-01
-1.371063991324731335e-01
-1.255950179869481098e-01
-1.049078944687010517e-01
-8.891669808926756791e-02
-8.530699930901404493e-02
-9.450080252045771345e-02
-1.113164679341589886e-01
-1.281777057666535491e-01
-1.383908745051704858e-01
-1.383439225558348862e-01
-1.281455003085752720e-01
-1.108813775705726201e-01
-9.108144772354592744e-02
-7.308669415672958136e-02
-5.985025502742429004e-02
-5.243404174610867552e-02
-5.018567662387210526e-02
-5.136882767717769471e-02
-5.391647358105265686e-02
-5.600510642975584097e-02
-5.629248463216843246e-02
-5.385222759686077165e-02
-4.798016161756475662e-02
-3.807773491138438660e-02
-2.373939066215404251e-02
-5.033278843473119879e-03
1.716704038861775056e-02
4.100821220394842981e-02
6.381234800896687376e-02
8.260701098256344188e-02
9.491565167063950592e-02
9.957294638035878165e-02
9.727850712130195476e-02
9.061784132663401603e-02
8.338256542875666089e-02
7.926471372284212003e-02
8.034651455449666468e-02
8.605674340046756687e-02
9.318627729183842634e-02
9.710482213330802470e-02
9.371201920448694878e-02
8.123880388284326903e-02
6.105765157159731560e-02
3.715852383354155408e-02
1.459945879844740807e-02
-2.332489180351768332e-03
-1.149238290424760972e-02
-1.332177868320624098e-02
-1.032414827608611751e-02
-5.885732606020835367e-03
-2.950381243916683910e-03
-3.059749873653760943e-03
-6.098957981170887929e-03
-1.078997860500566577e-02
-1.565034525010493283e-02
-1.992847257740196221e-02
-2.404751365644829109e-02
-2.933553988633830212e-02
-3.718282732061896356e-02
-4.807644433570296832e-02
-6.105233355700750986e-02
-7.391400432393793740e-02
-8.419084895875787733e-02
-9.043637926111783298e-02
-9.326251021089670967e-02
-9.555155267787462936e-02
-1.015730046249030682e-01
-1.151626833007285411e-01
-1.375456136727011835e-01
-1.656486064015461890e-01
-1.917419822730179191e-01
-2.049187470374097264e-01
-1.942980827020999723e-01
-1.530922419331852691e-01
-8.208468479235658810e-02
9.054855234060299463e-03
1.036325479427923912e-01
1.827739650537466287e-01
2.316164272395177803e-01
2.443385643475554647e-01
2.258731046980048118e-01
1.896550851740245180e-01
1.525100242607358991e-01
1.288431858202767621e-01
1.263185437510579712e-01
1.443940334600759545e-01
1.757979885982373647e-01
2.098354272469710735e-01
2.358860183186148873e-01
2.458299862669191538e-01
2.350540294368100858e-01
2.024853636844902438e-01
1.503115636969129532e-01
8.365883833886386678e-02
9.968524859227875790e-03
-6.229898520208448920e-02
-1.255453242397825686e-01
-1.748215598209395538e-01
-2.086845357659447564e-01
-2.287278833982357151e-01
-2.381187450950744133e-01
-2.399797583457934647e-01
-2.364410792544670847e-01
-2.286952683555960320e-01
-2.177478641598415143e-01
-2.051688878538993344e-01
-1.932318892842529723e-01
-1.842802036563522261e-01
-1.796680911654722768e-01
-1.788704131862426661e-01
-1.792176838275446604e-01
-1.763438637623913341e-01
-1.651288651277962038e-01
-1.408578213079743902e-01
-1.004213856791152382e-01
-4.342589694995216409e-02
2.702817937931170644e-02
1.042777592503275064e-01
1.790557052714253639e-01
2.414286344721000011e-01
2.831670358802535481e-01
2.997624550730630388e-01
2.915428215856870064e-01
2.637396159121848660e-01
2.255014872811251792e-01
1.878342092931760410e-01
1.606931058445019156e-01
1.499632606108649568e-01
1.554110508032510163e-01
1.705597443223096643e-01
1.848230079868408149e-01
1.873192178721539425e-01
1.709461557187122449e-01
1.350014909892952308e-01
8.521803709820327533e-02
3.132307282278978811e-02
-1.662668288666750704e-02
-5.152244824881209440e-02
-7.096417473522152741e-02
-7.722171899014412810e-02
-7.580115671097532870e-02
-7.333915479087273204e-02
-7.555053721971870251e-02
-8.576256204599772004e-02
-1.042985851651552359e-01
-1.287280880346935996e-01
-1.548286630959082866e-01
-1.779870432480940012e-01
-1.946764867413424138e-01
-2.036109918929799589e-01
-2.062312377985200396e-01
-2.063232515173607229e-01
-2.087763225351276786e-01
-2.177226411965918762e-01
-2.345384096282554787e-01
-2.563564164980378091e-01
-2.757394292781176759e-01
-2.819221642111784942e-01
-2.635671753275103391e-01
-2.124059629772196423e-01
-1.266405902621945412e-01
-1.281944608929450058e-02
1.147227915691281519e-01
2.369224677201907103e-01
3.346755298304834869e-01
3.937211304259400357e-01
4.082332528287905271e-01
3.820374985371043364e-01
3.271150125018401633e-01
2.599161775679959541e-01
1.966521620668949255e-01
1.489798122809606051e-01
1.213426581691330886e-01
1.106943064473947524e-01
1.085457487995281078e-01
1.045517341000492539e-01
9.039157945422038321e-02
6.257397531095995613e-02
2.315057055769753624e-02
-2.177464367828468861e-02
-6.480100920582168578e-02
-9.980333679961636562e-02
-1.232365781906059332e-01
-1.339854351509991437e-01
-1.323526640231719731e-01
-1.190376586311280016e-01
-9.470936676736027571e-02
-6.030814618741156541e-02
-1.781228219308222255e-02
2.898889998278525448e-02
7.418700289636719070e-02
1.102746135622406781e-01
1.296154486275080675e-01
1.265929209830019553e-01
9.973365096342041991e-02
5.289314010540262234e-02
-5.181518576450161451e-03
-6.297129605675033659e-02
-1.093290591314306781e-01
-1.365549829511951974e-01
-1.423540626728682368e-01
-1.300699032972603142e-01
-1.072038013219813318e-01
-8.279036676057920097e-02
-6.454494478646029265e-02
-5.672087969286712661e-02
-5.931337619153351920e-02
-6.873890231882753832e-02
-7.959852817643880973e-02
-8.679903218358361872e-02
-8.727811248913992792e-02
-8.082981930157870365e-02
-6.989570286828494794e-02
-5.851175845774521378e-02
-5.079945694098409598e-02
-4.945320062560510516e-02
-5.463069437285525409e-02
-6.354009685858036383e-02
-7.088165968273152373e-02
-7.013573184166783936e-02
-5.545326512945466385e-02
-2.363856612739714119e-02
2.443370573476093960e-02
8.353136153197301961e-02
1.451327292496657206e-01
1.995673564412469014e-01
2.384434023147461168e-01
2.563997355791490795e-01
2.516122766244323072e-01
2.252378478753264135e-01
1.805267184354739096e-01
1.222785141990342661e-01
5.677180018860661370e-02
-8.265990567957848256e-03
-6.424708017256577919e-02
-1.031484954210297456e-01
-1.194872567185803758e-01
-1.121055884944812259e-01
-8.492341530285760220e-02
-4.611345985730602726e-02
-5.760136821375876071e-03
2.723689071198763523e-02
4.779362445232830658e-02
5.569068770097287957e-02
5.464256188621485766e-02
4.995024531911992915e-02
4.593091188630169658e-02
4.427918991358321954e-02
4.391742606290865991e-02
4.213424313256578652e-02
3.627816168779528228e-02
2.516354741881715942e-02
9.631699896476025868e-03
-7.815655302982824071e-03
-2.399033055269835651e-02
-3.611307629530547542e-02
-4.262145824470455618e-02
-4.349306511287357596e-02
-4.009669696102909076e-02
-3.470163461686903705e-02
-2.979542720878756989e-02
-2.734390233464595310e-02
-2.813524675049874912e-02
-3.139455171537568895e-02
-3.488601139238270421e-02
-3.565324469185516404e-02
-3.132669713045378029e-02
-2.159560756271494686e-02
-9.180834366073822861e-03
3.166812055110240776e-04
-1.073310938108501533e-04
-1.647892677835944425e-02
-5.143858307019943954e-02
-1.027303689296209799e-01
-1.631584671721189039e-01
-2.220422929894683706e-01
-2.677041140972529765e-01
-2.902390927872583459e-01
-2.838111739102850972e-01
-2.479272034566617489e-01
-1.874479754965245881e-01
-1.113984482626866335e-01
-3.086394781813756039e-02
4.360308182694878909e-02
1.044894748562185116e-01
1.489808606103812383e-01
1.790792370038126746e-01
2.000704558573424274e-01
2.180551048538370285e-01
2.376376959625675911e-01
2.605426023216639297e-01
2.852886503420354325e-01
3.076539179748508657e-01
3.216684085563588091e-01
3.210083917664970365e-01
3.006107074080894281e-01
2.581441008896604994e-01
1.949354509228751475e-01
1.160890021613188994e-01
2.975709796766912163e-02
-5.421650341487124769e-02
-1.258832744049774854e-01
-1.766796098621714051e-01
-2.007056415234748092e-01
-1.957868972065510138e-01
-1.642626298448513211e-01
-1.133341165746917928e-01
-5.467372918717404440e-02
-2.888906598528341585e-03
2.743918203803352718e-02
2.583684458328433520e-02
-1.008614300088991889e-02
-7.260055701590822919e-02
-1.451834930334225671e-01
-2.071790884728271220e-01
-2.401529549091146742e-01
-2.335348996226735974e-01
-1.875637890025840249e-01
-1.127417982328937640e-01
-2.632711914889085403e-02
5.267864507358066550e-02
1.083670172097027651e-01
1.313526542723073565e-01
1.202930775390264051e-01
8.153016160930917633e-02
2.710877059413856899e-02
-2.842868229270505837e-02
-7.180924949054309780e-02
-9.441232473128477465e-02
-9.428591370144093209e-02
-7.616389790196775866e-02
-4.949143309536593871e-02
-2.513777467847074995e-02
-1.189538767042210010e-02
-1.385518009416162460e-02
-2.934652365337005187e-02
-5.156303763837651044e-02
-7.052553867720180725e-02
-7.580796677110086812e-02
-5.943501540502466735e-02
-1.839935643728358994e-02
4.376962738247876239e-02
1.169674315952317634e-01
1.864045233778330868e-01
2.362914542366459369e-01
2.544011585792066432e-01
2.359553963479733008e-01
1.852920553920595348e-01
1.145921884325836332e-01
4.017433014125729174e-02
-2.220791940556814115e-02
-6.144465101417428965e-02
-7.337796220370076949e-02
-6.094328807880067256e-02
-3.244415826077994003e-02
1.277801980671594562e-03
2.987226331199017287e-02
4.594437473798437810e-02
4.646716704834905065e-02
3.293990225040284436e-02
1.036559157262035777e-02
-1.459356816543359858e-02
-3.569650579910120525e-02
-4.880525455377075078e-02
-5.271446827031377180e-02
-4.899972515738302420e-02
-4.107543333860460416e-02
-3.285143927971741207e-02
-2.742907132852260080e-02
-2.621724998457276509e-02
-2.871027862301227251e-02
-3.296200950417212810e-02
-3.654698869925006310e-02
-3.760818596611097131e-02
-3.556261779793461197e-02
-3.120236984067117220e-02
-2.620415209963655734e-02
-2.230642063328389102e-02
-2.052441788034343323e-02
-2.072296346157057045e-02
-2.169937492676764917e-02
-2.172639852793474546e-02
-1.933988937065368383e-02
-1.406468338077719246e-02
-6.772494055328082824e-03
5.199865155152555429e-04
5.380435708787205396e-03
5.933358710030062211e-03
1.651850357991691692e-03
-6.380003489785450455e-03
-1.581735660153323411e-02
-2.379924010093408329e-02
-2.771962360571774212e-02
-2.574407756714174045e-02
-1.703049881125671960e-02
-1.811670838841615561e-03
1.850192644527730301e-02
4.123904479011725882e-02
6.265346820634909442e-02
7.860594821041297364e-02
8.566472349842771394e-02
8.219008590737506004e-02
6.886536668298218200e-02
4.838600382997999827e-02
2.445295888139512736e-02
5.689507941371366173e-04
-2.078122337389641527e-02
-3.820702371173424761e-02
-5.080846894819861237e-02
-5.736849455862064878e-02
-5.597957232306702280e-02
-4.452429464577150470e-02
-2.192466674065310372e-02
1.043711282581707284e-02
4.795090344039674296e-02
8.328643403047022997e-02
1.082252800594840220e-01
1.161780596642610353e-01
1.043402843542163422e-01
7.460036472560330201e-02
3.294236100115063154e-02
-1.225413836938163414e-02
-5.231466368750037343e-02
-8.017100708599149417e-02
-9.172865276645073007e-02
-8.655871590688254957e-02
-6.784270980880080515e-02
-4.154221499849400367e-02
-1.488118325670673842e-02
5.563091252317742264e-03
1.563172062426679623e-02
1.458528803688039638e-02
4.892017099876130176e-03
-9.144676524855573085e-03
-2.332862949885407960e-02
-3.524492652928083725e-02
-4.498042405231225671e-02
-5.461808122561657292e-02
-6.670217041295894989e-02
-8.226318547794755909e-02
-9.922164042204174861e-02
-1.119766848776562601e-01
-1.126519244257182528e-01
-9.383577651013258469e-02
-5.191497387146754711e-02
1.040322288135525630e-02
8.371505619801916653e-02
1.542296337814688667e-01
2.080136765570588520e-01
2.353464351717850789e-01
2.332978753856013721e-01
2.057068882970886359e-01
1.610845294392080351e-01
1.096445937352977934e-01
6.054614642818084702e-02
2.003486380499700653e-02
-9.194190252541964425e-03
-2.749850630368284171e-02
-3.719063470468831484e-02
-4.157167816058838367e-02
-4.452940558502369028e-02
-5.054044673260382758e-02
-6.449746869659780946e-02
-9.082155282665041462e-02
-1.317553033956884168e-01
-1.853372418146596312e-01
-2.440275412280853706e-01
-2.949769943668656413e-01
-3.224264427364940122e-01
-3.119250484529058065e-01
-2.552695502881808243e-01
-1.545105764105970392e-01
-2.327249261237637756e-02
1.157307824375733429e-01
2.366706800837694580e-01
3.180662999489178855e-01
3.488325858654184319e-01
3.306547446911692334e-01
2.762133868513531043e-01
2.044529983988934430e-01
1.347699497298396609e-01
8.183948590955866798e-02
5.232399316977509596e-02
4.412825538363629452e-02
4.822625444256463390e-02
5.244862556584600766e-02
4.604341280511678458e-02
2.345382454195896887e-02
-1.406481018674199390e-02
-5.949220687753030423e-02
-1.030914950633440574e-01
-1.360135768965595460e-01
-1.530011433148287525e-01
-1.533800615832564274e-01
-1.403807951937798282e-01
-1.194402710483070118e-01
-9.628957555446546190e-02
-7.543874613850798383e-02
-5.935656608158956793e-02
-4.836558728655906275e-02
-4.108655028216916250e-02
-3.519045320197418392e-02
-2.823277662134946603e-02
-1.839222813274909302e-02
-4.971946805274754522e-03
1.144142217610349954e-02
2.919426488392490304e-02
4.608856694977506163e-02
6.004251096400103904e-02
6.967462096873094923e-02
7.463352603260270390e-02
7.560299205051271287e-02
7.403278941223653820e-02
7.171701214121561918e-02
7.034292030837011045e-02
7.109607055408603826e-02
7.437549174364373183e-02
7.966501369641393326e-02
8.560943790004313381e-02
9.032398471858743561e-02
9.189645791009475040e-02
8.894144193121907016e-02
8.100425035385547257e-02
6.864860959428609188e-02
5.317431424377831728e-02
3.602898667786184894e-02
1.807617595157861787e-02
-1.024852063437879657e-03
-2.301985456447661060e-02
-5.060655311803136103e-02
-8.631622100800621922e-02
-1.310038090866992300e-01
-1.824459484914995600e-01
-2.346284886033698225e-01
-2.782044142880893967e-01
-3.023073704808207918e-01
-2.974487036685333208e-01
-2.587176307305544265e-01
-1.881462739530365691e-01
-9.513342551660092239e-02
5.615752991743327982e-03
9.817811647608556958e-02
1.700221321518152751e-01
2.151456068309059166e-01
2.343653949923291124e-01
2.329338755547500917e-01
2.170637415467588371e-01
1.911701660426062266e-01
1.567847172688555946e-01
1.130767488680114174e-01
5.837531979415120503e-02
-7.954144813568986283e-03
-8.374431476132004892e-02
-1.627958262306893333e-01
-2.347718075148666761e-01
-2.867552125900657556e-01
-3.063833313649489964e-01
-2.855862166689928650e-01
-2.234871665858246814e-01
-1.273385571521488679e-01
-1.123435667637473490e-02
