8.476502467821542552e+01
8.311931558239547257e+01
8.253493612702961002e+01
8.221406138895473248e+01
8.192736180793620804e+01
8.209149725478557968e+01
8.227263069695065667e+01
8.247152537268483741e+01
8.273450923743632757e+01
8.285106871983452947e+01
8.276040901298064512e+01
8.258474409000500316e+01
8.261975407439325636e+01
8.227055686752494523e+01
8.211557843152363034e+01
8.189610728769815751e+01
8.166077879752187130e+01
8.143105355332289719e+01
8.083861837225846614e+01
8.059914926876193420e+01
8.086782394751230640e+01
8.094244126351392765e+01
8.086534842737238193e+01
8.106400440896091197e+01
8.167671129833007626e+01
8.181958847983671035e+01
8.200271532367553107e+01
8.224066340532155550e+01
8.280255773715488488e+01
8.262254967626702751e+01
8.303330056710775864e+01
8.284576202425135705e+01
8.282894954011433697e+01
8.301114536040208236e+01
8.303642968031712712e+01
8.285324839995169555e+01
8.298755686782561725e+01
8.294837536445339765e+01
8.326330881249062088e+01
8.296648392354423152e+01
8.266272892808234474e+01
8.241171350030543863e+01
8.250938706191138294e+01
8.347612596843178778e+01
8.508753419895097636e+01
8.482156582357673358e+01
8.416675422927393413e+01
8.357242962425999622e+01
8.398961258568107269e+01
8.413003937885429195e+01
8.468407971372531051e+01
8.416044084220601462e+01
8.406577379605748490e+01
8.398378075214867522e+01
8.401517693715680934e+01
8.367846362813159544e+01
8.423511501009919300e+01
8.473147535062902591e+01
8.474162555575857425e+01
8.468935930260911960e+01
8.453910157315631579e+01
8.467504735137775640e+01
8.464769340172180989e+01
8.514960653707312588e+01
8.534863909615442878e+01
8.521934697195501940e+01
8.525000000000000000e+01
8.519998806041429873e+01
8.546038684951194853e+01
8.571322668747561124e+01
8.582972011243346344e+01
8.608851523795225091e+01
8.595716796235069523e+01
8.635587215101305958e+01
8.625478912923567520e+01
8.649315497494630733e+01
8.650347072550796668e+01
8.662920931061630370e+01
8.682391662095446350e+01
8.677636779696275937e+01
8.678882484553038523e+01
8.681298812928849884e+01
8.716869687537410982e+01
8.702865107404259959e+01
8.679273081579025018e+01
8.680091910944541667e+01
8.667575076850319249e+01
8.677571854643656479e+01
8.705037129820166797e+01
8.671419217547880010e+01
8.668117433053019738e+01
8.703395369950068527e+01
8.658367626886145274e+01
8.724030972443634369e+01
8.657300842376419325e+01
8.671046694060515847e+01
8.647413270212292957e+01
8.679194059287593177e+01
8.672117095740894399e+01
8.674925088328687650e+01
8.678753722453841135e+01
8.664816653085414089e+01
8.665493274214325936e+01
8.653443007179730273e+01
8.680451648864851677e+01
8.615348042493128844e+01
8.653186660210629100e+01
8.632986555456858468e+01
8.625938708717643522e+01
8.648530011325028966e+01
8.610873235228207534e+01
8.617115965780095621e+01
8.589478213135913620e+01
8.649813668329626637e+01
8.644535831353562116e+01
8.626442343593649298e+01
8.629412202713368174e+01
8.651526780494386060e+01
8.652778399010004762e+01
8.630722380236177571e+01
8.633566830463161068e+01
8.634334841628960078e+01
8.590298485120651151e+01
8.622208125660776545e+01
8.623695433636945040e+01
8.582130486712451045e+01
8.592271317129002739e+01
8.562266485769237079e+01
8.616300183995414841e+01
8.564504343951881538e+01
8.555050871554877290e+01
8.575061157318863536e+01
8.576110847799040471e+01
8.595932925285559634e+01
8.576693111885519727e+01
8.574209386495788010e+01
8.578571956319359515e+01
8.587621554108305588e+01
8.590408900920733970e+01
8.567334475310940434e+01
8.566707613026935064e+01
8.527471940931397398e+01
8.553244374283288209e+01
8.547106777730103033e+01
8.546083010810089320e+01
8.543624702874825516e+01
8.543660496505903268e+01
8.529541372290742629e+01
8.530703923262534261e+01
8.533889087549913199e+01
8.538457296991192891e+01
8.541542017746625959e+01
8.538852432183087160e+01
8.558655487126215178e+01
8.547894219894040191e+01
8.527654873817502335e+01
8.522361820199778037e+01
8.532106714360234889e+01
8.516075350441460046e+01
8.534476897615958535e+01
8.495441174296738041e+01
8.507499182447899955e+01
8.510871186137373456e+01
8.511438904830225738e+01
8.494807766758985679e+01
8.494887406545194608e+01
8.492168414144879307e+01
8.519760110487284521e+01
8.544871602342693961e+01
8.538382616487454868e+01
8.530102383977281022e+01
8.554385964912280826e+01
8.551977952661300719e+01
8.576489268835976532e+01
8.555434766310295913e+01
8.532525300773204435e+01
8.525700814918583603e+01
8.541770554609584565e+01
8.535979801025023050e+01
8.548614689745066642e+01
8.525674006687351891e+01
8.541180912111144607e+01
8.552126769773560966e+01
8.554811123323145239e+01
8.527465527577938076e+01
8.544534314839218325e+01
8.540915965878153315e+01
8.535098363117585052e+01
8.570337681115763928e+01
8.569495223853266452e+01
8.523276329258746387e+01
8.536986260319743280e+01
8.536640185718377438e+01
8.543863176033133300e+01
8.546662951303640909e+01
8.524122760441160551e+01
8.533741582681791726e+01
8.514376905630905412e+01
8.521368247017294095e+01
8.524998492250165327e+01
8.502940341121426115e+01
8.502825750357312984e+01
8.530711391265195687e+01
8.540755908326011081e+01
8.563734102136733384e+01
8.590237607226903549e+01
8.587628526034953325e+01
8.564720789481530971e+01
8.627019933857215506e+01
8.587899101693136572e+01
8.601168252438877460e+01
8.601016771488470170e+01
8.608776412923279509e+01
8.643194598983551202e+01
8.617626224566691917e+01
8.631088671218567754e+01
8.606471566145965824e+01
8.629152439945610809e+01
8.618241295353040243e+01
8.623680576403482689e+01
8.642089413597818748e+01
8.652239327139126601e+01
8.643750751834475921e+01
8.667131530616816804e+01
8.679088261479726896e+01
8.660708517765283432e+01
8.665161567396262399e+01
8.701805984006708172e+01
8.718286138981791566e+01
8.729342134873603243e+01
8.700853726237453145e+01
8.704128364946265606e+01
8.714336078731416535e+01
8.727674874048825870e+01
8.690228881058834531e+01
8.703645879932003027e+01
8.675060336708264686e+01
8.713692711967576088e+01
8.743483244756077966e+01
8.728236078199051917e+01
8.718802488564662667e+01
8.710364260164975292e+01
8.724033141083819487e+01
8.743004771802452524e+01
8.760877755864950700e+01
8.740669204861619335e+01
8.752057271377542236e+01
8.743395453614580504e+01
8.774410883234412495e+01
8.722242644398454559e+01
8.733351424296652965e+01
8.734995811964556367e+01
8.707430430912459940e+01
8.706843215714805240e+01
8.725040887592273009e+01
8.684622915844694546e+01
8.691600770330600767e+01
8.669830161054173345e+01
8.710930731130332560e+01
8.689676355571120325e+01
8.662567407602261937e+01
8.687087916122116837e+01
8.676300122570478379e+01
8.695361102612294246e+01
8.703103847524047865e+01
8.685153515573081506e+01
8.669672704996936830e+01
8.701095878320732879e+01
8.707869995733223334e+01
8.679593829041371578e+01
8.651804112347329578e+01
8.653914864330585033e+01
8.670894937027334493e+01
8.682068326785474710e+01
8.648645168841810005e+01
8.641459553112677838e+01
8.632316882420414572e+01
8.627681901604404402e+01
8.650300161280688371e+01
8.639616162216805151e+01
8.648429089065506048e+01
8.653640023859230723e+01
8.660529730213413302e+01
8.668924479706326736e+01
8.665952494628788827e+01
8.676324785037722620e+01
8.664800391650719291e+01
8.670461153106410279e+01
8.687244028579115707e+01
8.690090389673206062e+01
8.644407447777463460e+01
8.663971699101013257e+01
8.653838326399903735e+01
8.653971135115990876e+01
8.634713602755589079e+01
8.657813839466994921e+01
8.623302945718018009e+01
8.643237397369118469e+01
8.689213372370936384e+01
8.644653836466805785e+01
8.618311199678777257e+01
8.554029325686580876e+01
8.501998958100766401e+01
8.524232241342936334e+01
8.543002479138952765e+01
8.577862121212120883e+01
8.591277394832501102e+01
8.585384754826429798e+01
8.534890749191575310e+01
8.520312357708769468e+01
8.492708902239213842e+01
8.541802013781722280e+01
8.550796596361003310e+01
8.555452943678230326e+01
8.500618594214324730e+01
8.474836507528961249e+01
8.509726949434514154e+01
8.541388785970111996e+01
8.567485110003646298e+01
8.571307465589012509e+01
8.577355771395973250e+01
8.602751531982974598e+01
8.611090514513065841e+01
8.650790564862771248e+01
8.637218838752791328e+01
8.620636352700589100e+01
8.614993441782628736e+01
8.624604701497024450e+01
8.652788537190582474e+01
8.624926968829994678e+01
8.619660289539697828e+01
8.601045868818168572e+01
8.625420098349775344e+01
8.636780723619608580e+01
8.614404796061671732e+01
8.603669738631214159e+01
8.612072297889046979e+01
8.617411230822401080e+01
8.605010466307398076e+01
8.628978615132973573e+01
8.753756608623952218e+01
8.794355686883356782e+01
8.775938842975206455e+01
8.737336738652528823e+01
8.668350813288952850e+01
8.610710190352418181e+01
8.548291084308502263e+01
8.491543787947838950e+01
8.492110871066824984e+01
8.490239895813293458e+01
8.479379410543793938e+01
8.496006996352329566e+01
8.511446916529789064e+01
8.549140722666545855e+01
8.538150670546939125e+01
8.547411946692051288e+01
8.559515999165002142e+01
8.573817517380712161e+01
8.582420050836437042e+01
8.575245570887884128e+01
8.567195238445147254e+01
8.604384613104940627e+01
8.625786883539748828e+01
8.628163854847596781e+01
8.629884903640257221e+01
8.612626845536985343e+01
8.631344188726158961e+01
8.606077852831488428e+01
8.647756810891402779e+01
8.621358306091234169e+01
8.645126315630521674e+01
8.625025385258631161e+01
8.653814982751607943e+01
8.650856807864595055e+01
8.612555472822040770e+01
8.608741623231571793e+01
8.647070008903912708e+01
8.655704165231327352e+01
8.697029628174716720e+01
8.640243191097948738e+01
8.648420170331233692e+01
8.681106143901408245e+01
8.665370115492788727e+01
8.691084724390536564e+01
8.681091714161767925e+01
8.663553670707767651e+01
8.678193090164920420e+01
8.668987113634315733e+01
8.680101405577306650e+01
8.660423226730738122e+01
8.642858426158821317e+01
8.656959789215245848e+01
8.672536087419243245e+01
8.687285515881904985e+01
8.665567323591187687e+01
8.680580397066714227e+01
8.689860113760207128e+01
8.698830383083235063e+01
8.716732811166190231e+01
8.721901235308227740e+01
8.704915921716604998e+01
8.709582952998040639e+01
8.694197785977860349e+01
8.704634615102477824e+01
8.677645562588624273e+01
8.682096532250949394e+01
8.688569453839592427e+01
8.672979979202975187e+01
8.683767102149984396e+01
8.664208230161537472e+01
8.656921854070682798e+01
8.634330217155584819e+01
8.678811480892429131e+01
8.684613559874868827e+01
8.689743931320307979e+01
8.658616724892760885e+01
8.685516069449575127e+01
8.693585902563572176e+01
8.715362361623616039e+01
8.694949614350305467e+01
8.683649390199049378e+01
8.678500168471015286e+01
8.697016118289596420e+01
8.698118737141250278e+01
8.692800580216396611e+01
8.696743655461563094e+01
8.688132640406307416e+01
8.693163187072423170e+01
8.706611289799050724e+01
8.680216088211352599e+01
8.678687774794181564e+01
8.651463790446841529e+01
8.687522911171710405e+01
8.671151072784530811e+01
8.688940699292417946e+01
8.684141424583893354e+01
8.655230057973140845e+01
8.681163910834385433e+01
8.711525629809760574e+01
8.657866971468764916e+01
8.664195355089239570e+01
8.665322269394056320e+01
8.635072847682118891e+01
8.656891208611972388e+01
8.642752434573155540e+01
8.613363571892914194e+01
8.589567170273581098e+01
8.642958050173241702e+01
8.635738582584004064e+01
8.608099802981739401e+01
8.641471920829854980e+01
8.617285098594875592e+01
8.632737918766676444e+01
8.643699369275329047e+01
8.593383083124014377e+01
8.625576395581585132e+01
8.607900336028407651e+01
8.633409255616524547e+01
8.627060541882713096e+01
8.627494505818670234e+01
8.621390493444009451e+01
8.619625890294857129e+01
8.593175340131057283e+01
8.619420135341241007e+01
8.526606725621839189e+01
8.486140826603892151e+01
8.497949659782020149e+01
8.625655160084028239e+01
8.729590694935217243e+01
8.723487102803738935e+01
8.592368339915725528e+01
8.555928319015865213e+01
8.531453894869223120e+01
8.525172792263653321e+01
8.531844674666467654e+01
8.533426196293426358e+01
8.560958281576634477e+01
8.536341547552981979e+01
8.511424287856071658e+01
8.582918084589206842e+01
8.613861798907136347e+01
8.629624747209946634e+01
8.586127346794191340e+01
8.569798337139701516e+01
8.492358518086348340e+01
8.522179865612531557e+01
8.532080903300867192e+01
8.558641271745651125e+01
8.591116717170963568e+01
8.622576272219090754e+01
8.599511895671443540e+01
8.620068891863840577e+01
8.619309795433707677e+01
8.636236254256867539e+01
8.626224328593997370e+01
8.617825344005755994e+01
8.643381308941995655e+01
8.653740963855420887e+01
8.653793010832910682e+01
8.624900746622422787e+01
8.617660982064099073e+01
8.598491579708647237e+01
8.617199768453237141e+01
8.609354795756831891e+01
8.612820665791672070e+01
8.689401730646740418e+01
8.758332258064515941e+01
8.717209063782169665e+01
8.681016342742790926e+01
8.647039181770324490e+01
8.592631281341607519e+01
8.619318181818181301e+01
8.605142840330694298e+01
8.646660974029798297e+01
8.615535473665708821e+01
8.633810019194420704e+01
8.718148746358325241e+01
8.805623876417901386e+01
8.815745601476248794e+01
8.731477163199950553e+01
8.622884666216334892e+01
8.632726791309336534e+01
8.636913027522935238e+01
8.650042882269998756e+01
8.776691039203484479e+01
8.838894521719844022e+01
8.769223119760111729e+01
8.679863150475743794e+01
8.712656681692598681e+01
8.690018369324674552e+01
8.681247271774873298e+01
8.710046800507369369e+01
8.720587847247672642e+01
8.762057009649149109e+01
8.706760187428372433e+01
8.695849451732061652e+01
8.705452718349037866e+01
8.720122851919560958e+01
8.729141757612255503e+01
8.702878876535986308e+01
8.683816651075771631e+01
8.694343831635798381e+01
8.719185686938595836e+01
8.731360911802049429e+01
8.730122483788909449e+01
8.703140244793036118e+01
8.726483224222586443e+01
8.759146314695854585e+01
8.713040183040182285e+01
8.739027080370358647e+01
8.751557088368966220e+01
8.752426268985826141e+01
8.743295576973473260e+01
8.724205720268128061e+01
8.721083837133076599e+01
8.682672519248758647e+01
8.727819737424398738e+01
8.723170287479419471e+01
8.736718214811467931e+01
8.735891833233124260e+01
8.701133598519619738e+01
8.680769846700344772e+01
8.708337481333997232e+01
8.732781130323778029e+01
8.717085703533226138e+01
8.672435887993637493e+01
8.595023445552602936e+01
8.639831937790117422e+01
8.639605214152699375e+01
8.634778303281110823e+01
8.640854109366220825e+01
8.642976642808753240e+01
8.622406947890819140e+01
8.642997845948154634e+01
8.604600320508107814e+01
8.613713185585797305e+01
8.620513539437762063e+01
8.626804169243000331e+01
8.641968538665098265e+01
8.680079461920776396e+01
8.679883626721661471e+01
8.684077192569259296e+01
8.716716197235159314e+01
8.717542669164613756e+01
8.731331612060779435e+01
8.725960389907241677e+01
8.712781105043744390e+01
8.754624174254597335e+01
8.751504193959512179e+01
8.731554122987299138e+01
8.711735984730790960e+01
8.699835068549633377e+01
8.713053551138459341e+01
8.756983190271816397e+01
8.712210888388091234e+01
8.712785326896715787e+01
8.664635506884707183e+01
8.740506575888906582e+01
8.718304204062353335e+01
8.729663635956465839e+01
8.702686069336009211e+01
8.725710421496938807e+01
8.718191806856820847e+01
8.726944909664892691e+01
8.715918536990857035e+01
8.678397880624103777e+01
8.709262678938115698e+01
8.735915713965478346e+01
8.695634028420697348e+01
8.726426821251419597e+01
8.667200093961506013e+01
8.713943144459484813e+01
8.683994483413165710e+01
8.719641148325358415e+01
8.683439169886170816e+01
8.701178714590132302e+01
8.696757986116271866e+01
8.732895191975094917e+01
8.720926014035921980e+01
8.708985520120813817e+01
8.715522459263235078e+01
8.708781542471271564e+01
8.718755983724270209e+01
8.747945369414651395e+01
8.709543870058591608e+01
8.709911244817624265e+01
8.681218582719198196e+01
8.700227208179494198e+01
8.731042501162669112e+01
8.686494175827449737e+01
8.678762001615170618e+01
8.662407972038373316e+01
8.666365634485130442e+01
8.691718996458438085e+01
8.687685568628623400e+01
8.680595767543205454e+01
8.657188249312288519e+01
8.693846452344705256e+01
8.691703995965468721e+01
8.682984552953895729e+01
8.653200814591818357e+01
8.683971696433869170e+01
8.689475094131829280e+01
8.691327582145801500e+01
8.697512274959083811e+01
8.659975451413022540e+01
8.680896592946801604e+01
8.668021987870821476e+01
8.663479988730222203e+01
8.638198472830590902e+01
8.624732618337709766e+01
8.623950830406570844e+01
8.641604973072415419e+01
8.631308045535753593e+01
8.639314728728223258e+01
8.613975159844198970e+01
8.644043342734154578e+01
8.624965183610642327e+01
8.662666270342572261e+01
8.669967731333473182e+01
8.649014225842630310e+01
8.670426643253620114e+01
8.671038665655800060e+01
8.705789386873790647e+01
8.681800663260733586e+01
8.653005757928339392e+01
8.671784468432321091e+01
8.821138586308340734e+01
8.837309247949465885e+01
8.799966680417605858e+01
8.668883206738362901e+01
8.646798242992888106e+01
8.633288479453473485e+01
8.636220484105116668e+01
8.651765004024925076e+01
8.643138598084912871e+01
8.644847799565566504e+01
8.653766295400951947e+01
8.685161280728105737e+01
8.646038439344843596e+01
8.671603303325645129e+01
8.671952109362202066e+01
8.669401561661798894e+01
8.660314967629150829e+01
8.660546444834668023e+01
8.618255395683453912e+01
8.640101748055252529e+01
8.633201417601890171e+01
8.630043007256551846e+01
8.591420806870561933e+01
8.509409052808047136e+01
8.475275583387666245e+01
8.430776536565510071e+01
8.531448490714414845e+01
8.626814934144776714e+01
8.634033165531536724e+01
8.620876005580787194e+01
8.594668412261296453e+01
8.568747278487664687e+01
8.578547017475786163e+01
8.625404664749370909e+01
8.649230907889202058e+01
8.644281851675778228e+01
8.657645239475992582e+01
8.624156389554313762e+01
8.623740461421749615e+01
8.613760593530980714e+01
8.629911808296770914e+01
8.645507858315740179e+01
8.648514077548190926e+01
8.656534057372211066e+01
8.667867344397731699e+01
8.642733134187099608e+01
8.548634430432269937e+01
8.477960988141111898e+01
8.454412235136410914e+01
8.460607666222598766e+01
8.541135390853796139e+01
8.607580611042277496e+01
8.583831963802001042e+01
8.546621232772982069e+01
8.534750401127655550e+01
8.559528555464950728e+01
8.583471443236086884e+01
8.599137419966801588e+01
8.595846939381345919e+01
8.612049779514043735e+01
8.607908137060678655e+01
8.607237129621536553e+01
8.633185233294463501e+01
8.607238150540756294e+01
8.625219647384868438e+01
8.645615058247189211e+01
8.687768027583348385e+01
8.667859802847753770e+01
8.664144053946613155e+01
8.639420990548865120e+01
8.698626279482098766e+01
8.670428602828046394e+01
8.662498526638377427e+01
8.659992884988808726e+01
8.631287108491734728e+01
8.651634933774833769e+01
8.691708241424744585e+01
8.650794023197501303e+01
8.639854343063531417e+01
8.643618164421873473e+01
8.659993201903466797e+01
8.665582939787485373e+01
8.671562449028010633e+01
8.661671924290220659e+01
8.673894041304927782e+01
8.678486712381176460e+01
8.692578032631827512e+01
8.676794841666176694e+01
8.692046689594592124e+01
8.691122765548826123e+01
8.663475764278494751e+01
8.702213431708075575e+01
8.685883046103991489e+01
8.681189655937190253e+01
8.668518735706327050e+01
8.699732272283524992e+01
8.681724818959841627e+01
8.696484276822543791e+01
8.663934306034167321e+01
8.672897883543410558e+01
8.700347926506077556e+01
8.702190702728100291e+01
8.700959401992378162e+01
8.671303814475143668e+01
8.700308782661117846e+01
8.705908782887952668e+01
8.707879900161503883e+01
8.720294043168038911e+01
8.676962250660284326e+01
8.694502129925453460e+01
8.687943074729119530e+01
8.697010661483183469e+01
8.687232248520709277e+01
8.675624353480124284e+01
8.654263234665762639e+01
8.674317812269032402e+01
8.683278929569181059e+01
8.666550722085241887e+01
8.657562421148372778e+01
8.694644687012697659e+01
8.681651969429746885e+01
8.730733904048511818e+01
8.680213254545188306e+01
8.688409934764278830e+01
8.684835058071924152e+01
8.703976163719170245e+01
8.699366372149776794e+01
8.688053116931021691e+01
8.691807397276565439e+01
8.655731050262012616e+01
8.576335922358393304e+01
8.574241971173972843e+01
8.514529527944878851e+01
8.544183842334888368e+01
8.605886502468968047e+01
8.595480393758073490e+01
8.585128303956594209e+01
8.582315473960284180e+01
8.560135486458781884e+01
8.571336408263752560e+01
8.594573448127677295e+01
8.613146542139203632e+01
8.612724743625788904e+01
8.605983640566653037e+01
8.593449563402228364e+01
8.623457707744908873e+01
8.611481130959421648e+01
8.607938671209539905e+01
8.625281399423836604e+01
8.618177915291121849e+01
8.625805973687330663e+01
8.650712102780168777e+01
8.632343999055433414e+01
8.633119406763256620e+01
8.623406806507483680e+01
8.634970973824476914e+01
8.663687593423018996e+01
8.645689948892673726e+01
8.631686460807600270e+01
8.614876677654815751e+01
8.648326213476623536e+01
8.659362213129335828e+01
8.637162691086331279e+01
8.639526011041787967e+01
8.613341496879657200e+01
8.632660108053401871e+01
8.620593507859608451e+01
8.574336689369262388e+01
8.557728785602779453e+01
8.563095608383322599e+01
8.538480077120823353e+01
8.578151832770770113e+01
8.541327477968700066e+01
8.567717648459237978e+01
8.548784548293947694e+01
8.590254318688951685e+01
8.571539914974020746e+01
8.602736991527304156e+01
8.554840891712252926e+01
8.602322190981985273e+01
8.577355553924087417e+01
8.656922710065873616e+01
8.565901758465339810e+01
8.496623939076850718e+01
8.430911196458413315e+01
8.491994522487037500e+01
8.601916978726795548e+01
8.633045847304617837e+01
8.662720499879836211e+01
8.554950089505142330e+01
8.481110049253841510e+01
8.545169416990891875e+01
8.544066486277540662e+01
8.528140286383445812e+01
8.500265255920096763e+01
8.521383114758972965e+01
8.543319216200900712e+01
8.549066231550841621e+01
8.556998241387974247e+01
8.581691823054299562e+01
8.569038070242693550e+01
8.572284099841310478e+01
8.569720423079208160e+01
8.552722046053996507e+01
8.536205801084562950e+01
8.554962659421258309e+01
8.575274847224893904e+01
8.619367943126829346e+01
8.509545823794402963e+01
8.430268007930096985e+01
8.400894274843464871e+01
8.425202873985629992e+01
8.473165127348144665e+01
8.530015804788702383e+01
8.565696204403305103e+01
8.562558111634324121e+01
8.585783012607829789e+01
8.595472989341085679e+01
8.615756694094649504e+01
8.601347676315948831e+01
8.568398824003462266e+01
8.584984661179115051e+01
8.567224225377398739e+01
8.561616252550713568e+01
8.616108332692159877e+01
8.757909508281825595e+01
8.775016646906922801e+01
8.654343195634261576e+01
8.604092746801835290e+01
8.607242453572077068e+01
8.618435928713813610e+01
8.649737334164366587e+01
8.673369113984105638e+01
8.658765333214671500e+01
8.673987518060086188e+01
8.679511359404096993e+01
8.696925131705869205e+01
8.673210582819829995e+01
8.643984689883144767e+01
8.664861705702720940e+01
8.676354889335425469e+01
8.715267118915788558e+01
8.675829474457920298e+01
8.663554590570718972e+01
8.646404690875424137e+01
8.651668579500308454e+01
8.642675922542929356e+01
8.649263204290016915e+01
8.607033356888420883e+01
8.624282515774476110e+01
8.608269350337627657e+01
8.618808691380854725e+01
8.610524650975543182e+01
8.598014388489208670e+01
8.614415120634090783e+01
8.600991785647259746e+01
8.653120525931336715e+01
8.612014685900956579e+01
8.597179866980337692e+01
8.621889013452914696e+01
8.594755855960843860e+01
8.646334822881831883e+01
8.592016935096677344e+01
8.656718440529552083e+01
8.577057770403038717e+01
8.601815691303333722e+01
8.612298284602087506e+01
8.612778631540432173e+01
8.625555865388848531e+01
8.617023040670274270e+01
8.640795263504129764e+01
8.666331181162172470e+01
8.677840692386679677e+01
8.661682626138393459e+01
8.671042800411825624e+01
8.704766980517558750e+01
8.666874071051788064e+01
8.692009132420091078e+01
8.668765876220541600e+01
8.666697529503402109e+01
8.660952226672949905e+01
8.648246087425796702e+01
8.688299058750055792e+01
8.629024122003079356e+01
8.650783366709859479e+01
8.655323375763373406e+01
8.682002532987746690e+01
8.671609115920493593e+01
8.661630635651637533e+01
8.682181003874656255e+01
8.673576449912127373e+01
8.720490541460671352e+01
8.663654694209121487e+01
8.723007819495016690e+01
8.645129044515242356e+01
8.712317131426524952e+01
8.664802727858105413e+01
8.675546212288854520e+01
8.644173545222218991e+01
8.625483961194777294e+01
8.617729069032893108e+01
8.638972043452127991e+01
8.611073121340631076e+01
8.651411983624861080e+01
8.609473082671512145e+01
8.630923517743001128e+01
8.634135824124422243e+01
8.620644555878126880e+01
8.624911277313388780e+01
8.635991099846752661e+01
8.636275943570426250e+01
8.645742457689478044e+01
8.632078304386223522e+01
8.585176529017368807e+01
8.637657102910773688e+01
8.577443345874529257e+01
8.642039404017957338e+01
8.575278564683664229e+01
8.611063137660801203e+01
8.598849180521862934e+01
8.585440985732813601e+01
8.611629767938116231e+01
8.593735120359755797e+01
8.610191908331738375e+01
8.595738415786466646e+01
8.620988617790408171e+01
8.619313758611065168e+01
8.636782970408420113e+01
8.605803825447543431e+01
8.615755617607929651e+01
8.647203849362412598e+01
8.652804653560120585e+01
8.634582570703194904e+01
8.583603740060004839e+01
8.582774271951272738e+01
8.556966510790321934e+01
8.614425097347732674e+01
8.576913859867026702e+01
8.582510929758088025e+01
8.581298476606600900e+01
8.583228739940149410e+01
8.664983305509181832e+01
8.750052382218191838e+01
8.749098873591989900e+01
8.677975855192046595e+01
8.614221439460091290e+01
8.609230679549396825e+01
8.638937099678267373e+01
8.594556701632551210e+01
8.642072943526150652e+01
8.577089715536105530e+01
8.609294679778481907e+01
8.611395768795971151e+01
8.606543727461961169e+01
8.606965401391018133e+01
8.590692423116705356e+01
8.624001002683652928e+01
8.628203580472292344e+01
8.609907337257416771e+01
8.626298125258738025e+01
8.609936683006536384e+01
8.640570984941699351e+01
8.646007816044847516e+01
8.648899251549525502e+01
8.631228828407896003e+01
8.633614938678009310e+01
8.625102502371051116e+01
8.627548453913300364e+01
8.597524963602405990e+01
8.601586951081276311e+01
8.628376000118313982e+01
8.594756675122066270e+01
8.586078049484238761e+01
8.624127894091398616e+01
8.587547458574917414e+01
8.564069088432614762e+01
8.633342716188388977e+01
8.594871229169424964e+01
8.591344770980722956e+01
8.631664050700388202e+01
8.619761862710467426e+01
8.625010246501551592e+01
8.639469723796034373e+01
8.615287881018996075e+01
8.603428679674181012e+01
8.641760678958496555e+01
8.642150145340214351e+01
8.620996790691540923e+01
8.631638584791525659e+01
8.604515108924806555e+01
8.591707695914659837e+01
8.620840452483355421e+01
8.614171288647627023e+01
8.606313838790637760e+01
8.634411869860565503e+01
8.631065588339851047e+01
8.643915578841429692e+01
8.629263662850584637e+01
8.655512010490552655e+01
8.629517688696708433e+01
8.625699964928688246e+01
8.695347692491274927e+01
8.633142211924803178e+01
8.661011891572493937e+01
8.670841099199307678e+01
8.627204030226700127e+01
8.709240258673476376e+01
8.657117390535682944e+01
8.639277104891816350e+01
8.663662487716268856e+01
8.656342715158328360e+01
8.663697810218978645e+01
8.669490898874742868e+01
8.670795167927784064e+01
8.687332590115198627e+01
8.668601972712775705e+01
8.707713266106939898e+01
8.703168334471597234e+01
8.684321640614641069e+01
8.692099865724276242e+01
8.667991742071509975e+01
8.720505726610144848e+01
8.692983666221510930e+01
8.679491440672980218e+01
8.678428537708013835e+01
8.664996853551096478e+01
8.711691424513227844e+01
8.683522425101932640e+01
8.659311115686678306e+01
8.660933639251676652e+01
8.666705217544065931e+01
8.705449897297218342e+01
8.683442153913873085e+01
8.675156515124919565e+01
8.674164899257688432e+01
8.693847040226913236e+01
8.701743630456195433e+01
8.683630969864302074e+01
8.685653804459288096e+01
8.711417777777778326e+01
8.656817617956538413e+01
8.620009351529851926e+01
8.581373922895733131e+01
8.530271877403703229e+01
8.662304986923977879e+01
8.729640507518796255e+01
8.777579573277368752e+01
8.704275782155272623e+01
8.729937875367066624e+01
8.740709309876615407e+01
8.679289122068637141e+01
8.702469603203493875e+01
8.639421555965112987e+01
8.708874574263289503e+01
8.723081547959468196e+01
8.763756544119797809e+01
8.804472695081776124e+01
8.768427452626701779e+01
8.756073994669138472e+01
8.776785477673247726e+01
8.684011056336021284e+01
8.765165866402020356e+01
8.755345728379207060e+01
8.740813462206273243e+01
8.733735530987500795e+01
8.759547819011362435e+01
8.769103053156194960e+01
8.729502518437270453e+01
8.777347402359492889e+01
8.728070811869694978e+01
8.756739546364048010e+01
8.789030880804773460e+01
8.730582866684900978e+01
8.773753092564669487e+01
8.739445477255561912e+01
8.732459182933024522e+01
8.770360264398173911e+01
8.730905058186426970e+01
8.739616910578558873e+01
8.726822606421617934e+01
8.725146394269191319e+01
8.723250996015936209e+01
8.741807489128214570e+01
8.696300651886696187e+01
8.684026521128595277e+01
8.704299515506686191e+01
8.719147410475173388e+01
8.699127394566247062e+01
8.659297684404674555e+01
8.696619796054733342e+01
8.682157969988880097e+01
8.726796930530774432e+01
8.713120083596993481e+01
8.709068991901139611e+01
8.690079868519693207e+01
8.729558452114844158e+01
8.747880898941906480e+01
8.718029540987396331e+01
8.737916624345227490e+01
8.717649964406606955e+01
8.691981609461295477e+01
8.707378007418419941e+01
8.706393539890883915e+01
8.701005171111498271e+01
8.669616005070000142e+01
8.682948518390406889e+01
8.690236401523316090e+01
8.693863794503073450e+01
8.686573752460344622e+01
8.683242398367512749e+01
8.671187913727422369e+01
8.709965725572207873e+01
8.694179357512352624e+01
8.707917888563049758e+01
8.701088320252092956e+01
8.675636285159340844e+01
8.671939601449794566e+01
8.713293055822266808e+01
8.640954109787975312e+01
8.662981790480655775e+01
8.634292189679219121e+01
8.672525150177318665e+01
8.673402225755167194e+01
8.661497835497834785e+01
8.636635229167865191e+01
8.642014054915597399e+01
8.658934042430198019e+01
8.657301216021851076e+01
8.663345967998611741e+01
8.650513441790700142e+01
8.622005477695871889e+01
8.750749021977672726e+01
8.782712223897661374e+01
8.794416561075549055e+01
8.767098157684661430e+01
8.670606407152723705e+01
8.647587671132586706e+01
8.616067544530010025e+01
8.581595752418357392e+01
8.629882697080722664e+01
8.647536633374645021e+01
8.661498670673910283e+01
8.657414398977725511e+01
8.642779018828511539e+01
8.648902653070105373e+01
8.678071751477918383e+01
8.709063999770094711e+01
8.782497243660419883e+01
8.774519320515214815e+01
8.815344520538027950e+01
8.795589094588625301e+01
8.819124898748027874e+01
8.836951796445467266e+01
8.876054033103172003e+01
8.834811033113521717e+01
8.834077893957092442e+01
8.848136386191252711e+01
8.845011992790132638e+01
8.845293393281593808e+01
8.807259623585603947e+01
8.803057998998784228e+01
8.807179258961511437e+01
8.765478008879244953e+01
8.796122369726867873e+01
8.800580825550559894e+01
8.825846927775782547e+01
8.877307143166183323e+01
8.770052238594099947e+01
8.849249903437619480e+01
8.777066654033825444e+01
8.638796420718300340e+01
8.627911025725693150e+01
8.630544268129912666e+01
8.689420500306890460e+01
8.638629214804362277e+01
8.636966383450314311e+01
8.688905240540978525e+01
8.733382876651852200e+01
8.718018148820327440e+01
8.698995334961466597e+01
8.665764266105951208e+01
8.704490822972172737e+01
8.710510806948271068e+01
8.774686226568866232e+01
8.743220600555579836e+01
8.743519509655850186e+01
8.754746775624154509e+01
8.750093180917721725e+01
8.731000262306548620e+01
8.741559227024634993e+01
8.739569236212462044e+01
8.740087343924028573e+01
8.767647233789411132e+01
8.754178398219261226e+01
8.737029615441285557e+01
8.754837989492014572e+01
8.745915244261330201e+01
8.758364859493913457e+01
8.759349366007393201e+01
8.752763493303078235e+01
8.738749634396022259e+01
8.773762868507253643e+01
8.767745380597779103e+01
8.796811139555187253e+01
8.863161192706820657e+01
8.960977238046795890e+01
8.924717290998670194e+01
8.800448457041368044e+01
8.728537851478010623e+01
8.755788048676407698e+01
8.710210175555010892e+01
8.773481805119783417e+01
8.732865946494598575e+01
8.736029475887329454e+01
8.740149116535594942e+01
8.733914419252765526e+01
8.788745834373210641e+01
8.744037735849056503e+01
8.761671570483875371e+01
8.747999534437104785e+01
8.763979811910385820e+01
8.751668360679541081e+01
8.764781032482598278e+01
8.751601459705442210e+01
8.745732597523942786e+01
8.739053675392366927e+01
8.748721144231744518e+01
8.732240097219408881e+01
8.752723013575055688e+01
8.704168902164929023e+01
8.697823727734449051e+01
8.762796621334777569e+01
8.716010316149410642e+01
8.735264910248986325e+01
8.731914924422308388e+01
8.737881359620489263e+01
8.794062431464287499e+01
8.738098328501997969e+01
8.780724838075830974e+01
8.747967149365912576e+01
8.775763378156868555e+01
8.754405574312190197e+01
8.800169076492537101e+01
8.737076371799852836e+01
8.750497210418292582e+01
8.719682306518045323e+01
8.788928659769814544e+01
8.740314196771157640e+01
8.748271658685240482e+01
8.708840113638002833e+01
8.769265404942572673e+01
8.715154792288502961e+01
8.725930747201249460e+01
8.786468753203766369e+01
8.709907668411666748e+01
8.741756150012351156e+01
8.618257435482004780e+01
8.521976602521760924e+01
8.464652837713163080e+01
8.444434654042025556e+01
8.542069427731489384e+01
8.675214478051223921e+01
8.778679023011072502e+01
8.744997948685580980e+01
8.720486468510982547e+01
8.665188002340404694e+01
8.558972695641917028e+01
8.562575260804769073e+01
8.521724010904000579e+01
8.608714969754281299e+01
8.642362209423771446e+01
8.594172833750947404e+01
8.558256907529644764e+01
8.513071129216611155e+01
8.503289697005475034e+01
8.523954168407233567e+01
8.613138609558349401e+01
8.603281322048520963e+01
8.628807339449541303e+01
8.541609383683857004e+01
8.587771630300963466e+01
8.566158353475427134e+01
8.621096638845706650e+01
8.525044146212255214e+01
8.601701864664826758e+01
8.534701700790176915e+01
8.626958573833573496e+01
8.529140006979990574e+01
8.619436286262286728e+01
8.530503098690364538e+01
8.600444325957522551e+01
8.589750234246896810e+01
8.606771572104018730e+01
8.580161173888062365e+01
8.581675331331916823e+01
8.591365444100750892e+01
8.617856302224315357e+01
8.593671835917959356e+01
8.574248364086541585e+01
8.550481511431301840e+01
8.574043934542866907e+01
8.562880348419751897e+01
8.558209683140222523e+01
8.552496962152869742e+01
8.570097286989168595e+01
8.537431103664182785e+01
8.569462346474658432e+01
8.553720185119260577e+01
8.546645061501067175e+01
8.548677616309151972e+01
8.548463872279006637e+01
8.604839889527507069e+01
8.572045067081758418e+01
8.583594260590577107e+01
8.576975853553949491e+01
8.593767502830245064e+01
8.582868666647040357e+01
8.606860402604384319e+01
8.552033940603942597e+01
8.612389526348901825e+01
8.551905575354166444e+01
8.602910033210716279e+01
8.555319493999351721e+01
8.583966408076356913e+01
8.543159427611928436e+01
8.556405135942723916e+01
8.583662148257505464e+01
8.540174736502630992e+01
8.586770839540010058e+01
8.537634837015066580e+01
8.594256665969962228e+01
8.588088370848323905e+01
8.588724625216862307e+01
8.598817220318784393e+01
8.582490145520286262e+01
8.587557940233996590e+01
8.602736151494818273e+01
8.575302304188488733e+01
8.597321764237057096e+01
8.542303813986595173e+01
8.610611611113624519e+01
8.557871057854885066e+01
8.626942071138580559e+01
8.549297251011309129e+01
8.561430500126107290e+01
8.548743785511364024e+01
8.597543460698364015e+01
8.573501965729545304e+01
8.587282036061438362e+01
8.592244971372043949e+01
8.574902570941689817e+01
8.637963046552917490e+01
8.596876946347539672e+01
8.626835518920943002e+01
8.553799917296787214e+01
8.635402111121192092e+01
8.576323751891074210e+01
8.606679973586264509e+01
8.590313917402721700e+01
8.592318398132351831e+01
8.581543649084237302e+01
8.610617530474175396e+01
8.627156597310516872e+01
8.630477058190942330e+01
8.648427494164820928e+01
8.636099523682730705e+01
8.667091999111835321e+01
8.681458957414460542e+01
8.629982101989320142e+01
8.655395983552827488e+01
8.658564246636109374e+01
8.677695474465478753e+01
8.686302906830832171e+01
8.684625711840902795e+01
8.632214280450961041e+01
8.556229176669140202e+01
8.565908005492210009e+01
8.588654919853514969e+01
8.629206796764857756e+01
8.730522581122033898e+01
8.713608533920015020e+01
8.704543076386465827e+01
8.672830727535007611e+01
8.681884440533802660e+01
8.678382634289918940e+01
8.699106104116044946e+01
8.736340819215222098e+01
8.743469534260222531e+01
8.737536737559902633e+01
8.721169454545453448e+01
8.711355714017096830e+01
8.735765207736807270e+01
8.694681627174040273e+01
8.710044352064640805e+01
8.681742750669616271e+01
8.681817118460683957e+01
8.705420391204482655e+01
8.685972956057231897e+01
8.688085703428721729e+01
8.662640662352049503e+01
8.683797830561921671e+01
8.705590607662016112e+01
8.715056801459768110e+01
8.719560898803655391e+01
8.673649630792488097e+01
8.712494304736988227e+01
8.727092726344203300e+01
8.715519084081226708e+01
8.719858145613675049e+01
8.700625237385689559e+01
8.697813255217869255e+01
8.708987631967058007e+01
8.690646055126148894e+01
8.788134145038982581e+01
8.790613274281847112e+01
8.789007918025151866e+01
8.724323922734026837e+01
8.682200580798451028e+01
8.696072981045035988e+01
8.680952520258608729e+01
8.679898233711546141e+01
8.713794214573417207e+01
8.717181306223945114e+01
8.708138447146866667e+01
8.698849754662860789e+01
8.719308583205132379e+01
8.740244330137947770e+01
8.701168163194141414e+01
8.696002487598165942e+01
8.672255422593295293e+01
8.700900285066030904e+01
8.707093758191827249e+01
8.700410075302083612e+01
8.666093779189239399e+01
8.682621582733813170e+01
8.688938934603724817e+01
8.717294255500745237e+01
8.699482195030229548e+01
8.692538801699471662e+01
8.696222802436901134e+01
8.717747534060339376e+01
8.714858527998615045e+01
8.711237466903945403e+01
8.619336670838548287e+01
8.524033757688455637e+01
8.477749785201473287e+01
8.492463251670378099e+01
8.494276295180273451e+01
8.467546241050119704e+01
8.500221603330039954e+01
8.536970191309505651e+01
8.698470943441348879e+01
8.805548277113948075e+01
8.653579563944028052e+01
8.370180931936666013e+01
8.246254198283368453e+01
8.324929989041763179e+01
8.409035838219456593e+01
8.390520984081041433e+01
8.356994788566784393e+01
8.396444052604510944e+01
8.428763905509019594e+01
8.410533059969246494e+01
8.361652073802525820e+01
8.306810769814183004e+01
8.312431044177317574e+01
8.359241706161137131e+01
8.391593319114421945e+01
8.404765619140478350e+01
8.411556006850248934e+01
8.414890225015942349e+01
8.434529073035842828e+01
8.479236804021631713e+01
8.472257804452009111e+01
8.476444008442581435e+01
8.497781807826621048e+01
8.533322368912877209e+01
8.532549226706903767e+01
8.491316156608982624e+01
8.480188162896999415e+01
8.512742155930591537e+01
8.520903579804415529e+01
8.530706711160549105e+01
8.507277202912649727e+01
8.515437726830131737e+01
8.519845672637138989e+01
8.519761866592827459e+01
8.535130089666324693e+01
8.515143381004767775e+01
8.503459705213757047e+01
8.497131723428604744e+01
8.557699830869917434e+01
8.579167413782798235e+01
8.559005749773426430e+01
8.562330313381850999e+01
8.678111346018323502e+01
8.680515121094241238e+01
8.628937129446639176e+01
8.544177974596429692e+01
8.556106125634022419e+01
8.602820597906422506e+01
8.601536717094859341e+01
8.587832722023362919e+01
8.584721667480287977e+01
8.588742638398115048e+01
8.605794838557625326e+01
8.641163783617236049e+01
8.650104298863652730e+01
8.639693661869878838e+01
8.665601630546349554e+01
8.642424242424242209e+01
8.692322217993383049e+01
8.691399218509900493e+01
8.671622272495073958e+01
8.666433903554263907e+01
8.682326286188859399e+01
8.717441124055554269e+01
8.677811284471832209e+01
8.688465195196512525e+01
8.690965095421530862e+01
8.668801004394225629e+01
8.696959081542537717e+01
8.662717866511221132e+01
8.677289150407763429e+01
8.634228226751334034e+01
8.661860896991849756e+01
8.687125902613351514e+01
8.687663286542975527e+01
8.682499594795703501e+01
8.675380970011107706e+01
8.668677654386274867e+01
8.706631845286536020e+01
8.699091436303885416e+01
8.689180894490628759e+01
8.672804658173973280e+01
8.667992267736984502e+01
8.709423364206752183e+01
8.666650907855274966e+01
8.668267831149927360e+01
8.672907122032486882e+01
8.651830080843376436e+01
8.673589342859268925e+01
8.661844206541668711e+01
8.671557946848089671e+01
8.649233662574597759e+01
8.677865559919959537e+01
8.687354470775959214e+01
8.702459567223691295e+01
8.676228529303354264e+01
8.694188051978946419e+01
8.686943462113254100e+01
8.633762176341423356e+01
8.507185750932835333e+01
8.445441047645914523e+01
8.466653117143158624e+01
8.525713000449842127e+01
8.601912792170065813e+01
8.520448319538131443e+01
8.512361843477225420e+01
8.509386563976052287e+01
8.556166229989852923e+01
8.642015366153941613e+01
8.669439355075120091e+01
8.657318446697027525e+01
8.538788164066939146e+01
8.492062808863383339e+01
8.471025458153741283e+01
8.476591670655815847e+01
8.540690655561274980e+01
8.486318392769906893e+01
8.487929719626168890e+01
8.512437326947541294e+01
8.507449074490745033e+01
8.532260316593058747e+01
8.496946392218954713e+01
8.498442147642940370e+01
8.545634523917719605e+01
8.499017722726527779e+01
8.539468491986400522e+01
8.478004932695451146e+01
8.492468393347230915e+01
8.509185434207003595e+01
8.521611820415991190e+01
8.470050423647360560e+01
8.509527064172473843e+01
8.501087763036832712e+01
8.529684191691767126e+01
8.512829229359425653e+01
8.440913968878554385e+01
8.355553244592346118e+01
8.374902513648089553e+01
8.454583308636121330e+01
8.483476103266970370e+01
8.508064155165982356e+01
8.422641121632533157e+01
8.406295627139058979e+01
8.447848623177735305e+01
8.492231221309317846e+01
8.554904958616938870e+01
8.536908415441770615e+01
8.483962722494590025e+01
8.465509943119185721e+01
8.485880284837469389e+01
8.508889487709213029e+01
8.496493451004080555e+01
8.533816310840380481e+01
8.566301706767808355e+01
8.542746497645350701e+01
8.544433577832110416e+01
8.551912917012940341e+01
8.548778929855312469e+01
8.580408114771140049e+01
8.567811969315454235e+01
8.590754838520774683e+01
8.578435375148693254e+01
8.573888823216502431e+01
8.565095782649865441e+01
8.597967021560543799e+01
8.553772383197410534e+01
8.570950064470753205e+01
8.583705429557318212e+01
8.608641957136129008e+01
8.582062314322928387e+01
8.607214250810714873e+01
8.571095163164163466e+01
8.633135144776740333e+01
8.590229463997890491e+01
8.624462536384993427e+01
8.638781134548922580e+01
8.588880049500573932e+01
8.630744658722848328e+01
8.614036559519604452e+01
8.609148778682457248e+01
8.599518579588952605e+01
8.598531619231626166e+01
8.602671496156121123e+01
8.635121487554208386e+01
8.650789646524958698e+01
8.614646725116040216e+01
8.638386318985533308e+01
8.610358001563584196e+01
8.667178442503856672e+01
8.597604397527121023e+01
8.650078258815192100e+01
8.629883810769048580e+01
8.594296354082338496e+01
8.665218171486677079e+01
8.613091917895140170e+01
8.628481541122442877e+01
8.585675272721904605e+01
8.631402342988285170e+01
8.601755963789696580e+01
8.638874749228972405e+01
8.585032931087830832e+01
8.629768582925697729e+01
8.604012593186610047e+01
8.624212180979638731e+01
8.630226384704864984e+01
8.623805829877375118e+01
8.644383738956366869e+01
8.600155274910531489e+01
8.651768757174161806e+01
8.609508981684120954e+01
8.661222378796510668e+01
8.615086784363928984e+01
8.634460374886477041e+01
8.653554255430009334e+01
8.652404328239819620e+01
8.634621405250682358e+01
8.659060494126195806e+01
8.624415391472292924e+01
8.677741451709658804e+01
8.637295999288498649e+01
8.635978239924106958e+01
8.628560753250636139e+01
8.570358930189043178e+01
8.580763757115749968e+01
8.607051456575007364e+01
8.598708542562467017e+01
8.620249738298190323e+01
8.618418445465189848e+01
8.627645522500074549e+01
8.613218529829759973e+01
8.592857890565417733e+01
8.589527886716761884e+01
8.576767978493018063e+01
8.593685991628818499e+01
8.621292127268102945e+01
8.613386275097393252e+01
8.607813742703221749e+01
8.598357718722006382e+01
8.606925605638808463e+01
8.619507788900077117e+01
8.631727772005343979e+01
8.648906243000701011e+01
8.651428358764421489e+01
8.666748007157963229e+01
8.660959652646502605e+01
8.683917802099620076e+01
8.665895550107718748e+01
8.652049939707656279e+01
8.683068344844926401e+01
8.664400277396603656e+01
8.661579820481678382e+01
8.608441747856016946e+01
8.628143960694941939e+01
8.646427673142079584e+01
8.618310295027852419e+01
8.639956632271571380e+01
8.581916667896624062e+01
8.604559899490060104e+01
8.642200017869375017e+01
8.613767281105991458e+01
8.623029764549089293e+01
8.602712333608198492e+01
8.598171744338139888e+01
8.620381696264092852e+01
8.620230668259516449e+01
8.640715268225584111e+01
8.614432867629646751e+01
8.643491859212258532e+01
8.636156423921227088e+01
8.640448304015437486e+01
8.592405975240392024e+01
8.588353467164091626e+01
8.606687325967843094e+01
8.591279895808666822e+01
8.613580689490351006e+01
8.573328807956792730e+01
8.585071947826607186e+01
8.555055025241618694e+01
8.570778621408366860e+01
8.537081410483966692e+01
8.567456420881941881e+01
8.526013019200334497e+01
8.549126338074366060e+01
8.577499102656138064e+01
8.516913751551886946e+01
8.585809667673716206e+01
8.573040155874204515e+01
8.573932113765224017e+01
8.598948312660459692e+01
8.535068842892313512e+01
8.457083679771943707e+01
8.488082369636764213e+01
8.472901052256636945e+01
8.489063925915952780e+01
8.477974833456698889e+01
8.501098244303324236e+01
8.466132305791687429e+01
8.514339656567472048e+01
8.470302270308103232e+01
8.508740096733033909e+01
8.454227893036924968e+01
8.510589367688434947e+01
8.465181510908213625e+01
8.511242884250474106e+01
8.476343065693430390e+01
8.521630878279775345e+01
8.427530769342281758e+01
8.488787064369739710e+01
8.465185620818937196e+01
8.505262686433465547e+01
8.441682336349747118e+01
8.468659540811046327e+01
8.441604372876348350e+01
8.471149494979370331e+01
8.457288979940750551e+01
8.486808390191579576e+01
8.473616932726893936e+01
8.454333068853036082e+01
8.508501909535743835e+01
8.518871252204586142e+01
8.501113327181258228e+01
8.476192933820927067e+01
8.495686083712975289e+01
8.532393697516393161e+01
8.519934563461652033e+01
8.499752119452021759e+01
8.509037447413639654e+01
8.516569576387644247e+01
8.543529323870004077e+01
8.534923480347858060e+01
8.508996268214666259e+01
8.498739916386975324e+01
8.496690979458172421e+01
8.542872578297341590e+01
8.509819517126545918e+01
8.531150775854337098e+01
8.468491294228559241e+01
8.447258088343920690e+01
8.451093999016964631e+01
8.417566312312932553e+01
8.393023391898415753e+01
8.424065144074315015e+01
8.397034632670445831e+01
8.481035869878712674e+01
8.409787688609961265e+01
8.442434244918077013e+01
8.411206768149185109e+01
8.452619662183580829e+01
8.461037672005413413e+01
8.458989883738486526e+01
8.430551911264834075e+01
8.433304806089816452e+01
8.447731972768578146e+01
8.446149301350033056e+01
8.493724878517008392e+01
8.479512878867804204e+01
8.478225950649660092e+01
8.492055019810122474e+01
8.509426567966485777e+01
8.512109398518875025e+01
8.491348956164873130e+01
8.476649141359229134e+01
8.510663874787219640e+01
8.492757047782845348e+01
8.486896787321579438e+01
8.516654030448232504e+01
8.462316645881584520e+01
8.489007375676858658e+01
8.499834626255336900e+01
8.478069636840135104e+01
8.474374604894789798e+01
8.471695369995653380e+01
8.460238781146981069e+01
8.516166091004654959e+01
8.520460694366771293e+01
8.502303982854080289e+01
8.506138436238600775e+01
8.512532107611193055e+01
8.519638170089716311e+01
8.523181960165999271e+01
8.542199519051246170e+01
8.517833226446330741e+01
8.513978971651657446e+01
8.537994847955467037e+01
8.520687048920372320e+01
8.513144570978901982e+01
8.515334406294707037e+01
8.512342226365399256e+01
8.543316835362138306e+01
8.514346022702112293e+01
8.524992617092907210e+01
8.527022988845823193e+01
8.535734406438631083e+01
8.546865322210203431e+01
8.542879438738350473e+01
8.548898475953269838e+01
8.538754657834033424e+01
8.546622381346905684e+01
8.562747969644522072e+01
8.550822590455280192e+01
8.565460807067455562e+01
8.562065713644187781e+01
8.558185988015091539e+01
8.590940932735159663e+01
8.572945306944772881e+01
8.561330202977799786e+01
8.555714349316592404e+01
8.560955833394983472e+01
8.580266460706700116e+01
8.571046964422680503e+01
8.581777929155313700e+01
8.572729967248099570e+01
8.567559769167354489e+01
8.596160628287766770e+01
8.590198808924179730e+01
8.585963970412788626e+01
8.583874806616684339e+01
8.569138258700557742e+01
8.604824351774405500e+01
8.580756824562452323e+01
8.586859041206089671e+01
8.554199299869468121e+01
8.563804172164810780e+01
8.580209912883179868e+01
8.580445125033450893e+01
8.562907458769497282e+01
8.543801100044596808e+01
8.555172927625206114e+01
8.573283834252178792e+01
8.555896114664771801e+01
8.564334493940435777e+01
8.565691644156581219e+01
8.576060895237527859e+01
8.602366342694196533e+01
8.600464407842669345e+01
8.592230942204881217e+01
8.588051789020967419e+01
8.585395486121463193e+01
8.598582330452374833e+01
8.588930475723685731e+01
8.567685544273069809e+01
8.563353104699044138e+01
8.573979500625706862e+01
8.591918666825094419e+01
8.571706404584459449e+01
8.584730654761904134e+01
8.540997534777250166e+01
8.521408817309256278e+01
8.446554703770992489e+01
8.428691229451121103e+01
8.461154368492530864e+01
8.499819674818557758e+01
8.582531611594895082e+01
8.588459781631721057e+01
8.550446170064290641e+01
8.508378438496329466e+01
8.498965163477407714e+01
8.578928534307392795e+01
8.648234313539123264e+01
8.698984734282481668e+01
8.592830804658008503e+01
8.525991881240925352e+01
8.507299076178388475e+01
8.596737662337662300e+01
8.637376023039510642e+01
8.643303370460188262e+01
8.649041925854031376e+01
8.611952893850839530e+01
8.621853333919645479e+01
8.627903751678150002e+01
8.637106063738666251e+01
8.636137661645902597e+01
8.630515515368581703e+01
8.636287946526729797e+01
8.641224645551413630e+01
8.617757366448674361e+01
8.613797378675168659e+01
8.610648716621051335e+01
8.596131539349315176e+01
8.578247822160068381e+01
8.591861042183623454e+01
8.588674976646426273e+01
8.574667435324637665e+01
8.610246820153098213e+01
8.608821553738317789e+01
8.597324965051258516e+01
8.613909243400723881e+01
8.602912991237582219e+01
8.634623277631193616e+01
8.602420382165605872e+01
8.606377847384597146e+01
8.587091247235930780e+01
8.607699357032001330e+01
8.597464182121824194e+01
8.595640022358860222e+01
8.573194900464400803e+01
8.560290564079757303e+01
8.545109836501789857e+01
8.554658145065398855e+01
8.545738187085235893e+01
8.539452916394706961e+01
8.516086615687260064e+01
8.513716387582871903e+01
8.514319904268049299e+01
8.504887206973729974e+01
8.502071273114904670e+01
8.510240972810655080e+01
8.509909080104587531e+01
8.533188489336230020e+01
8.552501830243086545e+01
8.545335279138683404e+01
8.539000266911830295e+01
8.553617021276595267e+01
8.547171828098689161e+01
8.577992703447249312e+01
8.539045572434234543e+01
8.537284511362463491e+01
8.521005786799048565e+01
8.539102123238561148e+01
8.539176722118088492e+01
8.524189624853458724e+01
8.552369136591237009e+01
8.529463066555081241e+01
8.558900608639130780e+01
8.559489244932282759e+01
8.524144553584517325e+01
8.517529781116131460e+01
8.531715927386596832e+01
8.533578008480772326e+01
8.545980147785429892e+01
8.542532165383990161e+01
8.553097109364593109e+01
8.556455435803407283e+01
8.541862964489723709e+01
8.585888953898314924e+01
8.531734973690062418e+01
8.538565759469304339e+01
8.534348804833980751e+01
8.538458020447605179e+01
8.539409282700421500e+01
8.520088062910494386e+01
8.569207916335318487e+01
8.535919497674969136e+01
8.562233498019317324e+01
8.547637859111746650e+01
8.590515744731800396e+01
8.536676556111530090e+01
8.581276965484180153e+01
8.565344976090766238e+01
8.585003194603349641e+01
8.586023028965188075e+01
8.568048333727251986e+01
8.571524650391087619e+01
8.583536540308874407e+01
8.571832840236686479e+01
8.573882951805435937e+01
8.565119720602598363e+01
8.543001980432147491e+01
8.585778679960596094e+01
8.558115191042020342e+01
8.553837161122291377e+01
8.591737631184408031e+01
8.570988195114708219e+01
8.593306754012834858e+01
8.610418408792259015e+01
8.594440622195632784e+01
8.590858267364372125e+01
8.585251069245683198e+01
8.619994047176129470e+01
8.570780330358837773e+01
8.562865420068474975e+01
8.543291436971701103e+01
8.519833725721012740e+01
8.549112975726700370e+01
8.481941862180904934e+01
8.494626171684114979e+01
8.502150983031791043e+01
8.505529693472342956e+01
8.495154054574258851e+01
8.487318465497352804e+01
8.500047586473544925e+01
8.516416888663998463e+01
8.539740890688258901e+01
8.593527084467062593e+01
8.604593355908453134e+01
8.615369492818473418e+01
8.599545388525781675e+01
8.626596601138808751e+01
8.638362163345740896e+01
8.663370395493555520e+01
8.609940239621711555e+01
8.624241592907576148e+01
8.629532113259668336e+01
8.677232414572645780e+01
8.679355248531047096e+01
8.667319754840747237e+01
8.656630406630407037e+01
8.652478263356596244e+01
8.649622034066572951e+01
8.658507980862864883e+01
8.654037178536808028e+01
8.641153609852976558e+01
8.675039067021646133e+01
8.651247843588268438e+01
8.652950741822681380e+01
8.638111087097470886e+01
8.632807698411552622e+01
8.625570081655496324e+01
8.639603196157749210e+01
8.632400945680349480e+01
8.605520356766585621e+01
8.600070659148917684e+01
8.601054210351739471e+01
8.633473389355742711e+01
8.618006621463372596e+01
8.627604022645573423e+01
8.606620032441200863e+01
8.630742829124785942e+01
8.634096857692362903e+01
8.622709586641589397e+01
8.636119860143901406e+01
8.619980210514239616e+01
8.650992252080993694e+01
8.637173323382941703e+01
8.679798344055620873e+01
8.646422232803774932e+01
8.621260953195127286e+01
8.634790329972501866e+01
8.660529196554605846e+01
8.656030676605504937e+01
8.666784847919387857e+01
8.654254268580670839e+01
8.674837899114763218e+01
8.685249451479212723e+01
8.663889087400842470e+01
8.663169678095265169e+01
8.639277412689757796e+01
8.654615262938411036e+01
8.681432072270638400e+01
8.645877834939497575e+01
8.617060581363760718e+01
8.600484014592250048e+01
8.592975063993787899e+01
8.601588288001850913e+01
8.584826906063726426e+01
8.537883340761720774e+01
8.544196261413058835e+01
8.544619596541787132e+01
8.560097028502121930e+01
8.541422732636789306e+01
8.542056495534093585e+01
8.537801755933870140e+01
8.534210677382318977e+01
8.588935737132887027e+01
8.562540791535487017e+01
8.573268351591478620e+01
8.550844091360475829e+01
8.552767963966500986e+01
8.601001221348028025e+01
8.544700609738964658e+01
8.544320628086614988e+01
8.581459889389361706e+01
8.555914877931211038e+01
8.605702386442241902e+01
8.577682213664240862e+01
8.594426079365760529e+01
8.555807140936558142e+01
8.580978353989377183e+01
8.545511087074093837e+01
8.549939608316798001e+01
8.546561945128587467e+01
8.612959150349998083e+01
8.592055975386709576e+01
8.567843374187238226e+01
8.474464375765434454e+01
8.483598454472551964e+01
8.550575600373046825e+01
8.590487413426642149e+01
8.579705499348892772e+01
8.552201822897799843e+01
8.575929036631008273e+01
8.515292503250036305e+01
8.564574975842582205e+01
8.494037058798240025e+01
8.526901509494736331e+01
8.468422959849253573e+01
8.491597104664059259e+01
8.508295191193511187e+01
8.568461279904131800e+01
8.566354423049081390e+01
8.565987451793012042e+01
8.576374028809007655e+01
8.579615824050270589e+01
8.625413525129881975e+01
8.608354441372721055e+01
8.588015686049183728e+01
8.608510086081351176e+01
8.604561845592388636e+01
8.614085364086813001e+01
8.592916937757536289e+01
8.603287476211920648e+01
8.608169996094370902e+01
8.617780289527452453e+01
8.618615005547469821e+01
8.617716387766877517e+01
8.602852288598045050e+01
8.626037152597216107e+01
8.644419636384725436e+01
8.645617299979804216e+01
8.632898300201671304e+01
8.632678925362769462e+01
8.632041328754075948e+01
8.623702324775963746e+01
8.632479160678356322e+01
8.645710525554623871e+01
8.659913135685545171e+01
8.597820977803569065e+01
8.480650949727190380e+01
8.417413566675028846e+01
8.446596835628479027e+01
8.556117955788818108e+01
8.704329615297062617e+01
8.750235204025817382e+01
8.684459448750259014e+01
8.488626260768263876e+01
8.462239462192944472e+01
8.574155735840473369e+01
8.575858000537650128e+01
8.605175835161064413e+01
8.570880206862730688e+01
8.552817068469590822e+01
8.561986321648507214e+01
8.525573145705072875e+01
8.579926423305268202e+01
8.568543085404321857e+01
8.599674698617836555e+01
8.581134360590672827e+01
8.592154721870404899e+01
8.621628875656331559e+01
8.611638846959860416e+01
8.621000808288633266e+01
8.608874357776738862e+01
8.619059941520468726e+01
8.640684427243230914e+01
8.645694102473912324e+01
8.613479938833467031e+01
8.611324549641462056e+01
8.595492548164304480e+01
8.623133803848068624e+01
8.579785008296659043e+01
8.604697264473529117e+01
8.594159008023341073e+01
8.606674194872998385e+01
8.614158376906159731e+01
8.601555216792237957e+01
8.597275204359672784e+01
8.622952168292395925e+01
8.608084776956559381e+01
8.655846691327579379e+01
8.629112814895947281e+01
8.642928420929415267e+01
8.639061013625254759e+01
8.633143040223691855e+01
8.655331222920830214e+01
8.639876836174641994e+01
8.637254959032496515e+01
8.624700211787043713e+01
8.622349975226603647e+01
8.609315278561405194e+01
8.616231896639031618e+01
8.605799991330356136e+01
8.614669919506815177e+01
8.621194644395450268e+01
8.613797334950265849e+01
8.620928486878194974e+01
8.626061685846134708e+01
8.626496434122037726e+01
8.631214993849049222e+01
8.664124912403643464e+01
8.638806427155022050e+01
8.638788002746569816e+01
8.629456410256410948e+01
8.636700590891273066e+01
8.652796658273538810e+01
8.635343999999999198e+01
8.638657152505543024e+01
8.626827450120586604e+01
8.642019195545461230e+01
8.659007463013537631e+01
8.650200337565128450e+01
8.621652899798604608e+01
8.631040662014306974e+01
8.643382385240501264e+01
8.658159063029381741e+01
8.636559753954306018e+01
8.600351745700885431e+01
8.622447427685648336e+01
8.609635055668238124e+01
8.663743688634389173e+01
8.669442203611082221e+01
8.700567127092011788e+01
8.611145474873313788e+01
8.536622979531860267e+01
8.443607536628131527e+01
8.524365985576923777e+01
8.620863320049961942e+01
8.779042859306375135e+01
8.804717290485781689e+01
8.720823181476885111e+01
8.608413066447522510e+01
8.592680868702720431e+01
8.589303288526163271e+01
8.560279000372995029e+01
8.538668356695497152e+01
8.561043767512248337e+01
8.601618881015210150e+01
8.635623282538097101e+01
8.664991173874669528e+01
8.618278428750036824e+01
8.599083228210167817e+01
8.576651879181856941e+01
8.598729994072317595e+01
8.605271828665568989e+01
8.629842574595308236e+01
8.623377974642150434e+01
8.603894365161100666e+01
8.616687008308213080e+01
8.642491396701080930e+01
8.645384694948062076e+01
8.634335503638452280e+01
8.644824733740047407e+01
8.618612144468202985e+01
8.659266030697550320e+01
8.639309145637594156e+01
8.668514117872798863e+01
8.630463158512260691e+01
8.643190976205183063e+01
8.608119420459534865e+01
8.643312804080372302e+01
8.635168851925297417e+01
8.605631764688510543e+01
8.617716749819712163e+01
8.601283838309734620e+01
8.604298082869510722e+01
8.589442686357243417e+01
8.579172045534561164e+01
8.584557449875700286e+01
8.595383958667588331e+01
8.607006350785800919e+01
8.599348558044209767e+01
8.591748939086812697e+01
8.612342193420032288e+01
8.616527791965209815e+01
8.622712822841739921e+01
8.654258604816915579e+01
8.627020168291704749e+01
8.619298063828526324e+01
8.611134652995910699e+01
8.600668906133105907e+01
8.507811008824090493e+01
8.448988992229809014e+01
8.476565131104162276e+01
8.530802159775669224e+01
8.603145455598679803e+01
8.679310739310739109e+01
8.746986676718326237e+01
8.694997441707478458e+01
8.632331521033731292e+01
8.669740341802472017e+01
8.665746803181438906e+01
8.703395357759447393e+01
8.719159984614019265e+01
8.686305213214448884e+01
8.644066248024016375e+01
8.626736121272423929e+01
8.599165107030061961e+01
8.602118899525048334e+01
8.602553398631106063e+01
8.629407943304296680e+01
8.602425491206122388e+01
8.600752996543863560e+01
8.593881962006705066e+01
8.585880614916553100e+01
8.624247753606053379e+01
8.575389330072340499e+01
8.548430137830816022e+01
8.575683506140157419e+01
8.580495218982410677e+01
8.606807071438065293e+01
8.582512162759840635e+01
8.574136221719122375e+01
8.589571154446873891e+01
8.660841350172495368e+01
8.731649614355423239e+01
8.724242376611128691e+01
8.725711279989951663e+01
8.633444514558730987e+01
8.644828625689567048e+01
8.631744049477424596e+01
8.585608448463781883e+01
8.597405935621112860e+01
8.591551502020261921e+01
8.627260257809504651e+01
8.625436835891382259e+01
8.637430678466077438e+01
8.610402630381493339e+01
8.628298451792427670e+01
8.599467906269643436e+01
8.602765164745603954e+01
8.622408417194958474e+01
8.620147162911408145e+01
8.621273305777751261e+01
8.605021901685765329e+01
8.649082760681207560e+01
8.578231898882151540e+01
8.541418414969250250e+01
8.538579565938424309e+01
8.549526691160578196e+01
8.621779993822529775e+01
8.602597857497299572e+01
8.577767467486334851e+01
8.597040178376251163e+01
8.586704277779392669e+01
8.613017086658982180e+01
8.595587422554466173e+01
8.592568208691589859e+01
8.578754356282445315e+01
8.561203496351946285e+01
8.542123713995449918e+01
8.573585597208580111e+01
8.515331718709454378e+01
8.533580616126128859e+01
8.573312838743517261e+01
8.571525883571334248e+01
8.568564977420973605e+01
8.532046157437125089e+01
8.548742298673114703e+01
8.528030587759114667e+01
8.549177174919019251e+01
8.561352565134072279e+01
8.522003236198779064e+01
8.544347368728632830e+01
8.533902339300838946e+01
8.566888340820341341e+01
8.559971318192461354e+01
8.539348581184505349e+01
8.541402048561756999e+01
8.537585683866639386e+01
8.545131368785077086e+01
8.555203298895933983e+01
8.527957145768435510e+01
8.542867660050650613e+01
8.552217792358730719e+01
8.568289367921080668e+01
8.572720682870541964e+01
8.554529099445655049e+01
8.535855039309655012e+01
8.598199421453449531e+01
8.586006520206765913e+01
8.573740413410268957e+01
8.588289995592772641e+01
8.571788977477739024e+01
8.581848122017623837e+01
8.620194039989367241e+01
8.600787691944596247e+01
8.571143979594829432e+01
8.596360283269400782e+01
8.577646434572413625e+01
8.607050819503143657e+01
8.588716996699669437e+01
8.561982754821745800e+01
8.570573295162593297e+01
8.586543295165580503e+01
8.580463373381547854e+01
8.611077264325324165e+01
8.567911131803698765e+01
8.582216303541019897e+01
8.580974005181498399e+01
8.580020038043241470e+01
8.612759352807672997e+01
8.607435009682529881e+01
8.607026391237226903e+01
8.586828336272780859e+01
8.560040095521684123e+01
8.535880846275705380e+01
8.538066000388413102e+01
8.552775776136431318e+01
8.535586413850928977e+01
8.542592917764120841e+01
8.518901394304620567e+01
8.520679936846143221e+01
8.534000237826268176e+01
8.514687559549112450e+01
8.551055963085660494e+01
8.562159911985965266e+01
8.544339220328514273e+01
8.569346414871642992e+01
8.609353099730458325e+01
8.546690419520172100e+01
8.584903959810874596e+01
8.555682571483286836e+01
8.601461213060056821e+01
8.560478216224144887e+01
8.576718630955869571e+01
8.577627674181690054e+01
8.566692323633026263e+01
8.569427204455570291e+01
8.539517011068495833e+01
8.579437962055759215e+01
8.556234002574383624e+01
8.543509355015801532e+01
8.553704771621642067e+01
8.512399280522936351e+01
8.556552943777171549e+01
8.551976235054767983e+01
8.544696658851113114e+01
8.547078383406331170e+01
8.559132262378929568e+01
8.578507040593883914e+01
8.577136821579460957e+01
8.593029394657956743e+01
8.583588868274583206e+01
8.599681585525533478e+01
8.615582459854776687e+01
8.607830051440483032e+01
8.560605388787891457e+01
8.594284944466066634e+01
8.548390187811422436e+01
8.613352430373292634e+01
8.554397249966805816e+01
8.577829807605996848e+01
8.560705312010405521e+01
8.597428554382196353e+01
8.587209921068968299e+01
8.592991049561383932e+01
8.578394320691238306e+01
8.582971344599559416e+01
8.608902547393364557e+01
8.594703252749837930e+01
8.623534711964549615e+01
8.584749611744365438e+01
8.616100384394468392e+01
8.607827541676449812e+01
8.626368861254428566e+01
8.596974101479915475e+01
8.585614045389154114e+01
8.582648025104232659e+01
8.585639479296904142e+01
8.581169011005029290e+01
8.592414281081400418e+01
8.539151093727365094e+01
8.607056678721764342e+01
8.559904425819732410e+01
8.631050893839793048e+01
8.583585303682868073e+01
8.612259158251640656e+01
8.595970225498065531e+01
8.631249445118523056e+01
8.594994441476690383e+01
8.660162181324037078e+01
8.592280420192588508e+01
8.632548990498811747e+01
8.599311923240563260e+01
8.664987281161155863e+01
8.567491605881672001e+01
8.625527825418416228e+01
8.582303790788355968e+01
8.618412703141524389e+01
8.592116741313193984e+01
8.685941701624180666e+01
8.693831752332431506e+01
8.713068681663943948e+01
8.636788565346309099e+01
8.558444871212232385e+01
8.596096574725874007e+01
8.584972031770733736e+01
8.585946893787574652e+01
8.575336783007666952e+01
8.630404731048248834e+01
8.576200332332449250e+01
8.603953238416349336e+01
8.602237195968909589e+01
8.599568389682457337e+01
8.614282548967473474e+01
8.604724025974026347e+01
8.594333318614680195e+01
8.539306692066790561e+01
8.468223130280513544e+01
8.421590508633853744e+01
8.359472297086020376e+01
8.313483648061000508e+01
8.391433228688723034e+01
8.394237452874646976e+01
8.494936179116970720e+01
8.505431061546052263e+01
8.467482341069626273e+01
8.485652678226213652e+01
8.513444459421006627e+01
8.526555942759694062e+01
8.537517971216411183e+01
8.572333372795074524e+01
8.589516629711751250e+01
8.603558220742290530e+01
8.647285443338074629e+01
8.604727262187699921e+01
8.641047964883114219e+01
8.682680112735600630e+01
8.661709601873536712e+01
8.659778179522497510e+01
8.698498982853821815e+01
8.664704282606206220e+01
8.673998416468724315e+01
8.687678369851515470e+01
8.771716677054580202e+01
8.833246464864532754e+01
8.811196561516617010e+01
8.698654195742683726e+01
8.709131001743563161e+01
8.697654048400686122e+01
8.687785611510790318e+01
8.682240984338754686e+01
8.673852773846998332e+01
8.646889106121157909e+01
8.678409238729818753e+01
8.644206337928095252e+01
8.671520798286100273e+01
8.651535202686427795e+01
8.696580375310874444e+01
8.710426660289505207e+01
8.698555824559427663e+01
8.680447563857319437e+01
8.687896102423047751e+01
8.692898554823383961e+01
8.698388322729576316e+01
8.709127244696948367e+01
8.697924824924967879e+01
8.693827916850698045e+01
8.709839217305857062e+01
8.741881366953253973e+01
8.730935210458267193e+01
8.702934086467827512e+01
8.701988595661767079e+01
8.694854387047695354e+01
8.708677163544419386e+01
8.686268089000742521e+01
8.692463134898962096e+01
8.692490141414725713e+01
8.709312683764665053e+01
8.715144283240442746e+01
8.726102827989620891e+01
8.677611037502160229e+01
8.719902820261390275e+01
8.683612185476511058e+01
8.726005694677667179e+01
8.698994748250629527e+01
8.700387972841900819e+01
8.681329580094219978e+01
8.638304466989052344e+01
8.614969291542919905e+01
8.573030329314482856e+01
8.615473685759265265e+01
8.582365108961660383e+01
8.686223225349620236e+01
8.692152584565822337e+01
8.786504994659797774e+01
8.731302044532736772e+01
8.648875474637327443e+01
8.594033305278345836e+01
8.679376448909231101e+01
8.690094732078996742e+01
8.588602336650799884e+01
8.535176535437639700e+01
8.534825636884222888e+01
8.533721911747583988e+01
8.584817199255012099e+01
8.607944817931254988e+01
8.580720373050330352e+01
8.500261020031088322e+01
8.447415237105066410e+01
8.496615651861391427e+01
8.503459507696884145e+01
8.551052639332911554e+01
8.587381479840496468e+01
8.617969671937690634e+01
8.604487650151253320e+01
8.599423952975752172e+01
8.597880457196723114e+01
8.600879101622395240e+01
8.654295607960024483e+01
8.677751438235378600e+01
8.725989243456436384e+01
8.676827967835835409e+01
8.560161183969520948e+01
8.482013896121286223e+01
8.399901065449010673e+01
8.329401779979815501e+01
8.235236854322984357e+01
8.331177066699422085e+01
8.504401162165069650e+01
8.730868980785957945e+01
8.712558695047528090e+01
8.488441927259817987e+01
8.326479630434432977e+01
8.228381551831557772e+01
8.231455009472513495e+01
8.278812380186752762e+01
8.267579790473870105e+01
8.291111349792092255e+01
8.300214585696330971e+01
8.346565446308314051e+01
8.412840754716981451e+01
8.412966639301440352e+01
8.363097898296895494e+01
8.354625590557124326e+01
8.343628880383937485e+01
8.343252151347482481e+01
8.403143981584614153e+01
8.455453227084485945e+01
8.447578186577041492e+01
8.465891217893131682e+01
8.464769838183831041e+01
8.471179771944410675e+01
8.464487743557511124e+01
8.540321273303366922e+01
8.597028446912031541e+01
8.580118329330443316e+01
8.582627478546115185e+01
8.605052454765132097e+01
8.614401544970736779e+01
8.592466284977962232e+01
8.602577106799552098e+01
8.561513983768318781e+01
8.587862974743846678e+01
8.582524046482612334e+01
8.628646040809100271e+01
8.604959880081121071e+01
8.599287369131059222e+01
8.597552519465256182e+01
8.617519774259105247e+01
8.627817672300551521e+01
8.601342582556543448e+01
8.630830114700374622e+01
8.631193195909375504e+01
8.635995933483407327e+01
8.640921634762801773e+01
8.628721569315324302e+01
8.607187335555165930e+01
8.614781361167635509e+01
8.615765600994951967e+01
8.598930192506968240e+01
8.594783306581058469e+01
8.606476843307848412e+01
8.596749415887850887e+01
8.603331157054769562e+01
8.629272905883905764e+01
8.582450107195786870e+01
8.589893138194383937e+01
8.531870792914078550e+01
8.488740692970627322e+01
8.435837049286831757e+01
8.479169687375164699e+01
8.559177219888059085e+01
8.577492961920285097e+01
8.534302966195072315e+01
8.438891100788912070e+01
8.394081331364917276e+01
8.416970756180977276e+01
8.429747911584239262e+01
8.515232437249369468e+01
8.483840890402913715e+01
8.495744966843898283e+01
8.444314808524464411e+01
8.439338747443611055e+01
8.469253860629051189e+01
8.468061935101496829e+01
8.493175679643003662e+01
8.511129156085749514e+01
8.577650154478395450e+01
8.611608904331438907e+01
8.625418194232111091e+01
8.602429125985177905e+01
8.583130351074225928e+01
8.594821930646672570e+01
8.599018161097555435e+01
8.609870163896248130e+01
8.625535993911987021e+01
8.582708378593670773e+01
8.593608841902931772e+01
8.601831272727272903e+01
8.615540698353380833e+01
8.592558337242026312e+01
8.577549620548744258e+01
8.588330610816171884e+01
8.610151866756748973e+01
8.581918674084647591e+01
8.594465704180436205e+01
8.601168234521985312e+01
8.574953822883487931e+01
8.598104699704722975e+01
8.614697368421053625e+01
8.585764180748384433e+01
8.599034427942713421e+01
8.575089185607990316e+01
8.577857380631901663e+01
8.615867191169563455e+01
8.573691968651031914e+01
8.548711041594253857e+01
8.574465869146982300e+01
8.628055133332350124e+01
8.581980313525336612e+01
8.573454703077590011e+01
8.600828781866370321e+01
8.594146156869024367e+01
8.629341650559362620e+01
8.614853195164076283e+01
8.620990831590799530e+01
8.616980166907819694e+01
8.628307009604998257e+01
8.637652356297392942e+01
8.606818280898060891e+01
8.607708160984600454e+01
8.604637735958814915e+01
8.596243403120107018e+01
8.624277625357538568e+01
8.598771416510182064e+01
8.610239330690298232e+01
8.611683194422066379e+01
8.582336211274758853e+01
8.649679024706263419e+01
8.627416966053229430e+01
8.620363959036424717e+01
8.629638910870775703e+01
8.637870528610996246e+01
8.622680875743077422e+01
8.661349675219703670e+01
8.627334708627778070e+01
8.594989974136177580e+01
8.613542310522443302e+01
8.601498275735563936e+01
8.595460879663231424e+01
8.609008956272317903e+01
8.588120393300411592e+01
8.595009187798603989e+01
8.606448146948868327e+01
8.625492993327686975e+01
8.596276168354005165e+01
8.624035599563846688e+01
8.605282712863989047e+01
8.629172854937137060e+01
8.605129853057169953e+01
8.638437439966898523e+01
8.601318566168444590e+01
8.612067730190527470e+01
8.661141102838668360e+01
8.597824692366012300e+01
8.630492348930027902e+01
8.606474249809149057e+01
8.615107307555871330e+01
8.627121708332715855e+01
8.620846098594233808e+01
8.627962941037176847e+01
8.577437788824583720e+01
8.612606130166717833e+01
8.599261148737795679e+01
8.600949186307109073e+01
8.617205091272523987e+01
8.580957646476844047e+01
8.606701288765961522e+01
8.614886282300355447e+01
8.622267895942215432e+01
8.593190184948886667e+01
8.609056419224327783e+01
8.563139409484392672e+01
8.627302704541085632e+01
8.560196041305582071e+01
8.606209894431795249e+01
8.555953815990125122e+01
8.594361530610734690e+01
8.586904031102926638e+01
8.589689978370583390e+01
8.596951991287198780e+01
8.555988845801925891e+01
8.602353567310251492e+01
8.593533162330524533e+01
8.636639756777897503e+01
8.601176143594844348e+01
8.626134177739633913e+01
8.602109433245135506e+01
8.613243219495049630e+01
8.576322513210614318e+01
8.600280406589554616e+01
8.588987885203481198e+01
8.547160465048516187e+01
8.567765235700082371e+01
8.592880933167045043e+01
8.541521783298986747e+01
8.549357115660603768e+01
8.566644183113874078e+01
8.546968075877624926e+01
8.590454264615021884e+01
8.549752998265887527e+01
8.541214333890501109e+01
8.540413506523697151e+01
8.545093897055609489e+01
8.556558314036989543e+01
8.539842209072978108e+01
8.531039537917992277e+01
8.523934483973229703e+01
8.519349881111175193e+01
8.547606831342079658e+01
8.494011059615078807e+01
8.526871865560019614e+01
8.519542178889359718e+01
8.517064554891202022e+01
8.547201590736300147e+01
8.541550475690954158e+01
8.505447403634479997e+01
8.549920381002469583e+01
8.554310772553483844e+01
8.521928838951311036e+01
8.554509872905580892e+01
8.507061827255056130e+01
8.534465034291724805e+01
8.515083996985859471e+01
8.497223605213061148e+01
8.490711497255570350e+01
8.507791610404640892e+01
8.463676677204074394e+01
8.511726596358364816e+01
8.471254091983382750e+01
8.496898479559841633e+01
8.481936151344959285e+01
8.483054420872315404e+01
8.521686409299444165e+01
8.507085860667805832e+01
8.528114085281571022e+01
8.499041561768473230e+01
8.536369988255756880e+01
8.535017875270335708e+01
8.545992318301128421e+01
8.517136222231958698e+01
8.528279758655789067e+01
8.509523249489143382e+01
8.530408804567517222e+01
8.510867023297963385e+01
8.551669824727616742e+01
8.505771287114210111e+01
8.541216436730455541e+01
8.520366580787633382e+01
8.549574275227720932e+01
8.545167081120054320e+01
8.520932013667962224e+01
8.548150226698764698e+01
8.560175972127903776e+01
8.607635719433100974e+01
8.557133443645575710e+01
8.575961950974155457e+01
8.570019293930512561e+01
8.617620099965887448e+01
8.578451836716695311e+01
8.506915318191713027e+01
8.424752446241284076e+01
8.419039153881776372e+01
8.520344146599103397e+01
8.682550673549037867e+01
8.739073418206183419e+01
8.685232752523627653e+01
8.643905757318692906e+01
8.622269800587611144e+01
8.609990597798065437e+01
8.642541379054404160e+01
8.681623364025728051e+01
8.647590012906671575e+01
8.617307039426100346e+01
8.650260761035912083e+01
8.613894514523782675e+01
8.685944092827004681e+01
8.634239474745147902e+01
8.616760027863237781e+01
8.551651281754026002e+01
8.552219614246351398e+01
8.588773324272017362e+01
8.579731956336246412e+01
8.503233935321293302e+01
8.484837460046250612e+01
8.451099825799403220e+01
8.456132298246649270e+01
8.460606862485666113e+01
8.511021214055611495e+01
8.494178591956139712e+01
8.483445637781375126e+01
8.496181486804866267e+01
8.456043392966942918e+01
8.493202006787663549e+01
8.501970821224682595e+01
8.487728301217113369e+01
8.492664275763952730e+01
8.466891103728313794e+01
8.491922352557352838e+01
8.491402600493915998e+01
8.488258110538127710e+01
8.459854543304409447e+01
8.488533556495359278e+01
8.506976501616723851e+01
8.505292842936444231e+01
8.500693667487134064e+01
8.484394002007202573e+01
8.496803238432575256e+01
8.495244920576283221e+01
8.512697989361544160e+01
8.526465130200539022e+01
8.523624393932654186e+01
8.549737071426424961e+01
8.568200431836795872e+01
8.441416126870672088e+01
8.326218966846568037e+01
8.145040947736934811e+01
8.054752839941808418e+01
8.121507450150869545e+01
8.264315391584142390e+01
8.327573310800238460e+01
8.486129275855974186e+01
8.597835087944537236e+01
8.792066272417559958e+01
8.918077971732112985e+01
8.954989144201194051e+01
8.766621086931223772e+01
8.635367406995300144e+01
8.575631904418827389e+01
8.562739103981479616e+01
8.714696810944025174e+01
8.804034573978978528e+01
8.918155512793100570e+01
8.863996862471675797e+01
8.705294219253799781e+01
8.651427567939356322e+01
8.598746388021365306e+01
8.637540590351929382e+01
8.740640404833573029e+01
8.740308142537442393e+01
8.765056481668736410e+01
8.694923311768553731e+01
8.658308523860451089e+01
8.695528514666355591e+01
8.700832414873252674e+01
8.729350728507576207e+01
8.702793255766954417e+01
8.689133652590334123e+01
8.679153757888697385e+01
8.729439642754249462e+01
8.737266928006249600e+01
8.730429139989617227e+01
8.730375475421087117e+01
8.741173268390515716e+01
8.749124369675463697e+01
8.722725322502216727e+01
8.721631534630149929e+01
8.729510483538069820e+01
8.640353237776896833e+01
8.513224157653156965e+01
8.387470431587247788e+01
8.302646514128682043e+01
8.356370210117654551e+01
8.445894233711729271e+01
8.537233475479744982e+01
8.427515517090655806e+01
8.362622189820119445e+01
8.320204455158251733e+01
8.354525098785306625e+01
8.473956141242035756e+01
8.577891255572714613e+01
8.543013062409288239e+01
8.491496202752639988e+01
8.471738877242022170e+01
8.517357013495355034e+01
8.551793868232223872e+01
8.562909007484729784e+01
8.578778972970624750e+01
8.561417563245129259e+01
8.513340089764007246e+01
8.538005082032225346e+01
8.565420793895370366e+01
8.565824140359111993e+01
8.556760131848345452e+01
8.561372595163852850e+01
8.510423171556425359e+01
8.490331081474579378e+01
8.454639670456033684e+01
8.434849414307832660e+01
8.436301188903566128e+01
8.424942078190800032e+01
8.415628316782739660e+01
8.392249385216258872e+01
8.428882765898198670e+01
8.435934482301080095e+01
8.448685958183473588e+01
8.426024452309222568e+01
8.434721731448763649e+01
8.478870847609115913e+01
8.421885207652823624e+01
8.390265703971120104e+01
8.411908458982135528e+01
8.379829750396768873e+01
8.420931484526182942e+01
8.414303114668523165e+01
8.418135833961389380e+01
8.420610799212251152e+01
8.427465357882826424e+01
8.416574375757930682e+01
8.426289835872525202e+01
8.390323932871741874e+01
8.379451877427707984e+01
8.365592967948069258e+01
8.347522799393922810e+01
8.340958073630258696e+01
8.371659268112230734e+01
8.398832127351664667e+01
8.398807240210571479e+01
8.397397620107081195e+01
8.432883200644965882e+01
8.417955165972122700e+01
8.465121325992600987e+01
8.415058087578194090e+01
8.502860076268700595e+01
8.437812437225585427e+01
8.527619454805466148e+01
8.453795322145900570e+01
8.497801648763427806e+01
8.478211472577669383e+01
8.507415786093758925e+01
8.515253444090204482e+01
8.517663884529065399e+01
8.514365671641790811e+01
8.501450458461494009e+01
8.557895204657570787e+01
8.504089337634346180e+01
8.542556946256969752e+01
8.484276098681436906e+01
8.521954761485653762e+01
8.503432923257176412e+01
8.536078234110546248e+01
8.533401752115776162e+01
8.491734247374563438e+01
8.494488640541136704e+01
8.491378831914241232e+01
8.530062682948464214e+01
8.489695866604040475e+01
8.496050550609184882e+01
8.512253220463746572e+01
8.509094781995534618e+01
8.526927595829049267e+01
8.539032982059779897e+01
8.509641104023985747e+01
8.534172476306984834e+01
8.543103806948199974e+01
8.544373967034439943e+01
8.530519210799583618e+01
8.508174350821410314e+01
8.564175250081629542e+01
8.554007703460698053e+01
8.616040181944794085e+01
8.556781639382532489e+01
8.566376994553968416e+01
8.587901093088856896e+01
8.567425944989777520e+01
8.623200211351327482e+01
8.572855227882037354e+01
8.566152005136885350e+01
8.612414930913590183e+01
8.581704022778710339e+01
8.610257315100720632e+01
8.583730164587792899e+01
8.573564861201155907e+01
8.565948637857111692e+01
8.590937063352855318e+01
8.580960337701169749e+01
8.548877465840692480e+01
8.552251097557382309e+01
8.555968622602911466e+01
8.557100321334866067e+01
8.580194203543102560e+01
8.549314806082753648e+01
8.552961605533059242e+01
8.545338634896414476e+01
8.570821889489383238e+01
8.577556759621897697e+01
8.567685583071221345e+01
8.580537707636277389e+01
8.594116339384956405e+01
8.556141253233012378e+01
8.597377335325354863e+01
8.537900964971818496e+01
8.568350193394823577e+01
8.539285819337000305e+01
8.576333854515672783e+01
8.564640316676091913e+01
8.470657498800714791e+01
8.418753571794908908e+01
8.382637066146604354e+01
8.401354014271639414e+01
8.398714080670201554e+01
8.458442988897374448e+01
8.450833333333333997e+01
8.445484442195800057e+01
8.458117229663704961e+01
8.501569171966914951e+01
8.596714659884028720e+01
8.591302032619279316e+01
8.692192723697148438e+01
8.595256942330188110e+01
8.589045885390771673e+01
8.503829268292682286e+01
8.520861160720986049e+01
8.541833678532580620e+01
8.517508771410383872e+01
8.545715690510601803e+01
8.520908768193113758e+01
8.515208006859643319e+01
8.507087526774449771e+01
8.564766808535968323e+01
8.563619978252125975e+01
8.551518551875857099e+01
8.552618082676295330e+01
8.566236688827440560e+01
8.563876092605717361e+01
8.545266938487127106e+01
8.572579926313287046e+01
8.532862284635355365e+01
8.519781744872318541e+01
8.531529650487435390e+01
8.553560769480807835e+01
8.483586259075499925e+01
8.494657059842103308e+01
8.479473676511460667e+01
8.497934147243803693e+01
8.540926606460060100e+01
8.509524991603755950e+01
8.524049486128438957e+01
8.428372418009520572e+01
8.372875575100506751e+01
8.361031408666903531e+01
8.409733100598248257e+01
8.444641573116149402e+01
8.536709361627293902e+01
8.544923515076779097e+01
8.442972901944752095e+01
8.391747920534447758e+01
8.437640749873733625e+01
8.474446306982540023e+01
8.392983678921996216e+01
8.353317153279367346e+01
8.305295542991409263e+01
8.292197756910306339e+01
8.347950776931901373e+01
8.369456297111253207e+01
8.352350829704602120e+01
8.359447175724449153e+01
8.330132100396301098e+01
8.379814682397807246e+01
8.355056378509839021e+01
8.406798041217285800e+01
8.377814159292036322e+01
8.443698930545541259e+01
8.391484738748060579e+01
8.386640766412078563e+01
8.438989549657920008e+01
8.396356341970928838e+01
8.357294160852001141e+01
8.393287023264116442e+01
8.380953518225513221e+01
8.372385458536658120e+01
8.358814801626161284e+01
8.375008593504804821e+01
8.398022772618851661e+01
8.390791287152444511e+01
8.417781969520045493e+01
8.379138925216977896e+01
8.360450604016898524e+01
8.381855802557667801e+01
8.400559505595056464e+01
8.423821176046718051e+01
8.461563203116742216e+01
8.509777154997061643e+01
8.513992851445956944e+01
8.460812821305994191e+01
8.378382882882883109e+01
8.295386473429951479e+01
8.271648988912592415e+01
8.415869206539673542e+01
8.493459063678722032e+01
8.437447870778267145e+01
8.420639865795938306e+01
8.382620468859865070e+01
8.398460940187558776e+01
8.428485003536546571e+01
8.410694758112444447e+01
8.414515217690087923e+01
8.362718153085062056e+01
8.373042145826380533e+01
8.401414162894552362e+01
8.449029289470466608e+01
8.419300790161507564e+01
8.405746885795038281e+01
8.409278835550981057e+01
8.453249281264973547e+01
8.460318714409230267e+01
8.461072226358898263e+01
8.465237327495673014e+01
8.524697552213991969e+01
8.506067412409676365e+01
8.523273785038490757e+01
8.533782312316343166e+01
8.493739392239915276e+01
8.497761370000294789e+01
8.541370621951757869e+01
8.542614665498101090e+01
8.577672406128678517e+01
8.553290967532657874e+01
8.570659873061687506e+01
8.577543343146875543e+01
8.561877696464594578e+01
8.556682055100520756e+01
8.561099659437175546e+01
8.537080803432253617e+01
8.506589056360331824e+01
8.544300056435083945e+01
8.532701343541243943e+01
8.504245296949292765e+01
8.527355325276879228e+01
8.539853076216712680e+01
8.545472406050579650e+01
8.521589136345401982e+01
8.521983653633753875e+01
8.540975624283396428e+01
8.542849779845965941e+01
8.554402214728534659e+01
8.575540558739469077e+01
8.511603511338697103e+01
8.564164421889185519e+01
8.519217155026804278e+01
8.555056079889766352e+01
8.495694770450933220e+01
8.502198948199573181e+01
8.476005138275723994e+01
8.501967804979933874e+01
8.491049031629020760e+01
8.497327490802500449e+01
8.487403791440807765e+01
8.487050391737892596e+01
8.457475748163632545e+01
8.486840037362669875e+01
8.470357607666824151e+01
8.422198968098248884e+01
8.467245916582130860e+01
8.465076658505304863e+01
8.436714087692419639e+01
8.445354323764166793e+01
8.400983487306321251e+01
8.424286804414181518e+01
8.429494197503831288e+01
8.436075569039557820e+01
8.400202494027155353e+01
8.424040845669684074e+01
8.418767453761239494e+01
8.437158534080573702e+01
8.460523410706663583e+01
8.426836125102495600e+01
8.400815300324086365e+01
8.442945056891132083e+01
8.458771502399409314e+01
8.485504707035309480e+01
8.474232682456009513e+01
8.458959201905895497e+01
8.484763005086500698e+01
8.425319535647280134e+01
8.476757039360668955e+01
8.475268302174856672e+01
8.445112826869370792e+01
8.457040715589194235e+01
8.429580436203720240e+01
8.469241644857564211e+01
8.457375037413947894e+01
8.454967006329398771e+01
8.443377159138124455e+01
8.466362821279139439e+01
8.471216121477901595e+01
8.464516850248169533e+01
8.474006235972827028e+01
8.472550282299732771e+01
8.449776612855185931e+01
8.462719103123053799e+01
8.454965095594720026e+01
8.454899189048434494e+01
8.463450270600688441e+01
8.455366071428571217e+01
8.476311014471021110e+01
8.423744042964426626e+01
8.415866041208954584e+01
8.440577181208053048e+01
8.470476730648675812e+01
8.482805228019567778e+01
8.493317658888592803e+01
8.494618627027510627e+01
8.447767151029579225e+01
8.389978457815681168e+01
8.394806948069481223e+01
8.407678726396744651e+01
8.443378354415415288e+01
8.487176808181885690e+01
8.429910345641147273e+01
8.351595393750375251e+01
8.260533731145366687e+01
8.260438843587843394e+01
8.431465055931036545e+01
8.542757288425522688e+01
8.668247237416649398e+01
8.538482677553095357e+01
8.384069192245061686e+01
8.376713440100958508e+01
8.429368767766095516e+01
8.459917839505257575e+01
8.480420699869840462e+01
8.472006501446422533e+01
8.511493769072350801e+01
8.458062520255737127e+01
8.500113502292447265e+01
8.474577337186840964e+01
8.439010481805729569e+01
8.431783962671993038e+01
8.472276631914668599e+01
8.508238444066725492e+01
8.549106064266730698e+01
8.483255555393010638e+01
8.521468391866913805e+01
8.510069110443519946e+01
8.501261102547162807e+01
8.502086296823138412e+01
8.493763185262220361e+01
8.490257080092619901e+01
8.473175377672278330e+01
8.506537896657617637e+01
8.462608325879438098e+01
8.497995741322573338e+01
8.456190587959159188e+01
8.454503358960413095e+01
8.451154989819683294e+01
8.420511472345148718e+01
8.412809345549356976e+01
8.419100039471952357e+01
8.434712296200636672e+01
8.504091439863468338e+01
8.411720549223100818e+01
8.447161565583242293e+01
8.449042779484756238e+01
8.428209140767825147e+01
8.470209925079741708e+01
8.441979815969131096e+01
8.423039739852642072e+01
8.400940379640127276e+01
8.419379399723129609e+01
8.395013604551340336e+01
8.379292284479005559e+01
8.445063506514827623e+01
8.386105854523950143e+01
8.376465155823976261e+01
8.387849822335770966e+01
8.324261664400798111e+01
8.333046281639825281e+01
8.358974661340486989e+01
8.389069866494338612e+01
8.425581740252421525e+01
8.408090958726224073e+01
8.428231988881748293e+01
8.469770704480313839e+01
8.450511461211080189e+01
8.485474232825627894e+01
8.472815853184684443e+01
8.461183157579837655e+01
8.482478549578452487e+01
8.500763496453048162e+01
8.494062834383545635e+01
8.493472245075015792e+01
8.500304621848739828e+01
8.492163051608078206e+01
8.504250964105607125e+01
8.534070020241398424e+01
8.504499768515061930e+01
8.460479877753125777e+01
8.486170433956098691e+01
8.504069369664158273e+01
8.524377759485145134e+01
8.490144329896907038e+01
8.501182135297099762e+01
8.504666477518777867e+01
8.493871565069254359e+01
8.560353854486369585e+01
8.523912359786142190e+01
8.518134049858188916e+01
8.509290681088791075e+01
8.530644079917757949e+01
8.528379886605455340e+01
8.500645438261462061e+01
8.530845047180426377e+01
8.473778682999736134e+01
8.513550830525154822e+01
8.519602340223330827e+01
8.509577628809029193e+01
8.483122594832325092e+01
8.506039506320414034e+01
8.479290856088999817e+01
8.495982585775421114e+01
8.514235469179780580e+01
8.476228651618296794e+01
8.498873138666547788e+01
8.492825786098008223e+01
8.495625750411336696e+01
8.519787811127928023e+01
8.473340555299984089e+01
8.510600543922484462e+01
8.499900956435614319e+01
8.524828431010817553e+01
8.522991915745753033e+01
8.517305775039805837e+01
8.534496326214286910e+01
8.511050475493782130e+01
8.540646681888487990e+01
8.540162466892562065e+01
8.517028336514461273e+01
8.550309980025153322e+01
8.552030490597255152e+01
8.573021099413823265e+01
8.564219433126133652e+01
8.515732799835242872e+01
8.564600624721106215e+01
8.536802402118122757e+01
8.577926082617051406e+01
8.495563792373808099e+01
8.539183418393916725e+01
8.541498459457427828e+01
8.527787802237459402e+01
8.566844003880198954e+01
8.553836957673158281e+01
8.547970602467940182e+01
8.542538907999818321e+01
8.544099135133504319e+01
8.588250206163526457e+01
8.601985795720025862e+01
8.691110063557600540e+01
8.681107170043567578e+01
8.636448777063355919e+01
8.631561784717648322e+01
8.583804169162941378e+01
8.581611310454810848e+01
8.568585356851770030e+01
8.618508981381775413e+01
8.697268722466959900e+01
8.705537895535152870e+01
8.640638372056166361e+01
8.609700190108144113e+01
8.599962908011869445e+01
8.585737697385552281e+01
8.585169530460350984e+01
8.501476367657386390e+01
8.497171603252803607e+01
8.498389947853755189e+01
8.523529845681744632e+01
8.489385805344809910e+01
8.392683319431640143e+01
8.352151924863247245e+01
8.359549707950887409e+01
8.426442149870183584e+01
8.421754003125829513e+01
8.474466949378725644e+01
8.508219259523491473e+01
8.484899458050759335e+01
8.486255818116720206e+01
8.470476488002260851e+01
8.488510644593374366e+01
8.494873472300692185e+01
8.431271736610247558e+01
8.484746113071597051e+01
8.424213670708135737e+01
8.499799449233715620e+01
8.469882767921983202e+01
8.494189217226355026e+01
8.538699355603287700e+01
8.502232287285667667e+01
8.469828475157218861e+01
8.512706444480717494e+01
8.499150342223271082e+01
8.548940819694064430e+01
8.500673955589563491e+01
8.522606712089812220e+01
8.419887286833052542e+01
8.319186149486361614e+01
8.264152781107647172e+01
8.209531282695124332e+01
8.241719603419615225e+01
8.307804488837010126e+01
8.382150368812395413e+01
8.392311969344052613e+01
8.305164555463477427e+01
8.272322070452912612e+01
8.320208608919095639e+01
8.325765999879132551e+01
8.356409719939026104e+01
8.391539963942308589e+01
8.396257467144563691e+01
8.377595709156459236e+01
8.413296444584401002e+01
8.412710300010505193e+01
8.383375875578772707e+01
8.392560741545283065e+01
8.391015245860025118e+01
8.401899540095575958e+01
8.413595779220779036e+01
8.392926358040408275e+01
8.382514788001023476e+01
8.385032066650683191e+01
8.391309385863267778e+01
8.387057753117355219e+01
8.385342125978404226e+01
8.406869313668180155e+01
8.411708637149514800e+01
8.424436791289440407e+01
8.419964902807775786e+01
8.426644919802174627e+01
8.424370063369072170e+01
8.404693615368528015e+01
8.405679283993933382e+01
8.438995154297373347e+01
8.399744203440538115e+01
8.380707376328379610e+01
8.385197186674034242e+01
8.381259343419243635e+01
8.386467484206615097e+01
8.388235907054287566e+01
8.362431712291044050e+01
8.372784536804014976e+01
8.410584580115830988e+01
8.391150899670834917e+01
8.425704046588023743e+01
8.398877324637810204e+01
8.377885981529718151e+01
8.412095788752124292e+01
8.412959395487060021e+01
8.414206857348013102e+01
8.441402098481086114e+01
8.399587616543151114e+01
8.411102341097277701e+01
8.410125943837059026e+01
8.406533670310606965e+01
8.387018117018116925e+01
8.371397324683441354e+01
8.395673829726948156e+01
8.410372708727311419e+01
8.415494589835813599e+01
8.409962013723105656e+01
8.428026494053891327e+01
8.473783964095099464e+01
8.417600166572474052e+01
8.358621781342338863e+01
8.230777131636583022e+01
8.192131743292971180e+01
8.212478754400873981e+01
8.353319309156871952e+01
8.448852162100973828e+01
8.432072982072982370e+01
8.313749790399536721e+01
8.212661089410389081e+01
8.175646627723348558e+01
8.254840447639425349e+01
8.314623814347545760e+01
8.363342924484986440e+01
8.351502620497440432e+01
8.358819404213799942e+01
8.334627331568559327e+01
8.315408951895987855e+01
8.359807468176245493e+01
8.461323077393603853e+01
8.487156197453758466e+01
