Filtered Signals
1.237785714780372318e-02
-8.762135876536771006e-03
-2.689310410747668134e-02
-3.944671927770702219e-02
-4.480541141799426058e-02
-4.253527810742620263e-02
-3.337479470932580572e-02
-1.899450052429958041e-02
-1.597103788801221280e-03
1.654189225706216571e-02
3.349082718511864343e-02
4.795233001949476132e-02
5.937447072104200946e-02
6.786831603300891302e-02
7.396323828807731260e-02
7.827455558753837472e-02
8.118238480459970263e-02
8.261402196631034700e-02
8.198742261574945567e-02
7.832495890487076173e-02
7.049986072617153710e-02
5.754285925681010272e-02
3.892186373970769886e-02
1.472074583762940370e-02
-1.431591119146764096e-02
-4.685313791041098574e-02
-8.109548733235867612e-02
-1.149196186455896940e-01
-1.459828238636634856e-01
-1.718190538832967129e-01
-1.899572364127034008e-01
-1.980975745621622597e-01
-1.943646484837766031e-01
-1.776262143722588671e-01
-1.478277025491854801e-01
-1.062564785839965331e-01
-5.563705176599914592e-02
1.674185213265677596e-05
5.580833755566794174e-02
1.065699926050262536e-01
1.475697294843688057e-01
1.751776011367485175e-01
1.873618394831955691e-01
1.839226191672748978e-01
1.664304782512968650e-01
1.379011517995134550e-01
1.022880925940530122e-01
6.389585061398558863e-02
2.681415625120441015e-02
-5.545663219928810561e-03
-3.075658538808514336e-02
-4.750172367943328311e-02
-5.553375024337369598e-02
-5.551075670126147388e-02
-4.876387594088964217e-02
-3.704710507064949698e-02
-2.230571701173554577e-02
-6.484266134373653512e-03
8.619740510631360847e-03
2.146456992229989896e-02
3.085127212233113383e-02
3.599896795598737931e-02
3.660035436081381099e-02
3.283301826759686681e-02
2.530245936310639848e-02
1.491153418557870924e-02
2.676660285322691665e-03
-1.046910333992564363e-02
-2.383659873521793218e-02
-3.705626519730267215e-02
-5.003494661759841367e-02
-6.279154004599839245e-02
-7.521274631754751305e-02
-8.680694681587719508e-02
-9.654528376071588869e-02
-1.028603177961803505e-01
-1.038345509212538903e-01
-9.756492902725538707e-02
-8.264073038924299452e-02
-5.862808719315608375e-02
-2.643001256028271184e-02
1.159734799071585054e-02
5.183978564665547850e-02
8.992159623889212083e-02
1.214144581998387318e-01
1.426092091677073070e-01
1.511747344091358691e-01
1.465457542222387277e-01
1.299456113685303338e-01
1.040479167204133304e-01
7.238013123528118375e-02
3.863585438574238667e-02
6.069973193580727178e-03
-2.289328511755941986e-02
-4.678326066867889710e-02
-6.496013607712643190e-02
-7.733520679529787278e-02
-8.405727488238504130e-02
-8.528144307598449492e-02
-8.109140385036528453e-02
-7.158252967754771823e-02
-5.705654575022911512e-02
-3.824536960156289106e-02
-1.647341472200581844e-02
6.319168381531105327e-03
2.773534105405280753e-02
4.525131697926455115e-02
5.664848676594383403e-02
6.043901701245711633e-02
5.617671152315101279e-02
4.457936762744271753e-02
2.743849608613016175e-02
7.338410750753015382e-03
-1.275787489942352068e-02
-2.997550053159709488e-02
-4.196041336833902097e-02
-4.720472210740749019e-02
-4.522141797414482023e-02
-3.655805526900940405e-02
-2.266411690180220387e-02
-5.643003981172015765e-03
1.206853649229978204e-02
2.804259195361944595e-02
4.017348318466844315e-02
4.692351596320813029e-02
4.747843040316652996e-02
4.180229067558192263e-02
3.059004397858064439e-02
1.512802401444488659e-02
-2.909017980095400524e-03
-2.168012054222766272e-02
-3.937452273177791812e-02
-5.435356159948555310e-02
-6.523278088335687785e-02
-7.091761317586424418e-02
-7.061593798530849120e-02
-6.385435620003350465e-02
-5.052182621583667377e-02
-3.095007253624196611e-02
-6.015648152135462390e-03
2.277480824916659763e-02
5.326267867415572510e-02
8.271490272405887523e-02
1.080170185162382945e-01
1.259780960110740700e-01
1.337249813691308020e-01
1.291402154833219962e-01
1.112733864718874477e-01
8.064263847151537101e-02
3.935358384024387202e-02
-9.004431335433091266e-03
-5.968322093801060879e-02
-1.072838105741234782e-01
-1.463845108209024248e-01
-1.722122437906316583e-01
-1.812770391894304445e-01
-1.718948994971011279e-01
-1.445334824043136845e-01
-1.019229519969666597e-01
-4.888274237192183347e-02
8.164404158608376538e-03
6.197602653278325158e-02
1.054939685073035815e-01
1.329313746972379806e-01
1.407658481131811301e-01
1.284499023480832058e-01
9.866680762175980557e-02
5.701630177163869578e-02
1.112147927189888197e-02
-3.070936262854985499e-02
-6.100349148899553153e-02
-7.450500698364362351e-02
-6.912653431981143071e-02
-4.628595149985884061e-02
-1.057980467799190041e-02
3.112243449273946472e-02
7.097505014434024595e-02
1.015933395787299021e-01
1.173669003217970019e-01
1.154161195192011241e-01
9.602789243502973804e-02
6.250232056549878679e-02
2.045431344671590906e-02
-2.327521306071853036e-02
-6.186492787098073209e-02
-8.966558251960080050e-02
-1.030624831106837780e-01
-1.009447359054723714e-01
-8.476803801164548013e-02
-5.825482099757088583e-02
-2.679982240188158102e-02
3.341652380790559318e-03
2.599572744040151706e-02
3.603947732992929948e-02
3.027632797609329518e-02
8.082005955624169818e-03
-2.830867362994435310e-02
-7.396461094579899476e-02
-1.218853250103143493e-01
-1.640103990926576327e-01
-1.924448225428195269e-01
-2.006883431668295970e-01
-1.846619340385614039e-01
-1.433701295040941404e-01
-7.910730947626704035e-02
2.804781971761538539e-03
9.468379589022637988e-02
1.874329060199155239e-01
2.716120029968054350e-01
3.384859692224689853e-01
3.809351762269401753e-01
3.941559996922435194e-01
3.761155186912304993e-01
3.277472657841604686e-01
2.528847338415038948e-01
1.579319070222146570e-01
5.127507580837289969e-02
-5.754001487628829237e-02
-1.588014641740190525e-01
-2.436818222206292295e-01
-3.052001685921868490e-01
-3.389534513620887646e-01
-3.435153312238940493e-01
-3.204616156880759625e-01
-2.740438938594537688e-01
-2.105858058713868386e-01
-1.377121764916968694e-01
-6.353126856899909969e-02
4.130958742281518048e-03
5.839090690028300723e-02
9.385525920722664894e-02
1.070763758520265618e-01
9.693019831941507292e-02
6.490327313772223383e-02
1.523688960745456233e-02
-4.515886182539229771e-02
-1.071245319434563498e-01
-1.600865053757013490e-01
-1.933199206010038085e-01
-1.975406747137062879e-01
-1.666078798435958186e-01
-9.902734769734236608e-02
1.085553368052924461e-03
1.238835055523202500e-01
2.546846376882724305e-01
3.758791041752366224e-01
4.696070977771169552e-01
5.207612094183253770e-01
5.197352587683888858e-01
4.643336480596120808e-01
3.603858522882318338e-01
2.208661118442452609e-01
6.365245193670526769e-02
-9.161074640947980408e-02
-2.268599554506222082e-01
-3.284488098754720364e-01
-3.889182252134619211e-01
-4.074426385497321723e-01
-3.890187414266175203e-01
-3.427227529361753233e-01
-2.795098081359119746e-01
-2.100551516123781715e-01
-1.430550809760932629e-01
-8.424540606312909408e-02
-3.620125758416870010e-02
1.194252793564720694e-03
2.984407945313151400e-02
5.237266037740891111e-02
7.116342316310164673e-02
8.769157645487996033e-02
1.022459400482367275e-01
1.140258936600269390e-01
1.215139032751208770e-01
1.229843893647411118e-01
1.170177440081390519e-01
1.029242379052679179e-01
8.102211311313013697e-02
5.274479351935791593e-02
2.057402139408744113e-02
-1.218784174778739932e-02
-4.178120125498492599e-02
-6.445396523626789609e-02
-7.698158448866881942e-02
-7.717934256893110856e-02
-6.432842108934069825e-02
-3.943633297142109390e-02
-5.272160063321210816e-03
3.384917054887846832e-02
7.252356653927936880e-02
1.049125542378296222e-01
1.255206469211032350e-01
1.299888876061570941e-01
1.157822651382959533e-01
8.266187515537291863e-02
3.287241889857427796e-02
-2.897787735386464503e-02
-9.633284067153440045e-02
-1.613648401411240108e-01
-2.158562471059141952e-01
-2.522026395386453568e-01
-2.644258846396579377e-01
-2.490645039051038179e-01
-2.058021590701885062e-01
-1.377086618165657139e-01
-5.101172550224766788e-02
4.560295095030150736e-02
1.420669238690314973e-01
2.282023897361827869e-01
2.949866999164661996e-01
3.356260845094582446e-01
3.463129952256984723e-01
3.266004623908774218e-01
2.793741052045994322e-01
2.104385618967622995e-01
1.277650850857827702e-01
4.047441699341357280e-02
-4.234068073087454698e-02
-1.128097107397766641e-01
-1.653114859812472581e-01
-1.971370533984732609e-01
-2.086383515172343106e-01
-2.028217442276777638e-01
-1.844818023178074196e-01
-1.590831290122340924e-01
-1.316513869013037075e-01
-1.059195138503107592e-01
-8.389939398474328958e-02
-6.593131667522651729e-02
-5.113379125429230732e-02
-3.807498217096083604e-02
-2.544833061651492756e-02
-1.256706300643391921e-02
4.264643801809506196e-04
1.264575274305920066e-02
2.276934495857486224e-02
2.945602429330810429e-02
3.173721177242373737e-02
2.928430651219568470e-02
2.250269710027797548e-02
1.246414697632525562e-02
7.308362873050117114e-04
-1.086442628551659295e-02
-2.043029808456023680e-02
-2.619307167456578003e-02
-2.663270414695476096e-02
-2.059423570667577585e-02
-7.399015033805383945e-03
1.302899971056133144e-02
4.003250557185730057e-02
7.212492593679553643e-02
1.069820468980633849e-01
1.415649375067624949e-01
1.723922578586239152e-01
1.959476677872542261e-01
2.091739202037305456e-01
2.099724391712844696e-01
1.976047503941634753e-01
1.728941993436023949e-01
1.381603513411321371e-01
9.687578939636044828e-02
5.309656777012353168e-02
1.076684264017812448e-02
-2.697207092080966540e-02
-5.833017775837599783e-02
-8.315482073981893263e-02
-1.028811077046500738e-01
-1.201423730860025629e-01
-1.381084534840096301e-01
-1.596763374855603157e-01
-1.866704481450489062e-01
-2.192167416260589474e-01
-2.554329837142362281e-01
-2.915236092582542682e-01
-3.222868761866156673e-01
-3.419528305389891720e-01
-3.451958570500830992e-01
-3.281215128373346501e-01
-2.890215068777874929e-01
-2.287288218510649673e-01
-1.504914391985095190e-01
-5.940736829472501035e-02
3.841196119152523458e-02
1.367114290635908502e-01
2.297728288265245555e-01
3.127794010688322301e-01
3.818663240254437374e-01
4.339696536924911863e-01
4.666435621990732141e-01
4.780070249849404096e-01
4.669098548490091538e-01
4.332951032140612835e-01
3.786214828594105519e-01
3.061455127515079200e-01
2.208814611922942928e-01
1.291540556081351987e-01
3.779570508256205330e-02
-4.683714782679410105e-02
-1.197896159627978296e-01
-1.781498692746071033e-01
-2.212602112056519243e-01
-2.504659235540074302e-01
-2.684795875045512537e-01
-2.785133690512889837e-01
-2.833651368888846500e-01
-2.846465245180144210e-01
-2.823199658413861890e-01
-2.746635340259566127e-01
-2.587026336622892941e-01
-2.310464827991952907e-01
-1.889703472056176448e-01
-1.315177512306497931e-01
-6.037394506976873076e-02
1.971572992367331967e-02
1.011431672991432162e-01
1.743047726985990087e-01
2.290575989371764765e-01
2.565452530730552017e-01
2.510677679648526395e-01
2.116200770788111418e-01
1.427418819250588777e-01
5.440857270233739884e-02
-3.915398684573742627e-02
-1.216404577273838550e-01
-1.775038679103351225e-01
-1.949466245510964313e-01
-1.684486357013867397e-01
-1.002469594507885003e-01
-3.566071930877316720e-04
1.149784794471324645e-01
2.261512644550802420e-01
3.137907397951030797e-01
3.623209266307281240e-01
3.627218237679862289e-01
3.139448844185694920e-01
2.227680230203846201e-01
1.022318985321660212e-01
-3.090938673476678611e-02
-1.591280907452772286e-01
-2.668529649079866561e-01
-3.425250210417683516e-01
-3.797341911880889320e-01
-3.774209033728099794e-01
-3.392999813393254849e-01
-2.727537853030818638e-01
-1.874555274439453634e-01
-9.394897939586427382e-02
-2.353846705794387928e-03
7.869302490873497646e-02
1.427974692726017292e-01
1.862350369010795648e-01
2.080306583294625200e-01
2.097012867560269223e-01
1.947112521155090481e-01
1.677348238642630274e-01
1.338509169424767498e-01
9.779794627774732185e-02
6.339453999600754008e-02
3.319384204904266694e-02
8.392859635263247298e-03
-1.103020350642552883e-02
-2.601697774957081877e-02
-3.805039623598662629e-02
-4.876660037154211674e-02
-5.960073047832681326e-02
-7.148974100968209788e-02
-8.465092566811220631e-02
-9.845867306564128063e-02
-1.114415100764517691e-01
-1.214130324777219494e-01
-1.257382702144434206e-01
-1.217231502010058808e-01
-1.070948550935165444e-01
-8.051375296826067396e-02
-4.203204537393872425e-02
6.596298372789771713e-03
6.183925227869889463e-02
1.186010897946890574e-01
1.707439115095686633e-01
2.118801057576844837e-01
2.363362344905416690e-01
2.401281661912385568e-01
2.217520069802350058e-01
1.826043364663885171e-01
1.269024791621416182e-01
6.107194720672898258e-02
-7.312605337641053804e-03
-7.082926691164820321e-02
-1.234699823005664387e-01
-1.615702041374915132e-01
-1.841948225295158559e-01
-1.929082180983680561e-01
-1.910101208171224307e-01
-1.824418200387068478e-01
-1.706349605090439481e-01
-1.575814395261276313e-01
-1.433495277523058331e-01
-1.261662199989202759e-01
-1.030491705627570725e-01
-7.083625560543564681e-02
-2.736112763342767040e-02
2.751827262446718270e-02
9.130644476382593355e-02
1.588517707700928538e-01
2.229622977922463556e-01
2.755345540861265374e-01
3.089397818159743125e-01
3.173519367900132226e-01
2.977366788429769429e-01
2.503308682426089726e-01
1.785804524711851748e-01
8.862268206813317395e-02
-1.153223607519010541e-02
-1.129497525726067542e-01
-2.067076409203477960e-01
-2.847299164536932214e-01
-3.404771032614006820e-01
-3.694797339383905088e-01
-3.697027454977552807e-01
-3.417141462746036695e-01
-2.886198900188328142e-01
-2.157318913526561632e-01
-1.299650603710967856e-01
-3.901284160218479458e-02
4.958357168377991453e-02
1.293078665711005770e-01
1.953160987057100395e-01
2.447461420046137259e-01
2.766666000644996126e-01
2.917320844547959813e-01
2.916690499683786131e-01
2.787310797122758976e-01
2.552418403466263364e-01
2.233007030387707537e-01
1.846727255036342830e-01
1.408355379601354262e-01
9.312542676197202440e-02
4.291968472376855859e-02
-8.196750187379170383e-03
-5.832108760200385711e-02
-1.052143738541655993e-01
-1.464020691733594892e-01
-1.793973396550330168e-01
-2.020158176886646673e-01
-2.127198326514269655e-01
-2.109174001355457184e-01
-1.971470625240722419e-01
-1.730971328689038802e-01
-1.414344020212743303e-01
-1.054548213109465227e-01
-6.861291844131178763e-02
-3.402289616796456972e-02
-4.036669234763951009e-03
2.001172486207809798e-02
3.784192017483487686e-02
5.003600504569043206e-02
5.766376320803585226e-02
6.181655395541513914e-02
6.317479431850861471e-02
6.173444373035211902e-02
5.678089984337202079e-02
4.713592883539199918e-02
3.163281578468078725e-02
9.710274862633080928e-03
-1.803213454029493901e-02
-4.948924212082267404e-02
-8.105428751965748635e-02
-1.080268068091585626e-01
-1.253708814065129240e-01
-1.286719386831614576e-01
-1.150808648345406637e-01
-8.402560823042820592e-02
-3.751270751709086249e-02
2.007165559675068434e-02
8.263420527644683988e-02
1.433753739788945214e-01
1.958905518756327846e-01
2.351256848550470346e-01
2.579911656456927993e-01
2.635367818882328739e-01
2.527074588034513569e-01
2.278041604692422895e-01
1.918395124531938889e-01
1.479833423020614214e-01
9.923595645776357721e-02
4.836719783313854493e-02
-1.944830055082585885e-03
-4.891340996886919812e-02
-8.953912450920334387e-02
-1.207253787708346682e-01
-1.396566069625146400e-01
-1.443765186398991707e-01
-1.344081829268134742e-01
-1.112129492055169144e-01
-7.831217203206675137e-02
-4.098145948431605734e-02
-5.536733141278629700e-03
2.166770861104004575e-02
3.533508476433878942e-02
3.218628556713956645e-02
1.156894828743552928e-02
-2.442908720590378224e-02
-7.139186645807973908e-02
-1.234178350984773687e-01
-1.741998658387301224e-01
-2.181029974742784983e-01
-2.510108797200920061e-01
-2.707766861622071253e-01
-2.772189297944306352e-01
-2.717186988852015594e-01
-2.565658768653819033e-01
-2.342419272253729035e-01
-2.068139610341966916e-01
-1.755660769179947234e-01
-1.409279943846521443e-01
-1.026887495446641430e-01
-6.041387295158977960e-02
-1.393349505006125089e-02
3.624596369663360407e-02
8.872557070176348426e-02
1.412519394003486362e-01
1.909979330752722415e-01
2.350131253144100429e-01
2.707312107228213582e-01
2.964111662275762393e-01
3.114125655114152735e-01
3.162570314392321169e-01
3.124874497056202016e-01
3.023802362503992813e-01
2.885819515764607157e-01
2.737360578206945450e-01
2.601513527058156861e-01
2.495465315343706469e-01
2.428853407061257186e-01
2.402977305746018810e-01
2.410735816090478212e-01
2.437212995942177884e-01
2.460957523907110756e-01
2.456049236737442854e-01
2.394961548972836529e-01
2.252059931475775545e-01
2.007400738859562161e-01
1.650335300277613049e-01
1.182285747730949799e-01
6.180059057984399473e-02
-1.521804165249520530e-03
-6.806025245091476550e-02
-1.336827084645659247e-01
-1.944182621853278170e-01
-2.470895048319530218e-01
-2.898491880236700458e-01
-3.225118537196661750e-01
-3.465962748913511415e-01
-3.650435522977107383e-01
-3.816400778159003693e-01
-4.002374069595412975e-01
-4.239081555552099978e-01
-4.542025076649711668e-01
-4.906699933088862764e-01
-5.307768154680889694e-01
-5.702725331452542790e-01
-6.039516672185499813e-01
-6.266494565931930438e-01
-6.342463711419504824e-01
-6.244543191360711898e-01
-5.972130857063072673e-01
-5.546173185439110531e-01
-5.003996621745399054e-01
-4.390934326197508120e-01
-3.750672187974486427e-01
-3.116459195561663842e-01
-2.505021686671841108e-01
-1.914300848497363650e-01
-1.325221560854140390e-01
-7.068265182656530143e-02
-2.345449536013427538e-03
7.576593033928286092e-02
1.659872039194018045e-01
2.692774626217232514e-01
3.850456255689794771e-01
5.112316202036973900e-01
6.445927981720279698e-01
7.811160571998226887e-01
9.164595141005097423e-01
1.046332081227033362e+00
1.166749084261402114e+00
1.274147963458601929e+00
1.365391802350292672e+00
1.437715876700726536e+00
1.488680456069176650e+00
1.516183479149787905e+00
1.518559758740758658e+00
1.494752502495652946e+00
1.444502254964781685e+00
1.368477878131104442e+00
1.268284914536638830e+00
1.146321970087851971e+00
1.005497666701093973e+00
8.488543546175602028e-01
6.791662284686134088e-01
4.985902872998844160e-01
3.084462715721996151e-01
1.091812391968951246e-01
-9.946192841183285061e-02
-3.180935023007935847e-01
-5.471993979187488311e-01
-7.866199590482908510e-01
-1.035087314777345613e+00
-1.289929313643687347e+00
-1.547028079628816943e+00
-1.801070951656242647e+00
-2.046061855963526188e+00
-2.275992373709737393e+00
-2.485521813151275516e+00
-2.670496412657729302e+00
-2.828159015044785729e+00
-2.956967243425835612e+00
-3.056040451182924667e+00
-3.124364232088116200e+00
-3.159959896416878689e+00
-3.159251921260614715e+00
-3.116836809558088728e+00
-3.025781750134657777e+00
-2.878471974806332323e+00
-2.667896291372321205e+00
-2.389137287225209683e+00
-2.040751419559938107e+00
-1.625712204635822555e+00
-1.151653105105989283e+00
-6.302726430967592330e-01
-7.593250170702947610e-02
4.963342824318169866e-01
1.073019401042176302e+00
1.644053025744415475e+00
2.203960913920093301e+00
2.751929730154546228e+00
3.290681055278191991e+00
3.824327517086175909e+00
4.355632706259907394e+00
4.883267612952364445e+00
5.399708112607253696e+00
5.890326690178072866e+00
6.334008459159894855e+00
6.705314944578756098e+00
6.977890715975427760e+00
7.128508821657906225e+00
7.140922753273672541e+00
7.008583192353266433e+00
6.735341518532152350e+00
6.333537455070850086e+00
5.819351607969719176e+00
5.205940306190900202e+00
4.495561855673435581e+00
3.672515943931499827e+00
2.699086145104109935e+00
1.516625386845823487e+00
5.332738309215567796e-02
-1.760935950952516205e+00
-3.973932036307718185e+00
-6.587524173091171775e+00
