0.00479
-0.02537
-0.05474
-0.08279
-0.10901
-0.13290
-0.15397
-0.17186
-0.18627
-0.19698
-0.20389
-0.20692
-0.20615
-0.20170
-0.19377
-0.18266
-0.16870
-0.15228
-0.13384
-0.11381
-0.09267
-0.07087
-0.04886
-0.02706
-0.00585
0.01442
0.03346
0.05106
0.06702
0.08123
0.09367
0.10430
0.11320
0.12048
0.12626
0.13071
0.13401
0.13636
0.13795
0.13895
0.13950
0.13974
0.13974
0.13955
0.13915
0.13849
0.13747
0.13595
0.13374
0.13064
0.12643
0.12088
0.11376
0.10488
0.09406
0.08118
0.06616
0.04899
0.02976
0.00858
-0.01431
-0.03863
-0.06400
-0.08999
-0.11612
-0.14183
-0.16655
-0.18969
-0.21067
-0.22889
-0.24384
-0.25501
-0.26200
-0.26447
-0.26216
-0.25498
-0.24288
-0.22598
-0.20452
-0.17880
-0.14929
-0.11654
-0.08117
-0.04391
-0.00548
0.03330
0.07162
0.10869
0.14375
0.17604
0.20494
0.22984
0.25026
0.26584
0.27627
0.28145
0.28132
0.27596
0.26560
0.25051
0.23113
0.20794
0.18150
0.15243
0.12140
0.08909
0.05620
0.02343
-0.00860
-0.03923
-0.06793
-0.09421
-0.11763
-0.13791
-0.15477
-0.16811
-0.17788
-0.18411
-0.18697
-0.18665
-0.18346
-0.17774
-0.16988
-0.16033
-0.14953
-0.13792
-0.12597
-0.11408
-0.10262
-0.09194
-0.08230
-0.07390
-0.06690
-0.06131
-0.05715
-0.05433
-0.05270
-0.05205
-0.05213
-0.05265
-0.05329
-0.05374
-0.05367
-0.05279
-0.05080
-0.04748
-0.04265
-0.03617
-0.02797
-0.01806
-0.00648
0.00662
0.02108
0.03667
0.05310
0.07008
0.08725
0.10428
0.12080
0.13646
0.15091
0.16385
0.17496
0.18400
0.19077
0.19509
0.19686
0.19600
0.19254
0.18651
0.17800
0.16719
0.15426
0.13944
0.12302
0.10529
0.08656
0.06717
0.04746
0.02777
0.00841
-0.01030
-0.02806
-0.04462
-0.05975
-0.07326
-0.08501
-0.09487
-0.10279
-0.10873
-0.11272
-0.11482
-0.11510
-0.11372
-0.11081
-0.10656
-0.10119
-0.09489
-0.08789
-0.08041
-0.07267
-0.06487
-0.05718
-0.04976
-0.04272
-0.03617
-0.03015
-0.02469
-0.01978
-0.01538
-0.01143
-0.00784
-0.00453
-0.00139
0.00166
0.00472
0.00786
0.01114
0.01459
0.01822
0.02201
0.02591
0.02986
0.03377
0.03751
0.04097
0.04401
0.04650
0.04831
0.04932
0.04942
0.04856
0.04666
0.04371
0.03972
0.03472
0.02882
0.02210
0.01471
0.00682
-0.00138
-0.00969
-0.01789
-0.02576
-0.03308
-0.03965
-0.04528
-0.04982
-0.05312
-0.05510
-0.05569
-0.05489
-0.05272
-0.04924
-0.04457
-0.03884
-0.03223
-0.02495
-0.01720
-0.00924
-0.00131
0.00635
0.01351
0.01994
0.02545
0.02987
0.03308
0.03496
0.03546
0.03458
0.03233
0.02876
0.02399
0.01812
0.01133
0.00377
-0.00436
-0.01286
-0.02152
-0.03013
-0.03849
-0.04641
-0.05370
-0.06019
-0.06574
-0.07023
-0.07355
-0.07563
-0.07642
-0.07588
-0.07403
-0.07088
-0.06648
-0.06090
-0.05423
-0.04657
-0.03803
-0.02876
-0.01888
-0.00854
0.00212
0.01296
0.02385
0.03464
0.04523
0.05550
0.06536
0.07470
0.08346
0.09156
0.09893
0.10551
0.11127
0.11614
0.12008
0.12306
0.12504
0.12598
0.12586
0.12466
0.12236
0.11894
0.11441
0.10876
0.10200
0.09416
0.08527
0.07538
0.06453
0.05280
0.04027
0.02705
0.01323
-0.00105
-0.01565
-0.03042
-0.04520
-0.05981
-0.07406
-0.08775
-0.10070
-0.11268
-0.12350
-0.13295
-0.14084
-0.14697
-0.15117
-0.15330
-0.15321
-0.15080
-0.14602
-0.13880
-0.12917
-0.11715
-0.10285
-0.08639
-0.06796
-0.04780
-0.02618
-0.00344
0.02005
0.04390
0.06764
0.09083
0.11298
0.13360
0.15222
0.16839
0.18166
0.19167
0.19807
0.20058
0.19903
0.19326
0.18326
0.16908
0.15084
0.12879
0.10324
0.07457
0.04328
0.00987
-0.02504
-0.06083
-0.09686
-0.13243
-0.16687
-0.19953
-0.22974
-0.25691
-0.28050
-0.29999
-0.31497
-0.32507
-0.33004
-0.32972
-0.32400
-0.31295
-0.29666
-0.27536
-0.24939
-0.21914
-0.18514
-0.14794
-0.10818
-0.06658
-0.02384
0.01927
0.06201
0.10362
0.14341
0.18067
0.21483
0.24531
0.27166
0.29352
0.31058
0.32269
0.32975
0.33177
0.32887
0.32122
0.30909
0.29282
0.27279
0.24946
0.22332
0.19488
0.16468
0.13327
0.10120
0.06900
0.03719
0.00626
-0.02334
-0.05120
-0.07697
-0.10033
-0.12106
-0.13895
-0.15388
-0.16577
-0.17461
-0.18041
-0.18324
-0.18322
-0.18048
-0.17517
-0.16749
-0.15762
-0.14577
-0.13214
-0.11695
-0.10039
-0.08268
-0.06403
-0.04464
-0.02472
-0.00449
0.01584
0.03604
0.05588
0.07510
0.09348
0.11074
0.12664
0.14092
0.15334
0.16368
0.17171
0.17727
0.18019
0.18037
0.17776
0.17233
0.16414
0.15328
0.13991
0.12425
0.10654
0.08710
0.06628
0.04443
0.02193
-0.00083
-0.02347
-0.04563
-0.06699
-0.08725
-0.10617
-0.12355
-0.13925
-0.15317
-0.16528
-0.17556
-0.18408
-0.19089
-0.19610
-0.19980
-0.20211
-0.20312
-0.20290
-0.20153
-0.19903
-0.19539
-0.19058
-0.18455
-0.17721
-0.16846
-0.15820
-0.14634
-0.13278
-0.11748
-0.10041
-0.08159
-0.06109
-0.03907
-0.01568
0.00879
0.03404
0.05971
0.08537
0.11058
0.13485
0.15767
0.17856
0.19702
0.21260
0.22491
0.23356
0.23831
0.23896
0.23537
0.22759
0.21568
0.19986
0.18043
0.15776
0.13236
0.10475
0.07555
0.04543
0.01506
-0.01486
-0.04365
-0.07063
-0.09520
-0.11678
-0.13491
-0.14916
-0.15925
-0.16498
-0.16625
-0.16312
-0.15571
-0.14427
-0.12917
-0.11084
-0.08982
-0.06670
-0.04213
-0.01679
0.00863
0.03344
0.05697
0.07861
0.09782
0.11408
0.12704
0.13640
0.14198
0.14375
0.14172
0.13610
0.12715
0.11523
0.10081
0.08439
0.06655
0.04790
0.02904
0.01058
-0.00689
-0.02286
-0.03685
-0.04847
-0.05741
-0.06345
-0.06649
-0.06651
-0.06357
-0.05789
-0.04969
-0.03933
-0.02721
-0.01379
0.00044
0.01495
0.02922
0.04272
0.05494
0.06542
0.07375
0.07956
0.08260
0.08265
0.07962
0.07349
0.06434
0.05237
0.03781
0.02104
0.00245
-0.01747
-0.03819
-0.05916
-0.07981
-0.09956
-0.11785
-0.13418
-0.14804
-0.15906
-0.16687
-0.17124
-0.17202
-0.16913
-0.16266
-0.15274
-0.13962
-0.12368
-0.10533
-0.08509
-0.06354
-0.04127
-0.01894
0.00280
0.02334
0.04206
0.05843
0.07200
0.08237
0.08931
0.09265
0.09235
0.08854
0.08140
0.07129
0.05863
0.04394
0.02782
0.01090
-0.00617
-0.02271
-0.03807
-0.05165
-0.06290
-0.07135
-0.07664
-0.07846
-0.07671
-0.07128
-0.06231
-0.04997
-0.03455
-0.01647
0.00379
0.02567
0.04857
0.07184
0.09482
0.11687
0.13735
0.15569
0.17136
0.18391
0.19297
0.19829
0.19968
0.19708
0.19055
0.18020
0.16627
0.14911
0.12906
0.10661
0.08225
0.05648
0.02987
0.00293
-0.02380
-0.04984
-0.07474
-0.09809
-0.11955
-0.13884
-0.15574
-0.17010
-0.18182
-0.19085
-0.19721
-0.20095
-0.20216
-0.20093
-0.19741
-0.19172
-0.18401
-0.17441
-0.16307
-0.15012
-0.13569
-0.11992
-0.10293
-0.08487
-0.06588
-0.04612
-0.02577
-0.00502
0.01593
0.03683
0.05745
0.07750
0.09671
0.11478
0.13142
0.14634
0.15925
0.16990
0.17804
0.18348
0.18607
0.18572
0.18238
0.17610
0.16696
0.15514
0.14087
0.12445
0.10627
0.08671
0.06623
0.04533
0.02450
0.00424
-0.01496
-0.03265
-0.04841
-0.06187
-0.07276
-0.08083
-0.08598
-0.08815
-0.08736
-0.08377
-0.07756
-0.06902
-0.05851
-0.04641
-0.03317
-0.01927
-0.00516
0.00865
0.02172
0.03363
0.04396
0.05241
0.05871
0.06263
0.06410
0.06302
0.05945
0.05350
0.04532
0.03515
0.02328
0.01002
-0.00425
-0.01917
-0.03434
-0.04938
-0.06391
-0.07758
-0.09006
-0.10107
-0.11037
-0.11776
-0.12312
-0.12633
-0.12739
-0.12631
-0.12317
-0.11810
-0.11126
-0.10287
-0.09316
-0.08239
-0.07085
-0.05882
-0.04659
-0.03444
-0.02266
-0.01148
-0.00115
0.00815
0.01626
0.02306
0.02848
0.03246
0.03505
0.03627
0.03622
0.03505
0.03289
0.02994
0.02643
0.02255
0.01857
0.01471
0.01119
0.00826
0.00609
0.00487
0.00473
0.00579
0.00808
0.01165
0.01643
0.02238
0.02934
0.03715
0.04561
0.05448
0.06348
0.07235
0.08078
0.08849
0.09522
0.10071
0.10474
0.10714
0.10778
0.10659
0.10354
0.09868
0.09212
0.08401
0.07454
0.06398
0.05259
0.04067
0.02853
0.01649
0.00482
-0.00619
-0.01633
-0.02538
-0.03323
-0.03978
-0.04501
-0.04896
-0.05168
-0.05333
-0.05407
-0.05410
-0.05365
-0.05293
-0.05216
-0.05154
-0.05125
-0.05139
-0.05207
-0.05328
-0.05501
-0.05717
-0.05961
-0.06216
-0.06458
-0.06662
-0.06802
-0.06852
-0.06786
-0.06581
-0.06217
-0.05681
-0.04965
-0.04066
-0.02990
-0.01749
-0.00362
0.01144
0.02738
0.04384
0.06041
0.07665
0.09213
0.10641
0.11906
0.12968
0.13793
0.14351
0.14617
0.14576
0.14218
0.13540
0.12553
0.11268
0.09708
0.07902
0.05882
0.03689
0.01363
-0.01050
-0.03505
-0.05955
-0.08358
-0.10668
-0.12849
-0.14863
-0.16678
-0.18268
-0.19608
-0.20680
-0.21471
-0.21968
-0.22168
-0.22066
-0.21665
-0.20967
-0.19979
-0.18713
-0.17178
-0.15391
-0.13370
-0.11135
-0.08710
-0.06121
-0.03398
-0.00574
0.02317
0.05235
0.08143
0.10997
0.13756
0.16377
0.18816
0.21034
0.22990
0.24649
0.25977
0.26949
0.27542
0.27740
0.27535
0.26923
0.25912
0.24515
0.22751
0.20649
0.18241
0.15568
0.12673
0.09604
0.06410
0.03143
-0.00146
-0.03406
-0.06589
-0.09647
-0.12538
-0.15223
-0.17666
-0.19836
-0.21710
-0.23263
-0.24482
-0.25353
-0.25869
-0.26027
-0.25826
-0.25272
-0.24372
-0.23137
-0.21581
-0.19723
-0.17585
-0.15189
-0.12566
-0.09746
-0.06763
-0.03657
-0.00468
0.02761
0.05981
0.09147
0.12208
0.15117
0.17822
0.20279
0.22442
0.24269
0.25726
0.26780
0.27410
0.27598
0.27338
0.26632
0.25488
0.23929
0.21982
0.19685
0.17084
0.14228
0.11175
0.07985
0.04718
0.01438
-0.01794
-0.04922
-0.07891
-0.10653
-0.13168
-0.15400
-0.17326
-0.18928
-0.20195
-0.21128
-0.21729
-0.22011
-0.21989
-0.21685
-0.21120
-0.20320
-0.19309
-0.18113
-0.16756
-0.15261
-0.13651
-0.11944
-0.10159
-0.08314
-0.06424
-0.04506
-0.02575
-0.00646
0.01264
0.03136
0.04953
0.06693
0.08335
0.09856
0.11233
0.12441
0.13460
0.14266
0.14842
0.15172
0.15243
0.15050
0.14592
0.13872
0.12905
0.11705
0.10298
0.08714
0.06985
0.05153
0.03258
0.01344
-0.00544
-0.02364
-0.04075
-0.05639
-0.07025
-0.08207
-0.09162
-0.09882
-0.10359
-0.10595
-0.10599
-0.10387
-0.09978
-0.09399
-0.08677
-0.07844
-0.06931
-0.05968
-0.04988
-0.04017
-0.03078
-0.02193
-0.01376
-0.00638
0.00018
0.00590
0.01084
0.01509
0.01877
0.02203
0.02503
0.02794
0.03092
0.03411
0.03763
0.04155
0.04593
0.05074
0.05595
0.06147
0.06716
0.07285
0.07836
0.08346
0.08796
0.09165
0.09433
0.09587
0.09613
0.09507
0.09267
0.08897
0.08408
0.07816
0.07140
0.06405
0.05637
0.04862
0.04109
0.03403
0.02766
0.02217
0.01767
0.01425
0.01191
0.01057
0.01010
0.01029
0.01088
0.01158
0.01202
0.01184
0.01069
0.00819
0.00402
-0.00211
-0.01045
-0.02113
-0.03422
-0.04973
-0.06751
-0.08737
-0.10897
-0.13188
-0.15562
-0.17958
-0.20311
-0.22551
-0.24604
-0.26398
-0.27861
-0.28925
-0.29531
-0.29629
-0.29178
-0.28157
-0.26552
-0.24372
-0.21644
-0.18402
-0.14710
-0.10637
-0.06271
-0.01711
0.02940
0.07568
0.12061
0.16309
0.20206
0.23653
0.26572
0.28890
0.30559
0.31551
0.31849
0.31472
0.30445
0.28818
0.26663
0.24054
0.21089
0.17866
0.14489
0.11064
0.07696
0.04479
0.01504
-0.01153
-0.03431
-0.05276
-0.06662
-0.07570
-0.08000
-0.07971
-0.07508
-0.06659
-0.05476
-0.04021
-0.02366
-0.00581
0.01258
0.03078
0.04807
0.06382
0.07742
0.08840
0.09634
0.10093
0.10200
0.09945
0.09333
0.08376
0.07097
0.05531
0.03714
0.01694
-0.00477
-0.02745
-0.05053
-0.07344
-0.09561
-0.11648
-0.13556
-0.15238
-0.16652
-0.17766
-0.18552
-0.18991
-0.19074
-0.18796
-0.18165
-0.17196
-0.15908
-0.14333
-0.12505
-0.10466
-0.08263
-0.05943
-0.03561
-0.01168
0.01182
0.03436
0.05545
0.07464
0.09148
0.10564
0.11681
0.12474
0.12932
0.13044
0.12812
0.12246
0.11359
0.10179
0.08733
0.07059
0.05201
0.03204
0.01117
-0.01007
-0.03116
-0.05159
-0.07084
-0.08846
-0.10401
-0.11711
-0.12747
-0.13481
-0.13900
-0.13991
-0.13753
-0.13195
-0.12328
-0.11174
-0.09761
-0.08122
-0.06295
-0.04323
-0.02250
-0.00122
0.02013
0.04112
0.06130
0.08029
0.09772
0.11327
0.12672
0.13784
0.14651
0.15264
0.15621
0.15723
0.15577
0.15194
0.14588
0.13774
0.12773
0.11605
0.10291
0.08855
0.07320
0.05711
0.04052
0.02368
0.00684
-0.00975
-0.02584
-0.04117
-0.05550
-0.06858
-0.08016
-0.09003
-0.09795
-0.10374
-0.10723
-0.10827
-0.10679
-0.10270
-0.09600
-0.08676
-0.07504
-0.06104
-0.04496
-0.02707
-0.00772
0.01273
0.03387
0.05524
0.07638
0.09683
0.11613
0.13384
0.14954
0.16287
0.17354
0.18127
0.18591
0.18731
0.18546
0.18037
0.17214
0.16094
0.14696
0.13048
0.11181
0.09128
0.06926
0.04612
0.02225
-0.00197
-0.02615
-0.04994
-0.07299
-0.09499
-0.11565
-0.13471
-0.15196
-0.16720
-0.18030
-0.19114
-0.19965
-0.20580
-0.20959
-0.21106
-0.21030
-0.20741
-0.20253
-0.19585
-0.18756
-0.17790
-0.16712
-0.15547
-0.14326
-0.13076
-0.11827
-0.10609
-0.09450
-0.08376
-0.07413
-0.06582
-0.05901
-0.05383
-0.05038
-0.04869
-0.04873
-0.05043
-0.05365
-0.05817
-0.06376
-0.07011
-0.07688
-0.08369
-0.09015
-0.09586
-0.10040
-0.10340
-0.10450
-0.10340
-0.09983
-0.09363
-0.08467
-0.07296
-0.05858
-0.04168
-0.02255
-0.00152
0.02097
0.04440
0.06826
0.09195
0.11488
0.13648
0.15621
0.17355
0.18813
0.19959
0.20770
0.21240
0.21364
0.21159
0.20649
0.19867
0.18860
0.17677
0.16375
0.15016
0.13660
0.12366
0.11192
0.10187
0.09397
0.08856
0.08589
0.08616
0.08938
0.09552
0.10444
0.11587
0.12954
0.14503
0.16189
0.17966
0.19781
0.21582
0.23318
0.24939
0.26398
0.27652
0.28662
0.29397
0.29830
0.29939
0.29714
0.29145
0.28234
0.26985
0.25410
0.23528
0.21361
0.18936
0.16286
0.13444
0.10451
0.07345
0.04169
0.00967
-0.02219
-0.05347
-0.08375
-0.11263
-0.13976
-0.16479
-0.18746
-0.20749
-0.22473
-0.23903
-0.25030
-0.25857
-0.26386
-0.26628
-0.26603
-0.26331
-0.25840
-0.25161
-0.24330
-0.23383
-0.22358
-0.21296
-0.20236
-0.19214
-0.18266
-0.17425
-0.16717
-0.16168
-0.15796
-0.15613
-0.15628
-0.15842
-0.16251
-0.16846
-0.17611
-0.18530
-0.19578
-0.20730
-0.21959
-0.23235
-0.24529
-0.25812
-0.27057
-0.28239
-0.29337
-0.30330
-0.31205
-0.31953
-0.32566
-0.33044
-0.33388
-0.33603
-0.33699
-0.33683
-0.33569
-0.33366
-0.33086
-0.32737
-0.32328
-0.31861
-0.31340
-0.30762
-0.30124
-0.29419
-0.28635
-0.27763
-0.26787
-0.25695
-0.24471
-0.23103
-0.21579
-0.19889
-0.18027
-0.15988
-0.13772
-0.11382
-0.08824
-0.06110
-0.03251
-0.00263
0.02836
0.06025
0.09285
0.12592
0.15926
0.19263
0.22582
0.25862
0.29084
0.32228
0.35279
0.38220
0.41040
0.43724
0.46266
0.48654
0.50884
0.52950
0.54849
0.56580
0.58141
0.59536
0.60768
0.61841
0.62766
0.63550
0.64205
0.64746
0.65186
0.65543
0.65835
0.66079
0.66294
0.66499
0.66709
0.66942
0.67211
0.67527
0.67898
0.68327
0.68817
0.69362
0.69954
0.70581
0.71225
0.71864
0.72473
0.73022
0.73480
0.73813
0.73983
0.73956
0.73694
0.73160
0.72320
0.71141
0.69593
0.67652
0.65295
0.62505
0.59271
0.55586
0.51452
0.46873
0.41863
0.36439
0.30623
0.24446
0.17938
0.11138
0.04086
-0.03175
-0.10600
-0.18143
-0.25757
-0.33396
-0.41015
-0.48571
-0.56023
-0.63334
-0.70468
-0.77396
-0.84092
-0.90533
-0.96701
-1.02584
-1.08170
-1.13456
-1.18439
-1.23120
-1.27505
-1.31599
-1.35411
-1.38953
-1.42235
-1.45270
-1.48070
-1.50646
-1.53010
-1.55172
-1.57139
-1.58918
-1.60513
-1.61927
-1.63159
-1.64206
-1.65064
-1.65726
-1.66183
-1.66426
-1.66443
-1.66222
-1.65749
-1.65012
-1.63999
-1.62697
-1.61094
-1.59180
-1.56945
-1.54380
-1.51478
-1.48232
-1.44634
-1.40678
-1.36358
-1.31667
-1.26601
-1.21152
-1.15315
-1.09084
-1.02453
-0.95419
-0.87978
-0.80126
-0.71864
-0.63194
-0.54116
-0.44640
-0.34773
-0.24528
-0.13921
-0.02971
0.08299
0.19861
0.31686
0.43742
0.55994
0.68404
0.80934
0.93546
1.06201
1.18860
1.31489
1.44052
1.56517
1.68855
1.81041
1.93052
2.04868
2.16475
2.27859
2.39011
2.49923
2.60588
2.71002
2.81158
2.91050
3.00670
3.10008
3.19049
3.27775
3.36164
3.44190
3.51819
3.59016
3.65738
3.71941
3.77575
3.82586
3.86921
3.90524
3.93337
3.95306
3.96378
3.96501
3.95630
3.93723
3.90744
3.86665
3.81462
3.75121
3.67634
3.58998
3.49223
3.38318
3.26307
3.13213
2.99067
2.83907
2.67771
2.50703
2.32751
2.13961
1.94386
1.74077
1.53086
1.31467
1.09272
0.86554
0.63365
0.39756
0.15778
-0.08522
-0.33097
-0.57901
-0.82894
-1.08037
-1.33292
-1.58629
-1.84017
-2.09433
-2.34855
-2.60267
-2.85655
-3.11009
-3.36322
-3.61589
-3.86805
-4.11968
-4.37074
-4.62114
-4.87078
-5.11953
-5.36714
-5.61335
-5.85775
-6.09988
-6.33917
-6.57489
-6.80626
-7.03235
-7.25211
-7.46443
-7.66806
-7.86168
-8.04391
-8.21328
-8.36834
-8.50758
-8.62949
-8.73261
-8.81551
-8.87680
-8.91525
-8.92964
-8.91894
-8.88225
-8.81876
-8.72794
-8.60930
-8.46264
-8.28790
-8.08518
-7.85484
-7.59735
-7.31340
-7.00386
-6.66970
-6.31212
-5.93237
-5.53185
-5.11206
-4.67452
-4.22082
-3.75257
-3.27133
-2.77864
-2.27599
-1.76470
-1.24601
-0.72101
-0.19053
0.34466
0.88418
1.42774
1.97530
2.52714
3.08360
3.64532
4.21306
4.78765
5.37006
5.96125
6.56209
7.17339
7.79577
8.42950
9.07474
9.73098
10.39748
11.07295
11.75538
12.44251
13.13114
13.81767
14.49798
15.16716
15.82014
16.45119
17.05435
17.62352
18.15242
18.63479
19.06474
19.43653
19.74490
19.98549
20.15420
20.24832
20.26587
20.20571
20.06838
19.85481
19.56754
19.21000
18.78624
18.30156
17.76149
17.17199
16.53933
15.86948
15.16784
14.43957
13.68824
12.91632
12.12521
11.31342
10.47878
9.61620
8.71844
7.77709
6.78046
5.71611
4.56979
3.32579
1.96835
0.48168
-1.14990
-2.94058
-4.90318
-7.04827
-9.37838
-11.89422
-14.59652
-17.48597
