1.346270789373120351e+02
1.344264889090232487e+02
1.341001770026469160e+02
1.339602562236133281e+02
1.336427868085037858e+02
1.339246542140641338e+02
1.343396303298995917e+02
1.342811138994576368e+02
1.344792419510440311e+02
1.343424923357902117e+02
1.345553058881417030e+02
1.348890214407112182e+02
1.349495791398310018e+02
1.351624431556053310e+02
1.351374140533288539e+02
1.353231568364611519e+02
1.353444227983415544e+02
1.353573511037067760e+02
1.355019883196619048e+02
1.354060833596358577e+02
1.355672580618392544e+02
1.357511293360670663e+02
1.356297458424851072e+02
1.353117944790383262e+02
1.348107350686602501e+02
1.349923023440603913e+02
1.346489406987786310e+02
1.344980533741514819e+02
1.343359384035821336e+02
1.340405925387676973e+02
1.340325613618369118e+02
1.344932554031072982e+02
1.341575997633291593e+02
1.346057101974942896e+02
1.345822350905218343e+02
1.349873686304412672e+02
1.352015976977274931e+02
1.351576383958790757e+02
1.350575233637157737e+02
1.351452714434541065e+02
1.350386213035308174e+02
1.352955604410027775e+02
1.350503896867800506e+02
1.347708548141601455e+02
1.345173282717544225e+02
1.343916907609410032e+02
1.344973244583659664e+02
1.339378661018631931e+02
1.336488391105297637e+02
1.335180408109270331e+02
1.334535199153103235e+02
1.338890463790091303e+02
1.336083674215969950e+02
1.333826766708534421e+02
1.334282605083900819e+02
1.336186276618627744e+02
1.339597263049507490e+02
1.332484441693004555e+02
1.334939048562933692e+02
1.338301793322104629e+02
1.339307880228450642e+02
1.344500842947340686e+02
1.342501233674375669e+02
1.344045142620917659e+02
1.342687096720959801e+02
1.345826440165106987e+02
1.347941739877138616e+02
1.346186150975178748e+02
1.344481740994147287e+02
1.340864805059695755e+02
1.340549399891338567e+02
1.337747353168788038e+02
1.336816841064513426e+02
1.333707207133104191e+02
1.332993128737074926e+02
1.335182983068713440e+02
1.335476752828474787e+02
1.329669079290558216e+02
1.330534790015069291e+02
1.333442655177497898e+02
1.334643132621075665e+02
1.336983396646581070e+02
1.336207635147381154e+02
1.335794349464400170e+02
1.335379424979016676e+02
1.336945948606872037e+02
1.339879441104686464e+02
1.338726089593338600e+02
1.338929643929643873e+02
1.335818433043278048e+02
1.337423621736340920e+02
1.337579654542161336e+02
1.333002234710309324e+02
1.330977367099410742e+02
1.331071998420870841e+02
1.332305108743970266e+02
1.333248990843752892e+02
1.329027374567403115e+02
1.328383375240348983e+02
1.330026301946344063e+02
1.331072097224503068e+02
1.334188407933310430e+02
1.331382860322759996e+02
1.330946425940778681e+02
1.334873578683118183e+02
1.335727174127391095e+02
1.338849396999706016e+02
1.337314119720608403e+02
1.334380216585270205e+02
1.332798933801420560e+02
1.332222513517941991e+02
1.333925120772946968e+02
1.329807556757642999e+02
1.329581732750803837e+02
1.330544351181543732e+02
1.329465802523690172e+02
1.331443997041663181e+02
1.328809941760315212e+02
1.330656491296950605e+02
1.331138271362056571e+02
1.335296493512916527e+02
1.336379954877064620e+02
1.335787458507246868e+02
1.334322248953630208e+02
1.337490879211175070e+02
1.338818718838957977e+02
1.343542237480606047e+02
1.339615903852485985e+02
1.340687641638959064e+02
1.338217439384686429e+02
1.337607408258009229e+02
1.335571064529387684e+02
1.335391595191575504e+02
1.332411906143769045e+02
1.332664517508511608e+02
1.334419972324723460e+02
1.333465408186674495e+02
1.333471149104060487e+02
1.332606679492871535e+02
1.334162681784569884e+02
1.336357280656916373e+02
1.339227867907436291e+02
1.336717271907533586e+02
1.336073850418254665e+02
1.339396491693470637e+02
1.341553256400052874e+02
1.345572561036538559e+02
1.343026394921483586e+02
1.342403175083665587e+02
1.341338030531789798e+02
1.341375821615775124e+02
1.340619467556839766e+02
1.334831631472852962e+02
1.333927394913690989e+02
1.333205790426056865e+02
1.334808678109600919e+02
1.336851053995608822e+02
1.335417644919149609e+02
1.333015637371338187e+02
1.334958101483836970e+02
1.338466069436240673e+02
1.337941152147665491e+02
1.340633819261433928e+02
1.347394317627466478e+02
1.345614637219790382e+02
1.350414489549839345e+02
1.348932696597650249e+02
1.343598333223964971e+02
1.343900173727114691e+02
1.344026051210935577e+02
1.342622218532049203e+02
1.341841756420878085e+02
1.336850206832902188e+02
1.330280157826094012e+02
1.331852276261725194e+02
1.330256928691192400e+02
1.330321487616834020e+02
1.329116799262077961e+02
1.328188529431065206e+02
1.331155351091173884e+02
1.332233822531808869e+02
1.328614931397601140e+02
1.328755989409911251e+02
1.331938992129070130e+02
1.330458074408845164e+02
1.333298030833009307e+02
1.331680627768149350e+02
1.333025338681357539e+02
1.333834628190898854e+02
1.330776035707955316e+02
1.330490803516397875e+02
1.327120589852213470e+02
1.323243798644034825e+02
1.317946347623365000e+02
1.316838756560355250e+02
1.316043013866100466e+02
1.314194064987268575e+02
1.314175625795844553e+02
1.313162108933587433e+02
1.316706307003126142e+02
1.316453766408832848e+02
1.318399388772719760e+02
1.315699933233713921e+02
1.313318749091848474e+02
1.317499362813814230e+02
1.318498426039852518e+02
1.325397102574052326e+02
1.321564825978619240e+02
1.324097000740955252e+02
1.326723369916074944e+02
1.325302386926590827e+02
1.328368536407175782e+02
1.324767070422078348e+02
1.319464239565835442e+02
1.317686240988339250e+02
1.319534144791514052e+02
1.318041514789845507e+02
1.312370619858799046e+02
1.315248057577492489e+02
1.315709405341789591e+02
1.313544865894814961e+02
1.316132446911508396e+02
1.316924849633891199e+02
1.316555531925335742e+02
1.318245008427330447e+02
1.321457467442504878e+02
1.323118078175895675e+02
1.323970351907120175e+02
1.323400573084562382e+02
1.323680762744843662e+02
1.323548481024944010e+02
1.317432521820499005e+02
1.316676113360323939e+02
1.310966274611735685e+02
1.316612124375999144e+02
1.315454306981014270e+02
1.314405925249196514e+02
1.312123698276282084e+02
1.308456114246898778e+02
1.312911683681737145e+02
1.314033569709192477e+02
1.316864682689003985e+02
1.311495803211876989e+02
1.311859833452605528e+02
1.314850601160190422e+02
1.313687903316650818e+02
1.315157399376826959e+02
1.313209995348762789e+02
1.315437329326029783e+02
1.318110902707641969e+02
1.316623829719132459e+02
1.315943217867786075e+02
1.311162209649080523e+02
1.312181915220520239e+02
1.316348849338288005e+02
1.316238916416742768e+02
1.315434000358206958e+02
1.313506516839251503e+02
1.306996625603435689e+02
1.311632408247957358e+02
1.311865719819238336e+02
1.314445596358511636e+02
1.312735656070396431e+02
1.312399499325389627e+02
1.317235708819746378e+02
1.317912044954800876e+02
1.320317150524518297e+02
1.320342057864247920e+02
1.321761251176222345e+02
1.323479977256112363e+02
1.325262425350790636e+02
1.325622509960159334e+02
1.322610530088293785e+02
1.319417012146924719e+02
1.319086663629263398e+02
1.316040186070551670e+02
1.314925179762907419e+02
1.311741648966982154e+02
1.314709114935860441e+02
1.316012745463685292e+02
1.316729566916314127e+02
1.318512174451579142e+02
1.313323015911399239e+02
1.315309731646881630e+02
1.319953664563959137e+02
1.322362669528734500e+02
1.322814830494675391e+02
1.323243479811323766e+02
1.324047472256473554e+02
1.327268576442487529e+02
1.327326843332901376e+02
1.331774180427885881e+02
1.330134969325153236e+02
1.327912486972381316e+02
1.327432344733597063e+02
1.323592803733789935e+02
1.325545417448788044e+02
1.319052448285313517e+02
1.319768790836361347e+02
1.321944890445839178e+02
1.321488899339960881e+02
1.324104095146673501e+02
1.321745830488637239e+02
1.322863183917767174e+02
1.325116852977707822e+02
1.325457485318960664e+02
1.327133583874274052e+02
1.324402989873010767e+02
1.324616215170902080e+02
1.324580666837322553e+02
1.329953398058252390e+02
1.330470743652532803e+02
1.325954967569568339e+02
1.328999854723894600e+02
1.329194373197814230e+02
1.329981569800339685e+02
1.328733618829893430e+02
1.323830891627049482e+02
1.324274825288477189e+02
1.329504927951078344e+02
1.324814056580962358e+02
1.326149213512329084e+02
1.327354344816353091e+02
1.326166067437566767e+02
1.328318871137782935e+02
1.329472319460650738e+02
1.332571573554205884e+02
1.328530114645567721e+02
1.330066971923935739e+02
1.330966787293928348e+02
1.334362743503853892e+02
1.333848860209475049e+02
1.333135847283216151e+02
1.336847589677000485e+02
1.338983105807581353e+02
1.338379847595010403e+02
1.334660241591508623e+02
1.332136385776911709e+02
1.332152858144121410e+02
1.329760423452768521e+02
1.326983689036760552e+02
1.324175650587890516e+02
1.325359819236958856e+02
1.325239638577882602e+02
1.327173088505803378e+02
1.325927404245613559e+02
1.329969647024266237e+02
1.326121659463571518e+02
1.325135882674557024e+02
1.327423322786853532e+02
1.326476481466591508e+02
1.326929752531839029e+02
1.326998425803964210e+02
1.329036323922012741e+02
1.332094195314386695e+02
1.332240010370418304e+02
1.332571631732897970e+02
1.329266056529331763e+02
1.328826417715181094e+02
1.330012425768138371e+02
1.327078073036065859e+02
1.322008096251854852e+02
1.321601853490579686e+02
1.316583058023543060e+02
1.317829511640119051e+02
1.317177116763264166e+02
1.317865320298430731e+02
1.321321199974138665e+02
1.317825156167622822e+02
1.320865769662021307e+02
1.322589970785579112e+02
1.319953583661448988e+02
1.323596769773851918e+02
1.325899197982019189e+02
1.327502206248094865e+02
1.330411488048098647e+02
1.330498441864595520e+02
1.330908545775732250e+02
1.333230525259717183e+02
1.335194186515946626e+02
1.333759287498783408e+02
1.327190470828574576e+02
1.324538900473627336e+02
1.320214959804264367e+02
1.321670860513198420e+02
1.320409544789439167e+02
1.318753874070624477e+02
1.317586568730325212e+02
1.317831967871485972e+02
1.320561768782028480e+02
1.320872966357921143e+02
1.322242469199509856e+02
1.320403057017821880e+02
1.323489732779763699e+02
1.325880361898039723e+02
1.328377567319016919e+02
1.327358132350811957e+02
1.327945201063744207e+02
1.330465423816281714e+02
1.335604317130568859e+02
1.333443724657113592e+02
1.329628276820635335e+02
1.325414886039886255e+02
1.324079697620701381e+02
1.323354004337697916e+02
1.314719000892060592e+02
1.317453919644867426e+02
1.315350878603237845e+02
1.318895079966600292e+02
1.319886656115614016e+02
1.318242538325330599e+02
1.320871638161368367e+02
1.316365999521569279e+02
1.321394816709834004e+02
1.321744704482348141e+02
1.321847023241006127e+02
1.324146529439154847e+02
1.322596222692485242e+02
1.325269465855955104e+02
1.329812528943040206e+02
1.328936437201370779e+02
1.330082502963698801e+02
1.327981082686965237e+02
1.327685372348958879e+02
1.324567909144788587e+02
1.317948054023815132e+02
1.317984728397448180e+02
1.316376811594202820e+02
1.316898287041517506e+02
1.320056549355110462e+02
1.317106577052328191e+02
1.318279528382312833e+02
1.318790832795351946e+02
1.318960325665546804e+02
1.321924081881281836e+02
1.322062222797759716e+02
1.323168959252530499e+02
1.321459863378339321e+02
1.321338696237420720e+02
1.323992464010820811e+02
1.325225358214463540e+02
1.323486294842596749e+02
1.326478307014440645e+02
1.329748159128627378e+02
1.333398889590313843e+02
1.327655602331606133e+02
1.325939006362876569e+02
1.320355520726714360e+02
1.323131747027688050e+02
1.322679269464915137e+02
1.318140757309474225e+02
1.321066090893037597e+02
1.321566300129366027e+02
1.324194583719222180e+02
1.321454516539440078e+02
1.320868726484280273e+02
1.319987636317524675e+02
1.322345101036640642e+02
1.323232766881747864e+02
1.325504491065477737e+02
1.327313197847216770e+02
1.322403443721256053e+02
1.325318713963999926e+02
1.326353725689913290e+02
1.329933401150777286e+02
1.331089655172413870e+02
1.334794511702986313e+02
1.335064128418165694e+02
1.341233451126929594e+02
1.347989259009825673e+02
1.339702585690572789e+02
1.333649994123474301e+02
1.330798917285242169e+02
1.332233044971273728e+02
1.334423210218833447e+02
1.331723169442241499e+02
1.333051244027022335e+02
1.330689265906450771e+02
1.337126260375926279e+02
1.337524605813226231e+02
1.336401583244000904e+02
1.338559749979439175e+02
1.336958370123287239e+02
1.337335036531983690e+02
1.340915769495074983e+02
1.337444585696590593e+02
1.339993830167234705e+02
1.338222493651763045e+02
1.339446393949590686e+02
1.341696508936607870e+02
1.340325413640848069e+02
1.338288791576778181e+02
1.334980711049927322e+02
1.336948687943830976e+02
1.339083170890188228e+02
1.335530345909407117e+02
1.333126010738081391e+02
1.337475874596558185e+02
1.338673173434139301e+02
1.336990964827363655e+02
1.335385720976050834e+02
1.336966313950101721e+02
1.338978616189676245e+02
1.339414692286630100e+02
1.337582289589150264e+02
1.333395798748563266e+02
1.338164424224824813e+02
1.341958093646559576e+02
1.340017485602451188e+02
1.340511450381679310e+02
1.341634749443117869e+02
1.342417725381860123e+02
1.347213519798462755e+02
1.349411271871878171e+02
1.349968787323831521e+02
1.343653824589507337e+02
1.341725955414012503e+02
1.342243594847215888e+02
1.343248788783007797e+02
1.342303171985332995e+02
1.341754537735698136e+02
1.339916487673516485e+02
1.343767070590498065e+02
1.341917051280003932e+02
1.343501542813062599e+02
1.343643048776545754e+02
1.344346683011016523e+02
1.344963488420613373e+02
1.343431184446149871e+02
1.345515277889165020e+02
1.346623613261093908e+02
1.352486819838583756e+02
1.354451596167253058e+02
1.353589048172542846e+02
1.357384180239929776e+02
1.353413764604838718e+02
1.350735437050476264e+02
1.352836379007608798e+02
1.348762894958801155e+02
1.347441180792528712e+02
1.345342685501956055e+02
1.342980819500718894e+02
1.342638715026580485e+02
1.342410949118420547e+02
1.343387776349823355e+02
1.339779211516016062e+02
1.340138410552992241e+02
1.342273937242881345e+02
1.343944132995137011e+02
1.341592674984685800e+02
1.341288278092158635e+02
1.343506256264347201e+02
1.346710369102593177e+02
1.347788545542792349e+02
1.347456958335346542e+02
1.345924763376472981e+02
1.348582168845386207e+02
1.351264111992774701e+02
1.349756164075909908e+02
1.347585490057047082e+02
1.345471372321197805e+02
1.343425847732882801e+02
1.341801340292544467e+02
1.343825555827021674e+02
1.349469146467469614e+02
1.347131399199668635e+02
1.347197937720530376e+02
1.350875396865821187e+02
1.343661639804721517e+02
1.345741522628314897e+02
1.344585716891342884e+02
1.342906439456005216e+02
1.346210326549309571e+02
1.349727262240240009e+02
1.349555981683831192e+02
1.349591390003648428e+02
1.349576244302339205e+02
1.354194213172862931e+02
1.354880172128434310e+02
1.352152695595003138e+02
1.348538562305551238e+02
1.350135677304433273e+02
1.345167208165140664e+02
1.345690746726200473e+02
1.342852345107122289e+02
1.340367452759635114e+02
1.339091075165243865e+02
1.339914754858145614e+02
1.337251388313302982e+02
1.337478505756646996e+02
1.335424674724258693e+02
1.336163460905078750e+02
1.339607177738416510e+02
1.340310903178711328e+02
1.340771967925158776e+02
1.339754166528059613e+02
1.341213101091757665e+02
1.344371142618848864e+02
1.345728040709083189e+02
1.345510836429059225e+02
1.344736299033068860e+02
1.344327973956084179e+02
1.345873386478102702e+02
1.341020996020579616e+02
1.336534360971745343e+02
1.336230747503613827e+02
1.335623481580643386e+02
1.338905895785415225e+02
1.336855300978616583e+02
1.334355358116030743e+02
1.336366415493423006e+02
1.335676109645601741e+02
1.335617406457234040e+02
1.334654412589541721e+02
1.334884447019441325e+02
1.334873895685356331e+02
1.338426741199088781e+02
1.341110002253485050e+02
1.340348005081774829e+02
1.339463022508038534e+02
1.339990945397513258e+02
1.343990911134662838e+02
1.345347334669338579e+02
1.340883128505905120e+02
1.339808465472323178e+02
1.338606843519248457e+02
1.338316880869202805e+02
1.338479470670074534e+02
1.335305970872218779e+02
1.335488606697392413e+02
1.333753807965699991e+02
1.332355089877919738e+02
1.337345627315187642e+02
1.334200671798910207e+02
1.333314871004511133e+02
1.335443754535924370e+02
1.339546385105182367e+02
1.341161949075869302e+02
1.339933318264014588e+02
1.341637432567755468e+02
1.342676373582173710e+02
1.345154672326194714e+02
1.345864959782485641e+02
1.347135078738873801e+02
1.343347511078047773e+02
1.344184402937680147e+02
1.344104452193658403e+02
1.343116553097130179e+02
1.338519282627765676e+02
1.336483350397347749e+02
1.338052821362440170e+02
1.337155618850336509e+02
1.339297895794831845e+02
1.337661643011591650e+02
1.337842793471849063e+02
1.337249470056149789e+02
1.342503871798633952e+02
1.342022216078195243e+02
1.342993523273690641e+02
1.345228162095783944e+02
1.347756352789685366e+02
1.349605580939947629e+02
1.350714320894419700e+02
1.347533352904719948e+02
1.346661361569442477e+02
1.354711177670989457e+02
1.355326277217032782e+02
1.356066913275791137e+02
1.351566804407713391e+02
1.352988641780495414e+02
1.352303538023586782e+02
1.355428511128788784e+02
1.355068468615159247e+02
1.351095571472457095e+02
1.349054001679478176e+02
1.355237995285303896e+02
1.355938857576589385e+02
1.355498698485069156e+02
1.353277416244878282e+02
1.352619074464829509e+02
1.357556061413280588e+02
1.357089502940465593e+02
1.359557510757176715e+02
1.356801798172824363e+02
1.355924523437374205e+02
1.361202659308386274e+02
1.362080980492813183e+02
1.364228599814120457e+02
1.364756083938402469e+02
1.367999999999999829e+02
1.369113594926674580e+02
1.372424835976813711e+02
1.371678600980204976e+02
1.367574844124319782e+02
1.366776359759396371e+02
1.367619138725466712e+02
1.363427094468465270e+02
1.362048165904783161e+02
1.359168185451638919e+02
1.358898579175181567e+02
1.360577252018223930e+02
1.360361251358087884e+02
1.362674513834246000e+02
1.360228797412619883e+02
1.360993260590500711e+02
1.362548611999488344e+02
1.361762086513994916e+02
1.364496775734415905e+02
1.363258035100068639e+02
1.364436535989717072e+02
1.369282014273113646e+02
1.368610130320344069e+02
1.366921938824740153e+02
1.363704039873246359e+02
1.361487480886850392e+02
1.358079306855552488e+02
1.356780674822226729e+02
1.354914129461430150e+02
1.350755791690599210e+02
1.351203096510028558e+02
1.353223419218719812e+02
1.352683552009740424e+02
1.355339563360992372e+02
1.355938080995877613e+02
1.357100413810940154e+02
1.362719508637733838e+02
1.362161952606329010e+02
1.358080612343765097e+02
1.360873934572611290e+02
1.362301397334713329e+02
1.365386369148677943e+02
1.362488792853226869e+02
1.362151718098821220e+02
1.360776255707762346e+02
1.354409505985608746e+02
1.355858065964372088e+02
1.350602191535035956e+02
1.348825164264944476e+02
1.344687048627828574e+02
1.346390539213318505e+02
1.348552202611334963e+02
1.343851131638975573e+02
1.342396170745005008e+02
1.339198675074845539e+02
1.342305411179490591e+02
1.342637280478493267e+02
1.341942121776801002e+02
1.340964550962960402e+02
1.340549576880089546e+02
1.342034841327711376e+02
1.343865775214677285e+02
1.341240416686426045e+02
1.343542956963633515e+02
1.342983151949741227e+02
1.345627751028904697e+02
1.349202329947528085e+02
1.347767847077958550e+02
1.343453027608197772e+02
1.342368501455288197e+02
1.340400019332388410e+02
1.341862347521411891e+02
1.335631474006711130e+02
1.333518241362107517e+02
1.330243418825463664e+02
1.333161581518749585e+02
1.333631256137413743e+02
1.330298134039256297e+02
1.329205652551364949e+02
1.330034518744481034e+02
1.329712125338416797e+02
1.333677943556787682e+02
