BVP Signal
4.775647945024529602e-04
3.101917831204564768e-02
5.916353180533118206e-02
8.498254789778403318e-02
1.085481492128306247e-01
1.299322583738964365e-01
1.492067980044071707e-01
1.664436907277881961e-01
1.817148591674671021e-01
1.950922259468652609e-01
2.066477136894120381e-01
2.164532450185323587e-01
2.245807425576513694e-01
2.311021289301953274e-01
2.360893267595882694e-01
2.396142586692584509e-01
2.417488472826292423e-01
2.425650152231275669e-01
2.421346851141790157e-01
2.405297795792089577e-01
2.378222212416432058e-01
2.340839327249072399e-01
2.293868366524275393e-01
2.238028556476279185e-01
2.174039123339357449e-01
2.102619293347767759e-01
2.024488292735754369e-01
1.940365347737582069e-01
1.850969684587503716e-01
1.757020529519780494e-01
1.659237108768664704e-01
1.558347422755629874e-01
1.455299263441816038e-01
1.351270696278866201e-01
1.247450658722282779e-01
1.145028088227566243e-01
1.045191922250218730e-01
9.491310982457365486e-02
8.580345536696265540e-02
7.730912259773847772e-02
6.954900526245114123e-02
6.264199710665073473e-02
5.670699187588745110e-02
5.186288331571155263e-02
4.822856517167244117e-02
4.592293118932044838e-02
4.506417061738097335e-02
4.565735405031940558e-02
4.747099503406251170e-02
5.024391666508293969e-02
5.371494203985312244e-02
5.762289425484562466e-02
6.170659640653261557e-02
6.570487159138671540e-02
6.935654290588016968e-02
7.240043344648555701e-02
7.457536630967548374e-02
7.562016459192183460e-02
7.527365138969743796e-02
7.327464979947451162e-02
6.936198291772588398e-02
6.327447384092332872e-02
5.482628824928825750e-02
4.416707168218114710e-02
3.153981057743870942e-02
1.718749520069806636e-02
1.353115817595229586e-03
-1.572033730623312309e-02
-3.378987390515014733e-02
-5.261250371351844368e-02
-7.194523646570288866e-02
-9.154508189606573587e-02
-1.111690497389707516e-01
-1.305741497287817576e-01
-1.495173915998609382e-01
-1.677557850865726008e-01
-1.850463399232798456e-01
-2.011590499959566569e-01
-2.159954710365190877e-01
-2.295336585332465595e-01
-2.417526143730931998e-01
-2.526313404430136078e-01
-2.621488386299618556e-01
-2.702841108208925980e-01
-2.770161589027601012e-01
-2.823239847625189647e-01
-2.861865902871230105e-01
-2.885829773635267825e-01
-2.894921478786847691e-01
-2.888931037195514584e-01
-2.867648467730808948e-01
-2.830863789262275110e-01
-2.778383273933905939e-01
-2.710500990803236254e-01
-2.628072034514280508e-01
-2.531982488594199943e-01
-2.423118436570154688e-01
-2.302365961969304875e-01
-2.170611148318815631e-01
-2.028740079145843200e-01
-1.877638837977551600e-01
-1.718193508341101516e-01
-1.551290173763651414e-01
-1.377814917772366976e-01
-1.198653823894403336e-01
-1.014692975656924512e-01
-8.268184565870950742e-02
-6.359162650362670810e-02
-4.428511022502884531e-02
-2.484384536339118155e-02
-5.348687380523631241e-03
1.411950826176586182e-02
3.347988610166793833e-02
5.265159067737301690e-02
7.155376652707326479e-02
9.010555818895872593e-02
1.082261102012214704e-01
1.258345671020518752e-01
1.428500734296408725e-01
1.591917737221799911e-01
1.747788125178599550e-01
1.895303343548722097e-01
2.033654837714073405e-01
2.162049027875435625e-01
2.279766594885167530e-01
2.386111196434233250e-01
2.480386497029625770e-01
2.561896161178333076e-01
2.629943853387350927e-01
2.683833238163669810e-01
2.722867980014280764e-01
2.746351743446175941e-01
2.753588192966346937e-01
2.743880993081785902e-01
2.716533808299483876e-01
2.670850303126435232e-01
2.606134142069627124e-01
2.521688989636058920e-01
2.416986317632873194e-01
2.293427437705116700e-01
2.153648857273956496e-01
2.000307231774023642e-01
1.836059216639948644e-01
1.663561467306348685e-01
1.485470639207862042e-01
1.304443387779103403e-01
1.123136368454706879e-01
9.442062366692982600e-02
7.703096478575033323e-02
6.041032574539473288e-02
4.482437208932588124e-02
3.053876936100652362e-02
1.781918310389885018e-02
6.925720956414416207e-03
-2.084498826250169579e-03
-9.410724638923451124e-03
-1.526862095548420228e-02
-1.987385224981297327e-02
-2.344208299578920407e-02
-2.618897766729244569e-02
-2.833020073820302631e-02
-3.008141668240071898e-02
-3.165828997376496368e-02
-3.327648508617558898e-02
-3.515166649351236794e-02
-3.749949866965585077e-02
-4.053564608848447826e-02
-4.447577322387935572e-02
-4.953530201743527872e-02
-5.582465234647798757e-02
-6.318568423481915608e-02
-7.141793303356758216e-02
-8.032093409383156413e-02
-8.969422276671928929e-02
-9.933733440333997189e-02
-1.090498043548009943e-01
-1.186311679722111823e-01
-1.278809606066788618e-01
-1.365987176093124700e-01
-1.445839743312206660e-01
-1.516362661235112763e-01
-1.575551283372932931e-01
-1.621400963236748760e-01
-1.651907054337643510e-01
-1.665431182019458944e-01
-1.662359769200303927e-01
-1.643775049794239940e-01
-1.610759890633051417e-01
-1.564397158548527234e-01
-1.505769720372452380e-01
-1.435960442936617398e-01
-1.356052193072804224e-01
-1.267127837612802566e-01
-1.170270243388394915e-01
-1.066562277231369871e-01
-9.570868059735226918e-02
-8.429266964466286538e-02
-7.251648154824796855e-02
-6.048840299128599440e-02
-4.831763870290672891e-02
-3.612544087012437011e-02
-2.404154133462421683e-02
-1.219584872127388309e-02
-7.182716549378742599e-04
1.026128123951663973e-02
2.061290133722293305e-02
3.020668001331383579e-02
3.891270864292573073e-02
4.660107860118900547e-02
5.314188126323848849e-02
5.840520800420878622e-02
6.226115019923184057e-02
6.457979922344159185e-02
6.523124645197353466e-02
6.408896369424965656e-02
6.117954391295499228e-02
5.674204662603132832e-02
5.103118151017516091e-02
4.430165824208431857e-02
3.680818649845529755e-02
2.880547595598503818e-02
2.054823629136914853e-02
1.229117718130612325e-02
4.289008302492680613e-03
-3.203560668375349252e-03
-9.931820054599804770e-03
-1.564106017948485583e-02
-2.007657136633300698e-02
-2.298364393844798403e-02
-2.410770781536286655e-02
-2.331773507323309236e-02
-2.083297408844525522e-02
-1.693432552864326812e-02
-1.190269006147157138e-02
-6.018968354574006849e-03
4.359389244048550438e-04
7.181131107821481230e-03
1.393570752803163781e-02
2.041876751739168938e-02
2.634941040825566905e-02
3.144673553298171775e-02
3.542984222392475679e-02
3.801782981344103973e-02
3.892979763388648706e-02
3.788484501761502088e-02
3.466662391528818610e-02
2.945715961179740106e-02
2.259029558693548267e-02
1.440017417520245147e-02
5.220937711107875856e-03
-4.613271470846225242e-03
-1.476831103615872109e-02
-2.491003865032137554e-02
-3.470431197883350194e-02
-4.381698868718642004e-02
-5.191392644088210773e-02
-5.866098290541321703e-02
-6.372401574627417631e-02
-6.676888262896341075e-02
-6.746144121897579282e-02
-6.548864748320770701e-02
-6.085539396037020765e-02
-5.381247390846022327e-02
-4.461707293664396445e-02
-3.352637665408852996e-02
-2.079757066996101855e-02
-6.687840593428306946e-03
8.545627966344060411e-03
2.464564940018931782e-02
4.135503809893936733e-02
5.841660845342896285e-02
7.557317485449133176e-02
9.256755169296027042e-02
1.091425533596686037e-01
1.250409942454488998e-01
1.400066941726803016e-01
1.538412920937748396e-01
1.664346341931968176e-01
1.776839916625587712e-01
1.874866356934701273e-01
1.957398374775409788e-01
2.023408682063820851e-01
2.071869990716048715e-01
2.101755012648194310e-01
2.112036459776340802e-01
2.101687044016640193e-01
2.069679477285166769e-01
2.014986471498025900e-01
1.936580738571334059e-01
1.833434990421196620e-01
1.704522386036184667e-01
1.549900738020546509e-01
1.373042209066657193e-01
1.178089096513232903e-01
9.691836976989542940e-02
7.504683099625042431e-02
5.260852306425611857e-02
3.001767570778257621e-02
7.688518660698639984e-03
-1.396471834312873472e-02
-3.452780556982804061e-02
-5.358651328553210025e-02
-7.072661175637195985e-02
-8.553387124847944278e-02
-9.759406202798448504e-02
-1.064929543610195761e-01
-1.118952289854160398e-01
-1.140102480021083498e-01
-1.132772042332987894e-01
-1.101361012030024900e-01
-1.050269424352346936e-01
-9.838973145401108678e-02
-9.066447178334746670e-02
-8.229116694725857606e-02
-7.370982046976021218e-02
-6.536043587486790873e-02
-5.768301668659677611e-02
-5.111756642896250757e-02
-4.610408862598056046e-02
-4.308258680166601740e-02
-4.249306448003453696e-02
-4.475207775785849940e-02
-4.986741270059052988e-02
-5.749964690031150738e-02
-6.729832575768140979e-02
-7.891299467336215789e-02
-9.199319904801522840e-02
-1.061884842823007657e-01
-1.211483957768809128e-01
-1.365224789324160914e-01
-1.519602791495689997e-01
-1.671113418289988384e-01
-1.816252123713677502e-01
-1.951514361773376005e-01
-2.073395586475675345e-01
-2.178391251827206387e-01
-2.263015268855149142e-01
-2.325169168656736063e-01
-2.365084052856490371e-01
-2.383213871034035591e-01
-2.380012572769002466e-01
-2.355934107641013964e-01
-2.311432425229696108e-01
-2.246961475114675755e-01
-2.162975206875573653e-01
-2.059927570092020821e-01
-1.938272514343641895e-01
-1.798463989210055125e-01
-1.640955944270899303e-01
-1.466202329105790181e-01
-1.274657093294350729e-01
-1.066774230482138153e-01
-8.435721704937498844e-02
-6.080446552675267124e-02
-3.636172879471594177e-02
-1.137156716763709774e-02
1.382345904011489379e-02
3.888078951417103107e-02
6.345786394015903720e-02
8.721212200370995205e-02
1.098010033904536498e-01
1.308819477860211355e-01
1.501123948760400006e-01
1.671497843461413613e-01
1.816515558819562504e-01
1.932751491691125922e-01
2.016780038932410868e-01
2.065762299821658488e-01
2.081400036032557965e-01
2.067513044653839227e-01
2.027933024325986322e-01
1.966491673689481079e-01
1.887020691384818649e-01
1.793351776052476421e-01
1.689316626332939553e-01
1.578746940866699311e-01
1.465474418294239745e-01
1.353330757256041017e-01
1.246147656392590508e-01
1.147756814344375320e-01
1.061989929751883666e-01
9.926787012555923773e-02
9.434953847885435563e-02
9.148681731399510575e-02
9.042001827066922792e-02
9.087789516037508841e-02
9.258920179461110900e-02
9.528269198487560043e-02
9.868711954266724817e-02
1.025312382794839189e-01
1.065438020068243813e-01
1.104535645361870155e-01
1.139892796790697854e-01
1.168797012469715568e-01
1.188535830513904185e-01
1.196396789038249170e-01
1.189667426157732522e-01
1.165649337179213707e-01
1.123078621560680834e-01
1.063344497750895734e-01
9.881232466344827547e-02
8.990911490960697139e-02
7.979244860202788781e-02
6.862995382917462528e-02
5.658925867950943822e-02
4.383799124149445614e-02
3.054377960359402899e-02
1.687425185426874585e-02
2.997036081982096256e-03
-1.092023962480159760e-02
-2.470994717762226012e-02
-3.820445848801584665e-02
-5.123614547690508170e-02
-6.365092374634201411e-02
-7.534745191301667200e-02
-8.623722582975651418e-02
-9.623174134939216362e-02
-1.052424943247511901e-01
-1.131809806086615522e-01
-1.199586960539531511e-01
-1.254871365134537786e-01
-1.296777978399918652e-01
-1.324421758863964516e-01
-1.336917665054959681e-01
-1.333380655501188450e-01
-1.312925688730937623e-01
-1.274667723272495667e-01
-1.217721717654141611e-01
-1.141465236110044412e-01
-1.047561485129262782e-01
-9.388505338086644558e-02
-8.181821773823939881e-02
-6.884062110846041194e-02
-5.523724301494092881e-02
-4.129306298109593210e-02
-2.729306053034055365e-02
-1.352221518608621650e-02
-2.655064717480004610e-04
1.219208608925919507e-02
2.356558297352371462e-02
3.357000465762949304e-02
4.192037161816486446e-02
4.833170433171465191e-02
5.252890354467421030e-02
5.447393489605842354e-02
5.437141555312401120e-02
5.243696047009620276e-02
4.888618460119997788e-02
4.393470290066046890e-02
3.779813032270366857e-02
3.069208182155372389e-02
2.283217235143628066e-02
1.443401686657738714e-02
5.713230321200607476e-03
-3.114572330467912931e-03
-1.183377613420225072e-02
-2.022876613577867522e-02
-2.808392738097081898e-02
-3.518422573051610547e-02
-4.139915082317890960e-02
-4.677063142189302747e-02
-5.136161534064043188e-02
-5.523505039340154132e-02
-5.845388439415727388e-02
-6.108106515688899174e-02
-6.317954049557766849e-02
-6.481225822420400018e-02
-6.604216615674918245e-02
-6.693221210719457748e-02
-6.754534388952049273e-02
-6.794450931770867896e-02
-6.819265620573933262e-02
-6.835273236759464854e-02
-6.848768561725410153e-02
-6.864345293693208117e-02
-6.879223205529477747e-02
-6.888624469151716223e-02
-6.887771221011712575e-02
-6.871885597561139258e-02
-6.836189735251853306e-02
-6.775905770535491091e-02
-6.686255839863831929e-02
-6.562462079688616279e-02
-6.399746626461569332e-02
-6.193331616634462078e-02
-5.938439186658989177e-02
-5.630291472986920231e-02
-5.264110612070027617e-02
-4.835118740360011547e-02
-4.339330269853347577e-02
-3.780542927498087291e-02
-3.166972168679893507e-02
-2.506884154419053434e-02
-1.808545045736065227e-02
-1.080221003651393730e-02
-3.301781891853594608e-03
4.333172366415727339e-03
1.201999112808849191e-02
1.967601278296282619e-02
2.721857572083286048e-02
3.456501833149427938e-02
4.163267900474365568e-02
4.833889613037656297e-02
5.460100809818824175e-02
6.033761268848358839e-02
6.550338629407548297e-02
7.009354278416357609e-02
7.410545098883913884e-02
7.753647973819366435e-02
8.038399786231753552e-02
8.264537419130280060e-02
8.431797755524034210e-02
8.539917678422129232e-02
8.588634070833647827e-02
8.577683815767772613e-02
8.506803796233597392e-02
8.375730895240210416e-02
8.184201995796805407e-02
7.931953980912420654e-02
7.618740547818070308e-02
7.248047607783963953e-02
6.831771985465279196e-02
6.382961667023845376e-02
5.914664638621336401e-02
5.439928886419520548e-02
4.971802396580216055e-02
4.523333155265074623e-02
4.107569148635903389e-02
3.737558362854498384e-02
3.426348784082500210e-02
3.186988398481738205e-02
3.032525192213975096e-02
2.976007151440918097e-02
3.030482262324341036e-02
3.208998511025973333e-02
3.519583847529650367e-02
3.946034693115196834e-02
4.464845733478040035e-02
5.052510166895518573e-02
5.685521191644815620e-02
6.340372006003303085e-02
6.993555808248219652e-02
7.621565796656781799e-02
8.200895169506372540e-02
8.708037125074186147e-02
9.119484861637505713e-02
9.411731577473669841e-02
9.561270470859906112e-02
9.544594740073475414e-02
9.338197583391705248e-02
8.921165839648398377e-02
8.301471086151857026e-02
7.505136018339586546e-02
6.558458993402549453e-02
5.487738368531719368e-02
4.319272500917847868e-02
3.079359747752014043e-02
1.794298466224936162e-02
4.903870135275489872e-03
-8.060762531490406335e-03
-2.068792976614217127e-02
-3.271464799676940260e-02
-4.387793365146179514e-02
-5.391480315831306130e-02
-6.256227294541247264e-02
-6.956213830884350191e-02
-7.482210084355980784e-02
-7.845454078032315648e-02
-8.058447906170773667e-02
-8.133693663028868093e-02
-8.083693442863998380e-02
-7.920949339933613942e-02
-7.657963448495175296e-02
-7.307237862806181816e-02
-6.881274677123949690e-02
-6.392575985706039354e-02
-5.853643882809878018e-02
-5.276980462692892893e-02
-4.675087819612477880e-02
-4.060468047826260030e-02
-3.445623423309518429e-02
-2.843123951002402006e-02
-2.265708500222829436e-02
-1.726141820271476224e-02
-1.237188660449251021e-02
-8.116137700569847624e-03
-4.621818983953751570e-03
-2.016577947653530600e-03
-4.280620846766058918e-04
1.608111196826911282e-05
-8.117958507266598289e-04
-3.039340465769369004e-03
-6.794200226168722878e-03
-1.220402262493175405e-02
-1.939645515506777107e-02
-2.849914530958450043e-02
-3.957599051490620634e-02
-5.234795159662841701e-02
-6.642117731105752487e-02
-8.140173405862632938e-02
-9.689568823977223744e-02
-1.125091062549280208e-01
-1.278480545045268257e-01
-1.425185993890056568e-01
-1.561268073087965225e-01
-1.682787446643362328e-01
-1.785804778560577677e-01
-1.866380732843949397e-01
-1.920575973497835598e-01
-1.944451164526571629e-01
-1.934066969934504776e-01
-1.885866708857413532e-01
-1.801149588799995371e-01
-1.684552682809920265e-01
-1.540778676954617787e-01
-1.374530257301550262e-01
-1.190510109918186399e-01
-9.934209208719485540e-02
-7.879653762303012732e-02
-5.788461620607138203e-02
-3.707659644306043889e-02
-1.684274694074627821e-02
2.346663694129724753e-03
2.002136685482092116e-02
3.571109393458005155e-02
4.894557632666518554e-02
5.926173270312595776e-02
6.650436370776058315e-02
7.093552077584508453e-02
7.284695191994028374e-02
7.253040515260655852e-02
7.027762848640439763e-02
6.638036993389495599e-02
6.113037750763938849e-02
5.481939922019718470e-02
4.773918308413005462e-02
4.018147711199893113e-02
3.243802931636352582e-02
2.480058770978604832e-02
1.756090030482543307e-02
1.101071511404339009e-02
5.441690237318774770e-03
1.080297080060049764e-03
-2.027088054423975549e-03
-3.864928912759758514e-03
-4.417689241574623837e-03
-3.669832787494942128e-03
-1.605823297147895845e-03
1.789875482840042054e-03
6.532799805842315344e-03
1.263848592523109104e-02
2.012247009438111744e-02
2.900028856666481136e-02
3.928747759545442308e-02
5.099957343412486743e-02
6.415211233604811714e-02
7.876063055459825435e-02
9.479668685101516612e-02
1.119678497999376798e-01
1.298836363725061060e-01
1.481534009142093655e-01
1.663864977705369341e-01
1.841922812869826176e-01
2.011801058090356142e-01
2.169593256821852334e-01
2.311392952519250588e-01
2.433293688637445107e-01
2.531389008631337312e-01
2.601772455955847496e-01
2.640537574065875415e-01
2.643777906416336365e-01
2.607586996462128992e-01
2.528408068527580599e-01
2.407771409989901690e-01
2.251050381408402079e-01
2.063713076751153008e-01
1.851227589986170208e-01
1.619062015081521311e-01
1.372684446005280889e-01
1.117562976725453017e-01
8.591657012101150404e-02
6.029607134273373692e-02
3.544161073451274069e-02
1.189999769315575051e-02
-9.781958384530053952e-03
-2.905744810174371029e-02
-4.537966206167617922e-02
-5.820848146609003404e-02
-6.736535606226595752e-02
-7.321037136017477520e-02
-7.614749015331681581e-02
-7.658067523519065944e-02
-7.491388939929574664e-02
-7.155109543913096282e-02
-6.689625614819576238e-02
-6.135333431998979403e-02
-5.532629274801140890e-02
-4.921909422576029036e-02
-4.343570154673614264e-02
-3.838007750443718502e-02
-3.445618489236317028e-02
-3.206798650401361528e-02
-3.161936942537044160e-02
-3.337705022974690738e-02
-3.718715147308732094e-02
-4.281545428898184125e-02
-5.002773981101976686e-02
-5.858978917279267229e-02
-6.826738350789002263e-02
-7.882630394990114420e-02
-9.003233163241797232e-02
-1.016512476890296668e-01
-1.134488332533255539e-01
-1.251908694588977355e-01
-1.366431374393353160e-01
-1.475714183282275660e-01
-1.577414932591665875e-01
-1.669191433657414847e-01
-1.748916788805430778e-01
-1.815908826435909118e-01
-1.870079746619095484e-01
-1.911343585277871515e-01
-1.939614378335100253e-01
-1.954806161713653623e-01
-1.956832971336404658e-01
-1.945608843126221121e-01
-1.921047813005978544e-01
-1.883063916898541912e-01
-1.831571190726783149e-01
-1.766483670413580842e-01
-1.687715391881792759e-01
-1.595180391054295821e-01
-1.488792703853971666e-01
-1.368542404017556446e-01
-1.235696762936934756e-01
-1.092582829035031455e-01
-9.415597291874633346e-02
-7.849865902699082465e-02
-6.252225391579779856e-02
-4.646267027273354167e-02
-3.055582078536345225e-02
-1.503761814124981999e-02
-1.439750279583762449e-04
1.388919586694514763e-02
2.682598185589890605e-02
3.843047025133694561e-02
4.846674836569386802e-02
5.669890351140727258e-02
6.289344827613896349e-02
6.698687793773128174e-02
6.919428399001570362e-02
6.975658225744962859e-02
6.891468856449145530e-02
6.690951873559947138e-02
6.398198859523179793e-02
6.037301396784650054e-02
5.632351067790181132e-02
5.207439454985615668e-02
4.786658140816729690e-02
4.394098707729356817e-02
4.053852738169351488e-02
3.790011814582473770e-02
3.626667519414572549e-02
3.587910248798489854e-02
3.688811300694305739e-02
3.913706756821494492e-02
4.240391413093613782e-02
4.646660065424268460e-02
5.110307509726985664e-02
5.609128541915398003e-02
6.120917957903038165e-02
6.623470553603405531e-02
7.094581124930199323e-02
7.512044467796918923e-02
7.853655378117041508e-02
8.097208651804344015e-02
8.220499084772214804e-02
8.201321472934297585e-02
8.017470612204147251e-02
7.651086772683723947e-02
7.116984233782319702e-02
6.444843191734495047e-02
5.664418840944318578e-02
4.805466375815892199e-02
3.897740990752995849e-02
2.970997880159925719e-02
2.054992238440428443e-02
1.179479259998628127e-02
3.742141392386211241e-03
-3.310479294357349112e-03
-9.065517516203491777e-03
-1.322542132911180834e-02
-1.549263878904302838e-02
-1.556961795195649367e-02
-1.317427804335594144e-02
-8.327117692620261691e-03
-1.324288221922015341e-03
7.527987888198695021e-03
1.792348815720409827e-02
2.955599010455411957e-02
4.211927124970835101e-02
5.530710911212968761e-02
6.881328121127652797e-02
8.233156506661185037e-02
9.555573819759538567e-02
1.081795781236865039e-01
1.198968623643481002e-01
1.304013684390398498e-01
1.393868738672216778e-01
1.465486686233282709e-01
1.517244515043189579e-01
1.550089788974497451e-01
1.565239878412721386e-01
1.563912153743367561e-01
1.547323985351950482e-01
1.516692743623980766e-01
1.473235798944957653e-01
1.418170521700410636e-01
1.352714282275845337e-01
1.278084451056756277e-01
1.195498398428680720e-01
1.106173494777117072e-01
1.011327110487562075e-01
9.121766159455568790e-02
8.099393808804167261e-02
7.057112576053020669e-02
6.001273737417917031e-02
4.937136848757486818e-02
3.869961465930338296e-02
2.805007144795662599e-02
1.747533441212056893e-02
7.027999110381710768e-03
-3.239338898668342459e-03
-1.327408405644336931e-02
-2.302364080435748139e-02
-3.243541358381807349e-02
-4.145680683624020091e-02
-5.003522500303647647e-02
-5.811807252561529413e-02
-6.565275384539159820e-02
-7.259979018193896128e-02
-7.903052920880437870e-02
-8.507199775031792921e-02
-9.085164302981818540e-02
-9.649691227064771670e-02
-1.021352526961455398e-01
-1.078941115296541131e-01
-1.139009359945135635e-01
-1.202831733140647952e-01
-1.271682707116479349e-01
-1.346836754106053302e-01
-1.429568346342762197e-01
-1.521151956060018406e-01
-1.622862055491254285e-01
-1.735973116869844457e-01
-1.861649600710069130e-01
-1.998525697986033300e-01
-2.142705330131606800e-01
-2.290182406861558384e-01
-2.436950837890686783e-01
-2.579004532933688587e-01
-2.712337401705364748e-01
-2.832943353920482910e-01
-2.936816299293781851e-01
-3.019950147540030327e-01
-3.078338808374003754e-01
-3.107976191510442021e-01
-3.104856206664121654e-01
-3.064972763549785872e-01
-2.984319771882222860e-01
-2.858912497698326560e-01
-2.687594714812294172e-01
-2.474840194670027416e-01
-2.225789042677650542e-01
-1.945581364241250333e-01
-1.639357264767070388e-01
-1.312256849661208036e-01
-9.694202243298066790e-02
-6.159874941789422742e-02
-2.570987646148897854e-02
1.021058589562745533e-02
4.564862711284656260e-02
8.009023664954190158e-02
1.130214039651051827e-01
1.439281185189276169e-01
1.722963697703829844e-01
1.977040344284971551e-01
2.201167691360069734e-01
2.396025085694328816e-01
2.562291879575957498e-01
2.700647425293155601e-01
2.811771075134051889e-01
2.896342181386839520e-01
2.955040096339709432e-01
2.988544172280805933e-01
2.997533761498319960e-01
2.982688216280426907e-01
2.944686888915293288e-01
2.884209131691100048e-01
2.801934296896004817e-01
2.698541736818211856e-01
2.574825360586312506e-01
2.432670515227477459e-01
2.274567199768628978e-01
2.103011834951982184e-01
1.920500841519725554e-01
1.729530640214154147e-01
1.532597651777485304e-01
1.332198296951907501e-01
1.130828996479722459e-01
9.309861711031186537e-02
7.351662415643467341e-02
5.458656286055929563e-02
3.655807529691701419e-02
1.968080353972534446e-02
4.204389663206686834e-03
-9.628484233922707247e-03
-2.176563409914145097e-02
-3.236398243597093938e-02
-4.159114356283888370e-02
-4.961473179817321721e-02
-5.660236146040498184e-02
-6.272164686796077859e-02
-6.814020233927164938e-02
-7.302564219276552748e-02
-7.754558074687167846e-02
-8.186763232001847967e-02
-8.615941123063475260e-02
-9.058853179714931869e-02
-9.532260833798922306e-02
-1.005292551715892824e-01
-1.063754799297129683e-01
-1.129080345967234944e-01
-1.199093595649791677e-01
-1.271267431525993086e-01
-1.343074736777063460e-01
-1.411988394584224871e-01
-1.475481288128668023e-01
-1.531026300591628586e-01
-1.576096315154325023e-01
-1.608164214997955810e-01
-1.624702883303741352e-01
-1.623185203252899278e-01
-1.601084058026644996e-01
-1.555872330806189474e-01
-1.485022904772761443e-01
-1.386008663107518579e-01
-1.257189612350231300e-01
-1.101094041708843285e-01
-9.214734024575221838e-02
-7.220793067571573687e-02
-5.066633667685493947e-02
-2.789771946524943758e-02
-4.277240256990388900e-03
1.981993973183904245e-02
4.401865928516013327e-02
6.794375718687994947e-02
9.122007222091532697e-02
1.134724431711955361e-01
1.343257088216196493e-01
1.534047079561089433e-01
1.703342793585873594e-01
1.847634160187148211e-01
1.966016896191979946e-01
2.059176613217879037e-01
2.127821607147670768e-01
2.172660173864251476e-01
2.194400609250495293e-01
2.193751209189254148e-01
2.171420269563395511e-01
2.128116086255775752e-01
2.064546955149276775e-01
1.981421172126766606e-01
1.879447033071074968e-01
1.759332833865111523e-01
1.621786870391727087e-01
1.467517438533791907e-01
1.297263721630075306e-01
1.112785333046375502e-01
9.170716644879028934e-02
7.131853223703066291e-02
5.041889131093402199e-02
2.931450431206839013e-02
8.311631881998238214e-03
-1.228346533769997251e-02
-3.216452670546177117e-02
-5.102529157971780194e-02
-6.855949931889648852e-02
-8.446088928142869712e-02
-9.842320082574818052e-02
-1.101401733102826963e-01
-1.193055460934613343e-01
-1.256136086751200587e-01
-1.289367631440838657e-01
-1.295803459204172281e-01
-1.279142086720497229e-01
-1.243082030669109272e-01
-1.191321807729297522e-01
-1.127559934580342205e-01
-1.055494927901554636e-01
-9.788253043722239255e-02
-9.012495806716214197e-02
-8.264662734790673149e-02
-7.581738994738473902e-02
-7.000709753352307718e-02
-6.558560177425443172e-02
-6.292275433750604829e-02
-6.238840689120755956e-02
-6.425991780435319489e-02
-6.833043534560356846e-02
-7.423518982720755943e-02
-8.160932440291318590e-02
-9.008798222646458020e-02
-9.930630645161042658e-02
-1.088994402320989097e-01
-1.185025267216736067e-01
-1.277507090740834794e-01
-1.362791304430762684e-01
-1.437229339823963281e-01
-1.497172628457920651e-01
-1.538972601870109425e-01
-1.558980691597983692e-01
-1.553548329179023635e-01
-1.519328793932356314e-01
-1.456680836369107501e-01
-1.368450568446046844e-01
-1.257530129179303957e-01
-1.126811657585075066e-01
-9.791872926794953358e-02
-8.175491734786921594e-02
-6.447894389988806374e-02
-4.638002282561815015e-02
-2.774736802667221447e-02
-8.870193404672210846e-03
9.962287138769787553e-03
2.846085970204093041e-02
4.633631038351959663e-02
6.329942528159404613e-02
7.906346943614894762e-02
9.344227170840269103e-02
1.063827769518526090e-01
1.178410803126912487e-01
1.277732769371132671e-01
1.361354619713078806e-01
1.428837305614700792e-01
1.479741778537929653e-01
1.513628989944681980e-01
1.530059891296893237e-01
1.528595434056490565e-01
1.508796569685399436e-01
1.470224249645554759e-01
1.412439425398870907e-01
1.335003048407295279e-01
1.237477652756117652e-01
1.120379980941815096e-01
9.867958477404289996e-02
8.402390435183210160e-02
6.842233586418355884e-02
5.222625834774174969e-02
3.578705083914102136e-02
1.945609237501688682e-02
3.584761992013518750e-03
-1.147556127323490216e-02
-2.537349838409319602e-02
-3.775767030391707912e-02
-4.827669799607248180e-02
-5.657920242392200372e-02
-6.231380455082469183e-02
-6.512912534014447807e-02
-6.475510090127745144e-02
-6.139651934801482192e-02
-5.543004483168267882e-02
-4.723257857400331439e-02
-3.718102179670323970e-02
-2.565227572150408086e-02
-1.302324157012879624e-02
3.291794357003219318e-04
1.402808607425576337e-02
2.769657712381656811e-02
4.095775136266166516e-02
5.343470756906232300e-02
6.475054452129777594e-02
7.452836099764649502e-02
8.239125577638202469e-02
8.798695091114067113e-02
9.130913698363987696e-02
9.260678862720905791e-02
9.213483989411208608e-02
9.014822483661150132e-02
8.690187750697114799e-02
8.265073195745359369e-02
7.764972224032079540e-02
7.215378240783792974e-02
6.641784651226667613e-02
6.069684860586899156e-02
5.524572274091055224e-02
5.031940296965320414e-02
4.617282334435884872e-02
4.306091791729188545e-02
4.123509808178754676e-02
4.076757052621107769e-02
4.146983699700809711e-02
4.313285509375766602e-02
4.554758241603910907e-02
4.850497656343066843e-02
5.179599513551192552e-02
5.521159573186217029e-02
5.854273595205955472e-02
6.158037339568353530e-02
6.411546566231324240e-02
6.593897035152788966e-02
6.684184506290578864e-02
6.661504739602666647e-02
6.504953495046883472e-02
6.193631810539707017e-02
5.713998709707679424e-02
5.074491067670691691e-02
4.287631323739705957e-02
3.365941917225378360e-02
2.321945287438247074e-02
1.168163873689409549e-02
-8.287988471055163231e-04
-1.418663548451123968e-02
-2.826664678221130211e-02
-4.294360834710037045e-02
-5.809229578607377764e-02
-7.358748470601861325e-02
-8.930395071383046002e-02
-1.051164694164040680e-01
-1.208998164206273596e-01
-1.365219607507635047e-01
-1.518064591399143071e-01
-1.665590552184869344e-01
-1.805854448240304388e-01
-1.936913237940925403e-01
-2.056823879662150190e-01
-2.163643331779463441e-01
-2.255428552668340414e-01
-2.330236500704209179e-01
-2.386124134262546381e-01
-2.421148411718815896e-01
-2.433366291448476881e-01
-2.420834731826983499e-01
-2.381610691229802401e-01
-2.313751128032379700e-01
-2.215510608859392327e-01
-2.088343376704096532e-01
-1.936297235249646032e-01
-1.763494694710924793e-01
-1.574058265302736570e-01
-1.372110457239877346e-01
-1.161773780737248574e-01
-9.471707460096465137e-02
-7.324238632718631237e-02
-5.216556427388061024e-02
-3.189885946252695587e-02
-1.285452291460456413e-02
4.555194348396053583e-03
1.991804130499558179e-02
3.282176693371327558e-02
4.285827150752844622e-02
4.989129390574828515e-02
5.421955919493011422e-02
5.618085105446105065e-02
5.611295316373095254e-02
5.435364920212801265e-02
5.124072284904171437e-02
4.711195778386047250e-02
4.230513768597231328e-02
3.715804623476746255e-02
3.200846710963406450e-02
2.719418398995994066e-02
2.305298055513566730e-02
1.992264048454879533e-02
1.814094745758843691e-02
1.804566407160804881e-02
1.987106121227787126e-02
2.350796232688518936e-02
2.877603899330920950e-02
3.549496278942585598e-02
4.348440529311405761e-02
5.256403808225343366e-02
6.255353273471878084e-02
7.327256082838984330e-02
8.454079394114638601e-02
9.617790365086248405e-02
1.080035615354182910e-01
1.198374391726935717e-01
1.314992081405627067e-01
1.428085400169051833e-01
1.535851063796012106e-01
1.636588026881122815e-01
1.729342247649754416e-01
1.813491155751392192e-01
1.888413674167318534e-01
1.953488725878855803e-01
2.008095233867321916e-01
2.051612121114018139e-01
2.083418310600255730e-01
2.102892725307355937e-01
2.109414288216612254e-01
2.102361922309347042e-01
2.081114550566862675e-01
2.045051095970485955e-01
1.993550481501513705e-01
1.925991630141247746e-01
1.841822631564924428e-01
1.741792686401763546e-01
1.627808992327717530e-01
1.501819169041318236e-01
1.365770836241176900e-01
1.221611613625825377e-01
1.071289120893799407e-01
9.167509777437080065e-02
7.599448038740852507e-02
6.028182189834641047e-02
4.473188427704549719e-02
2.953942949335897072e-02
1.489921951714057169e-02
1.006016318251146124e-03
-1.194541813345650905e-02
-2.376163965253741406e-02
-3.436401602019800716e-02
-4.387619492447381031e-02
-5.244241443479480402e-02
-6.020691262058586180e-02
-6.731392755127740823e-02
-7.390769729629875773e-02
-8.013245992507522786e-02
-8.613245350703702119e-02
-9.205191611161278598e-02
-9.803508580822922758e-02
-1.042262006663154383e-01
-1.107694987553012322e-01
-1.178092181446115938e-01
-1.254895969036771142e-01
-1.339548718471418876e-01
-1.432786043649844354e-01
-1.532734652493461525e-01
-1.636919407114787450e-01
-1.742865169626361954e-01
-1.848096802140662687e-01
-1.950139166770231691e-01
-2.046517125627602685e-01
-2.134755540825259423e-01
-2.212379274475738677e-01
-2.276913188691571666e-01
-2.325882145585252136e-01
-2.356811007269312697e-01
-2.367224635856269854e-01
-2.354647893458642893e-01
-2.316605642188949710e-01
-2.251008521810363150e-01
-2.158932070446931695e-01
-2.043003151467592537e-01
-1.905859288352936276e-01
-1.750138004583630114e-01
-1.578476823640265758e-01
-1.393513269003426869e-01
-1.197884864153794388e-01
-9.942291325719550266e-02
-7.851835977384880039e-02
-5.733857831340823108e-02
-3.614732122393191083e-02
-1.520834085347769205e-02
5.214610449885137555e-03
2.485778033809885046e-02
4.346265407316346474e-02
6.088627781024789909e-02
7.709859800617246961e-02
9.207426651900553483e-02
1.057879352068073209e-01
1.182142559276464500e-01
1.293278805395885189e-01
1.391034609007009704e-01
1.475156488690459455e-01
1.545390963026910258e-01
1.601484550597025991e-01
1.643183769981449716e-01
1.670235139760844478e-01
1.682385178515871382e-01
1.679380404827179041e-01
1.660971293559458384e-01
1.627387029944650232e-01
1.579786525961056620e-01
1.519435513255694148e-01
1.447599723475569422e-01
1.365544888267728185e-01
1.274536739279176212e-01
1.175841008156917333e-01
1.070723426548005341e-01
9.604497260994454555e-02
8.462856384582312375e-02
7.294968952714298016e-02
6.113492281860388733e-02
4.931083688490567329e-02
3.760400489075421682e-02
2.614100000084984554e-02
1.502811142110838105e-02
4.288289769324160616e-03
-6.076914540526945352e-03
-1.606595110930186809e-02
-2.567726953785126609e-02
-3.490931942703112689e-02
-4.376055037769793765e-02
-5.222941199070219032e-02
-6.031435386690064959e-02
-6.801382560714730463e-02
-7.532627681229814298e-02
-8.225015708320461416e-02
-8.878391602072288613e-02
-9.492600322570782234e-02
-1.006748682990124266e-01
-1.060220232925300765e-01
-1.108948613049204890e-01
-1.151861072179625189e-01
-1.187881461878417255e-01
-1.215933633707431127e-01
-1.234941439228508520e-01
-1.243828730003498917e-01
-1.241519357594248474e-01
-1.226937173562610006e-01
-1.199006029470432999e-01
-1.156649776879552505e-01
-1.098792267351829111e-01
-1.024357352449110081e-01
-9.322688837332249179e-02
-8.214507127660453101e-02
-6.908992596825447308e-02
-5.415103107769891899e-02
-3.762165145432438962e-02
-1.980506293710315724e-02
-1.004541365006828002e-03
1.847663742298188971e-02
3.833519758789138976e-02
5.826786329074895576e-02
7.797135869257321161e-02
9.714240795439177401e-02
1.154777352372293731e-01
1.326740647021135144e-01
1.484281205100628498e-01
1.624366268221052456e-01
1.743963077992673472e-01
1.840047160389266523e-01
1.911068351272653676e-01
1.958637124622447934e-01
1.984772342859631167e-01
1.991492868405213557e-01
1.980817563680191129e-01
1.954765291105566294e-01
1.915354913102337853e-01
1.864605292091496835e-01
1.804535290494060917e-01
1.737163770731018353e-01
1.664509595223356286e-01
1.588591626392105716e-01
1.511428726658246013e-01
1.435039758442764324e-01
1.361443584166689424e-01
1.292244507363410344e-01
1.227150659411054834e-01
1.165328349380989614e-01
1.105943844044087188e-01
1.048163410171236709e-01
9.911533145333495387e-02
9.340798239013070603e-02
8.761092050459973191e-02
8.164077247383294544e-02
7.541416497491904014e-02
6.884772468494604336e-02
6.185807828100553518e-02
5.436185244018598706e-02
4.627567383957642555e-02
3.751616915626476700e-02
2.800593318071287197e-02
1.772994916461589909e-02
6.710362351521559354e-03
-5.030187715703626772e-03
-1.746906149419913401e-02
-3.058361944110443709e-02
-4.435122201355234939e-02
-5.874922966868190155e-02
-7.375500286363428915e-02
-8.934590205553988307e-02
-1.054992877015401564e-01
-1.221925202587742509e-01
-1.394029601843743138e-01
-1.571079679354800973e-01
-1.752849039692322419e-01
-1.939072238184529340e-01
-2.128254860541220483e-01
-2.317455621246477526e-01
-2.503650240911936553e-01
-2.683814440149343561e-01
-2.854923939570430114e-01
-3.013954459786848394e-01
-3.157881721410328302e-01
-3.283681445052603065e-01
-3.388329351325335415e-01
-3.468801160840251918e-01
-3.522072594209071372e-01
-3.545119372043478156e-01
-3.534917214955193843e-01
-3.488441843555911137e-01
-3.402675987073001673e-01
-3.276589289235248836e-01
-3.113860230314426936e-01
-2.918849481194883411e-01
-2.695917712761068952e-01
-2.449425595897339325e-01
-2.183733801488026982e-01
-1.903203000417609259e-01
-1.612193863570425267e-01
-1.315067061830803574e-01
-1.016183266083236503e-01
-7.199031472120542841e-02
-4.305873761015865941e-02
-1.525966236363207607e-02
1.097084392994079893e-02
3.519671418212572123e-02
5.705761438020889864e-02
7.657907212189457580e-02
9.390919358647920046e-02
1.091961354776826987e-01
1.225880544992363763e-01
1.342331073548688747e-01
1.442794507483021182e-01
1.528752413832659696e-01
1.601686359634880152e-01
1.663077911926933994e-01
1.714408637746092090e-01
1.757160104129638634e-01
1.792813878114826731e-01
1.822851526738933359e-01
1.848754617039227166e-01
1.871934219698122015e-01
1.892963926294102261e-01
1.911868367599535712e-01
1.928662628367844301e-01
1.943361793352440525e-01
1.955980947306739937e-01
1.966535174984166967e-01
1.975039561138131894e-01
1.981509190522055819e-01
1.985959147889355403e-01
1.988404517993450638e-01
1.988860385587754853e-01
1.987341835425685543e-01
1.983863952260662700e-01
1.978441820846103261e-01
1.971079070975205738e-01
1.961338683471565703e-01
1.948213903441114447e-01
1.930660168272914923e-01
1.907632915356041181e-01
1.878087582079557838e-01
1.840979605832525623e-01
1.795264424004022197e-01
1.739897473983111620e-01
1.673834193158846850e-01
1.596030018920318871e-01
1.505440388656583139e-01
1.401020739756690114e-01
1.281726509609741049e-01
1.146513135604787792e-01
9.943381866655573442e-02
8.252420513381134026e-02
6.421064539095089341e-02
4.482735301597139121e-02
2.470854158688051694e-02
4.188424681675184669e-03
-1.639878412164370164e-02
-3.671887124507954708e-02
-5.643762311062423820e-02
-7.522082614028113845e-02
-9.273426675605254965e-02
-1.086437313799314269e-01
-1.226150064339207590e-01
-1.343138783400217307e-01
-1.434061335202297671e-01
-1.495575583965464417e-01
-1.525110253444203479e-01
-1.524473690927472258e-01
-1.497018933242945382e-01
-1.446100762637370640e-01
-1.375073961357526353e-01
-1.287293311650164473e-01
-1.186113595762023076e-01
-1.074889595939899911e-01
-9.569760944305355510e-02
-8.357278734806664056e-02
-7.144997153370968856e-02
-5.966464022465628458e-02
-4.855227164558047204e-02
-3.844834402116206751e-02
-2.968833557607501381e-02
-2.258902217916710503e-02
-1.721327651658142305e-02
-1.344098742504534760e-02
-1.114800403242866000e-02
-1.021017546660227260e-02
-1.050335085543563363e-02
-1.190337932679913502e-02
-1.428611000856233604e-02
-1.752739202859565637e-02
-2.150307451476896059e-02
-2.608900659495327901e-02
-3.116103739701703290e-02
-3.659501604883075299e-02
-4.226679167826608019e-02
-4.805221341319065864e-02
-5.382747169303570001e-02
-5.948512844773801156e-02
-6.494100538018265922e-02
-7.011269664522123968e-02
-7.491779639770490551e-02
-7.927389879248281090e-02
-8.309859798440588641e-02
-8.630948812832528461e-02
-8.882416337909049275e-02
-9.056021789155249690e-02
-9.143524582056189454e-02
-9.136684132096867250e-02
-9.027259854762381686e-02
-8.807011165537723119e-02
-8.467697479908015135e-02
-8.001084663187570112e-02
-7.406029331900533530e-02
-6.702022061984619361e-02
-5.912285969472739350e-02
-5.060044170397746260e-02
-4.168519780792960538e-02
-3.260935916691244663e-02
-2.360515694125450703e-02
-1.490482229128914371e-02
-6.740586377344814917e-03
6.553196402482308613e-04
7.050664601160994138e-03
1.221321734506120027e-02
1.591074671161996079e-02
1.791102154050711048e-02
1.798181067139209555e-02
1.594454115510424153e-02
1.196111382308262527e-02
6.326548620912642029e-03
-6.638270291732251138e-04
-8.714685704944713507e-03
-1.753069998416545427e-02
-2.681654244460496272e-02
-3.627688566403208803e-02
-4.561640222021079438e-02
-5.453976469091048607e-02
-6.275164565389956817e-02
-6.995671768694322612e-02
-7.585965336780969848e-02
-8.016512527426750134e-02
-8.257780598408209771e-02
-8.281861715595167928e-02
-8.086223912203538422e-02
-7.688427661947083713e-02
-7.106583575077524140e-02
-6.358802261846413506e-02
-5.463194332505724726e-02
-4.437870397307039361e-02
-3.300941066501875132e-02
-2.070516950342347895e-02
-7.647086590799732908e-03
5.983731970337833467e-03
2.000618007746729834e-02
3.423915162807386614e-02
4.850154051964031959e-02
6.261224064965227598e-02
7.639078356908853007e-02
8.969579286710753496e-02
1.024469685825022125e-01
1.145693215958783484e-01
1.259878627878484036e-01
1.366276030390246032e-01
1.464135532300135101e-01
1.552707242414270994e-01
1.631241269538770133e-01
1.698987722479710361e-01
1.755196710043201436e-01
1.799118341035361168e-01
1.830002724262275726e-01
1.847099968530051262e-01
1.849660182644793094e-01
1.836933624716305669e-01
1.808673855642490835e-01
1.766261100182481836e-01
1.711403603334371304e-01
1.645809610096223286e-01
1.571187365466100438e-01
1.489245114442102891e-01
1.401691102022293300e-01
1.310233573204730440e-01
1.216580772987518877e-01
1.122440946368717385e-01
1.029522338346386956e-01
9.395331939186390979e-02
8.541817580835153745e-02
7.751762758390934316e-02
7.042249921834697890e-02
6.427731388812407687e-02
5.903982783955974423e-02
5.458697791346101003e-02
5.079537772089903758e-02
4.754164087294532326e-02
4.470238098066880994e-02
4.215421165514232626e-02
3.977374650743570328e-02
3.743759914861988225e-02
3.502238318976585996e-02
3.240471224194507727e-02
2.946119991622708767e-02
2.606845982368369286e-02
2.210310557538694431e-02
1.744175078240435550e-02
1.196732497139842491e-02
5.677101584926527722e-03
-1.332226922925228152e-03
-8.960655480790669092e-03
-1.710817901731420676e-02
-2.567479246113185676e-02
-3.456049074087907957e-02
-4.366526878520149424e-02
-5.288912152273450573e-02
-6.213204388211363005e-02
-7.129403079198465276e-02
-8.027507718098264577e-02
-8.897517797774356918e-02
-9.729432811091248690e-02
-1.051325225091250537e-01
-1.123903008782336788e-01
-1.190122386200388183e-01
-1.250186423245198686e-01
-1.304372926728114002e-01
-1.352959703460535623e-01
-1.396224560253810087e-01
-1.434445303919287262e-01
-1.467899741268359759e-01
-1.496865679112379666e-01
-1.521620924262701569e-01
-1.542443283530709475e-01
-1.559610563727754640e-01
-1.573400571665202197e-01
-1.584091114154424496e-01
-1.591959998006780008e-01
-1.597285026250480078e-01
-1.600251749825967185e-01
-1.600714153147947405e-01
-1.598451756909839983e-01
-1.593244081805059720e-01
-1.584870648527020309e-01
-1.573110977769139884e-01
-1.557744590224829917e-01
-1.538551006587507430e-01
-1.515309747550596109e-01
-1.487800333807496322e-01
-1.455802286051631755e-01
-1.419095124976430533e-01
-1.377458371275279703e-01
-1.330671545641609610e-01
-1.278514168768857262e-01
-1.220813035124240775e-01
-1.157771590408657181e-01
-1.089773390283524102e-01
-1.017203112125218967e-01
-9.404454333101966435e-02
-8.598850312149136643e-02
-7.759065832157410747e-02
-6.888947666891359622e-02
-5.992342590115590228e-02
-5.073097375593754732e-02
-4.135058797090462868e-02
-3.182073628370285512e-02
-2.217988643196933118e-02
-1.246650615334898848e-02
-2.719063185489423162e-03
7.023768047149214766e-03
1.671893540854552107e-02
2.631920832269352140e-02
3.577718940819707427e-02
4.504548128365559734e-02
5.407668656766118076e-02
6.282340787882301214e-02
7.123824783573340369e-02
7.927380905699754621e-02
8.688269416121219280e-02
9.401750576697454065e-02
1.006308464928875601e-01
1.066753189575484484e-01
1.121035257795579554e-01
1.168680695775163869e-01
1.209215529700236047e-01
1.242165785756750296e-01
1.267057490130718556e-01
1.283416669008183852e-01
1.290769348575073749e-01
1.288641555017426832e-01
1.276559314521197308e-01
1.254048653272437086e-01
1.220635597457087052e-01
1.175846173261176908e-01
1.119206406870711934e-01
1.050242324471631905e-01
9.684799522499681901e-02
8.734453163917577090e-02
7.646644430828941630e-02
6.416633585094588810e-02
