-0.00006
-0.00514
-0.01080
-0.01694
-0.02344
-0.03016
-0.03695
-0.04366
-0.05013
-0.05622
-0.06178
-0.06668
-0.07079
-0.07404
-0.07634
-0.07766
-0.07798
-0.07731
-0.07569
-0.07318
-0.06989
-0.06591
-0.06140
-0.05649
-0.05134
-0.04613
-0.04102
-0.03617
-0.03173
-0.02785
-0.02464
-0.02221
-0.02062
-0.01993
-0.02015
-0.02127
-0.02325
-0.02602
-0.02949
-0.03355
-0.03805
-0.04285
-0.04779
-0.05270
-0.05740
-0.06173
-0.06553
-0.06864
-0.07094
-0.07232
-0.07268
-0.07196
-0.07011
-0.06713
-0.06303
-0.05783
-0.05161
-0.04445
-0.03644
-0.02772
-0.01841
-0.00865
0.00140
0.01159
0.02178
0.03180
0.04152
0.05081
0.05956
0.06766
0.07502
0.08159
0.08730
0.09213
0.09606
0.09911
0.10128
0.10261
0.10316
0.10299
0.10215
0.10074
0.09883
0.09651
0.09385
0.09092
0.08782
0.08459
0.08129
0.07799
0.07470
0.07145
0.06826
0.06513
0.06204
0.05898
0.05593
0.05283
0.04966
0.04635
0.04287
0.03915
0.03515
0.03083
0.02613
0.02103
0.01550
0.00952
0.00310
-0.00376
-0.01102
-0.01865
-0.02659
-0.03477
-0.04312
-0.05154
-0.05993
-0.06818
-0.07618
-0.08381
-0.09094
-0.09746
-0.10325
-0.10820
-0.11223
-0.11525
-0.11720
-0.11802
-0.11768
-0.11617
-0.11350
-0.10968
-0.10477
-0.09883
-0.09194
-0.08419
-0.07570
-0.06659
-0.05698
-0.04702
-0.03685
-0.02662
-0.01648
-0.00655
0.00304
0.01216
0.02071
0.02859
0.03573
0.04207
0.04757
0.05219
0.05593
0.05880
0.06082
0.06204
0.06251
0.06230
0.06147
0.06011
0.05830
0.05614
0.05370
0.05106
0.04831
0.04552
0.04275
0.04006
0.03748
0.03504
0.03276
0.03064
0.02869
0.02687
0.02518
0.02359
0.02204
0.02050
0.01892
0.01726
0.01547
0.01350
0.01132
0.00888
0.00617
0.00318
-0.00010
-0.00366
-0.00748
-0.01153
-0.01576
-0.02013
-0.02457
-0.02901
-0.03337
-0.03758
-0.04155
-0.04520
-0.04842
-0.05117
-0.05338
-0.05498
-0.05592
-0.05616
-0.05568
-0.05447
-0.05252
-0.04986
-0.04651
-0.04251
-0.03793
-0.03284
-0.02730
-0.02139
-0.01523
-0.00890
-0.00250
0.00386
0.01008
0.01609
0.02179
0.02710
0.03197
0.03633
0.04014
0.04337
0.04602
0.04807
0.04950
0.05036
0.05071
0.05057
0.05000
0.04907
0.04783
0.04636
0.04471
0.04296
0.04117
0.03940
0.03769
0.03610
0.03465
0.03336
0.03224
0.03131
0.03055
0.02993
0.02943
0.02899
0.02856
0.02808
0.02749
0.02672
0.02570
0.02435
0.02263
0.02046
0.01780
0.01462
0.01089
0.00660
0.00175
-0.00363
-0.00951
-0.01584
-0.02254
-0.02954
-0.03673
-0.04401
-0.05126
-0.05836
-0.06517
-0.07155
-0.07738
-0.08255
-0.08696
-0.09049
-0.09308
-0.09464
-0.09512
-0.09450
-0.09277
-0.08994
-0.08604
-0.08114
-0.07531
-0.06865
-0.06127
-0.05328
-0.04485
-0.03611
-0.02723
-0.01835
-0.00963
-0.00120
0.00681
0.01426
0.02107
0.02714
0.03240
0.03682
0.04037
0.04304
0.04483
0.04582
0.04606
0.04564
0.04464
0.04318
0.04137
0.03933
0.03718
0.03503
0.03301
0.03122
0.02974
0.02866
0.02803
0.02788
0.02825
0.02913
0.03051
0.03233
0.03453
0.03704
0.03975
0.04254
0.04531
0.04792
0.05024
0.05215
0.05351
0.05421
0.05415
0.05325
0.05143
0.04867
0.04493
0.04023
0.03459
0.02808
0.02078
0.01280
0.00427
-0.00467
-0.01385
-0.02308
-0.03220
-0.04099
-0.04927
-0.05689
-0.06366
-0.06944
-0.07409
-0.07752
-0.07962
-0.08035
-0.07969
-0.07763
-0.07422
-0.06953
-0.06366
-0.05672
-0.04885
-0.04022
-0.03104
-0.02148
-0.01176
-0.00208
0.00736
0.01638
0.02479
0.03243
0.03916
0.04486
0.04946
0.05288
0.05510
0.05610
0.05592
0.05464
0.05232
0.04909
0.04507
0.04041
0.03526
0.02978
0.02415
0.01851
0.01304
0.00786
0.00311
-0.00110
-0.00469
-0.00760
-0.00977
-0.01121
-0.01193
-0.01197
-0.01140
-0.01029
-0.00876
-0.00692
-0.00491
-0.00287
-0.00093
0.00078
0.00211
0.00296
0.00322
0.00281
0.00166
-0.00025
-0.00294
-0.00640
-0.01058
-0.01542
-0.02081
-0.02665
-0.03279
-0.03910
-0.04540
-0.05152
-0.05728
-0.06251
-0.06706
-0.07077
-0.07351
-0.07516
-0.07562
-0.07485
-0.07279
-0.06944
-0.06482
-0.05899
-0.05204
-0.04407
-0.03523
-0.02566
-0.01555
-0.00509
0.00552
0.01607
0.02637
0.03621
0.04543
0.05385
0.06133
0.06774
0.07300
0.07703
0.07981
0.08132
0.08159
0.08065
0.07861
0.07558
0.07168
0.06707
0.06190
0.05635
0.05059
0.04478
0.03909
0.03369
0.02870
0.02424
0.02043
0.01732
0.01496
0.01337
0.01254
0.01245
0.01301
0.01415
0.01575
0.01768
0.01981
0.02198
0.02404
0.02583
0.02720
0.02802
0.02815
0.02748
0.02593
0.02344
0.02000
0.01558
0.01022
0.00397
-0.00308
-0.01083
-0.01913
-0.02784
-0.03677
-0.04575
-0.05458
-0.06307
-0.07100
-0.07818
-0.08447
-0.08970
-0.09373
-0.09647
-0.09781
-0.09772
-0.09617
-0.09318
-0.08878
-0.08306
-0.07612
-0.06809
-0.05913
-0.04939
-0.03908
-0.02840
-0.01756
-0.00677
0.00376
0.01384
0.02328
0.03192
0.03962
0.04626
0.05174
0.05599
0.05899
0.06073
0.06121
0.06047
0.05862
0.05575
0.05198
0.04745
0.04230
0.03669
0.03078
0.02472
0.01869
0.01282
0.00724
0.00208
-0.00257
-0.00662
-0.01002
-0.01273
-0.01473
-0.01605
-0.01669
-0.01673
-0.01622
-0.01525
-0.01391
-0.01231
-0.01055
-0.00875
-0.00702
-0.00545
-0.00413
-0.00315
-0.00258
-0.00245
-0.00279
-0.00362
-0.00493
-0.00667
-0.00881
-0.01127
-0.01398
-0.01683
-0.01973
-0.02256
-0.02520
-0.02755
-0.02948
-0.03089
-0.03171
-0.03185
-0.03126
-0.02988
-0.02770
-0.02472
-0.02095
-0.01644
-0.01125
-0.00545
0.00085
0.00754
0.01451
0.02161
0.02872
0.03568
0.04237
0.04863
0.05436
0.05944
0.06376
0.06726
0.06987
0.07154
0.07226
0.07204
0.07089
0.06887
0.06600
0.06240
0.05815
0.05339
0.04822
0.04277
0.03717
0.03155
0.02604
0.02075
0.01578
0.01124
0.00720
0.00372
0.00084
-0.00141
-0.00303
-0.00404
-0.00448
-0.00441
-0.00390
-0.00304
-0.00194
-0.00070
0.00055
0.00169
0.00260
0.00316
0.00326
0.00281
0.00172
-0.00008
-0.00263
-0.00596
-0.01007
-0.01495
-0.02054
-0.02679
-0.03360
-0.04087
-0.04847
-0.05625
-0.06406
-0.07175
-0.07913
-0.08604
-0.09228
-0.09774
-0.10227
-0.10573
-0.10802
-0.10905
-0.10876
-0.10710
-0.10406
-0.09967
-0.09397
-0.08703
-0.07894
-0.06983
-0.05983
-0.04908
-0.03778
-0.02611
-0.01427
-0.00244
0.00919
0.02043
0.03111
0.04107
0.05017
0.05829
0.06534
0.07123
0.07591
0.07937
0.08157
0.08257
0.08243
0.08122
0.07904
0.07599
0.07222
0.06784
0.06300
0.05785
0.05254
0.04720
0.04196
0.03695
0.03228
0.02800
0.02422
0.02098
0.01831
0.01622
0.01470
0.01372
0.01324
0.01318
0.01346
0.01400
0.01468
0.01542
0.01609
0.01660
0.01683
0.01671
0.01614
0.01508
0.01346
0.01126
0.00848
0.00512
0.00121
-0.00318
-0.00799
-0.01313
-0.01849
-0.02395
-0.02938
-0.03464
-0.03959
-0.04411
-0.04807
-0.05135
-0.05384
-0.05546
-0.05612
-0.05578
-0.05442
-0.05203
-0.04862
-0.04425
-0.03899
-0.03292
-0.02616
-0.01882
-0.01106
-0.00303
0.00510
0.01318
0.02104
0.02852
0.03548
0.04177
0.04729
0.05193
0.05562
0.05830
0.05994
0.06054
0.06011
0.05871
0.05641
0.05330
0.04949
0.04511
0.04027
0.03513
0.02983
0.02450
0.01928
0.01430
0.00968
0.00551
0.00187
-0.00118
-0.00360
-0.00538
-0.00653
-0.00710
-0.00712
-0.00669
-0.00589
-0.00484
-0.00366
-0.00247
-0.00142
-0.00063
-0.00023
-0.00035
-0.00108
-0.00252
-0.00473
-0.00777
-0.01165
-0.01637
-0.02190
-0.02819
-0.03515
-0.04268
-0.05064
-0.05888
-0.06724
-0.07554
-0.08360
-0.09120
-0.09818
-0.10436
-0.10957
-0.11365
-0.11647
-0.11792
-0.11789
-0.11635
-0.11325
-0.10860
-0.10243
-0.09481
-0.08583
-0.07561
-0.06429
-0.05205
-0.03907
-0.02556
-0.01174
0.00220
0.01603
0.02954
0.04255
0.05486
0.06630
0.07674
0.08605
0.09414
0.10094
0.10638
0.11047
0.11324
0.11473
0.11500
0.11416
0.11230
0.10954
0.10602
0.10189
0.09727
0.09232
0.08718
0.08196
0.07680
0.07177
0.06697
0.06247
0.05831
0.05452
0.05111
0.04807
0.04535
0.04291
0.04068
0.03860
0.03657
0.03451
0.03234
0.02996
0.02729
0.02427
0.02083
0.01694
0.01255
0.00767
0.00229
-0.00354
-0.00980
-0.01640
-0.02327
-0.03030
-0.03740
-0.04443
-0.05128
-0.05780
-0.06385
-0.06933
-0.07411
-0.07810
-0.08120
-0.08332
-0.08443
-0.08448
-0.08346
-0.08138
-0.07827
-0.07419
-0.06921
-0.06342
-0.05694
-0.04988
-0.04239
-0.03462
-0.02673
-0.01886
-0.01117
-0.00380
0.00311
0.00945
0.01509
0.01995
0.02397
0.02708
0.02927
0.03052
0.03082
0.03024
0.02884
0.02668
0.02387
0.02051
0.01671
0.01259
0.00829
0.00392
-0.00038
-0.00450
-0.00834
-0.01178
-0.01475
-0.01718
-0.01902
-0.02023
-0.02082
-0.02078
-0.02015
-0.01897
-0.01730
-0.01522
-0.01281
-0.01019
-0.00744
-0.00468
-0.00202
0.00044
0.00260
0.00438
0.00570
0.00649
0.00671
0.00633
0.00535
0.00376
0.00160
-0.00107
-0.00420
-0.00771
-0.01149
-0.01544
-0.01946
-0.02339
-0.02713
-0.03057
-0.03360
-0.03609
-0.03796
-0.03912
-0.03950
-0.03905
-0.03773
-0.03555
-0.03249
-0.02860
-0.02392
-0.01852
-0.01248
-0.00590
0.00110
0.00839
0.01586
0.02337
0.03078
0.03798
0.04484
0.05125
0.05710
0.06232
0.06681
0.07054
0.07346
0.07553
0.07674
0.07713
0.07674
0.07562
0.07384
0.07145
0.06855
0.06523
0.06159
0.05771
0.05369
0.04963
0.04560
0.04168
0.03793
0.03440
0.03114
0.02816
0.02548
0.02308
0.02095
0.01903
0.01728
0.01564
0.01404
0.01240
0.01064
0.00870
0.00649
0.00394
0.00100
-0.00238
-0.00623
-0.01058
-0.01543
-0.02076
-0.02654
-0.03271
-0.03920
-0.04593
-0.05279
-0.05966
-0.06641
-0.07291
-0.07902
-0.08455
-0.08941
-0.09347
-0.09660
-0.09870
-0.09968
-0.09948
-0.09804
-0.09534
-0.09139
-0.08622
-0.07989
-0.07247
-0.06408
-0.05485
-0.04489
-0.03441
-0.02357
-0.01257
-0.00159
0.00916
0.01950
0.02925
0.03824
0.04632
0.05334
0.05921
0.06382
0.06713
0.06910
0.06970
0.06897
0.06696
0.06376
0.05947
0.05420
0.04810
0.04133
0.03405
0.02643
0.01864
0.01086
0.00325
-0.00403
-0.01085
-0.01708
-0.02262
-0.02738
-0.03130
-0.03435
-0.03651
-0.03781
-0.03826
-0.03793
-0.03690
-0.03524
-0.03307
-0.03050
-0.02763
-0.02461
-0.02153
-0.01852
-0.01568
-0.01310
-0.01084
-0.00898
-0.00754
-0.00656
-0.00601
-0.00589
-0.00614
-0.00671
-0.00752
-0.00847
-0.00947
-0.01041
-0.01115
-0.01161
-0.01166
-0.01122
-0.01019
-0.00851
-0.00610
-0.00295
0.00097
0.00564
0.01104
0.01711
0.02376
0.03090
0.03842
0.04618
0.05403
0.06181
0.06935
0.07651
0.08311
0.08900
0.09405
0.09812
0.10111
0.10294
0.10353
0.10286
0.10093
0.09773
0.09330
0.08773
0.08112
0.07359
0.06528
0.05633
0.04692
0.03722
0.02739
0.01761
0.00805
-0.00114
-0.00982
-0.01785
-0.02514
-0.03161
-0.03719
-0.04186
-0.04561
-0.04846
-0.05045
-0.05165
-0.05215
-0.05206
-0.05150
-0.05059
-0.04947
-0.04829
-0.04717
-0.04624
-0.04561
-0.04540
-0.04567
-0.04649
-0.04791
-0.04992
-0.05253
-0.05570
-0.05935
-0.06341
-0.06778
-0.07232
-0.07690
-0.08137
-0.08558
-0.08933
-0.09249
-0.09491
-0.09646
-0.09703
-0.09650
-0.09480
-0.09188
-0.08769
-0.08226
-0.07561
-0.06779
-0.05890
-0.04905
-0.03838
-0.02703
-0.01518
-0.00303
0.00922
0.02137
0.03323
0.04459
0.05527
0.06511
0.07396
0.08168
0.08818
0.09338
0.09723
0.09972
0.10085
0.10064
0.09918
0.09658
0.09294
0.08840
0.08311
0.07723
0.07093
0.06437
0.05771
0.05113
0.04475
0.03872
0.03315
0.02813
0.02371
0.01996
0.01690
0.01452
0.01281
0.01170
0.01113
0.01101
0.01125
0.01172
0.01232
0.01291
0.01337
0.01359
0.01345
0.01286
0.01173
0.01001
0.00765
0.00464
0.00098
-0.00330
-0.00816
-0.01351
-0.01926
-0.02529
-0.03149
-0.03772
-0.04382
-0.04964
-0.05502
-0.05983
-0.06393
-0.06721
-0.06955
-0.07087
-0.07111
-0.07022
-0.06820
-0.06504
-0.06080
-0.05552
-0.04929
-0.04223
-0.03446
-0.02611
-0.01733
-0.00831
0.00081
0.00985
0.01864
0.02702
0.03486
0.04201
0.04836
0.05381
0.05829
0.06176
0.06417
0.06554
0.06587
0.06520
0.06362
0.06120
0.05805
0.05429
0.05002
0.04537
0.04048
0.03547
0.03046
0.02557
0.02089
0.01652
0.01253
0.00897
0.00588
0.00327
0.00115
-0.00052
-0.00178
-0.00267
-0.00327
-0.00367
-0.00394
-0.00420
-0.00453
-0.00503
-0.00581
-0.00693
-0.00849
-0.01053
-0.01311
-0.01626
-0.01998
-0.02427
-0.02908
-0.03438
-0.04008
-0.04610
-0.05233
-0.05866
-0.06495
-0.07107
-0.07687
-0.08222
-0.08695
-0.09097
-0.09416
-0.09641
-0.09764
-0.09777
-0.09677
-0.09460
-0.09127
-0.08680
-0.08123
-0.07462
-0.06708
-0.05870
-0.04960
-0.03991
-0.02979
-0.01938
-0.00885
0.00167
0.01202
0.02206
0.03167
0.04073
0.04915
0.05684
0.06374
0.06981
0.07504
0.07941
0.08291
0.08562
0.08757
0.08884
0.08950
0.08962
0.08928
0.08858
0.08759
0.08639
0.08506
0.08365
0.08221
0.08078
0.07938
0.07802
0.07669
0.07537
0.07403
0.07262
0.07109
0.06938
0.06740
0.06510
0.06240
0.05923
0.05554
0.05126
0.04636
0.04081
0.03460
0.02773
0.02024
0.01216
0.00357
-0.00545
-0.01481
-0.02439
-0.03407
-0.04369
-0.05312
-0.06220
-0.07079
-0.07873
-0.08589
-0.09212
-0.09730
-0.10136
-0.10421
-0.10579
-0.10607
-0.10505
-0.10274
-0.09919
-0.09446
-0.08865
-0.08187
-0.07426
-0.06597
-0.05715
-0.04799
-0.03864
-0.02929
-0.02012
-0.01129
-0.00295
0.00476
0.01173
0.01785
0.02306
0.02730
0.03055
0.03281
0.03411
0.03450
0.03404
0.03280
0.03092
0.02852
0.02574
0.02270
0.01954
0.01641
0.01341
0.01068
0.00832
0.00640
0.00501
0.00418
0.00393
0.00428
0.00518
0.00661
0.00850
0.01076
0.01330
0.01601
0.01876
0.02144
0.02391
0.02605
0.02774
0.02888
0.02937
0.02914
0.02814
0.02634
0.02371
0.02027
0.01605
0.01112
0.00554
-0.00058
-0.00712
-0.01395
-0.02094
-0.02792
-0.03475
-0.04127
-0.04733
-0.05279
-0.05748
-0.06133
-0.06424
-0.06615
-0.06699
-0.06675
-0.06541
-0.06301
-0.05959
-0.05522
-0.04998
-0.04398
-0.03735
-0.03022
-0.02272
-0.01499
-0.00719
0.00053
0.00802
0.01516
0.02182
0.02789
0.03330
0.03797
0.04185
0.04491
0.04714
0.04856
0.04920
0.04911
0.04833
0.04695
0.04507
0.04279
0.04021
0.03744
0.03458
0.03172
0.02897
0.02641
0.02411
0.02212
0.02051
0.01928
0.01847
0.01805
0.01800
0.01831
0.01893
0.01981
0.02086
0.02202
0.02321
0.02433
0.02530
0.02603
0.02645
0.02648
0.02606
0.02514
0.02365
0.02156
0.01890
0.01568
0.01193
0.00769
0.00303
-0.00198
-0.00724
-0.01266
-0.01813
-0.02353
-0.02875
-0.03367
-0.03817
-0.04216
-0.04554
-0.04822
-0.05012
-0.05117
-0.05134
-0.05058
-0.04888
-0.04626
-0.04273
-0.03833
-0.03312
-0.02717
-0.02057
-0.01342
-0.00582
0.00214
0.01030
0.01854
0.02673
0.03476
0.04249
0.04982
0.05663
0.06283
0.06833
0.07305
0.07693
0.07992
0.08199
0.08311
0.08326
0.08247
0.08076
0.07816
0.07472
0.07051
0.06557
0.06000
0.05388
0.04728
0.04031
0.03305
0.02561
0.01806
0.01049
0.00302
-0.00430
-0.01141
-0.01824
-0.02475
-0.03090
-0.03667
-0.04203
-0.04699
-0.05156
-0.05574
-0.05957
-0.06308
-0.06631
-0.06929
-0.07201
-0.07454
-0.07695
-0.07929
-0.08160
-0.08392
-0.08627
-0.08868
-0.09116
-0.09371
-0.09632
-0.09895
-0.10158
-0.10416
-0.10662
-0.10885
-0.11076
-0.11234
-0.11351
-0.11420
-0.11433
-0.11386
-0.11272
-0.11087
-0.10829
-0.10496
-0.10089
-0.09608
-0.09057
-0.08442
-0.07771
-0.07053
-0.06295
-0.05506
-0.04696
-0.03878
-0.03060
-0.02255
-0.01473
-0.00723
-0.00014
0.00646
0.01253
0.01801
0.02287
0.02711
0.03074
0.03378
0.03630
0.03835
0.04001
0.04139
0.04257
0.04369
0.04486
0.04620
0.04784
0.04990
0.05250
0.05573
0.05968
0.06442
0.07001
0.07647
0.08381
0.09200
0.10099
0.11068
0.12099
0.13175
0.14282
0.15400
0.16508
0.17585
0.18607
0.19550
0.20389
0.21104
0.21670
0.22070
0.22286
0.22303
0.22113
0.21708
0.21088
0.20257
0.19222
0.17998
0.16602
0.15058
0.13392
0.11636
0.09821
0.07982
0.06155
0.04377
0.02682
0.01103
-0.00329
-0.01588
-0.02652
-0.03505
-0.04136
-0.04540
-0.04718
-0.04679
-0.04436
-0.04008
-0.03420
-0.02699
-0.01877
-0.00988
-0.00068
0.00851
0.01733
0.02546
0.03263
0.03857
0.04309
0.04604
0.04729
0.04681
0.04458
0.04066
0.03515
0.02817
0.01985
0.01037
-0.00010
-0.01139
-0.02335
-0.03583
-0.04873
-0.06197
-0.07551
-0.08933
-0.10348
-0.11801
-0.13301
-0.14858
-0.16486
-0.18195
-0.19995
-0.21896
-0.23902
-0.26013
-0.28224
-0.30522
-0.32890
-0.35302
-0.37726
-0.40121
-0.42443
-0.44643
-0.46666
-0.48458
-0.49961
-0.51120
-0.51884
-0.52205
-0.52044
-0.51371
-0.50163
-0.48414
-0.46126
-0.43317
-0.40015
-0.36262
-0.32116
-0.27644
-0.22920
-0.18030
-0.13060
-0.08105
-0.03256
0.01395
0.05763
0.09767
0.13336
0.16413
0.18951
0.20916
0.22294
0.23079
0.23285
0.22939
0.22080
0.20761
0.19046
0.17004
0.14713
0.12251
0.09700
0.07138
0.04640
0.02274
0.00103
