-3.233903292346853968e-03
1.090176317351346583e-03
4.821177509619183066e-03
7.537025989742176385e-03
9.186955217929632794e-03
1.004757165326161834e-02
1.050799831887956441e-02
1.080112289891789132e-02
1.085564075735743518e-02
1.038686291705022760e-02
9.186230816057161172e-03
7.415694037666998445e-03
5.689780296128391091e-03
4.861617639027975002e-03
5.612808725125716797e-03
8.057477162376361010e-03
1.157149396152546035e-02
1.496641218656453998e-02
1.696621368699039942e-02
1.677328860942421673e-02
1.443564098055800243e-02
1.081978455323828400e-02
7.204011434993232155e-03
4.698518118584887188e-03
3.763652072849375113e-03
4.028922831934568863e-03
4.476454110739202033e-03
3.905769117579131235e-03
1.486631856601854096e-03
-2.829358745548116866e-03
-8.211344565354026376e-03
-1.321076180310137502e-02
-1.628175426201573101e-02
-1.635819577630965790e-02
-1.326171899990714192e-02
-7.778872402429151678e-03
-1.378214556645244657e-03
4.310959226189734969e-03
8.035999140524760498e-03
9.252903764378733742e-03
8.140739863591034756e-03
5.352309079071243883e-03
1.679838810426476266e-03
-2.180536819624994023e-03
-5.689853953566638770e-03
-8.410521142413397711e-03
-9.953332271529696795e-03
-1.001007658355596193e-02
-8.468975985732946771e-03
-5.542883131733128931e-03
-1.820172659802123637e-03
1.828315857135349304e-03
4.493618619752762569e-03
5.542581211787562731e-03
4.836222660802002790e-03
2.692340641344014018e-03
-4.179413159947562018e-04
-4.240170034420346484e-03
-8.895330044337372219e-03
-1.470021118722110269e-02
-2.178291195089152033e-02
-2.977356189784447979e-02
-3.777000692137970350e-02
-4.456705409264129919e-02
-4.898380683095105576e-02
-5.011811556243006560e-02
-4.744946040903082890e-02
-4.080797596577896702e-02
-3.028100724957044285e-02
-1.614375851840246096e-02
1.117328922790875728e-03
2.068602218029778200e-02
4.129535472314353750e-02
6.123574996216463173e-02
7.854633919081081828e-02
9.131423654358286623e-02
9.795407102171556357e-02
9.740925412979513365e-02
8.931202578359885569e-02
7.413905412653803984e-02
5.330914627076635548e-02
2.911227707991329017e-02
4.409617970059648284e-03
-1.784868519695489986e-02
-3.516583967056865351e-02
-4.596674194047308676e-02
-4.988715539126836740e-02
-4.781754481358375941e-02
-4.167546314978321648e-02
-3.393315736089731749e-02
-2.700065126679633554e-02
-2.263509637183503884e-02
-2.155948026314335325e-02
-2.339625758111491677e-02
-2.689557819092964000e-02
-3.034225284616155760e-02
-3.200066215286085508e-02
-3.048783561384645069e-02
-2.502132509015070339e-02
-1.554546510445243765e-02
-2.768056017381070183e-03
1.188264894265382565e-02
2.641709214007723766e-02
3.859980148551867690e-02
4.639591659432837356e-02
4.844241737753764154e-02
4.440581935337149094e-02
3.511686299408648543e-02
2.243091627696145590e-02
8.826206102277375440e-03
-3.176716506482577668e-03
-1.161389515681574176e-02
-1.549729706388403537e-02
-1.491391501814198425e-02
-1.080702897570081158e-02
-4.586276172750115669e-03
2.233125871340665286e-03
8.229085982876313890e-03
1.211478769070393167e-02
1.274481275224295836e-02
9.223842171207127794e-03
1.167586735306968063e-03
-1.097452170322559331e-02
-2.572230438833601404e-02
-4.066346970302751190e-02
-5.289869176075832902e-02
-5.974272156563058267e-02
-5.949361531966163713e-02
-5.203893412950977293e-02
-3.907030099972419457e-02
-2.374113438639272738e-02
-9.756039329144108874e-03
-1.187484232937352502e-04
4.000412528690386674e-03
3.753326327109732935e-03
2.164301082772695367e-03
2.884189510727932712e-03
8.668502928849568245e-03
2.020010995827092176e-02
3.569676411955975681e-02
5.142512822387840937e-02
6.292912748486242935e-02
6.655177271486495405e-02
6.072775762403410243e-02
4.658927205026478641e-02
2.766951740257365608e-02
8.821188166922837304e-03
-5.261107518359731117e-03
-1.141429247807822928e-02
-8.837162842703780857e-03
8.454317877664707659e-04
1.419834223070899973e-02
2.694735095532714564e-02
3.497624521097537909e-02
3.519781107271142961e-02
2.627221583769432170e-02
9.084847508193863788e-03
-1.323232669728786545e-02
-3.593161953657252744e-02
-5.388927737245743227e-02
-6.309250209396963238e-02
-6.183568155166282998e-02
-5.116871078122968430e-02
-3.442848843664521319e-02
-1.603850842116795114e-02
-3.898805977976121939e-05
1.109367749400032299e-02
1.691068976463533033e-02
1.862825109620297459e-02
1.819245710452961629e-02
1.724739586054696919e-02
1.645467136905747613e-02
1.539189837960303064e-02
1.299060634148124088e-02
8.264732474117535491e-03
9.769816131434561762e-04
-8.066809108808624743e-03
-1.721567536224805073e-02
-2.454445925185118685e-02
-2.852116567478070810e-02
-2.848501764993489893e-02
-2.476237525424929142e-02
-1.841440059530848744e-02
-1.076537339413461206e-02
-2.951300688993378427e-03
4.291252398859206688e-03
1.052188534665436312e-02
1.530835657767116303e-02
1.800767803143984991e-02
1.781949730277567270e-02
1.412575068722821646e-02
6.934159252758339935e-03
-2.833671593900761315e-03
-1.338628525935993754e-02
-2.244568848976592410e-02
-2.783692615113667404e-02
-2.809632151864296934e-02
-2.291935547885241148e-02
-1.330812005908942920e-02
-1.346606800326746907e-03
1.036391073026537817e-02
1.945734025199742645e-02
2.450219761399782120e-02
2.539932800592620277e-02
2.332440274502003627e-02
2.022965691045004386e-02
1.808672106483019681e-02
1.814433750724359085e-02
2.045872777592634695e-02
2.385629090868981658e-02
2.635768782002013977e-02
2.594959235304285586e-02
2.144487133382461108e-02
1.308475301963452596e-02
2.595745670356868970e-03
-7.367079854671974154e-03
-1.418149678180041090e-02
-1.622888756351265754e-02
-1.348214500092885862e-02
-7.499722935455088724e-03
-8.683097967123573797e-04
3.663775490564361893e-03
4.048589319850288623e-03
-4.660150896872595344e-04
-9.154277702525793342e-03
-2.007002126463292360e-02
-3.065689536421432534e-02
-3.851601649629618485e-02
-4.206972831577925065e-02
-4.089329817525755306e-02
-3.561918542522952980e-02
-2.748584230176802715e-02
-1.773539515679306913e-02
-7.127364918941449592e-03
4.191366720944687818e-03
1.636177933496764381e-02
2.917631423692932519e-02
4.149913869104408098e-02
5.114933808302381257e-02
5.543787817597636836e-02
5.219446526075094406e-02
4.082972872180652690e-02
2.291345066457834562e-02
1.953111539039563416e-03
-1.757692916201827188e-02
-3.157487003053861124e-02
-3.750499211503083297e-02
-3.502767578803435422e-02
-2.589680677169493156e-02
-1.323260043440985072e-02
-4.807886536564442981e-04
9.557117703459436925e-03
1.530772092670028284e-02
1.649774100644151031e-02
1.381110803462509869e-02
8.369866412386647511e-03
1.283256975890645184e-03
-6.582211284152414410e-03
-1.458492608826124880e-02
-2.213425240562425303e-02
-2.851638300343395382e-02
-3.284749599255488983e-02
-3.418753686300812777e-02
-3.176543878874025367e-02
-2.524128479472271397e-02
-1.493927383532734493e-02
-1.983768746873906808e-03
1.174631577209615113e-02
2.392467481235269547e-02
3.235173139525568398e-02
3.564703963753075577e-02
3.375987151211903153e-02
2.800165040285571699e-02
2.053064083687131461e-02
1.352860627748884992e-02
8.464749293978675315e-03
5.749048552653585747e-03
4.848055641743452202e-03
4.739038377242538527e-03
4.484190820196550312e-03
3.694342254224677533e-03
2.696255657050072169e-03
2.324957651621852722e-03
3.423022919573757809e-03
6.277141066927602320e-03
1.027094825764933439e-02
1.394231953966235810e-02
1.544354461278621415e-02
1.321090895769371637e-02
6.558924070598576295e-03
-4.027901010389103170e-03
-1.697456963851100981e-02
-2.998621658272417750e-02
-4.056653781551015914e-02
-4.655875114368930590e-02
-4.662758643303370476e-02
-4.061629370366610231e-02
-2.969064329223643217e-02
-1.616988796167868545e-02
-3.000540863540785211e-03
7.041600753942960436e-03
1.219116263431013411e-02
1.227138183928601009e-02
8.766300124991681375e-03
4.318784874355556698e-03
1.794551679086115598e-03
3.213128471974763083e-03
8.928578818208014745e-03
1.741083821472069401e-02
2.578241105141767034e-02
3.093685874247746950e-02
3.076964549983534150e-02
2.497954501930901849e-02
1.510919891966699610e-02
3.863729106950349393e-03
-5.932750242985047537e-03
-1.226734607845500827e-02
-1.439959102858380351e-02
-1.276383635047019689e-02
-8.486484913253770218e-03
-2.827252568518487646e-03
3.181143840911556525e-03
8.781491293119159797e-03
1.330818667590421590e-02
1.597913244137603994e-02
1.587885985146848811e-02
1.222887534422805421e-02
4.845768255234714737e-03
-5.476185819401058891e-03
-1.693376144386621318e-02
-2.713970703447854405e-02
-3.385817773181060142e-02
-3.573590514525185058e-02
-3.271759819050405749e-02
-2.598350478124629090e-02
-1.744945696090525328e-02
-9.037782059904603260e-03
-2.011404116530852298e-03
3.360759066692918171e-03
7.675988030250583197e-03
1.188298817403637617e-02
1.663238959900148820e-02
2.179997037966885029e-02
2.640561585437774597e-02
2.897366078908306802e-02
2.818280887945707330e-02
2.351840980293611050e-02
1.563242706890412281e-02
6.243591022489662634e-03
-2.390906430567434071e-03
-8.222163244725187378e-03
-1.007957340736094151e-02
-8.008232210526860378e-03
-3.163320725809936305e-03
2.658053458274609732e-03
7.614943559238038576e-03
1.028851676045401675e-02
9.877003844447425698e-03
6.172780324096658472e-03
-5.182969539414671728e-04
-9.408826868548011632e-03
-1.924180817112769448e-02
-2.838792314971943370e-02
-3.509374127699267654e-02
-3.784816444798779628e-02
-3.576370718863559894e-02
-2.885440072055413946e-02
-1.811209847176445398e-02
-5.323645569684464646e-03
7.360669401341599083e-03
1.800164974659346218e-02
2.538591130937505047e-02
2.924233026915018172e-02
3.003081507367674763e-02
2.842822465294672640e-02
2.486454741157637788e-02
1.944156675773442075e-02
1.227149331814365169e-02
3.941814284687506290e-03
-4.281174305571637875e-03
-1.070203216478808617e-02
-1.379031378838366587e-02
-1.281875680343256760e-02
-8.237044521837034311e-03
-1.600971836814082082e-03
4.936111174575550167e-03
9.384545597126685984e-03
1.063383987940215089e-02
8.819772675206179191e-03
5.171103329540981119e-03
1.399696039750267500e-03
-1.075244552720453980e-03
-1.701898504141397764e-03
-9.281782474934745968e-04
1.069935705062967693e-04
1.128126211375479748e-04
-1.854880738519023003e-03
-6.106058656236925189e-03
-1.225308702515253909e-02
-1.930348748222764435e-02
-2.586439105664137261e-02
-3.045185033794076471e-02
-3.186854677815113140e-02
-2.953958973128067295e-02
-2.366346140055012454e-02
-1.509616912424366353e-02
-5.019257858375650999e-03
5.432316684080989305e-03
1.538082558394197885e-02
2.416957491109262765e-02
3.118279675270367590e-02
3.573143557126378517e-02
3.714475421294509416e-02
3.502523990104682017e-02
2.948888210161993220e-02
2.122970892786725169e-02
1.138234938471939170e-02
1.278737352602862115e-03
-7.789269330254540435e-03
-1.474885154588193373e-02
-1.885401839131485568e-02
-1.970287352386120017e-02
-1.715347351402499165e-02
-1.119748450938988504e-02
-1.932968894050261961e-03
1.023660844199897335e-02
2.421292855853841505e-02
3.788331151932505803e-02
4.822900213843786532e-02
5.204976794932488632e-02
4.711298997708132652e-02
3.319480065638566457e-02
1.244607213506006282e-02
-1.115689370394055968e-02
-3.304245115740472860e-02
-4.940444102521587139e-02
-5.814838516065463231e-02
-5.913957260671496435e-02
-5.380507671165543626e-02
-4.438810518842224717e-02
-3.323184475974062801e-02
-2.237322988544959354e-02
-1.350259810961033924e-02
-8.107612125319019203e-03
-7.514282767837152099e-03
-1.263308507090408171e-02
-2.344797732768422183e-02
-3.850778412110256177e-02
-5.476227797727727803e-02
-6.797121051047520790e-02
-7.365494780250619877e-02
-6.829153255388815957e-02
-5.033959085551606427e-02
-2.073695261250964317e-02
1.725978496560497816e-02
5.878389955760275620e-02
9.833532001523236088e-02
1.307132305270752026e-01
1.517034522860523649e-01
1.585032138236879273e-01
1.499892086993112050e-01
1.269160578581744470e-01
9.201962438703403802e-02
4.989997865763960705e-02
6.539229841251915920e-03
-3.160872693459967908e-02
-5.884937812785334676e-02
-7.150641482569793095e-02
-6.882247755922865640e-02
-5.318138000363238638e-02
-2.953187015953626093e-02
-4.151168415212670021e-03
1.689043356529380119e-02
2.910527436904349063e-02
3.042911374180692213e-02
2.137355928625271628e-02
4.560723388001786116e-03
-1.616153834940873418e-02
-3.676716575968748402e-02
-5.397093942378733411e-02
-6.576298633133489946e-02
-7.145959414271738086e-02
-7.138619725443490216e-02
-6.644933657061731502e-02
-5.784181527099383630e-02
-4.697712047174951167e-02
-3.555662053823668151e-02
-2.555322676468246151e-02
-1.892749342181217209e-02
-1.706361335064273191e-02
-2.011696882823710286e-02
-2.657130316062227687e-02
-3.325920052864222987e-02
-3.595946982041964279e-02
-3.051991732584233979e-02
-1.426867361287060577e-02
1.271863419356604810e-02
4.702470431358203584e-02
8.236054431279733745e-02
1.111187931102747828e-01
1.265805964546901363e-01
1.250314479081432728e-01
1.070161038093163791e-01
7.725277051665041528e-02
4.320959298824721823e-02
1.281876842246039427e-02
-7.907714853850049408e-03
-1.657316128544031320e-02
-1.485007743645262376e-02
-7.560075159040825082e-03
-7.214014898988124758e-04
7.165322770337836933e-04
-5.400700224643530806e-03
-1.788571482111438529e-02
-3.297205878590579037e-02
-4.595850937274308795e-02
-5.299789600418420427e-02
-5.234728546247558595e-02
-4.470707515907075547e-02
-3.266585053903621472e-02
-1.958771604880968353e-02
-8.423916127778438914e-03
-8.675226442355528367e-04
2.931180335721090061e-03
4.091360596342238226e-03
4.341531087206467777e-03
5.247698035587073512e-03
7.623801628722349719e-03
1.131973617424059109e-02
1.539701983332113222e-02
1.854002720056276143e-02
1.950182998296154380e-02
1.744500720971817881e-02
1.213773452529199812e-02
4.027109405301617859e-03
-5.791711734897255631e-03
-1.572144347216632848e-02
-2.393809223553258758e-02
-2.877520520179554717e-02
-2.913983248322998126e-02
-2.483463867646657289e-02
-1.665979315938119487e-02
-6.234549288707565487e-03
4.420990873553857364e-03
1.342335666747328585e-02
1.952550971365566226e-02
2.242142543308723104e-02
2.273366032067364664e-02
2.165421663355813001e-02
2.035612920247821186e-02
1.942910126390882258e-02
1.861438268297846421e-02
1.697679392556338332e-02
1.342322569997059060e-02
7.296334092407064445e-03
-1.244602679181815857e-03
-1.119304817989654269e-02
-2.095649424482429538e-02
-2.875184796190599634e-02
-3.300513376546254651e-02
-3.270013764952532653e-02
-2.765332872464936961e-02
-1.866777376742764089e-02
-7.484477936736563114e-03
3.537955668043130109e-03
1.200343897623061540e-02
1.618293181296424910e-02
1.560421428450769511e-02
1.127344484834045396e-02
5.389481316594247132e-03
6.216717135118809447e-04
-7.843731836728179418e-04
2.252462380871913649e-03
9.292480378906816177e-03
1.847136149631595226e-02
2.699040425163005616e-02
3.187902835689161024e-02
3.086068185152900101e-02
2.309198670207715520e-02
9.519027178921465535e-03
-7.317095820489585151e-03
-2.399165399072512167e-02
-3.717959430837664697e-02
-4.456100885711686277e-02
-4.534316269150875239e-02
-4.025415727858902559e-02
-3.107206617643553867e-02
-1.992885511619715139e-02
-8.692627456962292304e-03
1.353899479423475299e-03
9.510929616797701019e-03
1.548122421066819646e-02
1.920459713640398219e-02
2.080329804816985484e-02
2.058535731556479509e-02
1.898749843045495489e-02
1.641930408004755454e-02
1.310698283466541283e-02
9.076029423075844538e-03
4.314739455638234335e-03
-9.749766762088586669e-04
-6.195663282899371155e-03
-1.036416063641715755e-02
-1.234323327005710721e-02
-1.121539919127700381e-02
-6.641981945946700237e-03
9.453086785845962389e-04
1.038612159387509309e-02
2.002911505335703418e-02
2.807511747094837071e-02
3.293409430276504624e-02
3.352176059038516204e-02
2.944900068566504853e-02
2.108950707514959527e-02
9.523055281335606609e-03
-3.654751982506740382e-03
-1.664539055452791960e-02
-2.780909167241349400e-02
-3.595073329991244071e-02
-4.043152466364850761e-02
-4.110404842854562674e-02
-3.816012271658320021e-02
-3.200366076592604803e-02
-2.321085739504615691e-02
-1.256157395079948724e-02
-1.069441450104915980e-03
1.006497306123559782e-02
1.960519855893654712e-02
2.649566529525713629e-02
3.006577399268853604e-02
3.014760535912734338e-02
2.707287816055823151e-02
2.156150680753125826e-02
1.453902216595747560e-02
6.917999185634145405e-03
-6.166604402130012458e-04
-7.745659995755127883e-03
-1.448703560406764540e-02
-2.097324831752996749e-02
-2.712595470541255549e-02
-3.240804367496094573e-02
-3.581308275664688012e-02
-3.613790057895602953e-02
-3.244498720812433873e-02
-2.452390755461953190e-02
-1.314083872480063288e-02
6.338760511774219064e-05
1.301608591826570321e-02
2.381940392130202713e-02
3.126388857229916995e-02
3.505690942143820099e-02
3.572909489839648511e-02
3.431098538314522606e-02
3.191194898809437963e-02
2.931300130866066472e-02
2.667175395640869473e-02
2.345174108825226478e-02
1.866632799299670561e-02
1.140398900670274406e-02
1.427046630853988363e-03
-1.044943364335984906e-02
-2.240520640769320254e-02
-3.209123997275986628e-02
-3.734261656850278166e-02
-3.684661515756178229e-02
-3.052668580093640532e-02
-1.954388388985536101e-02
-5.984214760296095031e-03
7.598041458365845102e-03
1.863007891955810805e-02
2.491609194711394068e-02
2.501201559175925820e-02
1.859070792514144754e-02
6.705701950858466293e-03
-8.219673996820640177e-03
-2.281454735814761325e-02
-3.356661186156535692e-02
-3.778377934035495600e-02
-3.437365294352508205e-02
-2.415299967357489516e-02
-9.574720119943000082e-03
6.032069149141460612e-03
1.945458174609269314e-02
2.849606153882957085e-02
3.248148617869123234e-02
3.219590011225076376e-02
2.930368849059438591e-02
2.552661650424607742e-02
2.195002546751417816e-02
1.871563516542312441e-02
1.514998885245870223e-02
1.021858110356653471e-02
3.119310717003484501e-03
-6.206540320263579519e-03
-1.684899349380816758e-02
-2.708170042446703465e-02
-3.482397288723149131e-02
-3.823726562417169988e-02
-3.626954845760384238e-02
-2.900406319949484432e-02
-1.771643296642187379e-02
-4.596823952354302939e-03
7.819079590217051928e-03
1.734789516274607910e-02
2.273447163955033892e-02
2.387903862353272719e-02
2.164191413717808307e-02
1.734659487492602736e-02
1.221711243660588905e-02
6.975561418071620640e-03
1.727815981848370569e-03
-3.862768361731144101e-03
-1.021946603603893569e-02
-1.746207813168623377e-02
-2.511243997739224035e-02
-3.198955843002417726e-02
-3.635752472587440443e-02
-3.634032128916570015e-02
-3.052953120847918395e-02
-1.861007069252642449e-02
-1.770394976585081687e-03
1.731239214067774312e-02
3.500370787973371839e-02
4.765775036906912815e-02
5.268232557871902616e-02
4.933372384577938696e-02
3.893035506592714551e-02
2.439268362240860216e-02
9.281519773657740530e-03
-3.298410226906509091e-03
-1.152811093860569430e-02
-1.517300445921339683e-02
-1.531552564777540447e-02
-1.369861744022134523e-02
-1.197622222743154052e-02
-1.115737508395710231e-02
-1.140332863145042570e-02
-1.216294724119274147e-02
-1.250533853600457705e-02
-1.148261514371108800e-02
-8.416094937083064623e-03
-3.088796009747271989e-03
4.126234686655167946e-03
1.220781384057316454e-02
1.957721688810664176e-02
2.442239418093700848e-02
2.523150892314062615e-02
2.135459994230581859e-02
1.333551465837293920e-02
2.835561796714817714e-03
-7.835493321118981030e-03
-1.638334811244080910e-02
-2.113037873042084361e-02
-2.136932367953282841e-02
-1.741453419745862125e-02
-1.040281345991035840e-02
-1.949830280219914599e-03
6.222620434495299002e-03
1.259772937411778905e-02
1.607112339304665738e-02
1.605878837141018478e-02
1.252412596898457020e-02
5.934271919092004403e-03
-2.843878044616811318e-03
-1.268691686560238785e-02
-2.237715049247331750e-02
-3.077040360006723027e-02
-3.694784358082266879e-02
-4.031485407464120707e-02
-4.061542822326291019e-02
-3.786284467234285467e-02
-3.222469126854209803e-02
-2.392012373151567242e-02
-1.318101624224905788e-02
-2.995136269480953850e-04
1.425141309095501185e-02
2.966298516267722868e-02
4.466148456523893334e-02
5.749558838252252779e-02
6.613529129842539434e-02
6.870496022566462135e-02
6.404414750285029878e-02
5.219390644288901537e-02
3.460797170679528328e-02
1.397761669237789980e-02
-6.316685404047631125e-03
-2.299869309886566626e-02
-3.371631691353980248e-02
-3.761961730211532684e-02
-3.546607734373788401e-02
-2.918541928012279713e-02
-2.108113912918666358e-02
-1.303778246899772730e-02
-6.100809102509133566e-03
-5.736709820526085871e-04
3.529510363231888603e-03
6.026471645969066690e-03
6.416417901591343030e-03
4.121463570276272075e-03
-1.062804408444206067e-03
-8.621813678140369253e-03
-1.730119966321008729e-02
-2.539873723198525501e-02
-3.118542658208328308e-02
-3.327073899574261445e-02
-3.083339707677964364e-02
-2.372854946755698427e-02
-1.250398013133126145e-02
1.657505751951861978e-03
1.706924154369851565e-02
3.175481609510157760e-02
4.374426850472237782e-02
5.140273265691455706e-02
5.368855239010827951e-02
5.025776883707816500e-02
4.143196163218779149e-02
2.812468140118969812e-02
1.179161438661827793e-02
-5.632765182292647638e-03
-2.191169173130150943e-02
-3.484977557862429381e-02
-4.274183390874979060e-02
-4.477343735056236312e-02
-4.121230456902777450e-02
-3.329986152164093882e-02
-2.286726212214506768e-02
-1.182355873115109590e-02
-1.733945064937923719e-03
6.351150521082146033e-03
1.183415313860740510e-02
1.445374276919077217e-02
1.427817834873875910e-02
1.179902443667274307e-02
7.960951502439687910e-03
3.982524998843632244e-03
9.908395707461620065e-04
-3.561183055879495792e-04
-7.898376767304614299e-05
1.153821502209052309e-03
2.264992362785019434e-03
2.142047933134117940e-03
6.338589487514013909e-05
-3.926702837534093958e-03
-8.827520324153388318e-03
-1.280857831731322012e-02
-1.371088204739197118e-02
-9.827595276501805560e-03
-7.035315078941116115e-04
1.238429668685189257e-02
2.652987088126526616e-02
3.794238819042580063e-02
4.312725148702787475e-02
4.009195154730511162e-02
2.910774830121364010e-02
1.270113701115038393e-02
-5.144105674211339047e-03
-2.026007596790272910e-02
-2.954159671794313879e-02
-3.171966388644634205e-02
-2.746548417001716536e-02
-1.892649579653100239e-02
-8.982129087123449235e-03
-5.089194768873161329e-04
4.193147269896721659e-03
3.810531159530452031e-03
-1.696853812231093918e-03
-1.096784755869623963e-02
-2.140327536495097507e-02
-2.973248115614597273e-02
-3.292317160506805229e-02
-2.915784247828996645e-02
-1.850004621144021172e-02
-2.965449402814377550e-03
1.405424342610057942e-02
2.880996443623756731e-02
3.828909140956741897e-02
4.100859439278760343e-02
3.726290748375102324e-02
2.879440474532278180e-02
1.807388793789970610e-02
7.507810318246315763e-03
-1.145844410678047154e-03
-7.028859664125169937e-03
-1.012756066509831569e-02
-1.100730789049133782e-02
-1.045537543048401068e-02
-9.163132705041182602e-03
-7.559524882479416556e-03
-5.834958933641390226e-03
-4.096790537160443189e-03
-2.533185273052550486e-03
-1.469704866831022822e-03
-1.274269893927243175e-03
-2.157861413047539381e-03
-3.986386170655527653e-03
-6.232262052289684433e-03
-8.130981951148523457e-03
-8.986271396451479820e-03
-8.467607992006465079e-03
-6.742091515288329770e-03
-4.372866969342017671e-03
-2.036967916287749873e-03
-2.110331504145373897e-04
1.005607341186905059e-03
1.848157810076548387e-03
2.692985946095459524e-03
3.876141929715257520e-03
5.636500852010841237e-03
8.154667196218056552e-03
1.156258828184292611e-02
1.583200331436171449e-02
2.057865883573446047e-02
2.493842364179865365e-02
2.767822085498394813e-02
2.756843568444429168e-02
2.385469321067750642e-02
1.658011363416343406e-02
6.594333820487756695e-03
-4.734600692404469097e-03
-1.594718598180195138e-02
-2.586654767818567097e-02
-3.378656037866624440e-02
-3.943658426110329546e-02
-4.277840627569387544e-02
-4.375949556006245716e-02
-4.216482013367978121e-02
-3.765762975870640128e-02
-2.999525494990463309e-02
-1.930459858090756431e-02
-6.264586441262671307e-03
7.904427093310090885e-03
2.163584197874410253e-02
3.329995000284714096e-02
4.146557284119004039e-02
4.508770242398418143e-02
4.364450765825533124e-02
3.727390644513120521e-02
2.689751137688168453e-02
1.422187750640667436e-02
1.494854948220294272e-03
-8.985688233492883370e-03
-1.545499492961053753e-02
-1.712708524752613176e-02
-1.432732282789554723e-02
-8.274594808587422412e-03
-6.222843746038937696e-04
7.044926375551017333e-03
1.356445500779727975e-02
1.829556473174573372e-02
2.099493205671213933e-02
2.159168948829644219e-02
1.998574205132110093e-02
1.594158353977152831e-02
9.120036670060692463e-03
-7.285299735259476855e-04
-1.344894118648488207e-02
-2.816912554836716737e-02
-4.314687946179089628e-02
-5.588321547444176363e-02
-6.352730748835384855e-02
-6.351690967408926691e-02
-5.432158009738175669e-02
-3.608805203040997556e-02
-1.095746463292758544e-02
1.712521043965486295e-02
4.314578422955786530e-02
6.214812086623147658e-02
7.045404754693378180e-02
6.662240231546097402e-02
5.184846650814570190e-02
2.965990374249603129e-02
4.983634117875342107e-03
-1.713710459370043626e-02
-3.278712540694755234e-02
-4.002446618427762948e-02
-3.911368552179721875e-02
-3.213758188280314843e-02
-2.215754058748845706e-02
-1.220161424795877109e-02
-4.388188722979385024e-03
5.555246312460449670e-04
3.246308582595264398e-03
5.113904898190758594e-03
7.600149986288494072e-03
1.140116237264201041e-02
1.606822590722861016e-02
2.016772600358751610e-02
2.195904188530586887e-02
2.027466003619359664e-02
1.516086608463046090e-02
7.963176839514609501e-03
8.317435633819507054e-04
-4.108064557789751700e-03
-5.552696576008040938e-03
-3.461274302800474226e-03
1.016122902768907751e-03
6.054775137284536257e-03
9.862517345800580343e-03
1.126604610525401562e-02
9.956127614951371455e-03
6.358702441380215294e-03
1.284584606785790090e-03
-4.408269538508465500e-03
-9.976185292053249901e-03
-1.477631333105056469e-02
-1.821534040927053066e-02
-1.980330620432949398e-02
-1.933095400688720003e-02
-1.703996363985839022e-02
-1.361375434136446669e-02
-9.928436600417847938e-03
-6.684279665336740131e-03
-4.138704961966777063e-03
-2.098045001264627930e-03
-1.524598581175646075e-04
2.006860224747512335e-03
4.371899309297019691e-03
6.596657865381506600e-03
8.144916016766229339e-03
8.517366713008935053e-03
7.473717137994479072e-03
5.190606550204030292e-03
2.305278116812380096e-03
-1.962104798872538972e-04
-1.249681784868227584e-03
-8.031993294781245712e-05
3.456614496949245857e-03
8.701279400747654810e-03
1.427168618555019718e-02
1.840639893859999376e-02
1.948674264047794980e-02
1.659028122763328214e-02
9.881372722894712218e-03
6.608892871369266564e-04
-8.985522100452284638e-03
-1.682380496332318634e-02
-2.114602022950737292e-02
-2.123252165429664190e-02
-1.746132847584360576e-02
-1.107761969026858223e-02
-3.759477279687134348e-03
2.838543525576159646e-03
7.423374866379918273e-03
9.231072568648921242e-03
8.049922515846644200e-03
4.160552144063662562e-03
-1.749301823749753286e-03
-8.672248765731912362e-03
-1.539086989573757239e-02
-2.064054243152893195e-02
-2.332110403539754823e-02
-2.270785173551007757e-02
-1.859855146666594336e-02
-1.135294925706571874e-02
-1.817208775409707641e-03
8.834051934603168177e-03
1.928011419740829208e-02
2.822147325658226971e-02
3.454572680981259081e-02
3.751979223722903822e-02
3.696259123908587213e-02
3.327282039207578312e-02
2.723460990701325607e-02
1.968925794159446033e-02
1.127769586882424249e-02
2.402970865290158034e-03
-6.613443010157132179e-03
-1.534362171799548424e-02
-2.318328327238589753e-02
-2.942975417624902820e-02
-3.343844702662562840e-02
-3.477656197399975335e-02
-3.332480917295602835e-02
-2.929744845622318100e-02
-2.316361994141485220e-02
-1.549115870980470946e-02
-6.792513709276748468e-03
2.519927534913007916e-03
1.201448810810262779e-02
2.102207462854208120e-02
2.848399032880865461e-02
3.302384347744827253e-02
3.329069257997926273e-02
2.847677441874816098e-02
1.880126504610953736e-02
5.715687558721276387e-03
-8.329125550681881762e-03
-2.051799965904250317e-02
-2.847319515195032014e-02
-3.091661055531238350e-02
-2.796487122920323851e-02
-2.098144885002487664e-02
-1.205741366091326802e-02
-3.304589791262678780e-03
3.791117159221361888e-03
8.717291142220312192e-03
1.185381069597315866e-02
1.402504967426943840e-02
1.592645395770730943e-02
1.771831273752772634e-02
1.897377751035803778e-02
1.897213134645581861e-02
1.714540203695474191e-02
1.341466056072742122e-02
8.243507874485236572e-03
2.431837822548359347e-03
-3.176909006730208734e-03
-7.902306619317038192e-03
-1.128842071359127675e-02
-1.306821290542337088e-02
-1.310628236360632595e-02
-1.136465046647569185e-02
-7.904630736588268841e-03
-2.929676398850996483e-03
3.131386765877718775e-03
9.533079532751162488e-03
1.519453508576435602e-02
1.884448893711010084e-02
1.934818444151670605e-02
1.610445127212403738e-02
9.315913815365841136e-03
-1.596403930717409103e-05
-1.036197553152912523e-02
-2.005749367927656818e-02
-2.765699943152551826e-02
-3.217253940030326970e-02
-3.319467118209643020e-02
-3.091428455323079819e-02
-2.605042855474544797e-02
-1.968685546179331849e-02
-1.304198334308493724e-02
-7.223658053908269330e-03
-3.022497247227327877e-03
-7.700218129790478705e-04
-2.624850395848317419e-04
-7.648038239385507309e-04
-1.147096425841346787e-03
-2.008370862315459263e-04
2.914293512471240882e-03
8.272605204616999275e-03
1.505095171221163160e-02
2.176218972967487730e-02
2.675923889546782952e-02
2.879183266877480274e-02
2.740861018727213175e-02
2.309508873200469964e-02
1.714060179251917018e-02
1.128767839652702713e-02
7.238591080985706805e-03
6.113307147396157895e-03
8.002445590266945089e-03
1.180784305265282150e-02
1.552545794287382534e-02
1.695093907487243978e-02
1.454760445474299717e-02
8.076652226823221800e-03
-1.318479013521422702e-03
-1.159457351508752856e-02
-2.058698417723731772e-02
-2.669797996733319634e-02
-2.921294258423355605e-02
-2.819346542590179042e-02
-2.411675292997061265e-02
-1.753219754083445298e-02
-8.951567268915142442e-03
9.822706003702087740e-04
1.119883518378727433e-02
2.004100178325380829e-02
2.547222682530730919e-02
2.568828454916715839e-02
1.990779597256923938e-02
8.936998594570706722e-03
-4.839602900144366303e-03
-1.810472232781368956e-02
-2.762475788752110847e-02
-3.121473513927009585e-02
-2.830128409596489175e-02
-1.994237469997574633e-02
-8.380043487415934217e-03
3.655180582550029977e-03
1.363307377462425612e-02
1.971183859912305214e-02
2.094513492484172124e-02
1.723775431910972572e-02
9.159141938179843692e-03
-2.241884241953880086e-03
-1.552154462541157492e-02
-2.884648914714529541e-02
-4.005436025739989025e-02
-4.690453027832441890e-02
-4.753856378513416497e-02
-4.102526422821733965e-02
-2.777762986058235004e-02
-9.635693584055006478e-03
1.048849627604525256e-02
2.933312633051165380e-02
4.412563203553877128e-02
5.321077892722991115e-02
5.623861483097000041e-02
5.390496166952703228e-02
4.743614085451598739e-02
3.807751856291881343e-02
2.678185493356433425e-02
1.417041258692214312e-02
7.302371269325841352e-04
-1.286368067363484469e-02
-2.546503046480787236e-02
-3.538802808380003828e-02
-4.066198899231780739e-02
-3.957383451844549704e-02
-3.132327158397563843e-02
-1.654817731843247208e-02
2.498994543288775988e-03
2.224570038800040978e-02
3.854219738763704772e-02
4.768145526156421232e-02
4.741552059584813739e-02
3.764477853839416632e-02
2.051093563571059625e-02
-1.913049789540183232e-04
-2.009772680058903582e-02
-3.545325452010372747e-02
-4.396550507743252068e-02
-4.509157461426840929e-02
-3.977654532821975342e-02
-2.986680496190485465e-02
-1.748994611113174891e-02
-4.618803371816618611e-03
7.119480122062007282e-03
1.647005074589129661e-02
2.254579832949851759e-02
2.487712289270350291e-02
2.349886440463217624e-02
1.897974494944686813e-02
1.231453928987563153e-02
4.694315713424730002e-03
-2.742702194178929520e-03
-9.072093522334749929e-03
-1.362059184066262939e-02
-1.593080455593237979e-02
-1.574345872409953218e-02
-1.305832703821912383e-02
-8.261057795603861040e-03
-2.229984708860290737e-03
3.694055901120197466e-03
7.958232753192793704e-03
9.251522572743295370e-03
7.006608221463003425e-03
1.698964879818677838e-03
-5.260774861375562203e-03
-1.204156667442800657e-02
-1.708100784534382147e-02
-1.961712848427923928e-02
-1.982237282617731189e-02
-1.850571425710832024e-02
-1.655271354094787692e-02
-1.438514766747232831e-02
-1.170223818386813275e-02
-7.629843760650591861e-03
-1.216631411030493631e-03
7.941159488728097640e-03
1.922871800004232953e-02
3.092092600625314519e-02
4.054419491038766671e-02
4.559549665115884137e-02
4.439432746030265442e-02
3.677375408216116554e-02
2.432513016286574903e-02
1.004026961271892865e-02
-2.570016250279182415e-03
-1.057378130774179123e-02
-1.252875251541295427e-02
-8.880319323252956754e-03
-1.725379166960895605e-03
5.938809655110212360e-03
1.118501725279864335e-02
1.200997860482588137e-02
7.828084363203957272e-03
-4.936850955707654948e-04
-1.102496533168081938e-02
-2.143408840925614678e-02
-2.968021726841016394e-02
-3.448588837571409105e-02
-3.545383696716611355e-02
-3.286540456141220923e-02
-2.732757818195598321e-02
-1.946774646106139151e-02
-9.820567876764232929e-03
1.054313096617586626e-03
1.230791088313474418e-02
2.257850818702065998e-02
3.002594888269206896e-02
3.274209889292407916e-02
2.944362616632606108e-02
2.014378078891602974e-02
6.446177069267453735e-03
-8.737372154612187830e-03
-2.196809915113857176e-02
-3.026074505235167370e-02
-3.190000522585182546e-02
-2.682408095072870424e-02
-1.648851544459401311e-02
-3.313049965657394527e-03
1.005233124255611871e-02
2.137174352444896203e-02
2.918441949752640860e-02
3.283906006609123296e-02
3.230710223112908536e-02
2.795636408347035654e-02
2.043016965276759148e-02
1.064525012123408894e-02
-2.090881395171127755e-04
-1.079896168057189326e-02
-1.990797357461415035e-02
-2.670375914694672961e-02
-3.084668265674539098e-02
-3.236527079294189424e-02
-3.136454671802866440e-02
-2.774773157875128071e-02
-2.115523501192131950e-02
-1.123131294348749150e-02
1.853732581509309751e-03
1.688474432129958430e-02
3.142595475983404191e-02
4.222711273818393479e-02
4.618129009782299954e-02
4.148808227010396948e-02
2.850313887801430787e-02
9.862575044712298261e-03
-1.019178827761786296e-02
-2.701144935469115479e-02
-3.682486595911323157e-02
-3.771074883343229073e-02
-3.001912922685909951e-02
-1.616683405324254030e-02
1.104214878981536058e-04
1.482747985163557561e-02
2.482069529844302402e-02
2.849091183733002547e-02
2.599831261987838732e-02
1.889398870875608205e-02
9.390706449488733093e-03
-4.044901610603529596e-04
-9.012920708359573041e-03
-1.573668775490408983e-02
-2.048657684568277668e-02
-2.344187540319835061e-02
-2.472792946095669214e-02
-2.424898273808088339e-02
-2.171554021614627294e-02
-1.681320219197700652e-02
-9.422145127878533977e-03
1.853660639812015898e-04
1.120955073909205360e-02
2.228487159878942900e-02
3.159294167946483101e-02
3.717576822271252690e-02
3.743207166090840865e-02
3.166655236121213024e-02
2.047141460951521635e-02
5.736980908444426486e-03
-9.759817646403313313e-03
-2.304248213175774662e-02
-3.164318826567853737e-02
-3.411165543798068411e-02
-3.021920920419935222e-02
-2.086687174547087117e-02
-7.784043003733025212e-03
6.857543584588114693e-03
2.079852329405872807e-02
3.195777504698065624e-02
3.862638134127822920e-02
3.964242896977610009e-02
3.457795614139988483e-02
2.391280974493156450e-02
9.110928781562926265e-03
-7.506721564710397421e-03
-2.314553941434314629e-02
-3.511846542292081791e-02
-4.146536478227111355e-02
-4.142091967589493079e-02
-3.558811633276658115e-02
-2.576426405110710666e-02
-1.446456244419070530e-02
-4.274172726964375543e-03
2.785301222522853018e-03
5.691200338001946302e-03
4.545308347404439925e-03
3.931104108983157069e-04
-5.156088880347541904e-03
-1.035904589495406473e-02
-1.370328639209402247e-02
-1.416642041134522252e-02
-1.137973279764655475e-02
-5.694804010539377889e-03
1.884801351991588839e-03
9.941114532170948828e-03
1.701682403838437885e-02
2.201247721698206330e-02
2.445495680909597763e-02
2.452961275854759204e-02
2.287431577856009063e-02
2.024880790232840011e-02
1.724271799709452269e-02
1.413479675832250010e-02
1.092108214379041917e-02
7.472920257493990623e-03
3.764449217402454986e-03
7.457759263324210963e-05
-2.956100398865435172e-03
-4.478165515524696813e-03
-3.739714538211152614e-03
-4.043156258137885206e-04
5.250416919790831978e-03
1.231652392188141779e-02
1.942152044350912987e-02
2.503404775251687198e-02
2.783263219115108406e-02
2.702929970189935083e-02
2.253081431778202956e-02
1.486770969590286116e-02
4.928635405584472912e-03
-6.354063978699591927e-03
-1.819808378221284689e-02
-2.996708769568540501e-02
-4.102920022154089158e-02
-5.060996482251107348e-02
-5.774249321018538189e-02
-6.134810438098789453e-02
-6.043256054804859584e-02
-5.435924750183022958e-02
-4.313971659418433524e-02
-2.765936209331481405e-02
-9.744701676678488994e-03
8.002704698278125667e-03
2.261976104711228147e-02
3.137028499151031657e-02
3.237477936142357793e-02
2.514561884356207935e-02
1.091787360033622846e-02
-7.323622392041571200e-03
-2.520932723719051041e-02
-3.776970249472359070e-02
-4.055025439672969856e-02
-3.083653824887989947e-02
-8.668991186766585727e-03
2.270692988294933240e-02
5.724113177572858618e-02
8.740720616385438957e-02
1.061983019617512708e-01
1.091767925289180152e-01
9.580856742094714940e-02
6.953375485123444721e-02
3.656384934273341353e-02
3.931609521760831560e-03
-2.245712171980746019e-02
-3.915555733274193179e-02
-4.559635261416682822e-02
-4.363227715293110931e-02
-3.648237792240094368e-02
-2.750314421677108739e-02
-1.919093811842748076e-02
-1.268306284962190250e-02
-7.834732218190074149e-03
-3.773119140501255721e-03
3.154536513336790929e-04
4.505785575109846897e-03
7.885519898872024244e-03
8.883434867582640226e-03
6.035866177573796787e-03
-1.186647850698267781e-03
-1.192082798122183658e-02
-2.406328068766610401e-02
-3.495813042264504789e-02
-4.228421896008521114e-02
-4.474691363336777417e-02
-4.231719468742885237e-02
-3.599328540766356943e-02
-2.726884382342411803e-02
-1.758653559614848511e-02
-8.005255394970978849e-03
8.389372036699885293e-04
8.553414922435231132e-03
1.476244973085518233e-02
1.901086943241592914e-02
2.087981592921351118e-02
2.024407872091423671e-02
1.750193376100205728e-02
1.363880692524702294e-02
1.009397230590069680e-02
8.471731840217006787e-03
1.013700408940597895e-02
1.573229161046017441e-02
2.472729090286882037e-02
3.522439577246174597e-02
4.424711189164014236e-02
4.854637579825839266e-02
4.566892549455903172e-02
3.484675101205179926e-02
1.732055762057731554e-02
-4.022252584659005703e-03
-2.549167893681201363e-02
-4.353734714420887802e-02
-5.545881657346624777e-02
-5.975524498651561822e-02
-5.617166935770226410e-02
-4.557794401979960164e-02
-2.979013992877565034e-02
-1.135767718762078701e-02
6.742191066763630891e-03
2.156603510306111943e-02
3.078855448438137452e-02
3.324218657836147672e-02
2.919032730576935283e-02
2.020157628847346967e-02
8.675400242316689062e-03
-2.778733311540776060e-03
-1.188757647648223774e-02
-1.706850546644589350e-02
-1.759487336450996087e-02
-1.362054112355226380e-02
-6.088458163853059310e-03
3.479500394778584776e-03
1.329767099487748003e-02
2.166838215442340454e-02
2.726367539752294275e-02
2.925874966856168574e-02
2.732627675784839172e-02
2.157825288984000639e-02
1.253732728114066025e-02
1.136488689799684121e-03
-1.132102757775484483e-02
-2.328715074834731766e-02
-3.315828325209195515e-02
-3.948287002309826266e-02
-4.116478769955426303e-02
-3.765786867694675966e-02
-2.913759804968655415e-02
-1.661016164437269238e-02
-1.887676401202374732e-03
1.265266858648488035e-02
2.455475215656747340e-02
3.191341640188856410e-02
3.390545024008365105e-02
3.095453594205630626e-02
2.442685131503882084e-02
1.601601485146800230e-02
7.142373947758497155e-03
-1.354560722279135251e-03
-9.154315789554515193e-03
-1.615036120393625527e-02
-2.211292620355229457e-02
-2.649627960219852127e-02
-2.847820383663215299e-02
-2.722204621901446603e-02
-2.225806231125622425e-02
-1.381653403709895422e-02
-2.953694933171675113e-03
8.597856440221516433e-03
1.879963643160584633e-02
2.576155590505300325e-02
2.814480780678638855e-02
2.544772753140954122e-02
1.816973284390676138e-02
7.832300735402168354e-03
-3.220053083956432582e-03
-1.229537848136828988e-02
-1.702981678240987617e-02
-1.605009314106370724e-02
-9.392804728803941933e-03
1.449659003748191705e-03
1.386107984077891014e-02
2.472857698514000988e-02
3.122586944302049514e-02
3.155827434384510938e-02
2.543833848114677651e-02
1.411187722382884965e-02
-7.683178243187913092e-05
-1.439567546057032507e-02
-2.644069073384257632e-02
-3.464197952619674920e-02
-3.845298857093334272e-02
-3.821052328898499884e-02
-3.473769881930166559e-02
-2.884919998432757676e-02
-2.097423067841196892e-02
-1.108838133167170184e-02
9.774986255501258436e-04
1.497252956588791123e-02
2.969626254328634057e-02
4.284470897600477918e-02
5.144519080588512427e-02
5.281714142156723746e-02
4.568588092711901860e-02
3.091531754227629103e-02
1.145937102152701226e-02
-8.485807313217751807e-03
-2.475846825939269011e-02
-3.440696701099022620e-02
-3.635179162900047112e-02
-3.139533821062037711e-02
-2.171091680656305270e-02
-1.009279685041873480e-02
7.541799223776957106e-04
8.716547624588701776e-03
1.253108731393420133e-02
1.185893344961506599e-02
7.249566613623386301e-03
1.849262770216254445e-05
-7.990784710116723144e-03
-1.477994884036410925e-02
-1.865657431222046692e-02
-1.867024364541941539e-02
-1.489281823219878835e-02
-8.442149722919511934e-03
-1.215560825421594000e-03
4.617649664129416971e-03
7.238525424796037749e-03
5.735689120681752330e-03
4.137220073723493069e-04
-7.253492719239676770e-03
-1.499500993744756414e-02
-2.030879114288713927e-02
-2.107473576212009342e-02
-1.609311161652928965e-02
-5.434343987700872812e-03
9.500924144054059481e-03
2.624860507401614862e-02
4.181334452551491859e-02
5.333020451444141219e-02
5.869759445106059736e-02
5.703163822304196939e-02
4.881321693898796332e-02
3.566152371725962722e-02
1.979937830312760577e-02
3.420324313650486420e-03
-1.178417276141185965e-02
-2.477699989387900648e-02
-3.502915440897561017e-02
-4.224497455125920259e-02
-4.615753842567694998e-02
-4.650853452535080867e-02
-4.320331250502654208e-02
-3.653796610997324390e-02
-2.735809427532569921e-02
-1.703045724524545820e-02
-7.185408309183825143e-03
6.970923916686955907e-04
5.683234805006352058e-03
7.579734027655195272e-03
6.862658733619711633e-03
4.437557073627287386e-03
1.390166586488352646e-03
-1.189912358059993115e-03
-2.344797593407028837e-03
-1.404952670240267910e-03
1.841165802725994692e-03
7.050302507569433143e-03
1.338436944513263574e-02
1.973087591466415880e-02
2.500137355324994967e-02
2.839393722109674958e-02
2.952867244850073541e-02
2.841676128981714122e-02
2.529857951342302097e-02
2.046553140986333980e-02
1.419000968567304434e-02
6.789393166630687884e-03
-1.267317681057344644e-03
-9.320629089304640486e-03
-1.658868187349364989e-02
-2.231066448570625041e-02
-2.590367667659920770e-02
-2.707033615774426250e-02
-2.582033718492656588e-02
-2.241730841600303448e-02
-1.729797458975520369e-02
-1.100190267093857296e-02
-4.112194417650356579e-03
2.810038105783322152e-03
9.288068399399270619e-03
1.494694203420861636e-02
1.945818825176494696e-02
2.244042888462935426e-02
2.339192430340755746e-02
2.173639921283425369e-02
1.701864749040137015e-02
9.195866941560076890e-03
-1.117723515835805648e-03
-1.260118511134192959e-02
-2.342483373455755968e-02
-3.163166242672774825e-02
-3.558310302339975917e-02
-3.435801481826088882e-02
-2.801579782643880134e-02
-1.765087420908215826e-02
-5.198484326885733503e-03
6.982970388934296030e-03
1.665179562937330396e-02
2.219825457240592881e-02
2.299317561977275159e-02
1.947343327344390820e-02
1.294182585601736865e-02
5.150247187853553184e-03
-2.191703358329789159e-03
-7.827383489684798176e-03
-1.117241480624986578e-02
-1.229982663802980415e-02
-1.172267929310624734e-02
-1.007788149115395812e-02
-7.848958482420221455e-03
-5.229810224993408120e-03
-2.147190900464724696e-03
1.614963716408309921e-03
6.267980049281290239e-03
1.189119566628101324e-02
1.831305727859548066e-02
2.497882851876976132e-02
3.085388217607315520e-02
3.449471638469237683e-02
3.439227784809716082e-02
2.952396187073411810e-02
1.986627948307401886e-02
6.588208842709473295e-03
-8.188836016800527667e-03
-2.194367544089274522e-02
-3.237323611090021230e-02
-3.786715307931005914e-02
-3.775256628866530129e-02
-3.232169578449163583e-02
-2.269379985976485020e-02
-1.056498445143942699e-02
2.102398519296916346e-03
1.339316177427555404e-02
2.169814307597363670e-02
2.588386868801669655e-02
2.538078390285002095e-02
2.023197065080268794e-02
1.113069789228719221e-02
-5.882719645415200246e-04
-1.308354719118961368e-02
-2.430555662930145716e-02
-3.239454448456002833e-02
-3.604816057436270593e-02
-3.474536511517029719e-02
-2.877970357055675138e-02
-1.911940161545328670e-02
-7.154426659044491044e-03
5.584652397149274250e-03
1.765006293386042063e-02
2.779412985305723671e-02
3.499612062433198750e-02
3.846023635065831670e-02
3.764930618768001780e-02
3.239117907676627300e-02
2.304384054633913659e-02
1.063447241564818846e-02
-3.154312599062382427e-03
-1.622951904541988441e-02
-2.652001719377070424e-02
-3.244601038800056653e-02
-3.325783115015212843e-02
-2.914195664665528152e-02
-2.108829903734830286e-02
-1.059039942645438603e-02
7.097622220310420560e-04
1.131823712675103163e-02
2.004796795473567581e-02
2.602898189921630523e-02
2.863566932576801574e-02
2.744399164168446342e-02
2.231132243032252910e-02
1.357520168269709705e-02
2.247456666906698375e-03
-9.967157840989494116e-03
-2.092438594565243504e-02
-2.851941436084190484e-02
-3.123113123937519206e-02
-2.854248918907561355e-02
-2.109387339886128684e-02
-1.051232627090962178e-02
1.040320208466949392e-03
1.145966024312570705e-02
1.922483716464743267e-02
2.366362736943275827e-02
2.487281348453992957e-02
2.337631610197728887e-02
1.972782448187528764e-02
1.427263396545176005e-02
7.173795594992760094e-03
-1.354080788656945866e-03
-1.077604977593743865e-02
-2.010572110266442558e-02
-2.798718846757030504e-02
-3.295861081711547180e-02
-3.381145762443158592e-02
-2.994580521781618071e-02
-2.161565369257692840e-02
-9.962473141277683464e-03
3.215948315452916983e-03
1.590767709779930886e-02
2.636863355543183837e-02
3.343753282290951034e-02
3.657900286382350513e-02
3.572732099049819726e-02
3.111219551793478061e-02
2.320375000706823704e-02
1.277003206460317411e-02
9.314573032317106926e-04
-1.089203994065043521e-02
-2.115363997411844749e-02
-2.841547284225936360e-02
-3.158634419246384578e-02
-3.011824667715620740e-02
-2.412202611548493192e-02
-1.436638036917326638e-02
-2.155520451883222860e-03
1.086975981738372288e-02
2.293742807392654473e-02
3.231729609250477697e-02
3.748959411048181922e-02
3.736640430074435193e-02
3.156772318228043966e-02
2.065179382785701373e-02
6.148738890245128430e-03
-9.689821368527015699e-03
-2.436993785696954865e-02
-3.568933239878929742e-02
-4.213778084194272355e-02
-4.306206935569577288e-02
-3.861329710717975594e-02
-2.958065426056065428e-02
-1.724089386612075170e-02
-3.305931192728001761e-03
1.006841863407464607e-02
2.038517944671009927e-02
2.521857064350351008e-02
2.296061909270432494e-02
1.363466672086161360e-02
-6.758827494652459855e-04
-1.613535920528751805e-02
-2.820711658978147796e-02
-3.308156660575294061e-02
-2.892535155770688607e-02
-1.647209721269911331e-02
1.246072759737454350e-03
1.989007571115731371e-02
3.514815995718217206e-02
4.396304897722615179e-02
4.528338877625318060e-02
4.013237602876745802e-02
3.099563236403450606e-02
2.076853126090009299e-02
1.167997231495036814e-02
4.608722700161695107e-03
-9.765519306928795162e-04
