1.666479262989635686e+02
1.654921417069242864e+02
1.650750891654117538e+02
1.650920455092510792e+02
1.658295953464044032e+02
1.658100793057961653e+02
1.657063312875631880e+02
1.656230019741450690e+02
1.657801279290488310e+02
1.655821887249434212e+02
1.658197171909755525e+02
1.653941189553281959e+02
1.653314099507232413e+02
1.652136998448237648e+02
1.657401337686626164e+02
1.655288482922954927e+02
1.653980919065034243e+02
1.650720197357949814e+02
1.655134567940790191e+02
1.655734132345694718e+02
1.658633355498559467e+02
1.654728682170542413e+02
1.653643051943933528e+02
1.656814152287478237e+02
1.660046213666496726e+02
1.655852948197660339e+02
1.651013780154032133e+02
1.649304317537720976e+02
1.651273674844286461e+02
1.654228164334547273e+02
1.654837696502024755e+02
1.652739241564454460e+02
1.648602508726351061e+02
1.650384079442620475e+02
1.656831780048443079e+02
1.651988468006726976e+02
1.651445353706486117e+02
1.651429578367294653e+02
1.654007255254490758e+02
1.654901513080671123e+02
1.652565220877094418e+02
1.647139564090742851e+02
1.647572271905546586e+02
1.650669591576260302e+02
1.653984467384703976e+02
1.651152076677316245e+02
1.649237590914890745e+02
1.645082594553224169e+02
1.650927821878643726e+02
1.654101201148787084e+02
1.654903587836011809e+02
1.650005088977592607e+02
1.653028823135114465e+02
1.651410724156992842e+02
1.656213251635024335e+02
1.649735883279502104e+02
1.646788279503400929e+02
1.648039977083200824e+02
1.649366162537888840e+02
1.649709395983858826e+02
1.649614848158245195e+02
1.643966662948384965e+02
1.642930371027252932e+02
1.646378529547296239e+02
1.649827131508699836e+02
1.649774419237604093e+02
1.646684607621702128e+02
1.647799185714743544e+02
1.651296234429437106e+02
1.650973305098341086e+02
1.652220887201422670e+02
1.638925967693260475e+02
1.643720588709937545e+02
1.646279629925028019e+02
1.648054460364778606e+02
1.645621998425930315e+02
1.643723018393435495e+02
1.641244346794111095e+02
1.649028514482270964e+02
1.651057270139436071e+02
1.648185641769398160e+02
1.645084114241852546e+02
1.646372888385521946e+02
1.654803786077006862e+02
1.653850709379212844e+02
1.651920686165855443e+02
1.647058983506374830e+02
1.648219549976844291e+02
1.650766683278941400e+02
1.652978079634338542e+02
1.649195740642442445e+02
1.648747818499127504e+02
1.649538187702265191e+02
1.653353160812711167e+02
1.655115770517108444e+02
1.650547054384302896e+02
1.653152646670318120e+02
1.650304764354143856e+02
1.657621165815959330e+02
1.655558423651638407e+02
1.651966228650760513e+02
1.653135731476845081e+02
1.650551500665715139e+02
1.656524530179262342e+02
1.657169434046773517e+02
1.651222174003889336e+02
1.652320376914016435e+02
1.651390130188587761e+02
1.656648147549985310e+02
1.653064896329436522e+02
1.654180916497600720e+02
1.649087379263870616e+02
1.655854463327513599e+02
1.656823561617365215e+02
1.658855556090592245e+02
1.654054913618129774e+02
1.654252928749759803e+02
1.654631251901795395e+02
1.659112183353437899e+02
1.655042422305664047e+02
1.653966619147539063e+02
1.648107970054432201e+02
1.654142492981833641e+02
1.655918758043758032e+02
1.656616968976431110e+02
1.654095942145440006e+02
1.655136141195347079e+02
1.655951260395848124e+02
1.659225962539855459e+02
1.659198575388384143e+02
1.653906355374289205e+02
1.652880525304292121e+02
1.655168523095689181e+02
1.659051270920754177e+02
1.656234347909843905e+02
1.653303812524109446e+02
1.651363168724280115e+02
1.653401315683656776e+02
1.657609308317900059e+02
1.652186559356136684e+02
1.650220230887220509e+02
1.648756842918786560e+02
1.650713977394446204e+02
1.656928213958128708e+02
1.656529857347335906e+02
1.653851456920574208e+02
1.651481712485406774e+02
1.657373693589558172e+02
1.659478793908564285e+02
1.658596505303018205e+02
1.654860972868839326e+02
1.653187637043724862e+02
1.654759157494399915e+02
1.657404965588216612e+02
1.651754503963487934e+02
1.648559263149390119e+02
1.651083137699344263e+02
1.651944095173614357e+02
1.655990070093457973e+02
1.652329580480841003e+02
1.649481868617833697e+02
1.650119931834989018e+02
1.654696204567385109e+02
1.653052498357924662e+02
1.653631849590229876e+02
1.652792885515333694e+02
1.654631326773425997e+02
1.657434986659808942e+02
1.658289300292482551e+02
1.656176275572087206e+02
1.649789110183102991e+02
1.649863954309183214e+02
1.653946578968476615e+02
1.654731343283582135e+02
1.653261584069085472e+02
1.646666827448710535e+02
1.650297305567634680e+02
1.654156135147333657e+02
1.654243812279009944e+02
1.650214551043934819e+02
1.648469688240189441e+02
1.650023479841109122e+02
1.653932726922087966e+02
1.654497333247654467e+02
1.651959941393356814e+02
1.651353096945036611e+02
1.651069143780290744e+02
1.652920986022216141e+02
1.651474732867357602e+02
1.646866846567774303e+02
1.643240388610143441e+02
1.644653293470923074e+02
1.649734334625322845e+02
1.649653126353095729e+02
1.647397293378443521e+02
1.643623408028373376e+02
1.646924974604556553e+02
1.649400597955378203e+02
1.652055755858872317e+02
1.647866041354413369e+02
1.646840910919771659e+02
1.651482676961007030e+02
1.651512443749092824e+02
1.649869318913351321e+02
1.645717119365262135e+02
1.647004447165737417e+02
1.645380917932642149e+02
1.648197619315352256e+02
1.652715295941102625e+02
1.644778377336673714e+02
1.644282062823521926e+02
1.649245525529385361e+02
1.651597707956527756e+02
1.656435595757351678e+02
1.651171423512177796e+02
1.648034144067387956e+02
1.653954157029041312e+02
1.656548026136235876e+02
1.656700767263427281e+02
1.649189788409941855e+02
1.648757440118079387e+02
1.649634869630553169e+02
1.655053279999999916e+02
1.652345775717368497e+02
1.645898095892819981e+02
1.648054579019182881e+02
1.648209234908787835e+02
1.650648192616783660e+02
1.651502862519336077e+02
1.646622541844332659e+02
1.646342971565878770e+02
1.651642125121908293e+02
1.655276030524601651e+02
1.656624989994396913e+02
1.655863154698163271e+02
1.651908122142754962e+02
1.655471119305719014e+02
1.653914277966534314e+02
1.655548514159559090e+02
1.647894285986230614e+02
1.648282376808838023e+02
1.652166762104727411e+02
1.656184652815571212e+02
1.650292414453218441e+02
1.649751335538030901e+02
1.645976929196499441e+02
1.652991313789359253e+02
1.652434101278475396e+02
1.654140708829134780e+02
1.650516557984912538e+02
1.650458360645253890e+02
1.652628086692479599e+02
1.658564537725652031e+02
1.653303785839766533e+02
1.646957158020005636e+02
1.646452817488300582e+02
1.649180103192518345e+02
1.652898415055360317e+02
1.652452205109972851e+02
1.646160201381268848e+02
1.647516815418445049e+02
1.649572445019404938e+02
1.651581321648584435e+02
1.648664023722039644e+02
1.647633703167711872e+02
1.647500523982265008e+02
1.655053094045360922e+02
1.655649486543047715e+02
1.653666088759985087e+02
1.650558845419538443e+02
1.651294876770813005e+02
1.655244748443983269e+02
1.655879697315360772e+02
1.649368499848694682e+02
1.644748078294634865e+02
1.645357470791248318e+02
1.651539342463138667e+02
1.649503289837007287e+02
1.646081027885811636e+02
1.643379337354116103e+02
1.646842039156579176e+02
1.652366430148959182e+02
1.652100745567320246e+02
1.646935401238880274e+02
1.648873126464621066e+02
1.647872530854504873e+02
1.654527887154672214e+02
1.652245772122981009e+02
1.654301184597011058e+02
1.647646602443912798e+02
1.648494571773220798e+02
1.650293621058386577e+02
1.652861679033146629e+02
1.647031042845594300e+02
1.644272572677949427e+02
1.644665570970497015e+02
1.650095698452224156e+02
1.648003900960732437e+02
1.645249567481042163e+02
1.644488094659997728e+02
1.649404900439617165e+02
1.649330658545624715e+02
1.652855025295652922e+02
1.649497694734287734e+02
1.644898040655988893e+02
1.648014290783573585e+02
1.648915649027589154e+02
1.649030490671248685e+02
1.642915255336045277e+02
1.642033717318146557e+02
1.644697544679056875e+02
1.648668631825806585e+02
1.645955795375366506e+02
1.642328420571577965e+02
1.640542664731684397e+02
1.641874564233943659e+02
1.647335011277089336e+02
1.644844058364877526e+02
1.643207031060323970e+02
1.642188527644133273e+02
1.644788675657820534e+02
1.650438824600182102e+02
1.645338372696599833e+02
1.643296927333624637e+02
1.639140227342949458e+02
1.642483911856474492e+02
1.645770202629842345e+02
1.643171866668820940e+02
1.641030228758170040e+02
1.637518683389654086e+02
1.640512741287626000e+02
1.642987327769915282e+02
1.640071391568995693e+02
1.639926075159629022e+02
1.640928265925094820e+02
1.642844910384346235e+02
1.647441322206285008e+02
1.647027696318018855e+02
1.640813197936393806e+02
1.640144013523617446e+02
1.642279133498629733e+02
1.641773102685829429e+02
1.640919611523708568e+02
1.635704546937178065e+02
1.637126662980190588e+02
1.637998698022621795e+02
1.643071129297836706e+02
1.638578255868582687e+02
1.636781736288395166e+02
1.639531478770131798e+02
1.643363722356318135e+02
1.645316679365182324e+02
1.644854471031726746e+02
1.642428066633013657e+02
1.645490414550221203e+02
1.647684705728613608e+02
1.648206142429839360e+02
1.644837432806646120e+02
1.639174074013667735e+02
1.639682749828380963e+02
1.645862187290641998e+02
1.640654936778717570e+02
1.638906829871736477e+02
1.639076215099923672e+02
1.639535588168594131e+02
1.643216046069005927e+02
1.645353689155260497e+02
1.643349714545218774e+02
1.640207758928281976e+02
1.642541648797545406e+02
1.657481729544939242e+02
1.656926800068411296e+02
1.651241885169884256e+02
1.639980051201914932e+02
1.639443659426243016e+02
1.640304743901047857e+02
1.642772770166932617e+02
1.639220715569351228e+02
1.632938107466762006e+02
1.638860990344064135e+02
1.640989421894218765e+02
1.643362804430452115e+02
1.640954637558010347e+02
1.635442213254242176e+02
1.639756988020536426e+02
1.643996253461475874e+02
1.646793204010747900e+02
1.641938707419885191e+02
1.639564863633405025e+02
1.643884224190341570e+02
1.644301597652429052e+02
1.643701958474451601e+02
1.640344116636394745e+02
1.636810663711767120e+02
1.638901619334364170e+02
1.643021726982874782e+02
1.645800245599672564e+02
1.641337425931093321e+02
1.636005973657151458e+02
1.640046086728334558e+02
1.641782654637080441e+02
1.645078721491048839e+02
1.642687458310963677e+02
1.640835031545998390e+02
1.641916636921179986e+02
1.647611688906331722e+02
1.648249906581533821e+02
1.645165159744671257e+02
1.639218752542593620e+02
1.640209358402033217e+02
1.644381716928287744e+02
1.644870673353613313e+02
1.640679782417510637e+02
1.638940782343087790e+02
1.642505326646343633e+02
1.645058248593148562e+02
1.644090603421410890e+02
1.639860959428841340e+02
1.639582890324691107e+02
1.641781169655351960e+02
1.645611034482758726e+02
1.646938735436575314e+02
1.643979753708276519e+02
1.640598758492594982e+02
1.645189524802815981e+02
1.648766119002421817e+02
1.647749726114753912e+02
1.643525096776292003e+02
1.640609359420716089e+02
1.641111002620058912e+02
1.644411903177102943e+02
1.644524521433910706e+02
1.639789389146575331e+02
1.639122219134642080e+02
1.642471036784919249e+02
1.643007341805491421e+02
1.640836999417739719e+02
1.638751578360472934e+02
1.637996790147718684e+02
1.641887895460797608e+02
1.643107978159889342e+02
1.648147176063384620e+02
1.639393726629982098e+02
1.638274444280636430e+02
1.639674542732539351e+02
1.642527661667076586e+02
1.640062724451161102e+02
1.637794926899156565e+02
1.635975347193688663e+02
1.640466459351399351e+02
1.639676388661314093e+02
1.639917075814052509e+02
1.637379672109582032e+02
1.637501721932500232e+02
1.639362830120757906e+02
1.645132017810492187e+02
1.644769129504689715e+02
1.636105620297979044e+02
1.636616567345998021e+02
1.636354049772262158e+02
1.636959407163441540e+02
1.634217660283234181e+02
1.627109368592004444e+02
1.629443532746531389e+02
1.632785209928397876e+02
1.633352976131524201e+02
1.632874577389296462e+02
1.628747639086782044e+02
1.625987182034976115e+02
1.632020265467709237e+02
1.636319638631963755e+02
1.637106759736707033e+02
1.632054327961455158e+02
1.632252755448744495e+02
1.636426580850640278e+02
1.637857225672877917e+02
1.637007756809949797e+02
1.631641877759702481e+02
1.627027093962058473e+02
1.631711986727498811e+02
1.634384260262328894e+02
1.633155488822155519e+02
1.629387907936560680e+02
1.629880143560637578e+02
1.634707773816267604e+02
1.635184657443459457e+02
1.633954482459216138e+02
1.633057663628831619e+02
1.634317077230359416e+02
1.637362941595795860e+02
1.638702869771847190e+02
1.639444722111155670e+02
1.634327097063364533e+02
1.632706173167211148e+02
1.638471863193477986e+02
1.636962507031999792e+02
1.631874127023251901e+02
1.636002593343750959e+02
1.629793167250379895e+02
1.638900883869791016e+02
1.640597727046817340e+02
1.641749166155020703e+02
1.636100841994474422e+02
1.638261236932354450e+02
1.641370743657618334e+02
1.645615818836034805e+02
1.642737001797404730e+02
1.643763517077673555e+02
1.640991731469632668e+02
1.648188121747150774e+02
1.647499094292395228e+02
1.644549593228695699e+02
1.639494820351429212e+02
1.643716653885688856e+02
1.644499803007419985e+02
1.643387162481463974e+02
1.643077515821228189e+02
1.637098915436679363e+02
1.640716079371071316e+02
1.647050232680946635e+02
1.645486266747370223e+02
1.643041444506231414e+02
1.640012117242508793e+02
1.639632116311361756e+02
1.646126670387759816e+02
1.646742149807501789e+02
1.648271645465736412e+02
1.641953160675843151e+02
1.645822564369649683e+02
1.649224414040044167e+02
1.645998184235271253e+02
1.646914305459571608e+02
1.638376142156783146e+02
1.642317695095354395e+02
1.644653549344949681e+02
1.643791896929466247e+02
1.639555468264100284e+02
1.638820743160473796e+02
1.640450640616562907e+02
1.641667611565562481e+02
1.643552024104582756e+02
1.639173057902161474e+02
1.641509919536111113e+02
1.640919059205190536e+02
1.648009449128908557e+02
1.644786320624563984e+02
1.646707134760395093e+02
1.639240872590136178e+02
1.645279319031233172e+02
1.646233402061855600e+02
1.640312115797583772e+02
1.637856966586052181e+02
1.632079442691043596e+02
1.637092310473467194e+02
1.639700399139304636e+02
1.638733258928571388e+02
1.637002276626633375e+02
1.634968304539183919e+02
1.639176906216790428e+02
1.639926655593744158e+02
1.642076583940159367e+02
1.636820087810172311e+02
1.634146357474603235e+02
1.638720562681009483e+02
1.644665190094756042e+02
1.640260161797901048e+02
1.640265470644596348e+02
1.638797674303364715e+02
1.638688036087650914e+02
1.639606117608571196e+02
1.641638000692600770e+02
1.635223009110089549e+02
1.634927390342915601e+02
1.635103599763949944e+02
1.640559878909527640e+02
1.638090979334834572e+02
1.636301618165639411e+02
1.635750325440374127e+02
1.637767898383371801e+02
1.641593216447163570e+02
1.640946534523281173e+02
1.634733350761388238e+02
1.636943436675461783e+02
1.637139715225962107e+02
1.644580413208078653e+02
1.637861672868467906e+02
1.641708127407064524e+02
1.637043762246897529e+02
1.640193841145619160e+02
1.642842004961474629e+02
1.639490700245902985e+02
1.636271297724959766e+02
1.632533852596588133e+02
1.635961727989487429e+02
1.636209412801802046e+02
1.637084385556393613e+02
1.633997349172843769e+02
1.632723591288458636e+02
1.633665519322686350e+02
1.640315700786360935e+02
1.635294366724752706e+02
1.632766460381818376e+02
1.630689514283846222e+02
1.637585074773872407e+02
1.638734562899095693e+02
1.639288441284886630e+02
1.631360421442856250e+02
1.633969741818779653e+02
1.637806474962163463e+02
1.638576818790630796e+02
1.637623571003766472e+02
1.629879990843988082e+02
1.630068216187783605e+02
1.632564345440292470e+02
1.638872502064409673e+02
1.632168581492576607e+02
1.631568167165363263e+02
1.628718854776148817e+02
1.633139860024156746e+02
1.636094751801176415e+02
1.635665774782809763e+02
1.631184563924269639e+02
1.630948610720838303e+02
1.635172248724847748e+02
1.638320447659884280e+02
1.636997403621783178e+02
1.635179251477347577e+02
1.636318371109245788e+02
1.638568099943814502e+02
1.640857450331125733e+02
1.638208302986161868e+02
1.630545454545454334e+02
1.630332248418061454e+02
1.634407332915691313e+02
1.636238295071175912e+02
1.635019434658198065e+02
1.630521226571295870e+02
1.629820620395758226e+02
1.634043718567943131e+02
1.636520084706505429e+02
1.632521447036933182e+02
1.630476151084492642e+02
1.633506160164270966e+02
1.636878261443952738e+02
1.637291501715492359e+02
1.637654306752104105e+02
1.634694734059252141e+02
1.634601192633347750e+02
1.637876942322886578e+02
1.639035859213250603e+02
1.637342094387965972e+02
1.632716784885538743e+02
1.632755802819691837e+02
1.634780413684933080e+02
1.637284399462840838e+02
1.635713909854800931e+02
1.631770717327219131e+02
1.632007169632188095e+02
1.635358276457528177e+02
1.636690179941870156e+02
1.636487713718997554e+02
1.632211870086140664e+02
1.635780549281482195e+02
1.639376088599691172e+02
1.639537252571277577e+02
1.636216123330714822e+02
1.634881042857614943e+02
1.638134892530676154e+02
1.640147411610939230e+02
1.639159179493955207e+02
1.635027478421600051e+02
1.630817285497592763e+02
1.629385760283874447e+02
1.632857944604007798e+02
1.632126911641506695e+02
1.628715719942818509e+02
1.629974353072699103e+02
1.629905704152994588e+02
1.633319462864721459e+02
1.635853186740513934e+02
1.632061657988263335e+02
1.627960274514979631e+02
1.630692836081506130e+02
1.638376955525293113e+02
1.635923726317856222e+02
1.634935215974053619e+02
1.632203976654466260e+02
1.630882280090490326e+02
1.634703715328828650e+02
1.636457122937485451e+02
1.631437902028698659e+02
1.629062989142075821e+02
1.630108965243559567e+02
1.630463823733747972e+02
1.631973393557746306e+02
1.627784097428248344e+02
1.626858966918165947e+02
1.630283940988068139e+02
1.633186592882232162e+02
1.633819702755872925e+02
1.629088869686596297e+02
1.627226320642866426e+02
1.631279800912484461e+02
1.635850161785447483e+02
1.638230022651741820e+02
1.637718823197169229e+02
1.629707705496389565e+02
1.628619437475240943e+02
1.633614026402640036e+02
1.632039182676437292e+02
1.626016528925619866e+02
1.626538728094782300e+02
1.626487395233643269e+02
1.630645797755044555e+02
1.631699957080128058e+02
1.627849428628046837e+02
1.625077100875020619e+02
1.627188252366346717e+02
1.632804606791557660e+02
1.635129261833830014e+02
1.629033812439149358e+02
1.628418007384939870e+02
1.633157241242301723e+02
1.636199035221040106e+02
1.633253600315644007e+02
1.630755710311047437e+02
1.625313859437285942e+02
1.627128356738112984e+02
1.630498603581403074e+02
1.630444003411625715e+02
1.627798665458439871e+02
1.628526376715726656e+02
1.629008439511362099e+02
1.633023763818097507e+02
1.630268815450363888e+02
1.629344927250632225e+02
1.625874261027739749e+02
1.629313504139262534e+02
1.635102719978912376e+02
1.633018478154787090e+02
1.634205064956421438e+02
1.628525007340706736e+02
1.632669551250532720e+02
1.635957965225174462e+02
1.632374713666551429e+02
1.629095773315280269e+02
1.627705505341002663e+02
1.625222982885085514e+02
1.632161760333035829e+02
1.628821983077302207e+02
1.628202680646916463e+02
1.624900185087255409e+02
1.629666281182884404e+02
1.630637283901926082e+02
1.633673259951998773e+02
1.624567553400602833e+02
1.628929922834151114e+02
1.630785295332507303e+02
1.634050200603468284e+02
1.630620965617178229e+02
1.630301181852840102e+02
1.625222079546951193e+02
1.628038314682887062e+02
1.629005024960588628e+02
1.627776094331543675e+02
1.627030324039683649e+02
1.623039858310987427e+02
1.625236050798853000e+02
1.632835758835758782e+02
1.627690956547433245e+02
1.629692967921527327e+02
1.625834979662986655e+02
1.630937112635319295e+02
1.632422382910972374e+02
1.633448848684210475e+02
1.631436031764452252e+02
1.629262396796770247e+02
1.627670617756793376e+02
1.633397428472141542e+02
1.631265564602352356e+02
1.626358902759526757e+02
1.626887398575923100e+02
1.628353096393784369e+02
1.628290115700321508e+02
1.632015760207942776e+02
1.625865848884248805e+02
1.628135260323747673e+02
1.629388889797386923e+02
1.634591370932116092e+02
1.635169154147348536e+02
1.633615785750711495e+02
1.631618823298493339e+02
1.635623818680867032e+02
1.640422091384028818e+02
1.634451106935707685e+02
1.633088418227052614e+02
1.628179856820633518e+02
1.630887443070917300e+02
1.630751130341776332e+02
1.634792881907359572e+02
1.628340987370838207e+02
1.626807397354350258e+02
1.633646302883275609e+02
1.632253888119859937e+02
1.632914746920236553e+02
1.630960529130127270e+02
1.629728279710120944e+02
1.632190630208419293e+02
1.635351105117747750e+02
1.635897558089854442e+02
1.631109987231996001e+02
1.628746186447665707e+02
1.634059095136858843e+02
1.635080384787323737e+02
1.632336507619949941e+02
1.626502714316172842e+02
1.626660079051383150e+02
1.630282360353489253e+02
1.632397480011303514e+02
1.632780285369442765e+02
1.631801765783774840e+02
1.628975263852242676e+02
1.634031475192578284e+02
1.634914636359137887e+02
1.635033016135705566e+02
1.631782738923351417e+02
1.633664937896406002e+02
1.633662205141796733e+02
1.634670054936017607e+02
1.635436207096763326e+02
1.630737481182484601e+02
1.627969922332338513e+02
1.632037584740130285e+02
1.633958447420388040e+02
1.632425888509820595e+02
1.629256957713716076e+02
1.629903011485043010e+02
1.631333863169746223e+02
1.634324221148898744e+02
1.634253068621797524e+02
1.635582180335539135e+02
1.630053645773338360e+02
1.640886510701841701e+02
1.637480924836439726e+02
1.640073139724941598e+02
1.631987075664621614e+02
1.632844244162228620e+02
1.633413275670008602e+02
1.637396433291455082e+02
1.635832505253555098e+02
1.630986545615444072e+02
1.632574851283399653e+02
1.635143054459352925e+02
1.638425747308371001e+02
1.632990898337385772e+02
1.632648211580264785e+02
1.633902100444547330e+02
1.637962200783642288e+02
1.639725629864133793e+02
1.638801976935749565e+02
1.633612308802072164e+02
1.632769972361147666e+02
1.637190952043856953e+02
1.638207034977460523e+02
1.635369238121920432e+02
1.630860271543727720e+02
1.630415627734936379e+02
1.633159896396839201e+02
1.636196398646206660e+02
1.635221669980119259e+02
1.629949198259171510e+02
1.630791420485576566e+02
1.634893877889155647e+02
1.638572566195500713e+02
1.634373101809058255e+02
1.634053946517680913e+02
1.634236823752117118e+02
1.636513436116013622e+02
1.640016401318732164e+02
1.638498671978751702e+02
1.633374694772512044e+02
1.631060530265132797e+02
1.634460342403440620e+02
1.637555285419303175e+02
1.634339681961842246e+02
1.631227311294857429e+02
1.629033057301539600e+02
1.631699021071843276e+02
1.634084697176760983e+02
1.633376298960831434e+02
1.629817741988931914e+02
1.631445917958311043e+02
1.633543480419742480e+02
1.637447381994243187e+02
1.635533173593323966e+02
1.635461662752152847e+02
1.632402750556422859e+02
1.635425464807436811e+02
1.637881960172462925e+02
1.642308397377141489e+02
1.636764232196624960e+02
1.633240830449827001e+02
1.631961615367524985e+02
1.632952749285353775e+02
1.632046518703832021e+02
1.627133242931043071e+02
1.622913536334020250e+02
1.628378144261202749e+02
1.630758815701929336e+02
1.634111957844886547e+02
1.628662832374760399e+02
1.627156684013391157e+02
1.633151442865189154e+02
1.637534669994545311e+02
1.635978975032851395e+02
1.629283016367371317e+02
1.628073067682876172e+02
1.631691938023034254e+02
1.632453020245054347e+02
1.630800743347695914e+02
1.629154518950437307e+02
1.627418396148098907e+02
1.632871896722939482e+02
1.632595662315747802e+02
1.631833848289080322e+02
1.629893112619979831e+02
1.628679814885464339e+02
1.632873638954321507e+02
1.639306369902832046e+02
1.635949620085893628e+02
1.632184523809523853e+02
1.632499138567561090e+02
1.637169351226714014e+02
1.637563300565981592e+02
1.633051163866448690e+02
1.630138202209908229e+02
1.628435508897032094e+02
1.632979433385644938e+02
1.631051359316533649e+02
1.632616947472745323e+02
1.628503838217086184e+02
1.626769562334217483e+02
1.632793653444676636e+02
1.634618714342576595e+02
1.634649818054932382e+02
1.631731328486450820e+02
1.632140080395692223e+02
1.637286289054092094e+02
1.638715382324719769e+02
1.637553583889941251e+02
1.633780118738526994e+02
1.631268585890540805e+02
1.632730300032970945e+02
1.635506062773406768e+02
1.633883830248841207e+02
1.631431947772911144e+02
1.628841816367265380e+02
1.633625956738768537e+02
1.635791265925815310e+02
1.636196907647304499e+02
1.631101784185923975e+02
1.631479917184265105e+02
1.633738308490597149e+02
1.636671791057112273e+02
1.634310533289168745e+02
1.633932986712882780e+02
1.632798516191558349e+02
1.630794188225239054e+02
1.636602665424354939e+02
1.635736481668794511e+02
1.632580954744767041e+02
1.629015646235953341e+02
1.630530641649066013e+02
1.636464242444359627e+02
1.634488667315977750e+02
1.633449613045423803e+02
1.631116784086199800e+02
1.634031389469870419e+02
1.640157037771716659e+02
1.637415081298136954e+02
1.637412537412703841e+02
1.631575112015624711e+02
1.636791554031779583e+02
1.639189560667030889e+02
1.638186627309210337e+02
1.633594059733051438e+02
1.631745641298386147e+02
1.630284323686539381e+02
1.636632049189786073e+02
1.631142166614602900e+02
1.630801625720752952e+02
1.627364167784456868e+02
1.630088128306878446e+02
1.635113758405895510e+02
1.634406955661776806e+02
1.631189560894780186e+02
1.633431341518266038e+02
1.631432624819553041e+02
1.636107943177270840e+02
1.633514206755035048e+02
1.630326643118872312e+02
1.632037690617300143e+02
1.629827093126458522e+02
1.632034311692190442e+02
1.633028393775528571e+02
1.629771908170822030e+02
1.626910255140772961e+02
1.632546095087580795e+02
1.636239264107086910e+02
1.636860961235162506e+02
1.633188450842466750e+02
1.631090872864329810e+02
1.629837468488788659e+02
1.632155775577557506e+02
1.634933547128640612e+02
1.628081498813604071e+02
1.626108882616088067e+02
1.628226634207323116e+02
1.633407572383073614e+02
1.632821149105828340e+02
1.629829614469458647e+02
1.627227162220668220e+02
1.630257644160010386e+02
1.636474812967581158e+02
1.636302063510449898e+02
1.630440334800013318e+02
1.628665582313986420e+02
1.631718929732433025e+02
1.632216064190586735e+02
1.633751097126769878e+02
1.629889570349307917e+02
1.626754869350808406e+02
1.630251967716115473e+02
1.633339400959788179e+02
1.631951126825721872e+02
1.630274043089997633e+02
1.625605688085587133e+02
1.629242180102659461e+02
1.630512731308914454e+02
1.631582220898879996e+02
1.631076091476091392e+02
1.629058120225838593e+02
1.631361976832951655e+02
1.628860242204760880e+02
1.630580561099107513e+02
1.625882624997935295e+02
1.625560107709844146e+02
1.625593784683684930e+02
1.630034913543476307e+02
1.631109433336098675e+02
1.626864532471211646e+02
1.624532125342864219e+02
1.629459356146853111e+02
1.631656842835207328e+02
1.634624081401921956e+02
1.628715970736077452e+02
1.627483165400969369e+02
1.630201396838036487e+02
1.635600621960498984e+02
1.638959098497495859e+02
1.633140591825902277e+02
1.628790850765221023e+02
1.626623243680552093e+02
1.630660236403479644e+02
1.631025738389658386e+02
1.626809524597488235e+02
1.624358923690017207e+02
1.626440364218531158e+02
1.629353513513513576e+02
1.632178089261041123e+02
1.628173668160837053e+02
1.628222074798905510e+02
1.627976341708874486e+02
1.634312859694383633e+02
1.634549688671610284e+02
1.633805169714533179e+02
1.629373891625615727e+02
1.633033278777959652e+02
1.636188381742738613e+02
1.636771326425899531e+02
1.631570227249974891e+02
1.625964171422915854e+02
1.628044809879967829e+02
1.631612353884562765e+02
1.635701632396278455e+02
1.626979328592690592e+02
1.623668302678763098e+02
1.627209764073814426e+02
1.629790826779459394e+02
1.633008647549860655e+02
1.628205281019783115e+02
1.628028588544613342e+02
1.624953834464760689e+02
1.632996673320026559e+02
1.634383768365891854e+02
1.632249161937004089e+02
1.631287985039738260e+02
1.627056793222466240e+02
1.632491463616774467e+02
1.632042360812108654e+02
1.628619808094558437e+02
1.625240243477684032e+02
1.622311537824863308e+02
1.628389716282552513e+02
1.627961026694725604e+02
1.627423947250112235e+02
1.624243291830348142e+02
1.625525058469762882e+02
1.629518713022668237e+02
1.632891317728868330e+02
1.630024098788412630e+02
1.627034095440648684e+02
1.630258168952972255e+02
1.629609924966458436e+02
1.635411454244818117e+02
1.630929263758879415e+02
1.624824267852088724e+02
1.625667779494078786e+02
1.628226665109060320e+02
1.630332273765769457e+02
1.628594384897078839e+02
1.623784190463452148e+02
1.622981807277089104e+02
1.628921862192408696e+02
1.630195659432387458e+02
1.627963632124956064e+02
1.627508481341049844e+02
1.628458874458874561e+02
1.630262490678598226e+02
1.634544486944952837e+02
1.633434103373774349e+02
1.628623307413862449e+02
1.628035952063914635e+02
1.630648624357117740e+02
1.631520231502269951e+02
1.628386963491827260e+02
1.624299606043983601e+02
1.624146748008134296e+02
1.626291397331294775e+02
1.631776526663677203e+02
1.629816052671257012e+02
1.626151995589488024e+02
1.627174014152353720e+02
1.631940365823101899e+02
1.635006134155641746e+02
1.635770463346241286e+02
1.629627507163323514e+02
1.630808693788031007e+02
1.635434429759183956e+02
1.633488667062001696e+02
1.631377007107133466e+02
1.627205651491365757e+02
1.623452343941748950e+02
1.628808154903515515e+02
1.631892874773736821e+02
1.631307102422327375e+02
1.628487071397749446e+02
1.626625292971973806e+02
1.629783608195901934e+02
1.632865106641890520e+02
1.633018802112746073e+02
1.624342057613168890e+02
1.630813986386406498e+02
1.632323409030895220e+02
1.634661934074662497e+02
1.632010912698412710e+02
1.628596535024215086e+02
1.626886960576939032e+02
1.629875613639378855e+02
1.629847004456180741e+02
1.630919279916684559e+02
1.624830116022374682e+02
1.625473449189396149e+02
1.626902419126583936e+02
1.632130360891732437e+02
1.628906923369053459e+02
1.626772663738019276e+02
1.628720127100928039e+02
1.631761815629386945e+02
1.636293331558188697e+02
1.633942751769279198e+02
1.629736447289457999e+02
1.625544730881961186e+02
1.628766641797230932e+02
1.631448691482985964e+02
1.633848353841037806e+02
1.622684583676834507e+02
1.623596560978034233e+02
1.628621694531406092e+02
1.632130937525996330e+02
1.633459633728853078e+02
1.627757561672034399e+02
1.626285172935330081e+02
1.629221818302541180e+02
1.632766960476735676e+02
1.635397715024789704e+02
1.633822045329647494e+02
1.626455076504364570e+02
1.626483970702511499e+02
1.628726866412845595e+02
1.629433182314229782e+02
1.626975778546712661e+02
1.625246711071345658e+02
1.625055655885733188e+02
1.631200231577206239e+02
1.630620044454765605e+02
1.626979019136392139e+02
1.628146840395199035e+02
1.628858153215678328e+02
1.634264018112409360e+02
1.631737564634166233e+02
1.632783117356576952e+02
1.627549613157590898e+02
1.628483181337562655e+02
1.632226509455834105e+02
1.630231252659487211e+02
1.627476813199530454e+02
1.625206898260568096e+02
1.628033571156615551e+02
1.631345073932546939e+02
1.631854364089775800e+02
1.626285728504835504e+02
1.624410496224201665e+02
1.627559609617073306e+02
1.633447817489988836e+02
1.631809770172122001e+02
1.632248719219963391e+02
1.630490655365922237e+02
1.628420851980772568e+02
1.633030810282247955e+02
1.631858914037607633e+02
1.629223716482033240e+02
1.626778411714266781e+02
1.626140633833261404e+02
1.631257119067443568e+02
1.629796744608774759e+02
1.628476478706952264e+02
1.625928884943531898e+02
1.625975328568134444e+02
1.635334467775776943e+02
1.635623371234127035e+02
1.630214495446326453e+02
1.628200983486726159e+02
1.629355532041531660e+02
1.632966620121018764e+02
1.634191824473470263e+02
1.630588001391719217e+02
1.625154250325301177e+02
1.630067938855030434e+02
1.633141669437978010e+02
1.633119276747360971e+02
1.633203619758682805e+02
1.630061345602453855e+02
1.627706247414149914e+02
1.632419731416932791e+02
1.634711958417058213e+02
1.633923203401371893e+02
1.629750605648292492e+02
1.631221534159008968e+02
1.631640283257126782e+02
1.634431720108876220e+02
1.629694519168880902e+02
1.626431142293211281e+02
1.628224218230206191e+02
1.632554694659668542e+02
1.631421573478475864e+02
1.630409675056598644e+02
1.628970974062634696e+02
1.631835339304339243e+02
1.636175817621524686e+02
1.634325687997757655e+02
1.636349975202512610e+02
1.633123006084525457e+02
1.633448120976194105e+02
1.635080671824373439e+02
1.638020620271056771e+02
1.630860580652615397e+02
1.629570490396673677e+02
1.629848334326776467e+02
1.635808777117039199e+02
1.634589993223028443e+02
1.632848203939745133e+02
1.627312585375487686e+02
1.631803425167535408e+02
1.635505662626663934e+02
1.637188180558305248e+02
1.637624408954138175e+02
1.635085213654020890e+02
1.633323090140100362e+02
1.637525476917994922e+02
1.637638669043770676e+02
1.634202431280946257e+02
1.632004648939151537e+02
1.629754197137527285e+02
1.634100583138404943e+02
1.636818679859220538e+02
1.632785366983097788e+02
1.631593710440402560e+02
1.631534663308589757e+02
1.636020485584218420e+02
1.634305693643534312e+02
1.637385103011093577e+02
1.634948966849264878e+02
1.631780821917808453e+02
1.636970892454581588e+02
1.639989228423704049e+02
1.631112685104350248e+02
1.629174966308385137e+02
1.629554336873750913e+02
1.634221275612132160e+02
1.635543053241160578e+02
1.634108551593562595e+02
1.627590068639364063e+02
1.629187775101735838e+02
1.633884574538696484e+02
1.634719981524554271e+02
1.636465501532344717e+02
1.629061112215814831e+02
1.634433054880686882e+02
1.635319074857000601e+02
1.640761014463774075e+02
1.634279893097532010e+02
1.631944737150216724e+02
1.625907469784029900e+02
1.632008373740215461e+02
1.633757980648983050e+02
1.635241417990465607e+02
1.628729647580711344e+02
1.628845658845658875e+02
1.632009799864258639e+02
1.635327663340052311e+02
1.634058920072214107e+02
1.627840296330290357e+02
1.629423377477996269e+02
1.633305054210750313e+02
1.633697540622911788e+02
1.634022020198734992e+02
1.628919858363382502e+02
1.625810607792546989e+02
1.630111842536188931e+02
1.632503763581620433e+02
1.632485788957856983e+02
1.629619355909694605e+02
1.630190755197496628e+02
1.630899821817461657e+02
1.631745994814863820e+02
1.632559217471628585e+02
1.632141839506990948e+02
1.626588903523213787e+02
1.634181058866593332e+02
1.634621168495697532e+02
1.636769962071649616e+02
1.633897399180791865e+02
1.632287028914745406e+02
1.633953780748043698e+02
1.631760879614343196e+02
1.636168811881188105e+02
1.631170241064006632e+02
1.626781105228325544e+02
1.628546466369643895e+02
1.631118533375325228e+02
1.631457353596356654e+02
1.630959640362954701e+02
1.626551190792974921e+02
1.630240034503923141e+02
1.634135119008154788e+02
1.635458474320747655e+02
1.630115281855064779e+02
1.630668112436400179e+02
1.631848761797342888e+02
1.631811200319154409e+02
1.630773280629785233e+02
1.631005841884133076e+02
1.627278253339106584e+02
1.628678837618290061e+02
1.631359583092067282e+02
1.632367841777007129e+02
1.625595629326882943e+02
1.625894968563947600e+02
1.626556948101730029e+02
1.631825326340130857e+02
1.632488842084148359e+02
1.630612374369761994e+02
1.628346488094248912e+02
1.631291693646128920e+02
1.633843964506947941e+02
1.631622408572094116e+02
1.628744508785942742e+02
1.624672254819782040e+02
1.623122306706819984e+02
1.628468849348357992e+02
1.629042134737824767e+02
1.626207775759494893e+02
1.622404321552829174e+02
1.627845194216047844e+02
1.629193679698273627e+02
1.631799580712788327e+02
1.626487520162295937e+02
1.627987471945868094e+02
1.628109179729978280e+02
1.631438706015891285e+02
1.633090781820303050e+02
1.631524886877828067e+02
1.628053649926735318e+02
1.628029063275951103e+02
1.629354844063801977e+02
1.632006691189933179e+02
1.629498007702438827e+02
1.625377722797104809e+02
1.625306538031413481e+02
1.627734644640284216e+02
1.631495903695034428e+02
1.628320497184957389e+02
1.624431592475756361e+02
1.628627562929253827e+02
1.632687283614042997e+02
1.632055940312489497e+02
1.632341704693068607e+02
1.626955154475352572e+02
1.625963496605883165e+02
1.629300917400753406e+02
1.631462027931575847e+02
1.629116654755771378e+02
1.624225125327844239e+02
1.625709043996917273e+02
1.631375298725438086e+02
1.631630686263087000e+02
1.632120833684921024e+02
1.626428845544190835e+02
1.628933424593502650e+02
1.634699983341662346e+02
1.635551808910003047e+02
1.634537787167501222e+02
1.626954928787153847e+02
1.628911521430361802e+02
1.628177734310247615e+02
1.631976511744127833e+02
1.629670285885048031e+02
1.628308169700205212e+02
1.629356865241573473e+02
1.630736729330230901e+02
1.636649229582683631e+02
1.628684599910222914e+02
1.627250762885215067e+02
1.623471861185158218e+02
1.634656000535537999e+02
1.633921852147320806e+02
1.634833905879998781e+02
1.629301624323198610e+02
1.630950411147024681e+02
1.630777855408057917e+02
1.638979512949362345e+02
1.633169164527614328e+02
1.630581226533166443e+02
1.630205282993696585e+02
1.632280933435859822e+02
1.633744976251369962e+02
1.633546721475837273e+02
1.627685075794132672e+02
1.628898293766069116e+02
1.630862502707295505e+02
1.634257878797963315e+02
1.635134769086713504e+02
1.633463999866325764e+02
1.628656958741317453e+02
1.631446035685537765e+02
1.632253643245406352e+02
1.632645262752839983e+02
1.626251918329218711e+02
1.623911208614539703e+02
1.629175453324378964e+02
1.634890853873387186e+02
1.629363945179805455e+02
1.623871124111993254e+02
1.624039176916116389e+02
1.629566968105632156e+02
1.630287177092540389e+02
1.630415966456464787e+02
1.627874321049552861e+02
1.628031554089135398e+02
1.629609396018294376e+02
1.633963326498369781e+02
1.630003343251646584e+02
1.628378296910323968e+02
1.622477948546608673e+02
1.625771787420249268e+02
1.629947295981738193e+02
1.628097595237298947e+02
1.627026730382803237e+02
1.622964075854700923e+02
1.627058328281807746e+02
1.629856552886641339e+02
1.629748568750209188e+02
1.626915482823820867e+02
1.625736154429739315e+02
1.630298484899385016e+02
1.631818304013979173e+02
1.628054285809616033e+02
1.627602280348759223e+02
1.622821998797514880e+02
1.625741311775981330e+02
1.627816421417501260e+02
1.631084214910453909e+02
1.627646713615023373e+02
1.624118332944664473e+02
1.624366993343813874e+02
1.631729991645781297e+02
1.630044668900111731e+02
1.630861323133966891e+02
1.625333277423683569e+02
1.629283785135540654e+02
1.635625909387386514e+02
1.631067712661636335e+02
1.628194867188929322e+02
1.623049434981166144e+02
1.628260862346631939e+02
1.628252457871009824e+02
1.631453841901603141e+02
1.628321824824858197e+02
1.627717626532906081e+02
1.623758784931552270e+02
1.632230213420753557e+02
1.632136031008787995e+02
1.630681692686110296e+02
1.626286470371486814e+02
1.632003961260218148e+02
1.631532499206521720e+02
1.636744303117763764e+02
1.631455329245267194e+02
1.627842295941366046e+02
1.629055961557713488e+02
1.634562429209141214e+02
1.633413761544221643e+02
1.630221472718814368e+02
1.626530939189640321e+02
1.624921501593202322e+02
1.632729836623666984e+02
1.636808539227707229e+02
1.632226913806001107e+02
1.628979441997063020e+02
1.630109871788459088e+02
1.635804111850332845e+02
1.637155437913066862e+02
1.633758020012632528e+02
1.628900064731365092e+02
1.629905919378599322e+02
1.630726030357944296e+02
1.635401055321408421e+02
1.630395228181487823e+02
1.625246158722744099e+02
1.628854135587601490e+02
1.631187544655467434e+02
1.632890363790608319e+02
1.630850070370063918e+02
1.629688667085302427e+02
1.631309470395665926e+02
1.637102269888587216e+02
1.639483128986417171e+02
1.636858703049013286e+02
1.634037989789829624e+02
1.633386219552886303e+02
1.633134367691141904e+02
1.635962768669111256e+02
1.634252879244723431e+02
1.629370794300039336e+02
1.631164981504315676e+02
1.634439595318389138e+02
1.636773155481450885e+02
1.637304369538077538e+02
1.633926649557082840e+02
1.632648784854613666e+02
1.636530001817791060e+02
1.638111401362343997e+02
1.638147629097144318e+02
1.635104906768070805e+02
1.633270048172286693e+02
1.635756935968066443e+02
1.636975085458848298e+02
1.635362493003654549e+02
1.634598553495718534e+02
1.632430522221302738e+02
1.634804470198675403e+02
1.639524595080983715e+02
1.638533529967356515e+02
1.637541796894379047e+02
1.634459730486814522e+02
1.641079861856999003e+02
1.641591111698088525e+02
1.641495690945995705e+02
1.633192590258544783e+02
1.634589254364172461e+02
1.638173592880611693e+02
1.638300153139356894e+02
1.637366347496509036e+02
1.634160103678596556e+02
1.631126186794366504e+02
1.633176035972786337e+02
1.636730122438159469e+02
1.637704553807089667e+02
1.632791062197765655e+02
1.629341716839840615e+02
1.634563636967202171e+02
1.638443043884220174e+02
1.637181104475608890e+02
1.631037116261969686e+02
1.627097397943024646e+02
1.630718666666666650e+02
1.634524346446170284e+02
1.634664312719641543e+02
1.630085977173312131e+02
1.627957565905244053e+02
1.628626341430747857e+02
1.631603288968944696e+02
1.633710636606092805e+02
1.633145556333099933e+02
1.632853537463856526e+02
1.635344443513943418e+02
1.636495913626259835e+02
1.634364309292787993e+02
1.632955286446203900e+02
1.629018545599574850e+02
1.629427940785979558e+02
1.633864036691149408e+02
1.631579956052670752e+02
1.629113335001250960e+02
1.626650730500484769e+02
1.628582963061211046e+02
1.634243554726533887e+02
1.634464621894940137e+02
1.630818261691228770e+02
1.628982844364340394e+02
1.633435305917753055e+02
1.633978994376447247e+02
1.634815818528555553e+02
1.628631186239228725e+02
1.627445210804015687e+02
1.630878700733081814e+02
1.632594245293932715e+02
1.634621376242371866e+02
1.630390488981743999e+02
1.628059787817694826e+02
1.628689401317201089e+02
1.632172061187623342e+02
1.635362357181831783e+02
1.632958655261982415e+02
1.630097088981721356e+02
1.631469485506648027e+02
1.634956728153899519e+02
1.636845055054062072e+02
1.633532718051051802e+02
1.626887461924755200e+02
1.628577773374940136e+02
1.630859650575474120e+02
1.632952421760411426e+02
1.631427420680585385e+02
1.625051307514068242e+02
1.630612096106048057e+02
1.629975907618177189e+02
1.635155880491622895e+02
1.633995335219095750e+02
1.631846882136249235e+02
1.632042860237631032e+02
1.635418939595529366e+02
1.640679102254295287e+02
1.637145498151294021e+02
1.634073809681917737e+02
1.630986581827772568e+02
1.634629132265658598e+02
1.635919422511480548e+02
1.633675273088381346e+02
1.629319836589464217e+02
1.631658826647231990e+02
1.633557900342841833e+02
1.635473879484546273e+02
1.633018836693481717e+02
1.629916340216453250e+02
1.632101544962366120e+02
1.634569653217299390e+02
1.636623016459082010e+02
1.637665340092804911e+02
1.632589124417852986e+02
1.634669268454704252e+02
1.637253617162814123e+02
1.638506546305361553e+02
1.634347402972273073e+02
1.631169434444315414e+02
1.627981532293840132e+02
1.633059426877799183e+02
1.634640294938222382e+02
1.635656028957592980e+02
1.628465089344804824e+02
1.626743049342214249e+02
1.632504947695787223e+02
1.636723415530861416e+02
1.635055139097117944e+02
1.633047910633016215e+02
1.631311054410497547e+02
1.634306600589426637e+02
1.639377888611803940e+02
1.635446689225053092e+02
1.630487009746848059e+02
1.627008655930885084e+02
1.632284662903574883e+02
1.633681675497018944e+02
1.632131485359125236e+02
1.628676548878684969e+02
1.627274829078178016e+02
1.631035414165666282e+02
1.637261020804067186e+02
1.636076240278448495e+02
1.627750334329442410e+02
1.628704229537425476e+02
1.634054238643367682e+02
1.636631267754508769e+02
1.639851476905657819e+02
1.632692759813904217e+02
1.633475805650316204e+02
1.635649546827794438e+02
1.632526042956432661e+02
1.632009453920402109e+02
1.628221015859478769e+02
1.627113437872171460e+02
1.625698947679477442e+02
1.631137215407221390e+02
1.631505280084879246e+02
1.628465436180286758e+02
1.625610581308566509e+02
1.631094737542412076e+02
1.633412468315634385e+02
1.634374989631546669e+02
1.630490386370045997e+02
1.628007759616972123e+02
1.632874787478747862e+02
1.634961782267641297e+02
1.635671266421787493e+02
1.628214767560004645e+02
1.627126916791839051e+02
1.626727626394453523e+02
1.630702795642038723e+02
1.630765725310182006e+02
1.625286491835724689e+02
1.625869831418267211e+02
1.626071855095541423e+02
1.630970078425495728e+02
1.632188047756060598e+02
1.630766245397551870e+02
1.629011413843887794e+02
1.626114643386592036e+02
1.634670061707915920e+02
1.635658986021001908e+02
1.633084746891282180e+02
1.626953780469642084e+02
1.628813960071265399e+02
1.631494271875154709e+02
1.632822812291249193e+02
1.629462059078482525e+02
1.624940538913141665e+02
1.624740650986771016e+02
1.628918860198880338e+02
1.629181508905343208e+02
1.627123568193926246e+02
1.625487533653283378e+02
1.623730410136712123e+02
1.628979114843319564e+02
1.631702124109392571e+02
1.629708245313461532e+02
1.627944208510283772e+02
1.630132017624688103e+02
1.630361572139634632e+02
1.631930216655269703e+02
1.629597924556632336e+02
1.622665148063781260e+02
1.623447851331791583e+02
1.629099969898658742e+02
1.629464854498457385e+02
1.625969228210246058e+02
1.623656697746568227e+02
1.626663111762843528e+02
1.630585249428532961e+02
1.631498493850583316e+02
1.632183424414121475e+02
1.627525695537179047e+02
1.628172847339332918e+02
1.631773794808405569e+02
1.634913944502985714e+02
1.629999833030004481e+02
1.627245336679213494e+02
1.625543846757628046e+02
1.627429579222335008e+02
1.628925072765072741e+02
1.629735192571984044e+02
1.624108602114672522e+02
1.621610965578229013e+02
1.626428535636138690e+02
1.628977624037031546e+02
1.630702903296223667e+02
1.625907497077976132e+02
1.624086522462562243e+02
1.629658112527531273e+02
1.633239474210982962e+02
1.633944892921475684e+02
1.628141620901980389e+02
1.625130508842537722e+02
1.627737510442773612e+02
1.630811412688578912e+02
1.629534526255993967e+02
1.624250024850070986e+02
1.623947324386734294e+02
1.624879785090664939e+02
1.631223649869504015e+02
1.628800761739304903e+02
1.625738884991816064e+02
1.627959511729542328e+02
1.627859641488275599e+02
1.633421763940334301e+02
1.633414418177261780e+02
1.628813312584709649e+02
1.627649387748283516e+02
1.631563322878754718e+02
1.631649099287809008e+02
1.629681051281624207e+02
1.622805675590655596e+02
1.624844187880720199e+02
1.626521753625604276e+02
1.631965373355318718e+02
1.627381945603203803e+02
1.622482515731668684e+02
1.622534665099882432e+02
1.626632949909717070e+02
1.628224886801945104e+02
1.627384021690314171e+02
1.624327355384332634e+02
1.622372958105524390e+02
1.627280532913786431e+02
1.626415144647380089e+02
1.627046445338698959e+02
1.621255451190875760e+02
1.619415822519882795e+02
1.621442650241384911e+02
1.623284425330972169e+02
1.630773428710560324e+02
1.620945570323950164e+02
1.615597787833081895e+02
1.620326277044019889e+02
1.622750670690811603e+02
1.623949361537034406e+02
1.625067858158876959e+02
1.621309781423514949e+02
1.622327319026318833e+02
1.626093618737188820e+02
1.627144487330089078e+02
1.621767547980136897e+02
1.617681677070467856e+02
1.624845197627141147e+02
1.626146414842052366e+02
1.626564904650384733e+02
1.620479838509522210e+02
