6.271832728897749831e+01
6.235785829307567951e+01
6.230709360386779849e+01
6.219205032334675565e+01
6.228888430996497050e+01
6.233257576961587176e+01
6.244644958183609873e+01
6.259658982360058843e+01
6.250011963439728646e+01
6.228388412632651949e+01
6.248265014299332876e+01
6.242727330495011273e+01
6.247976474328405061e+01
6.226512968299712014e+01
6.236719814879386092e+01
6.236390786338364478e+01
6.232504372714262786e+01
6.235011936972783531e+01
6.236168338085931850e+01
6.222267965856527638e+01
6.250364142997371886e+01
6.246309472645368288e+01
6.255368808270437597e+01
6.246973246794364343e+01
6.240848100458949688e+01
6.243469403994588163e+01
6.233040544841193764e+01
6.232015009262043748e+01
6.226997267064955111e+01
6.220115328094050966e+01
6.234606677083001358e+01
6.237572941951871286e+01
6.231408488866928508e+01
6.222336830303515853e+01
6.247578640060313404e+01
6.223994554336510276e+01
6.235119713582457024e+01
6.242488465974624745e+01
6.241288125885029103e+01
6.223554855204130121e+01
6.228086266335284193e+01
6.222142028202152630e+01
6.225939494776584837e+01
6.221373643905551631e+01
6.212068138962574437e+01
6.215996805111821288e+01
6.219905576113308143e+01
6.197131513489381405e+01
6.215119232059289089e+01
6.216957301302699790e+01
6.236716104726023957e+01
6.222192713220209725e+01
6.231499569089342572e+01
6.216569533285951366e+01
6.221198171312464353e+01
6.206305388935736289e+01
6.205662052672469287e+01
6.212096568845884548e+01
6.199384254042816167e+01
6.193007639918975116e+01
6.205715463133202547e+01
6.191858556563033034e+01
6.187708435604681512e+01
6.186504695469784565e+01
6.200035377737754771e+01
6.207633563343526362e+01
6.209105034680506918e+01
6.210112845830795436e+01
6.210646049094003729e+01
6.194460487053614628e+01
6.222511654731581388e+01
6.166968979812258311e+01
6.187609334150985774e+01
6.183360982612856560e+01
6.181118376766996647e+01
6.188517322796703723e+01
6.188489997259522823e+01
6.166706225743336489e+01
6.198119394348539402e+01
6.198726258061403627e+01
6.206104262347917455e+01
6.204771804138548674e+01
6.199033323230550252e+01
6.218743973773863587e+01
6.214203633562303253e+01
6.229335517756468477e+01
6.226207426130636691e+01
6.224578801961066432e+01
6.214031477581466589e+01
6.225454662503620540e+01
6.232535508050636963e+01
6.232635253054101554e+01
6.220946601941746934e+01
6.227239077375661225e+01
6.231171211731412996e+01
6.239377639332680303e+01
6.253767840458777982e+01
6.231786472063267013e+01
6.252048898347121053e+01
6.244050214839992208e+01
6.245300745810867937e+01
6.254379815535705944e+01
6.232966521760054235e+01
6.246970839819615406e+01
6.246568768595834342e+01
6.237410996994390189e+01
6.243830775933007260e+01
6.219457305564069571e+01
6.238949901482605753e+01
6.217636022514071215e+01
6.253353943258299807e+01
6.230077335301479735e+01
6.246662715638065322e+01
6.230241058920145747e+01
6.254950963868958524e+01
6.253921145578622998e+01
6.259091927533448541e+01
6.243011803142167082e+01
6.262941696823482118e+01
6.257272509387232873e+01
6.269000977078695769e+01
6.249667182786087238e+01
6.241358781581750037e+01
6.247990669240668637e+01
6.252527995115917037e+01
6.259588589795098557e+01
6.269196951464099499e+01
6.253337953710270369e+01
6.263512409273709380e+01
6.268291110681364842e+01
6.264976396159156735e+01
6.256718449711723196e+01
6.253481205662376397e+01
6.259534719207704256e+01
6.257864573299941924e+01
6.264147486177188995e+01
6.262321566358025393e+01
6.252865391729528710e+01
6.263417344391658048e+01
6.242789537223339380e+01
6.253042706062807810e+01
6.243136149932375645e+01
6.239711595338204120e+01
6.264950195516792064e+01
6.267836407790411357e+01
6.276592626000676489e+01
6.272348830142814080e+01
6.274838253945318911e+01
6.280297511112537734e+01
6.281993806459895069e+01
6.284334564135495071e+01
6.268802399071326903e+01
6.263247546452225833e+01
6.272107158937416216e+01
6.258774921931299673e+01
6.262082895693625773e+01
6.269238241722658245e+01
6.251083276912660125e+01
6.263092224818276321e+01
6.259639531488271302e+01
6.262711264774463160e+01
6.261334040706086057e+01
6.263885493727887166e+01
6.258736643116900211e+01
6.267412823397075528e+01
6.286028335718765447e+01
6.285790082963534786e+01
6.278204056703847868e+01
6.288387490759490106e+01
6.281322875394194227e+01
6.278387407645357854e+01
6.277700057755246377e+01
6.276432180957728235e+01
6.278173647889584430e+01
6.274622994135464182e+01
6.253861984693549658e+01
6.254083522571709608e+01
6.253965439422270833e+01
6.259972677595628454e+01
6.255256500576405188e+01
6.259682478714550768e+01
6.249656647528987463e+01
6.255838583183337676e+01
6.256867690528209636e+01
6.262567421790722477e+01
6.268035910353291484e+01
6.254596122778675493e+01
6.244959453141373729e+01
6.243152566883586019e+01
6.235904641767928069e+01
6.227531878175832958e+01
6.213603047545569069e+01
6.221629521963824061e+01
6.226507048126111954e+01
6.225219913001449612e+01
6.223625665000806606e+01
6.220625937212789580e+01
6.221298141837587536e+01
6.234082861189802571e+01
6.229350996792857131e+01
6.240262332018991742e+01
6.240477194576007491e+01
6.224271359215471477e+01
6.234165379168276644e+01
6.226749208177368189e+01
6.237457703586736102e+01
6.224137931034483273e+01
6.211365279272621365e+01
6.235793858374503884e+01
6.224179353761161337e+01
6.224197022795228662e+01
6.233289418720478636e+01
6.241295196632360387e+01
6.263327485474240319e+01
6.254611162086894893e+01
6.253264102110695433e+01
6.263116808018504145e+01
6.257763007914719822e+01
6.265635606170278038e+01
6.255638385039281957e+01
6.253718053616979944e+01
6.245969018272504769e+01
6.249715199999999982e+01
6.248130445208216344e+01
6.241853586787957653e+01
6.245319849105064236e+01
6.229086919614971407e+01
6.236763999615791931e+01
6.248026536112396201e+01
6.241704321262648136e+01
6.237130957148577437e+01
6.244600060754312665e+01
6.251357003735751050e+01
6.270143280236932526e+01
6.268227659948534836e+01
6.258164354322305911e+01
6.256645579680198210e+01
6.231888149814168543e+01
6.262109877543240799e+01
6.230354706684857291e+01
6.229464441380185491e+01
6.227576827638862511e+01
6.233361078208535133e+01
6.223678711015394782e+01
6.230712604935131083e+01
6.204202068416864790e+01
6.221592578399437201e+01
6.216637915746368037e+01
6.242808411140116931e+01
6.241703426671782040e+01
6.231853426913299643e+01
6.223811512941214374e+01
6.235037991836997406e+01
6.238364465647009638e+01
6.216099514328904974e+01
6.215371177639592304e+01
6.216077071912285845e+01
6.220171729235934777e+01
6.233793370933596378e+01
6.219652423675208297e+01
6.211162850860172568e+01
6.206243531694696003e+01
6.212181674131324627e+01
6.216713401663121630e+01
6.224097121723749382e+01
6.221146311970979070e+01
6.236355235640289862e+01
6.232257750523191220e+01
6.241701638122397355e+01
6.241987832896482047e+01
6.228921663755740923e+01
6.243049792531120090e+01
6.234426361197242983e+01
6.234319206205105957e+01
6.212257706632854592e+01
6.204489757147832307e+01
6.215592244437021208e+01
6.205378922953121901e+01
6.208781432552866875e+01
6.205511083261534111e+01
6.206948958284269935e+01
6.224228184765753014e+01
6.220384061149051291e+01
6.227800288761585534e+01
6.234101882578677589e+01
6.214202493483653456e+01
6.226688489333776744e+01
6.220201795856204541e+01
6.254168684032148917e+01
6.230319389668326124e+01
6.222132689987937226e+01
6.222777340044059002e+01
6.229358779120630629e+01
6.224666127728375642e+01
6.208957810349015460e+01
6.199510159359340378e+01
6.211791416434744662e+01
6.199701786059706876e+01
6.216762332853655693e+01
6.211997604363941861e+01
6.210799715541763533e+01
6.208799407035014184e+01
6.228709760577449117e+01
6.238718757583111341e+01
6.211679414911453989e+01
6.215381141327139147e+01
6.211796536796536117e+01
6.213142921982137068e+01
6.210704503832877066e+01
6.195139787729744540e+01
6.189356491842626440e+01
6.193931892578538623e+01
6.179842172637854958e+01
6.187246405196756172e+01
6.175640419391132951e+01
6.163470238191753481e+01
6.183277220279148878e+01
6.177741111003267349e+01
6.187167991194988304e+01
6.187774375921335945e+01
6.181885564202961802e+01
6.200742751267715391e+01
6.183762652478587540e+01
6.194037506269921778e+01
6.180911648480314113e+01
6.169284646385855808e+01
6.176840004506461668e+01
6.164581279992244589e+01
6.174236928104576094e+01
6.150427280998179924e+01
6.144370904005333500e+01
6.148735217087176608e+01
6.149651945865440439e+01
6.160741847958537676e+01
6.156457042494023568e+01
6.150847319669863111e+01
6.170840396401094807e+01
6.172196155099381087e+01
6.164391366812512274e+01
6.158018269887195117e+01
6.153392927052068018e+01
6.152014372114196306e+01
6.150035093446503254e+01
6.144132037314893324e+01
6.140197768597729322e+01
6.134943445357637160e+01
6.139125189520533610e+01
6.142683104638165048e+01
6.150189433974536257e+01
6.153307304376119191e+01
6.161545110574727602e+01
6.158363998897660707e+01
6.176788170007603895e+01
6.180270635553890912e+01
6.181992462723250270e+01
6.171879645208187526e+01
6.171193671237802647e+01
6.171527936145952964e+01
6.160610311027025432e+01
6.154102513811251640e+01
6.154013954476380377e+01
6.136799818208378809e+01
6.133971938277231573e+01
6.156383238206741737e+01
6.151227848511354779e+01
6.153049306199469726e+01
6.158662023163522292e+01
6.166089269495264347e+01
6.165412436342405300e+01
6.174632995744399722e+01
6.236856609631451676e+01
6.220713186249358984e+01
6.198101340527779257e+01
6.168288060644346160e+01
6.153700174164503522e+01
6.140407085703111534e+01
6.143643226709186678e+01
6.134126776670478165e+01
6.123052043038715198e+01
6.131242570791201274e+01
6.121582615826157792e+01
6.136975351940362344e+01
6.147491666121968734e+01
6.128297758545242147e+01
6.141310406649824927e+01
6.142168105554651447e+01
6.152813093911790077e+01
6.146000358055433566e+01
6.150934062357612930e+01
6.149826648482557800e+01
6.138092598630583296e+01
6.144750404947725286e+01
6.143820463731120896e+01
6.134640767839393050e+01
6.125793799332736711e+01
6.131016007625809294e+01
6.141882930822759334e+01
6.138870377361587316e+01
6.132239795002367089e+01
6.138662008790920765e+01
6.130896529301796960e+01
6.149046023052398624e+01
6.157866822848032484e+01
6.158533722427819157e+01
6.146297498134147475e+01
6.157386512297227199e+01
6.161428733895468923e+01
6.171245959206446230e+01
6.147345125543098021e+01
6.149522630258398692e+01
6.146000781606201002e+01
6.155831620488366696e+01
6.144786814761734206e+01
6.154235228429730142e+01
6.147326843019634879e+01
6.148649093362293172e+01
6.152493890337712656e+01
6.145712236548272500e+01
6.155820724625827722e+01
6.154839392065609616e+01
6.145150507099391746e+01
6.173384932582798257e+01
6.164454511259750547e+01
6.154336314906235117e+01
6.155513004367382024e+01
6.156742161419126802e+01
6.167137040731233100e+01
6.170349045249015774e+01
6.160638454371597561e+01
6.150046379924815199e+01
6.148538078153157471e+01
6.155149663622477618e+01
6.146081982528313858e+01
6.140781666312503262e+01
6.140159052231967252e+01
6.133033186277737059e+01
6.138485799314226909e+01
6.130507863104902100e+01
6.124735514722740248e+01
6.135182092094058248e+01
6.126283106511287002e+01
6.153243877232984715e+01
6.135347713208039977e+01
6.133564302914148669e+01
6.123281585627807289e+01
6.115742971887550539e+01
6.120889192219568287e+01
6.118185666373612008e+01
6.105951187443503159e+01
6.110614212613324270e+01
6.096418155005734718e+01
6.111617596348050796e+01
6.104184960452535336e+01
6.108770376201253072e+01
6.101402297345943992e+01
6.109560816916680892e+01
6.122254401843014193e+01
6.097507006933176399e+01
6.084624502024824011e+01
6.069872598851409862e+01
6.063319884726224274e+01
6.069310293900458220e+01
6.041685395101625033e+01
6.045210270691399046e+01
6.038909926744167223e+01
6.029054834769403470e+01
6.034903933371814588e+01
6.032552437125153233e+01
6.017208200847907307e+01
6.028920442335984120e+01
6.034136373413637244e+01
6.058814849203322694e+01
6.041608240571522970e+01
6.037755863097704889e+01
6.040116780571958799e+01
6.037500621118012134e+01
6.052028513305658208e+01
6.048547524982570422e+01
6.017580530652005422e+01
6.023923683119037520e+01
6.024656255729070864e+01
6.032502502502502750e+01
6.027807086155535643e+01
6.020964861029963799e+01
6.029497517576889010e+01
6.029687681219451179e+01
6.040222745412346228e+01
6.048041425020711870e+01
6.049497336884154208e+01
6.056232489514430739e+01
6.050047358713172230e+01
6.065966946554711114e+01
6.056470060923986409e+01
6.048789753969175109e+01
6.056097965135547412e+01
6.047271584102716702e+01
6.039669706679812577e+01
6.068076935864613830e+01
6.038928170224013314e+01
6.065565560585709193e+01
6.062781219972829660e+01
6.091435872757745784e+01
6.088526180765688878e+01
6.092470054175847594e+01
6.092346393515398262e+01
6.110447958274188807e+01
6.115614333063997776e+01
6.132116246867993681e+01
6.112860517767496304e+01
6.130698662625996320e+01
6.122726673912326589e+01
6.139947407346535613e+01
6.122792092840283118e+01
6.133581882556412523e+01
6.126868146299822371e+01
6.112568644385419248e+01
6.134205003770862419e+01
6.115648699339475769e+01
6.118695530863791987e+01
6.130992772038681693e+01
6.125482177035449638e+01
6.131163520983938753e+01
6.126282953987228552e+01
6.120973617577391224e+01
6.130592310470499484e+01
6.133043096866420996e+01
6.159299138284776376e+01
6.141414965098832113e+01
6.146484489437193588e+01
6.150493569633560043e+01
6.134948607373301854e+01
6.167734557541054130e+01
6.138584947147255377e+01
6.145684862994605169e+01
6.128737376209355858e+01
6.127613550897616790e+01
6.136830992831188780e+01
6.128958758677011076e+01
6.128396576833079479e+01
6.125160767797846262e+01
6.134311772043219690e+01
6.128712726801031607e+01
6.140430660976642230e+01
6.128553122465530834e+01
6.145236064175334434e+01
6.122515459901641321e+01
6.155036059864303866e+01
6.122707175135732172e+01
6.126226188320134725e+01
6.128105567010309329e+01
6.111991213546875201e+01
6.120821611305792942e+01
6.092806331867017633e+01
6.090514223734161448e+01
6.089361212857870953e+01
6.083995863970587692e+01
6.095166292727992641e+01
6.092182881166655051e+01
6.094483926673751029e+01
6.088812511305891917e+01
6.100044583147570165e+01
6.103301925575124187e+01
6.100966635484877543e+01
6.092385601985932908e+01
6.107763659677929979e+01
6.099644110523454543e+01
6.119694717018534647e+01
6.118100130490081767e+01
6.101504749674848682e+01
6.102803631307761378e+01
6.109025246945135734e+01
6.100528287074139655e+01
6.098034588600284422e+01
6.081332371647760482e+01
6.090113686842928331e+01
6.083068374241701548e+01
6.096178690307484516e+01
6.094893469771120209e+01
6.082213790828109268e+01
6.097649702317495723e+01
6.098872507930246201e+01
6.097719103326580381e+01
6.101724934036938919e+01
6.089778762503665632e+01
6.109927597461769011e+01
6.092564309982203952e+01
6.121854906692671960e+01
6.100040822991509515e+01
6.101667132499218837e+01
6.106676633425882272e+01
6.097889195121548767e+01
6.114303535668559419e+01
6.091371865273998765e+01
6.081703350854139245e+01
6.073149191112852208e+01
6.077793447246728675e+01
6.084075401305777575e+01
6.079888718784467017e+01
6.064871698667232636e+01
6.094849005484702076e+01
6.077839844958715076e+01
6.091304847420344970e+01
6.084232202392625766e+01
6.090209629495871013e+01
6.091076464296133253e+01
6.100403172722484868e+01
6.084857649220362674e+01
6.088998519980265911e+01
6.076880305323418696e+01
6.080912090425010774e+01
6.085386241987708900e+01
6.073293875282038101e+01
6.065066736800579150e+01
6.053460608831982626e+01
6.070523534269199217e+01
6.048525199986832490e+01
6.057874725165726915e+01
6.047962001183353919e+01
6.040966925329671255e+01
6.050890673540881437e+01
6.055503253724440782e+01
6.059127683764767625e+01
6.050615712656406942e+01
6.051001138970964632e+01
6.057422644570633707e+01
6.065612778124691573e+01
6.074935981615233516e+01
6.063771336394911060e+01
6.058198102918332495e+01
6.070869205298013327e+01
6.067706747003906997e+01
6.060171433281133346e+01
6.050403951955325965e+01
6.050173101651884622e+01
6.045432403521763831e+01
6.049407036173273866e+01
6.040972912113384297e+01
6.029759505797627384e+01
6.025670135603910893e+01
6.043694990404341638e+01
6.044293688561030820e+01
6.055008851314461538e+01
6.056363847121944843e+01
6.057644164079529503e+01
6.057249604117181718e+01
6.065158877888875821e+01
6.073252259546273280e+01
6.065364214410437427e+01
6.056880431919937280e+01
6.064910973084886336e+01
6.067813868914786468e+01
6.069687145137665851e+01
6.056966685376564641e+01
6.049547429990523995e+01
6.055088270937734762e+01
6.056494499531350328e+01
6.059629872256796546e+01
6.054302597763991400e+01
6.052194720828879326e+01
6.061666829953300351e+01
6.071440748815632560e+01
6.065888621912747425e+01
6.069974467249336669e+01
6.069461697722567806e+01
6.069337823782873897e+01
6.074561403508772628e+01
6.082473647688596685e+01
6.077578852013505184e+01
6.074964842909848528e+01
6.072735680782189149e+01
6.070389318898222797e+01
6.073911824836773121e+01
6.056714088579314392e+01
6.047136113036875571e+01
6.052220050265288620e+01
6.044350055045268277e+01
6.048482556801367593e+01
6.039832952172616132e+01
6.044242374005304441e+01
6.063754649913201433e+01
6.056417885775683629e+01
6.057486472218556628e+01
6.047755613026503596e+01
6.065685720928686919e+01
6.066854814960243658e+01
6.066259889596881294e+01
6.059054637781515140e+01
6.048253769051668627e+01
6.049482100672359763e+01
6.059921649347631245e+01
6.054730331519049713e+01
6.054306097902559003e+01
6.053936968815106212e+01
6.032924206834948677e+01
6.038398008638027648e+01
6.032223114622432547e+01
6.032867921399552102e+01
6.028304485637000454e+01
6.026333753065146226e+01
6.034776570946783636e+01
6.030644089202034053e+01
6.034494796469503086e+01
6.038375777685607204e+01
6.040607317680245103e+01
6.061849175774209897e+01
6.067842251274980470e+01
6.050260476771406815e+01
6.034073352700382742e+01
6.045087458745874187e+01
6.042401135538389667e+01
6.032691269126912914e+01
6.039031715124913546e+01
6.028022437632239416e+01
6.019460149553164285e+01
6.028356829211925572e+01
6.033200673756523003e+01
6.023232623410929421e+01
6.017880346954255799e+01
6.025133046644588575e+01
6.042280701754386030e+01
6.032261258436608387e+01
6.041840300672556907e+01
6.041325077809416655e+01
6.044013083988633639e+01
6.050235089103701824e+01
6.053767722373090265e+01
6.030912880228923001e+01
6.033187156113985594e+01
6.027233448332511756e+01
6.044311770108910054e+01
6.040059312958234017e+01
6.042566561931536029e+01
6.032741691842900167e+01
6.038323293837294159e+01
6.042635304864124635e+01
6.048019509311261999e+01
6.053306697849671991e+01
6.056079643990707950e+01
6.063048814642745299e+01
6.068691239142457050e+01
6.082150962012826056e+01
6.066947244788098459e+01
6.061413773887960588e+01
6.062410700966336208e+01
6.062863169690677978e+01
6.058002316438557244e+01
6.061791290057518466e+01
6.032257538712305944e+01
6.040185680774440868e+01
6.037234864043374927e+01
6.041012578927411880e+01
6.040934029613961087e+01
6.039363951759457905e+01
6.025898902254650835e+01
6.048683274021352219e+01
6.028056611191193781e+01
6.047945273385217035e+01
6.037105328376703994e+01
6.036572830664147205e+01
6.041061783691212383e+01
6.048681397006414073e+01
6.033468326089820266e+01
6.031745979272384517e+01
6.023320086705201959e+01
6.026441816804452856e+01
6.033022994767163283e+01
6.019169397821696776e+01
6.011709954936501532e+01
6.025979209979210083e+01
6.022622584828536674e+01
6.040411253976670736e+01
6.031729061177056650e+01
6.038710850342946657e+01
6.032798195568528143e+01
6.053967105263157578e+01
6.054926308460020579e+01
6.047793643177418943e+01
6.025710700960809163e+01
6.033894855289503312e+01
6.047632206595937987e+01
6.035988830486201806e+01
6.035288955125020749e+01
6.032586246212984804e+01
6.021393952251179371e+01
6.043778172605534849e+01
6.038826177737178114e+01
6.046300145670000603e+01
6.040902029402626283e+01
6.048217411934096077e+01
6.063619980668097753e+01
6.068459754231851377e+01
6.067913047745227573e+01
6.067905921798728031e+01
6.067722033336097809e+01
6.067455273261987969e+01
6.066307123215922559e+01
6.054499689451145628e+01
6.047825309043591346e+01
6.034038277667038841e+01
6.054491529601209265e+01
6.041074298835492584e+01
6.037756920712265440e+01
6.046129132722474253e+01
6.034402735933556272e+01
6.046768290690455672e+01
6.050658944701294928e+01
6.043524770127275758e+01
6.030942754830937957e+01
6.029172148401526243e+01
6.046802182272323734e+01
6.033263136949275918e+01
6.033485050874849520e+01
6.031269930906191234e+01
6.029754789145155769e+01
6.028121520333716177e+01
6.022055663982418849e+01
6.016069352642242052e+01
6.014088173362293333e+01
6.011763825861467581e+01
6.019360812129028204e+01
6.031860736298516912e+01
6.028598284960421694e+01
6.034669096330654980e+01
6.026381076489121824e+01
6.041509309060819533e+01
6.038754767009837110e+01
6.041128765856237237e+01
6.032369798568777952e+01
6.024286983124444106e+01
6.046359549443439363e+01
6.033380204800741353e+01
6.028788153620368462e+01
6.022389671673533940e+01
6.026106436999054239e+01
6.021123844854426466e+01
6.023035640109661415e+01
6.021517761752137687e+01
6.022330949069474570e+01
6.026280934123388278e+01
6.041288409259411907e+01
6.057974065904685546e+01
6.050114367522915160e+01
6.070847851335656031e+01
6.053725218766994942e+01
6.081720021793326225e+01
6.056426993865029829e+01
6.070331831216714846e+01
6.060059956752506594e+01
6.064055540145865564e+01
6.065007249091826935e+01
6.059222234968289911e+01
6.056461366549446268e+01
6.052778873980531671e+01
6.055555555555555713e+01
6.053772096996780050e+01
6.065777946116856612e+01
6.073247839235841639e+01
6.072565934608672933e+01
6.067555401662049519e+01
6.068560131795716472e+01
6.056537206747872659e+01
6.054859831534614045e+01
6.065625668801343551e+01
6.063283537889506647e+01
6.061194152837060756e+01
6.058992628589253115e+01
6.050369061576314067e+01
6.048177108947247405e+01
6.045465448690566745e+01
6.058714380384360254e+01
6.041243732521387244e+01
6.040625258593581748e+01
6.038571783613619459e+01
6.051474882208508177e+01
6.047875676746335216e+01
6.052102985792204493e+01
6.055522898608481341e+01
6.052677233525357536e+01
6.050406719570583647e+01
6.058145750332005264e+01
6.050484211225727194e+01
6.048412539603135230e+01
6.038102721032172582e+01
6.044136748151601779e+01
6.046294243211490738e+01
6.034431929725322874e+01
6.028851973793607755e+01
6.027400033184004968e+01
6.028854038198727494e+01
6.031105115907273984e+01
6.033386353845643413e+01
6.036467797969000060e+01
6.029357145221622716e+01
6.042302380912766324e+01
6.045117739403453783e+01
6.055775989872236664e+01
6.048397169717303967e+01
6.048129150066400683e+01
6.051478853154830517e+01
6.108813368116759079e+01
6.097585953364610845e+01
6.078882352941177203e+01
6.046413617486712155e+01
6.038009080208507839e+01
6.043268141787385872e+01
6.032464466877605247e+01
6.008697892427365161e+01
6.020453106779942942e+01
6.017624750499001607e+01
6.037105838016309178e+01
6.027898641326998330e+01
6.015189432861546948e+01
6.029155484875592919e+01
6.036499776855815469e+01
6.046411284286165255e+01
6.032597243390100061e+01
6.031848231298152285e+01
6.033298533432762412e+01
6.030866276957628003e+01
6.036603295727395135e+01
6.028511453561016253e+01
6.028806242736177978e+01
6.028043694141013020e+01
6.022174797756712650e+01
6.031624341159559322e+01
6.038578579570798865e+01
6.027929736095675395e+01
6.035773469286902326e+01
6.045843368490989178e+01
6.060308886686488705e+01
6.049670965608466133e+01
6.054775617359915429e+01
6.053255478327223216e+01
6.050668586370105828e+01
6.047621879698006353e+01
6.049479045691343515e+01
6.036433264005810173e+01
6.040223011480961901e+01
6.019119838405244849e+01
6.032920383217707894e+01
6.030187371027651011e+01
6.018045424403182153e+01
6.022017536534447402e+01
6.021727809473264870e+01
6.032349666849442116e+01
6.032199272967614689e+01
6.034383219467006398e+01
6.034326208255376400e+01
6.024334116401416850e+01
6.044507028212541400e+01
6.034311796126940663e+01
6.036765513911320369e+01
6.027270029673591267e+01
6.023652301192594649e+01
6.029801781663982041e+01
6.028118337327493492e+01
6.016904524284763767e+01
6.019251247920132641e+01
6.018353515722330371e+01
6.027075637275386555e+01
6.022817499506221139e+01
6.035829399585921351e+01
6.025622170076345441e+01
6.027420447970906281e+01
6.028116926134481446e+01
6.031426920854997320e+01
6.042928516525749671e+01
6.013620525295026198e+01
6.033279536795168241e+01
6.044621685708126080e+01
6.051202117977992856e+01
6.038271952796102227e+01
6.028038377785419044e+01
6.032504605579805457e+01
6.050443237532396523e+01
6.047065939711317384e+01
6.051116452548694014e+01
6.048182671563380097e+01
6.063139102405157388e+01
6.066300770192877678e+01
6.075324243431992244e+01
6.052357662196983057e+01
6.062593129821322435e+01
6.059637007965289968e+01
6.068430566150376393e+01
6.065149663010440406e+01
6.059580833347183670e+01
6.045319720756449300e+01
6.043054250531625371e+01
6.030647945678443733e+01
6.047334247525898121e+01
6.030296255816648454e+01
6.025332341269841407e+01
6.033749153214480998e+01
6.045739245096422820e+01
6.038478873239436240e+01
6.045309766945975838e+01
6.036990392752252887e+01
6.041499933306655379e+01
6.045709841301362530e+01
6.041608622454032229e+01
6.045839714989678271e+01
6.034440024982741591e+01
6.025426822186458509e+01
6.037032627209736546e+01
6.034916481527194776e+01
6.032752417731128958e+01
6.033601672593178478e+01
6.042717726381035703e+01
6.055399684568772756e+01
6.051449370194666244e+01
6.044240955053381015e+01
6.027560700543982364e+01
6.027587458745874471e+01
6.049588388931132954e+01
6.034632876351173536e+01
6.021563578137637762e+01
6.013810573411849703e+01
6.012405677625237388e+01
6.020498949492944263e+01
6.018110118304797140e+01
6.021299164085656486e+01
6.023140017529063073e+01
6.030445552784705399e+01
6.041832834141416697e+01
6.029539815396830704e+01
6.026631923121608025e+01
6.027450195882303774e+01
6.020408635950037990e+01
6.035578372112279766e+01
6.027926468400257676e+01
6.019141471809893318e+01
6.010919156883671377e+01
6.011903028297203377e+01
6.009939858568501592e+01
6.014920492646814409e+01
6.005390723636122630e+01
6.001096363726971816e+01
5.996073753789572436e+01
6.005243743073130958e+01
6.018759251559251311e+01
6.016162404516772000e+01
6.014595572372132892e+01
5.989225376679900847e+01
6.014913163233328675e+01
6.011194066830743310e+01
6.014050187501032241e+01
5.991198833799924017e+01
5.995886489616943749e+01
6.004637849498050173e+01
5.993505757661606737e+01
5.997654392818552083e+01
6.007404144991607353e+01
5.993326398864068238e+01
6.020205832474312757e+01
6.006413510509464970e+01
6.015322380503300792e+01
6.012841951591765621e+01
6.020969662884176188e+01
6.034397328881469491e+01
6.040349654989384476e+01
6.031676468622602982e+01
6.014248683276371565e+01
6.015781260375855055e+01
6.018914992323058755e+01
6.016034285903397461e+01
6.016236867239732078e+01
6.007436128343672976e+01
6.003999999999999915e+01
6.017642456426561637e+01
6.009429937844728187e+01
6.021416369516543909e+01
6.017590285912263681e+01
6.020430641000198335e+01
6.027642988091895404e+01
6.031151527264248102e+01
6.034612479474548508e+01
6.039951065482980397e+01
6.028250622406639536e+01
6.035115362971300357e+01
6.030340040711448779e+01
6.027549404506614650e+01
6.022234880380405286e+01
6.015811054345849840e+01
6.031093341280090669e+01
6.010608566231188377e+01
6.004661808206500950e+01
6.003455467681115465e+01
6.004964972572863502e+01
6.018023226752419674e+01
6.014255442430261667e+01
6.013603687556161503e+01
6.009066283467948466e+01
6.007682967398535823e+01
6.023183310669629975e+01
6.019311958578114030e+01
6.028187403993855753e+01
6.005459679949796481e+01
6.017773910160782691e+01
6.019781075083628252e+01
6.012945316909592464e+01
6.004522913107658155e+01
5.989457043535838210e+01
5.981218071386970792e+01
5.988389202803691802e+01
5.989663153337662038e+01
5.992624342499500756e+01
5.988496491814233025e+01
5.992395133949344910e+01
6.003169137096372054e+01
6.007704964350413235e+01
6.000498471354512731e+01
6.007683321651480668e+01
5.992837857982873118e+01
6.019010238337814656e+01
6.014772953594901850e+01
6.004340442535337985e+01
5.996360888268805667e+01
5.982955891924367364e+01
5.995255124002516567e+01
5.990956975402571771e+01
5.986159967899418177e+01
5.978060442489670834e+01
5.976781143879957625e+01
5.986913188647746864e+01
5.985855827352504832e+01
6.003733453069913395e+01
6.000344655344655109e+01
5.992317507664264298e+01
6.005805754199235480e+01
6.013608110353997205e+01
6.021417080037539193e+01
6.003320572569906233e+01
5.997604900051596388e+01
6.003386053318698146e+01
5.998734030773298542e+01
5.988912714639538848e+01
5.980668066806681082e+01
5.979655693846690667e+01
5.985983093351934059e+01
5.997029702970296938e+01
5.998033646858345236e+01
6.005787183150061281e+01
6.003718366324228839e+01
6.017374581385324461e+01
6.031179062625184173e+01
6.033686668764595140e+01
6.032242212364571543e+01
6.035049190102355254e+01
6.034234367793371945e+01
6.029900960779151831e+01
6.035705197058580751e+01
6.019530393520411593e+01
6.021748612212529395e+01
6.019545828533815524e+01
6.024575434439177712e+01
6.018611212533608068e+01
6.012223946126167817e+01
6.002910211560885756e+01
6.011675519231718567e+01
6.025140351459987187e+01
6.013423868312757747e+01
6.027804683209347303e+01
6.022641602851861364e+01
6.022158790045009624e+01
6.018257275132275197e+01
6.028127548388170709e+01
6.019916390466514855e+01
6.017888417142098234e+01
6.007968311602574119e+01
6.014328930620072100e+01
6.008129865387488167e+01
5.995447956412349555e+01
5.987881058222200181e+01
5.999293545269752315e+01
5.993743704902333036e+01
6.005068556975506766e+01
6.010408897064971967e+01
6.007478775319205511e+01
6.019783987085822474e+01
6.014554606771438472e+01
6.019915649796626411e+01
6.008564814814814525e+01
6.004597529636076558e+01
6.013308250649263442e+01
6.021122381110741628e+01
6.007849958779885213e+01
6.001111552860882625e+01
5.996877705988143248e+01
6.013504700108143908e+01
6.010032572207265389e+01
6.014754805936452442e+01
6.003829341665696973e+01
6.003446043523728548e+01
6.009996182129043518e+01
6.019506856583812038e+01
6.040342053989242999e+01
6.018263135185369350e+01
6.003624158854554338e+01
6.011948352921701400e+01
6.008771784781242786e+01
6.023127368594496289e+01
6.011089571527984532e+01
5.997770481037596824e+01
6.014852369531055842e+01
6.014648508774840252e+01
6.028610717697045374e+01
6.027309197002850993e+01
6.025690726419458798e+01
6.041048734940754628e+01
6.028131762840103391e+01
6.048447287309846132e+01
6.032275359210807864e+01
6.021609833465502959e+01
6.024663001357930625e+01
6.034651893555038527e+01
6.028361466100153621e+01
6.025595916546905784e+01
6.010663973911172064e+01
6.007428144210001619e+01
6.015747298420615863e+01
6.009326321726580034e+01
6.007143447295801764e+01
6.003630428659010931e+01
6.015354834421680152e+01
6.014799522435578183e+01
6.033278796893075224e+01
6.033723451803538751e+01
6.015009116525774857e+01
6.025060907900624585e+01
6.021134829049246662e+01
6.030871919803789183e+01
6.007903502407492624e+01
5.993674969239467032e+01
5.998168193172355700e+01
5.993925473023217876e+01
6.004596172073764393e+01
6.003388075159046622e+01
5.992590335650054101e+01
6.017855903781658355e+01
6.021158602373640178e+01
6.018971151772532124e+01
6.011592517526663215e+01
6.004796309767873197e+01
6.014583748919476136e+01
6.021854513468209547e+01
6.023498517156253484e+01
6.007069326173966317e+01
6.009716255370167204e+01
6.013139341536415117e+01
6.002489094602244535e+01
6.025348310112659078e+01
6.018762085750483948e+01
6.001249482829954474e+01
6.007068934112698599e+01
6.011275885547269837e+01
6.028803706963844178e+01
6.023248597882719935e+01
6.017507324543880287e+01
6.009920602168996595e+01
6.020299741087433176e+01
6.018137408611556083e+01
6.011905591215936084e+01
6.005934797072521292e+01
6.006138465383654079e+01
6.003122216724393212e+01
6.016333732853907890e+01
6.020935870612068186e+01
6.025374567488369593e+01
6.034697968786241518e+01
6.028890134714001192e+01
6.049142006943296224e+01
6.055780299292879221e+01
6.041714494851192541e+01
6.045354757653904443e+01
6.052940883013219775e+01
6.042865631241025426e+01
6.044459111609794633e+01
6.033841645142062049e+01
6.041375701803927001e+01
6.021436717962279772e+01
6.043396788611156722e+01
6.025172396767663230e+01
6.037302887399685147e+01
6.040976223590966043e+01
6.039012076816471364e+01
6.066056608140727491e+01
6.061824944210265187e+01
6.049235064763414726e+01
6.054052357750433799e+01
6.048861156005797568e+01
6.062779029790594620e+01
6.055785621259828844e+01
6.035701668950260768e+01
6.035256811517808018e+01
6.027287668503884532e+01
6.029158535375251660e+01
6.033406622693050991e+01
6.029692470837752438e+01
6.033985947087153789e+01
6.025109365679061568e+01
6.058841785525621049e+01
6.051690837343279128e+01
6.041059493084508603e+01
6.052299098262829347e+01
6.051194816386053077e+01
6.044560114645275206e+01
6.039152943496696224e+01
6.038404995127108066e+01
6.035677844370697187e+01
6.034957350975894741e+01
6.038873295577220546e+01
6.028838385497060415e+01
6.021840378706087193e+01
6.031116421080579215e+01
6.029804853103710371e+01
6.046164167978133008e+01
6.029671240140518762e+01
6.046530435650813473e+01
6.035649506756195848e+01
6.049120175964807089e+01
6.041256433944833049e+01
6.039702610935487570e+01
6.020165444818703548e+01
6.030848792758204269e+01
6.011498716514184082e+01
6.026885072829547596e+01
6.017445165530271822e+01
6.005375705375705309e+01
6.001132281613666919e+01
6.004539272077741430e+01
6.017308386673231979e+01
6.001755363611033545e+01
6.009081187793041323e+01
6.002790789085786827e+01
6.001711296184624445e+01
6.015625559043081694e+01
6.015851281551505991e+01
5.999951010810281105e+01
6.006527150062225218e+01
5.998204935200941890e+01
6.020988239137537334e+01
6.005771912350597574e+01
6.015701516387303371e+01
6.004612947931101985e+01
5.995720600943960221e+01
6.010842240696754146e+01
6.020759061692399428e+01
6.004698715837998435e+01
6.020914445442746654e+01
6.017542243209003772e+01
6.032368285936697561e+01
6.036771121249458361e+01
6.030396067462222476e+01
6.031089642851235055e+01
6.012018754540051191e+01
6.031087458745874130e+01
6.028962593516209978e+01
6.015648577101257644e+01
6.001553571724331704e+01
5.998034112947338059e+01
6.004544329488638965e+01
6.013703697559842709e+01
6.005488291644491738e+01
6.010646450906557448e+01
6.004357554863090485e+01
6.014760963516365422e+01
6.011026816637529890e+01
6.014881975143882187e+01
5.999671581880608784e+01
5.997649561994049350e+01
6.001415023832854700e+01
6.013903349458495740e+01
6.004388302301568103e+01
5.993075956787538416e+01
5.988295144346100329e+01
5.999051128973085412e+01
5.973225456668613020e+01
5.984005136500842070e+01
5.975544148528383204e+01
5.985523736112740067e+01
6.004538388245324398e+01
6.000661123910648342e+01
5.998512819660690099e+01
6.000114558948050103e+01
5.991464925498074479e+01
5.989737446341219851e+01
5.992418796592119890e+01
5.989746856663872876e+01
5.971337537227758929e+01
5.982201767672564330e+01
5.988322944098136702e+01
5.980093989034612889e+01
5.975835261607097948e+01
5.975928551176637882e+01
5.969179390898366933e+01
5.987119496855346057e+01
5.984477110597468652e+01
5.994903359796334996e+01
5.990545898649891399e+01
5.989365360219002810e+01
5.996015066415559858e+01
6.003288084464555396e+01
5.996103636605835163e+01
5.987734764277501398e+01
5.977146508655745549e+01
5.992945954493250582e+01
5.992580983978259468e+01
5.985762048847356454e+01
5.965856019762648543e+01
5.967516670576014803e+01
5.980319344591205777e+01
5.984168935964046909e+01
5.978001435414684295e+01
5.980178334536783780e+01
5.988494539129271743e+01
5.992507276924620641e+01
6.002243280151883198e+01
5.999727347239181796e+01
5.984659922800479137e+01
5.982435010534349118e+01
5.999443021237913598e+01
6.003932257474779988e+01
6.001882407622589000e+01
5.983989545287001732e+01
5.987626128518321167e+01
5.987328351004510552e+01
5.995500801620116249e+01
5.997573957585970561e+01
6.004438916897599654e+01
6.011404297851073864e+01
6.013384937377495731e+01
6.011781145509291235e+01
6.002363309293153293e+01
6.003124738908848457e+01
5.984242283592480760e+01
5.994436115275695443e+01
6.004273333997409878e+01
6.011693164945529588e+01
6.002519600616498252e+01
5.991290155180207222e+01
6.009897221803061029e+01
5.990885966516483307e+01
5.994124945508199431e+01
5.984505852939714998e+01
6.001606613893863340e+01
6.003194389044009682e+01
6.006126805189607865e+01
6.002552269887546998e+01
6.001527356768434629e+01
5.989757793525635066e+01
6.020766037545588034e+01
6.012105655377990843e+01
6.012163537755527898e+01
6.001532535103225996e+01
5.998112734445521710e+01
6.002090875876041309e+01
6.002768865717531810e+01
5.997788575136861766e+01
5.998973254532705823e+01
5.986686770071472807e+01
5.999801990082864478e+01
6.009472293749790595e+01
6.015028322221665036e+01
5.995135994643904098e+01
5.987102562382612803e+01
5.990195751492314002e+01
5.993644074885813922e+01
5.992478481350503472e+01
5.969346708421952030e+01
5.984633982538616692e+01
5.987984697729828554e+01
5.972081192791043946e+01
5.976259089009611358e+01
5.967527397030731606e+01
5.976769625689981780e+01
5.976438803929089261e+01
5.978238298863579558e+01
5.991078800033425011e+01
5.988823756008508070e+01
5.977026163572773498e+01
5.988115566909812770e+01
5.969609842532847210e+01
5.979934689776438006e+01
5.964889742733043931e+01
5.967020743561479179e+01
5.972155829332974974e+01
5.959961871634502728e+01
5.967163675047702043e+01
5.954745926816239887e+01
5.951656900383915882e+01
5.965134428992836035e+01
5.961670963205999385e+01
5.974606361795760279e+01
5.966059175587962216e+01
5.969091611516108031e+01
5.971105734496025974e+01
5.957462213473024093e+01
5.982557008718980285e+01
5.971339100808337719e+01
5.972147678973247054e+01
5.976406085956638492e+01
5.983107038733860605e+01
5.984359490274982818e+01
5.972105806709530640e+01
5.962645081446299145e+01
5.987844611528822014e+01
5.984769238461923635e+01
6.005052360830424618e+01
5.995057027843006381e+01
5.988890000333433505e+01
6.000911477932199745e+01
5.994398829903932580e+01
6.000785057299203373e+01
5.986742891429714319e+01
5.993317394697082534e+01
5.988042519920816176e+01
5.992450206878068286e+01
5.999701672644386719e+01
5.997188344042006491e+01
5.974447923258834692e+01
5.992876496955911136e+01
5.988605606976977214e+01
5.992287870421498752e+01
5.988156969148828779e+01
5.998744481930947359e+01
5.988986519218883586e+01
6.001427996106991003e+01
6.004477936139283401e+01
5.999737883366445601e+01
5.993519538158640358e+01
6.000021653674461675e+01
5.998705383143356329e+01
6.003911078620323138e+01
5.996266938121620882e+01
5.978606279872543183e+01
5.991630926355489350e+01
6.005342896014243337e+01
6.010865264732773738e+01
6.003113736483780372e+01
6.004398206038779762e+01
6.017591249395562158e+01
6.011142186485542283e+01
6.023975266779694948e+01
6.011040847150990629e+01
6.005139279496451366e+01
6.009707559560424528e+01
6.016968108054292941e+01
6.012223654208387558e+01
5.998348375902970986e+01
6.001606166086524041e+01
5.997311533157203201e+01
6.005647321057271881e+01
6.012423213842205882e+01
6.018739465247710996e+01
6.014658424314936980e+01
6.030947424517460576e+01
6.027188605043127723e+01
6.034828793838902072e+01
6.036454949280646787e+01
6.041648314981648582e+01
6.030506967091609738e+01
6.030031738722885848e+01
6.042466182261546237e+01
6.028008312442274530e+01
6.027141800246609193e+01
6.014196918600806185e+01
6.016721967486453337e+01
6.032129837702871811e+01
6.035027734083948303e+01
6.033752196545207624e+01
6.034091848032653616e+01
6.028000793598307183e+01
6.047404867110729754e+01
6.039961306247706574e+01
6.047727234844064981e+01
6.041859928083660236e+01
6.044323560347094570e+01
6.044888552332663778e+01
6.049229362374261854e+01
6.037366548042704295e+01
6.029341059602649011e+01
6.043086382723455330e+01
6.058342308903213080e+01
6.058057581319971518e+01
6.050469907675987713e+01
6.056481649784358723e+01
6.048603361178064119e+01
6.057663128473031833e+01
6.036604255460289181e+01
6.055922687071450383e+01
6.055609490316508925e+01
6.041084160779858081e+01
6.047124143892546044e+01
6.035521549862095014e+01
6.017856370861807846e+01
6.006795045383882581e+01
6.010409728780422967e+01
6.023420533894623929e+01
6.022139403034851313e+01
6.010900782201171211e+01
6.012838600451467386e+01
6.017111844737894444e+01
6.020386834865463754e+01
6.006271829408914442e+01
5.998521444883399312e+01
5.996988333333333543e+01
6.004977866867117342e+01
6.007118469046152143e+01
5.993416796554209469e+01
5.994203019993631898e+01
5.984821951750347324e+01
5.982095800393608442e+01
6.011970116123047347e+01
6.017754673597920601e+01
6.017231869766509078e+01
6.016142701616279709e+01
6.007776644995237092e+01
6.005743389683571820e+01
6.014661654135338154e+01
6.012337144376495957e+01
6.001399030801911039e+01
5.994594370035560615e+01
5.997905067160110804e+01
5.997458093570177340e+01
5.991645214135267850e+01
5.985867763114264761e+01
6.003305909000066976e+01
6.007785348949569482e+01
6.005483812144620970e+01
6.009045091952872752e+01
6.010672016048144428e+01
6.007130334105193725e+01
6.013374485596707331e+01
6.010317276899204586e+01
6.008792735572866661e+01
6.013449806340076975e+01
6.012066372485827515e+01
6.019520746167457048e+01
6.010424646404350568e+01
6.009610999107643892e+01
6.000670154993974847e+01
6.005825419711960933e+01
6.021265232560062231e+01
6.025875618351173557e+01
6.033000346746362652e+01
6.026281278387975959e+01
6.020336943441636635e+01
6.031875144661574950e+01
6.033060613619355905e+01
6.020791965094262110e+01
6.010793006092426793e+01
6.010994452264635157e+01
6.015522668468498324e+01
6.007072168337991513e+01
5.997552135054618105e+01
6.005703396851698272e+01
5.990951233696103628e+01
6.010553575592045661e+01
6.012651150480538575e+01
6.018458820195689185e+01
6.014737789331599771e+01
6.012687932410856462e+01
6.026965473865404732e+01
6.024121448319509398e+01
6.025838369081612456e+01
6.005405182645390738e+01
6.003851255015086963e+01
6.011653837259242295e+01
6.006180072823568850e+01
6.003143017164696005e+01
6.003932156226189676e+01
5.989015744100122873e+01
5.998752774373073748e+01
5.991432449432250706e+01
6.005808047274418016e+01
6.006221114485672530e+01
6.004282041139239823e+01
6.011586996832898677e+01
6.016143468137456551e+01
6.020206506786880141e+01
6.022479448642365440e+01
6.015315150507234421e+01
6.027365049864759783e+01
6.017851782209246636e+01
6.021655025963467978e+01
6.007079835039350257e+01
6.000392960021312661e+01
6.004341038926531127e+01
6.007564839106034071e+01
5.996785241561880042e+01
5.987687642906848851e+01
5.993502303381063712e+01
6.005786396833546092e+01
6.008667333000166622e+01
6.020992966487381182e+01
6.006640599111935330e+01
6.010189834861781577e+01
6.017273482959269160e+01
6.013254710721868435e+01
6.008988390273110980e+01
6.005670213998444495e+01
6.008317098756181451e+01
5.999805676892159312e+01
5.996759397746534859e+01
5.994964064683569660e+01
5.991569508207549433e+01
5.986674669867947074e+01
5.998499899658840206e+01
6.005399104035171831e+01
5.997431029074278541e+01
5.999834912668802644e+01
6.009616698039346261e+01
6.013382770694325075e+01
6.033127976289586059e+01
6.028397821155979841e+01
6.030760441161858409e+01
6.029773247900136113e+01
6.008462516302643053e+01
6.017489752743620812e+01
6.015572466501566851e+01
6.010554783644303711e+01
5.987485430039564704e+01
5.991672307616106963e+01
5.982931317451633646e+01
5.991992424368282144e+01
5.990264532714156331e+01
5.989410218880978931e+01
5.995296631931213938e+01
5.996265697838385478e+01
6.005436387464955317e+01
5.993547961036816218e+01
5.993994399439944232e+01
6.004626269046146092e+01
5.997028359641285533e+01
5.992754468078018704e+01
5.992382351484739189e+01
5.980320537332291053e+01
5.985648155802073234e+01
5.974743039616804197e+01
5.975682005607784220e+01
5.982157175207581901e+01
5.968104763800424450e+01
5.982886258054847417e+01
5.977678010384628493e+01
5.988111586559193000e+01
5.985871602624179388e+01
5.972487234393015854e+01
5.986782562537322860e+01
5.982191826633669507e+01
5.993509563364573012e+01
5.981143159741183979e+01
5.974267778943336538e+01
5.968342398042683783e+01
5.971538076152304342e+01
5.980081016203241262e+01
5.963257898874337570e+01
5.951224127342440084e+01
5.951777387816495235e+01
5.945964245213795607e+01
5.965669952051145231e+01
5.958942158157889679e+01
5.946177059019672839e+01
5.955339822033757002e+01
5.963806711051042697e+01
5.976465011061394250e+01
5.975696560912648181e+01
5.978032803364104808e+01
5.964197366449700866e+01
5.962503127241189560e+01
5.973836734012912331e+01
5.951018406132052263e+01
5.950167201823414587e+01
5.952926519281581363e+01
5.951518385725005800e+01
5.955059880239520709e+01
5.943597484696345390e+01
5.951817166852743668e+01
5.952596813231141226e+01
5.951119210478140786e+01
5.978127200187749679e+01
5.966446817770933109e+01
5.972636957138801961e+01
5.970993552266729409e+01
5.971940388378745013e+01
5.976108263345076921e+01
5.971272271016310640e+01
5.963467993787471499e+01
5.952712842952930572e+01
5.950997089397089468e+01
5.961470519223677655e+01
5.949974984156632729e+01
5.933205412710859861e+01
5.934847750922848064e+01
5.944832138500359520e+01
5.961093479757526836e+01
5.954082484555017629e+01
5.944555740432611657e+01
5.949486084228793459e+01
5.956365516781210090e+01
5.978267396090465979e+01
5.961950407721750622e+01
5.958375778627610941e+01
5.958711779448621826e+01
5.953019774626191207e+01
5.967219688236178854e+01
5.961901527451044558e+01
5.953903818479970766e+01
5.946684016118200589e+01
5.956541524459613157e+01
5.961056078044869366e+01
5.961039850352406688e+01
5.963614139080055310e+01
5.950851088757594454e+01
5.962033236560215954e+01
5.978867262551165140e+01
5.972484647691715764e+01
5.976243296971316710e+01
5.977689817687804208e+01
5.966255550900712024e+01
5.974404157159274575e+01
5.960409940561930142e+01
5.964623852595190101e+01
5.960688448074679258e+01
5.964190530672679103e+01
5.951520106791256381e+01
5.933052361002153674e+01
5.942795031055901234e+01
5.946397044071423466e+01
5.937036726479959015e+01
5.949754653271011762e+01
5.949945680332938025e+01
5.945694831113943479e+01
5.953336569200127570e+01
5.942959272097053258e+01
5.952364185110663897e+01
5.941148943307615582e+01
5.937468396818753291e+01
5.924786082903278839e+01
5.919050510161059009e+01
5.948388830117710313e+01
5.923099341318373945e+01
5.913445617563264989e+01
5.917234889492180372e+01
5.912077464788732328e+01
5.925519963564597248e+01
5.942888699231889404e+01
5.929250331303575194e+01
5.926015647250004292e+01
5.927252259820559033e+01
5.945591542205068691e+01
5.937590591866863576e+01
5.923268351303535439e+01
5.934071519029527764e+01
5.917514624770181797e+01
5.925973569755771564e+01
5.914841901484189890e+01
