9.498606074147917866e+01
9.437681159420289134e+01
9.430374891020052530e+01
9.423590673491983694e+01
9.447938691730992389e+01
9.454446051397785311e+01
9.468232263808947380e+01
9.479771381264727381e+01
9.479906206632531962e+01
9.442840753370087725e+01
9.452036860502066418e+01
9.430418758340216812e+01
9.432393896041963899e+01
9.409668429553155988e+01
9.432326370177830199e+01
9.425944400317713701e+01
9.421534425186833062e+01
9.411949705554670231e+01
9.431865367979239068e+01
9.419964712053536005e+01
9.450957854406131275e+01
9.438702386068796102e+01
9.450573983636708419e+01
9.457574798163685159e+01
9.451845359510454614e+01
9.428358398981458777e+01
9.399599007065113199e+01
9.392204049967541835e+01
9.388143510868184194e+01
9.392105935722956644e+01
9.407652817193329042e+01
9.405388461105664533e+01
9.386939959516105603e+01
9.387069752542645062e+01
9.417529394780321184e+01
9.395305517738448486e+01
9.408378352459803295e+01
9.417935409457901130e+01
9.419189829915195844e+01
9.409205512051583753e+01
9.392879018680349645e+01
9.363674228574154768e+01
9.357692738413297207e+01
9.361060944479898183e+01
9.366427498481894531e+01
9.364399361022364587e+01
9.365563991323209336e+01
9.334806110083552255e+01
9.369322301905476991e+01
9.374658458023262142e+01
9.395741332443130034e+01
9.380162529221864531e+01
9.399053592518114897e+01
9.382885572139302610e+01
9.397730014604101711e+01
9.364734053555233118e+01
9.341803421649304084e+01
9.345279775924629462e+01
9.337270087124878160e+01
9.336518493707832533e+01
9.349220186394472876e+01
9.326750912306981434e+01
9.318467434163645180e+01
9.322782959655505408e+01
9.346364133406233066e+01
9.362579849826290967e+01
9.359232383423838542e+01
9.365777578302824224e+01
9.381377368395932592e+01
9.363649051881797902e+01
9.387890293330771385e+01
9.302963833605997479e+01
9.322388083787882351e+01
9.319842080076567470e+01
9.326887200692372915e+01
9.334298655616055385e+01
9.329780923057082020e+01
9.310312089039996408e+01
9.350028932394639014e+01
9.361102623072098083e+01
9.363809523809524649e+01
9.360327182012984792e+01
9.360546507361736701e+01
9.402837950761714580e+01
9.403351094562496826e+01
9.411554955909988962e+01
9.387133052840390235e+01
9.377006978712532259e+01
9.378865971094640486e+01
9.387480284546302300e+01
9.394881693448503768e+01
9.393263202120095912e+01
9.388373786407765920e+01
9.405279066384341036e+01
9.413337728325187470e+01
9.412556399428379450e+01
9.439058925867458072e+01
9.413738507040442016e+01
9.454194601340864779e+01
9.440200731097286280e+01
9.442580634746393287e+01
9.450409471966919739e+01
9.415324275333259152e+01
9.438165010993245119e+01
9.437514796685542251e+01
9.422980857321952897e+01
9.433218774706746501e+01
9.411863777888910931e+01
9.441819826221777134e+01
9.419906672439505257e+01
9.453539110552924285e+01
9.425315277733209030e+01
9.458346013999455693e+01
9.454983011545706972e+01
9.481440105295259002e+01
9.473832925796295967e+01
9.481716919531399412e+01
9.470114187793278404e+01
9.479392038600722969e+01
9.454634497083965528e+01
9.466659191747690727e+01
9.431276836879659697e+01
9.445361556580944296e+01
9.457775096525095648e+01
9.459502273348007861e+01
9.464673362796303024e+01
9.476118732450862581e+01
9.468375668880149476e+01
9.489800201881018893e+01
9.488224392445046362e+01
9.486940813770512193e+01
9.477527226137091532e+01
9.481895804577409592e+01
9.498287753822408774e+01
9.481222307840492647e+01
9.471462324803908928e+01
9.460633680555555713e+01
9.450462419378186496e+01
9.471749738304211519e+01
9.443293360160964767e+01
9.450556228303867101e+01
9.436228827204224956e+01
9.438714009368355562e+01
9.473771784432679510e+01
9.481989095997040806e+01
9.486827311824492881e+01
9.475667290377265317e+01
9.495633257878597533e+01
9.513091130831072917e+01
9.517646775668694659e+01
9.517116712152832747e+01
9.492206242744742895e+01
9.481304691151112252e+01
9.484899015887310725e+01
9.454837056609817125e+01
9.449963642239639228e+01
9.460377236298874948e+01
9.446211754844117081e+01
9.464778037383177889e+01
9.450666753187762481e+01
9.450539519176649605e+01
9.451802192855534201e+01
9.465714055966549267e+01
9.458598868970379669e+01
9.472116342600033079e+01
9.484421787305211637e+01
9.497729757540678008e+01
9.495375936224243674e+01
9.509243724488156602e+01
9.491077868521064431e+01
9.461050433665275250e+01
9.448493550664186102e+01
9.452280420309617170e+01
9.456148290804044620e+01
9.448311529290455724e+01
9.422321371149270419e+01
9.428925287078642725e+01
9.435700238571151033e+01
9.441472195435551384e+01
9.428351159216087751e+01
9.433607003392867796e+01
9.429032984352133440e+01
9.448521470815119017e+01
9.451453861971468484e+01
9.452309649165177063e+01
9.462042239875994198e+01
9.435717285945072774e+01
9.416499266448481364e+01
9.406446533301196666e+01
9.383411308221694469e+01
9.367853376370202056e+01
9.361058604172694686e+01
9.375103359173125739e+01
9.381941081193770060e+01
9.376347671983243970e+01
9.367444784781558553e+01
9.375078604943645644e+01
9.377480228894746972e+01
9.405384045840845886e+01
9.391638866057471091e+01
9.402438239317615398e+01
9.422360993966132980e+01
9.399854836368329813e+01
9.389891528260589837e+01
9.366807435134529669e+01
9.373953465888949665e+01
9.358389197009887539e+01
9.352821641419413368e+01
9.386554296231716421e+01
9.357334425387037413e+01
9.362231939041249973e+01
9.382285273609460319e+01
9.387659458680793989e+01
9.427538587822505178e+01
9.412298578580512753e+01
9.406362628000064774e+01
9.432225006425083791e+01
9.441068246399845521e+01
9.448585307790057186e+01
9.416896679144643656e+01
9.405714652420144262e+01
9.396580499736224112e+01
9.408177599999999074e+01
9.398535688594036230e+01
9.381329837407471928e+01
9.392132594911308274e+01
9.380618863814724762e+01
9.388851535235168910e+01
9.408472738290781479e+01
9.392867370966715157e+01
9.393696435722866056e+01
9.413278014932770077e+01
9.430348989431335838e+01
9.453343472344512577e+01
9.462887784295234894e+01
9.444949744341261066e+01
9.444797660298185349e+01
9.410739978625321100e+01
9.435750702816028479e+01
9.392675846314921273e+01
9.393756835148116124e+01
9.404418782210345285e+01
9.415963440791369976e+01
9.397975592246949361e+01
9.403898499109641307e+01
9.380189339697692219e+01
9.410808264673946155e+01
9.405847453528301116e+01
9.440303646642431090e+01
9.433162319396497253e+01
9.430184335480981872e+01
9.435195925646257820e+01
9.459649603949215191e+01
9.451206343578255087e+01
9.407370300086840587e+01
9.395674402205268905e+01
9.399516285069331900e+01
9.407427612253462712e+01
9.421669710240954032e+01
9.397910346608145460e+01
9.393941598758244993e+01
9.394870633893920342e+01
9.400423626044917569e+01
9.407285824792110418e+01
9.411887763305996657e+01
9.415300282144296773e+01
9.450811406708493223e+01
9.448511542642073380e+01
9.458857365069592049e+01
9.455824677215802865e+01
9.446764020958664787e+01
9.463623249481328514e+01
9.451576884147615942e+01
9.425584914074569554e+01
9.398643315635152362e+01
9.386920178577081231e+01
9.413394092665933499e+01
9.395083389873298074e+01
9.397571997669622590e+01
9.386621759222997241e+01
9.394388708335296201e+01
9.425476559685478151e+01
9.422611365202681100e+01
9.423161473615574835e+01
9.438782378937767703e+01
9.425148384260276657e+01
9.454022170564701355e+01
9.441025478313291330e+01
9.482310125560827885e+01
9.434744940841792982e+01
9.422208283071974222e+01
9.417112351058868569e+01
9.426340602015359593e+01
9.407091350040420252e+01
9.388272734634382743e+01
9.385654436763829267e+01
9.399798186937486832e+01
9.386016184151137054e+01
9.399741297071807367e+01
9.394566114699168224e+01
9.411329842254977507e+01
9.411285670549943916e+01
9.433601327618985977e+01
9.438100784599207316e+01
9.409300097408301156e+01
9.417089260943900797e+01
9.411069651741293285e+01
9.396905545379391356e+01
9.374908837495745217e+01
9.360055332643024428e+01
9.362458240083034866e+01
9.375574483331433839e+01
9.358258389642375619e+01
9.357330787184383780e+01
9.339747582630815259e+01
9.338498208292121205e+01
9.368636616219396274e+01
9.356240900708530717e+01
9.369889775504587703e+01
9.366776822018110238e+01
9.374359098306506155e+01
9.405132622545832533e+01
9.369862769270697811e+01
9.361276960665340141e+01
9.332045923926300190e+01
9.323916081643267262e+01
9.335609096615324631e+01
9.319279055113021570e+01
9.324361111111112166e+01
9.300053613205093939e+01
9.301787195290519605e+01
9.311105688676329351e+01
9.302905847309460796e+01
9.319865473037742731e+01
9.326494934218015942e+01
9.324724478666428240e+01
9.353541856826183221e+01
9.359931573802541038e+01
9.341980670018938326e+01
9.320667403530444517e+01
9.309686154247683021e+01
9.298570917604213548e+01
9.294208765200359323e+01
9.280605388479352769e+01
9.284256578733369736e+01
9.278945398323703841e+01
9.299894031529696292e+01
9.284859137816513908e+01
9.295456836696531866e+01
9.312166910688141286e+01
9.324063865875139356e+01
9.328391719487088096e+01
9.348800336520571364e+01
9.353550666818648551e+01
9.363886613141077930e+01
9.361528283702772057e+01
9.356308331017800128e+01
9.336532008470436494e+01
9.311258623782885024e+01
9.306508450197770799e+01
9.324717724145818920e+01
9.301704296450193965e+01
9.293941662868675735e+01
9.314800721986438248e+01
9.311104091748468647e+01
9.322055211230946270e+01
9.337333765287114318e+01
9.339644154664591724e+01
9.339569885497421353e+01
9.355921551809454684e+01
9.443643276995796043e+01
9.435264238070806186e+01
9.406164741590085043e+01
9.348018419390231770e+01
9.323513851007197673e+01
9.308739794338609386e+01
9.322709967134164799e+01
9.302609050808690938e+01
9.286774696876116764e+01
9.312679725790957264e+01
9.308921689216892048e+01
9.327029672283575223e+01
9.329349957513562686e+01
9.310276980924133738e+01
9.330962431749654229e+01
9.345344518651246801e+01
9.369264040893898482e+01
9.354994059534854500e+01
9.359446397188050071e+01
9.368469741533708373e+01
9.355441799804368941e+01
9.348668990003109514e+01
9.330525420123377955e+01
9.317665846464713297e+01
9.313841647001383706e+01
9.326004996219964482e+01
9.346059762586983766e+01
9.336468985440637880e+01
9.316438982193280083e+01
9.331357016335367405e+01
9.333021214337966853e+01
9.357227172402517112e+01
9.365329363723624567e+01
9.370014183472179070e+01
9.362815978193854960e+01
9.387380625327054418e+01
9.400290815746291173e+01
9.397218621289444229e+01
9.364353245569785145e+01
9.353981882759295274e+01
9.355751318960463436e+01
9.365924525199375239e+01
9.340125728803621996e+01
9.348076986238380925e+01
9.350214704821844691e+01
9.354103728568138365e+01
9.358511702668569399e+01
9.346515835628942170e+01
9.355415065020036991e+01
9.362161942265758796e+01
9.368348884381339303e+01
9.392647925121087837e+01
9.385637889021536751e+01
9.372989882203430057e+01
9.394286552375986332e+01
9.398795575047456907e+01
9.398726229213336580e+01
9.378406688136364266e+01
9.364817993102207083e+01
9.345947045517419838e+01
9.351252496063121100e+01
9.361735838018785216e+01
9.344736367659351117e+01
9.337754384817823450e+01
9.347013679801020203e+01
9.342714163429248231e+01
9.346202367859223159e+01
9.339943588986734824e+01
9.340961645540598113e+01
9.359731774415405425e+01
9.348615434764893450e+01
9.395584061941241316e+01
9.353037898208773981e+01
9.338277065212049877e+01
9.322310095684437670e+01
9.316659290222114009e+01
9.322530427858755786e+01
9.318924815212790236e+01
9.301738844605144152e+01
9.314085920660777163e+01
9.302231689333113707e+01
9.319983907781735866e+01
9.310992715373357953e+01
9.316942175866707032e+01
9.316454494878423986e+01
9.339219230074100153e+01
9.356993582359716299e+01
9.314839946894822731e+01
9.308754485892075081e+01
9.284385107927916181e+01
9.267491148620831609e+01
9.264876351761597562e+01
9.224012861103364003e+01
9.234044457705505238e+01
9.239359714252641709e+01
9.227735961176587409e+01
9.234988043209366992e+01
9.230733291361542570e+01
9.213535042395336916e+01
9.233712415491677916e+01
9.251301355130135562e+01
9.279090743289175691e+01
9.259262335936200827e+01
9.262905444600978910e+01
9.275764713688541008e+01
9.259978467908902644e+01
9.270793708549030043e+01
9.243648949238072987e+01
9.209013158980962999e+01
9.220496059726254146e+01
9.232791120147997788e+01
9.236481481481482092e+01
9.224578541829619382e+01
9.222470578415824605e+01
9.244543667321983094e+01
9.248986827934719201e+01
9.259590241947603317e+01
9.272079536039767333e+01
9.277162117177097400e+01
9.288169957394605092e+01
9.290644577011913441e+01
9.309936025589763631e+01
9.281985092714023722e+01
9.264357881115516591e+01
9.281782329157553590e+01
9.262925642807505255e+01
9.247074192753265720e+01
9.284183927918343215e+01
9.242973964184233182e+01
9.288685471701242591e+01
9.287185646598852884e+01
9.321910625093340741e+01
9.302424023154848953e+01
9.321541112344471003e+01
9.331911675243749471e+01
9.353332453041956285e+01
9.361921408901275754e+01
9.376340168798628838e+01
9.360209338189454797e+01
9.392627972857236784e+01
9.378024240028982206e+01
9.379628564384911726e+01
9.346480789404668599e+01
9.361409061985020230e+01
9.355162847199422060e+01
9.340349047533690907e+01
9.359551759189427855e+01
9.328855908015982834e+01
9.342602045003199862e+01
9.370223439717483416e+01
9.357381930016849481e+01
9.363234764973340418e+01
9.358459145243163846e+01
9.354775790247488487e+01
9.381813704567095158e+01
9.383495508374080885e+01
9.415560114895363597e+01
9.390795224737425428e+01
9.403403209530941353e+01
9.408063006093655645e+01
9.378069777244577665e+01
9.401248889327673908e+01
9.349710897926610187e+01
9.363322565305085732e+01
9.364607703979247333e+01
9.353955070141591932e+01
9.350441912992241100e+01
9.343890567578603168e+01
9.348816127501513051e+01
9.347036527091601954e+01
9.359070807211935517e+01
9.355460250028376379e+01
9.371891390038113911e+01
9.360306569343065064e+01
9.394033596902787053e+01
9.370279657853306787e+01
9.408754579356345005e+01
9.363324555414673966e+01
9.381209147636531043e+01
9.370579793814432890e+01
9.328016654918610584e+01
9.324868795551388700e+01
9.285537440107275131e+01
9.293802691909480984e+01
9.304991705129680213e+01
9.292023371848739544e+01
9.297253200475122981e+01
9.293585364251461556e+01
9.301373206695004114e+01
9.302280912364945209e+01
9.312967091032182054e+01
9.312013878611482198e+01
9.304434378743866318e+01
9.315008688456764219e+01
9.339336208762844649e+01
9.323215197798758425e+01
9.344715366570852666e+01
9.343605160139409804e+01
9.324920564363443987e+01
9.311258689784902742e+01
9.314564403621311328e+01
9.292566362997006024e+01
9.280598369583154295e+01
9.261695954363648298e+01
9.289113374245241062e+01
9.277528071415653699e+01
9.281929934416504580e+01
9.279951225138826487e+01
9.273122731771692884e+01
9.297485689918158869e+01
9.300923688838486214e+01
9.289387948500099412e+01
9.301086741424801119e+01
9.292163826528950210e+01
9.332050963434232926e+01
9.303546351723022667e+01
9.347033835270003976e+01
9.316851730894840955e+01
9.325944132976012213e+01
9.326831392005783528e+01
9.299788754476590213e+01
9.293314402022257070e+01
9.268381430363865547e+01
9.265008212877792459e+01
9.263414793411364201e+01
9.265642320684791855e+01
9.269553122903474218e+01
9.263927436745848354e+01
9.246524526516697051e+01
9.295349567171082583e+01
9.272017653860559960e+01
9.280129352090480666e+01
9.272484800941360561e+01
9.296626557447017092e+01
9.306054909079122694e+01
9.316286532385464625e+01
9.289190771181893069e+01
9.300585430027955169e+01
9.299277817990392236e+01
9.294851523961975204e+01
9.280203859115839293e+01
9.254736601157581788e+01
9.246521796304820384e+01
9.236990462503266031e+01
9.275544178364988568e+01
9.242074595911381607e+01
9.253702203633596923e+01
9.233534941818420805e+01
9.239087344264464718e+01
9.258384559455349461e+01
9.263110692696461967e+01
9.264250523159056172e+01
9.259546438784111899e+01
9.271614862745745711e+01
9.288818436170389248e+01
9.296540901173300142e+01
9.304441891004597665e+01
9.306165950652642493e+01
9.297608817794228742e+01
9.308859271523178336e+01
9.290955439316692832e+01
9.262340723646252627e+01
9.247620070381813662e+01
9.251930495565299850e+01
9.260752077676293936e+01
9.257508394118326578e+01
9.242881978939001897e+01
9.230225298140133816e+01
9.237021361350396376e+01
9.265607835351731580e+01
9.257385849072136352e+01
9.264394553546316047e+01
9.278482479962906382e+01
9.289094391967765318e+01
9.296570665083136475e+01
9.308959428072544995e+01
9.312455180846318115e+01
9.307042137515237812e+01
9.304029496971293156e+01
9.305076604554865582e+01
9.297174973138275789e+01
9.281900169511051502e+01
9.272001188628784973e+01
9.266867627356795367e+01
9.281060233860665676e+01
9.276528044990381261e+01
9.272543399934490083e+01
9.264312255487715220e+01
9.273314694515254075e+01
9.284464909702492719e+01
9.293995377276527847e+01
9.287739256934568743e+01
9.303870830469081454e+01
9.311282000722995633e+01
9.317522658610272401e+01
9.316836868290128848e+01
9.326558834220004712e+01
9.334948530017292967e+01
9.335132273381532286e+01
9.318605073660566518e+01
9.295473074447544093e+01
9.282008837301324888e+01
9.264042581153897515e+01
9.263617906308805061e+01
9.264994989897661526e+01
9.254603263280698400e+01
9.261297800282773096e+01
9.252535547379935110e+01
9.262369031830237986e+01
9.285755145903942775e+01
9.273612695264071704e+01
9.272220205886235078e+01
9.275406460539970510e+01
9.314775633573586333e+01
9.312031674356205713e+01
9.311910104997625126e+01
9.306086985194711758e+01
9.281375187833353380e+01
9.278839641187450127e+01
9.287251419275588660e+01
9.263437242289295170e+01
9.254194058622906027e+01
9.252943219021793197e+01
9.238143050914744947e+01
9.252576571824207008e+01
9.233599960661541672e+01
9.234128181742806873e+01
9.238444049851474915e+01
9.246376499436675545e+01
9.259493461621120503e+01
9.247972681046229582e+01
9.249405546041363380e+01
9.268257154707589507e+01
9.280429768522358813e+01
9.309812999123691668e+01
9.315547286409621108e+01
9.271561871476144745e+01
9.239030106958932720e+01
9.246838283828381577e+01
9.241424044365220425e+01
9.215381719990180898e+01
9.225278043628922831e+01
9.216549393954304037e+01
9.217939747649761273e+01
9.227313546171878045e+01
9.224479820331593771e+01
9.211697209839853429e+01
9.220279674153226779e+01
9.239198919150479128e+01
9.264637537239325127e+01
9.242718526708361537e+01
9.256608532243174636e+01
9.272275014899675227e+01
9.278469239410559055e+01
9.267810876570000289e+01
9.252364926778068366e+01
9.217069983624725182e+01
9.213778434754044611e+01
9.214302612124198788e+01
9.225852906442723622e+01
9.221517423181481377e+01
9.228061848850668980e+01
9.218915013792197044e+01
9.226527437611703419e+01
9.227591100381691547e+01
9.241956514599138472e+01
9.233096212564151983e+01
9.244313013317628247e+01
9.271263118008533866e+01
9.275963759393603425e+01
9.291649399769774220e+01
9.270082542168282203e+01
9.271401645523978630e+01
9.266839601531552262e+01
9.252024521678944780e+01
9.232761292637967188e+01
9.234448644207067503e+01
9.200273838630806722e+01
9.227688571711765064e+01
9.222500616117638117e+01
9.220294442521061740e+01
9.212242199894235739e+01
9.227123740294068455e+01
9.220970551502004753e+01
9.253599271704047169e+01
9.214698270213601461e+01
9.249315091128404731e+01
9.252941759603469052e+01
9.259786465068471273e+01
9.247014556711894784e+01
9.245172305193189288e+01
9.208247728170684354e+01
9.211081174895451795e+01
9.199170717288491517e+01
9.202076677316293285e+01
9.214064279700885152e+01
9.191417552222995369e+01
9.190177795985252374e+01
9.222052390852390147e+01
9.210250012311833245e+01
9.232673316542948783e+01
9.217083091226031399e+01
9.240770184282290245e+01
9.239369112378929572e+01
9.267659539473683594e+01
9.267665246439760551e+01
9.257077383808469051e+01
9.220744874038366845e+01
9.231094967814532026e+01
9.228500699070647784e+01
9.209738830486202232e+01
9.209966881934094829e+01
9.212181972179691058e+01
9.200225199497381823e+01
9.238015332477874608e+01
9.213640219235286111e+01
9.229194559471005732e+01
9.230539157168321651e+01
9.250504753022791249e+01
9.270995592981536504e+01
9.275638684630443720e+01
9.273984657408769294e+01
9.290424535279325369e+01
9.304008624264035632e+01
9.278261579936278736e+01
9.265676967395575048e+01
9.235405838318459359e+01
9.237369876382564371e+01
9.224284116874908079e+01
9.258699617147833294e+01
9.232329014269312495e+01
9.223284333763919562e+01
9.248682938023505073e+01
9.236589854246396669e+01
9.253965297519852129e+01
9.260223103374521259e+01
9.258121069052609187e+01
9.255057014142147409e+01
9.265683791606367947e+01
9.287304039175731418e+01
9.259570199147692904e+01
9.243026764953248176e+01
9.252634201435024863e+01
9.250111760517906134e+01
9.239424307390603985e+01
9.223831860003608085e+01
9.221885275849469110e+01
9.234181685540431772e+01
9.234046443591149966e+01
9.243671775540235558e+01
9.254531067799433686e+01
9.245352902374669668e+01
9.265907396670255025e+01
9.263680451313858555e+01
9.289785684733141125e+01
9.274867833117829719e+01
9.292894423890064104e+01
9.280855751391464992e+01
9.263877101220434440e+01
9.278950249664073624e+01
9.254644410991083703e+01
9.242896954306350210e+01
9.253122092250431763e+01
9.254975855030616572e+01
9.254539432281143263e+01
9.246845559524797409e+01
9.252887954059829667e+01
9.253818133651233779e+01
9.265665820179589218e+01
9.284901556965154157e+01
9.308834636722143330e+01
9.287972485971465630e+01
9.332040816326529864e+01
9.315220579753135155e+01
9.345671878353613238e+01
9.295631901840489775e+01
9.303621466612044344e+01
9.284645501605399431e+01
9.294656463639478261e+01
9.296093635460276516e+01
9.280093738221269462e+01
9.286380517303710747e+01
9.288646079978953196e+01
9.297688414040989358e+01
9.283753367943747037e+01
9.292339108095646338e+01
9.307431706631851398e+01
9.315807843008133204e+01
9.319905025722199809e+01
9.331560131795716018e+01
9.314708920110824408e+01
9.310601474072123551e+01
9.319310867095798301e+01
9.307902010463624265e+01
9.295558595230640719e+01
9.278457093135887135e+01
9.272142868937730498e+01
9.278338415133929118e+01
9.280110406466664585e+01
9.294027501656725576e+01
9.266768711422943738e+01
9.272083478145738411e+01
9.282771932731338893e+01
9.299022828323047918e+01
9.287698072098243074e+01
9.299185994462771987e+01
9.305712198199992713e+01
9.307357397356065576e+01
9.320375739301867668e+01
9.321850929614873849e+01
9.287521801963423229e+01
9.274707353676839716e+01
9.270440823753204995e+01
9.273379737560779290e+01
9.269920407724256961e+01
9.251789309065499367e+01
9.243972197279589409e+01
9.246832586693213329e+01
9.254421519282691122e+01
9.257867039701571343e+01
9.248427610431785695e+01
9.263619053981827278e+01
9.268077394154060755e+01
9.283716287040580539e+01
9.289881847475832899e+01
9.304056102476970125e+01
9.286034614490249339e+01
9.285469787516599638e+01
9.280404985991577860e+01
9.334063667771275163e+01
9.301848610041314203e+01
9.281053633217993593e+01
9.249544545656520711e+01
9.241578947368419961e+01
9.249368650585708451e+01
9.226404165201815033e+01
9.200053187952927658e+01
9.225493919706812562e+01
9.229567531603458974e+01
9.258150044189498828e+01
9.243444194381928014e+01
9.236219297954855278e+01
9.260086803829970847e+01
9.278326914494454059e+01
9.282863986426919212e+01
9.247476973030282466e+01
9.230804407257062394e+01
9.236874637501036034e+01
9.229700452458800441e+01
9.234016379962504573e+01
9.228959600166596999e+01
9.219505229951852243e+01
9.236863621317445450e+01
9.227248664118980059e+01
9.241853510235779368e+01
9.237184252696965814e+01
9.234494998921823594e+01
9.256431712982028159e+01
9.284556099991695532e+01
9.288947803105385503e+01
9.274603174603174693e+01
9.284697678234473983e+01
9.287615082195644334e+01
9.270772515142489567e+01
9.255284069319853302e+01
9.250199090818595948e+01
9.234487141395133847e+01
9.243530189146775911e+01
9.222730885128646605e+01
9.241645193260654878e+01
9.227793644242673565e+01
9.216589854111404634e+01
9.239843006263049574e+01
9.245167175268673532e+01
9.263218849176676883e+01
9.256093853271646310e+01
9.266475327124447858e+01
9.281262314353361376e+01
9.280657115441883320e+01
9.286142956833816697e+01
9.261256180852998909e+01
9.250843337384904430e+01
9.238389383448730996e+01
9.241521265448012912e+01
9.245678971762926324e+01
9.237953888108420131e+01
9.225632069194942630e+01
9.240224625623959298e+01
9.244844770020431213e+01
9.255376514834935620e+01
9.244096056356572433e+01
9.256972256728778348e+01
9.261013980235978238e+01
9.271605917844449607e+01
9.268645246770454094e+01
9.269036890319385691e+01
9.268430638639173935e+01
9.232431543999210533e+01
9.251954145383757577e+01
9.257587013116220476e+01
9.253288657235044923e+01
9.237413398746976156e+01
9.234641518083731171e+01
9.253507709159710259e+01
9.259940241345724132e+01
9.259218136320700410e+01
9.261241607956900168e+01
9.268709342731510503e+01
9.297179932225803611e+01
9.298454677111448063e+01
9.311100764881942382e+01
9.283131185478180214e+01
9.294875387354123575e+01
9.287916273370095155e+01
9.288645484395210872e+01
9.267997555173781166e+01
9.265304901357887957e+01
9.244819901019305064e+01
9.264055519839111241e+01
9.241183433898359567e+01
9.253584350785600066e+01
9.236875486445757133e+01
9.239017857142857792e+01
9.262351502734497899e+01
9.273576726553486083e+01
9.265592377796188828e+01
9.278302153958919973e+01
9.256694376690394677e+01
9.258274976657328637e+01
9.253275745089278814e+01
9.237678671640313155e+01
9.252021042818138596e+01
9.237610532198152669e+01
9.232979376482886380e+01
9.248828364009193592e+01
9.235943388463753934e+01
9.236840281215961568e+01
9.253883511128671557e+01
9.266212228614760704e+01
9.284133809247116176e+01
9.274389007034189092e+01
9.261699902037291565e+01
9.235892928220776810e+01
9.226674917491747863e+01
9.252258075181008223e+01
9.220588913788559182e+01
9.210906419716403093e+01
9.209954929762805875e+01
9.223011335305655223e+01
9.228507618244081812e+01
9.217942062263931291e+01
9.220001998201618676e+01
9.230401349407154044e+01
9.252413965087282577e+01
9.266045572636559768e+01
9.248527806265921924e+01
9.235791937063285673e+01
9.229957489372343105e+01
9.215792869550831767e+01
9.234536722696033451e+01
9.213977285877237478e+01
9.201492660808553126e+01
9.205998199039488838e+01
9.208437861989078499e+01
9.209052607230188414e+01
9.209446270291802250e+01
9.194838527476909462e+01
9.206131331085234137e+01
9.206023557477261932e+01
9.220166079433609241e+01
9.233683160083160146e+01
9.233083693125207958e+01
9.226783165720733848e+01
9.189565925212220066e+01
9.206857877983209448e+01
9.187340810359921761e+01
9.188545091107329199e+01
9.177548991998939698e+01
9.188892198229501673e+01
9.201578030365882910e+01
9.182243738230540941e+01
9.183806832349763738e+01
9.204897870996693143e+01
9.203538230389486330e+01
9.232911581817577940e+01
9.215259045438710928e+01
9.219771347264274652e+01
9.230236068946068428e+01
9.250865120587553747e+01
9.278644407345576894e+01
9.260320461783439328e+01
9.236521753659026501e+01
9.205577294566347746e+01
9.206004714788498688e+01
9.207189909362566027e+01
9.194784306587460776e+01
9.190878701050620236e+01
9.191933493429391433e+01
9.191028690228689868e+01
9.213337550565164236e+01
9.199345120061322234e+01
9.215822207479891404e+01
9.211418342599773723e+01
9.230133293642917636e+01
9.247458998794324714e+01
9.250486326238299739e+01
9.246216748768472371e+01
9.260948271586569547e+01
9.262049792531121284e+01
9.266572875633090689e+01
9.237044081823337649e+01
9.214905479858796866e+01
9.207431439562797948e+01
9.205593307210291698e+01
9.234730638058343288e+01
9.196677691417231415e+01
9.188389271726735785e+01
9.190970067073780569e+01
9.200533672592689527e+01
9.222401986103936622e+01
9.209217779985100094e+01
9.214473990747828225e+01
9.199953751878830133e+01
9.225470725216233348e+01
9.246374912938210855e+01
9.242258289355770273e+01
9.247605690242437504e+01
9.209241490925305129e+01
9.220793966517487661e+01
9.210995926208060780e+01
9.193278329293801221e+01
9.182918415073061169e+01
9.158248634332063887e+01
9.170633164156751604e+01
9.174480107375433136e+01
9.171127428942503457e+01
9.173683334443038007e+01
9.172240227196792262e+01
9.185785747523765110e+01
9.211184309028298856e+01
9.206212501454237440e+01
9.199443373654126788e+01
9.220034378024766397e+01
9.202948337833136350e+01
9.235015783408213963e+01
9.206623846511320153e+01
9.174345270798994534e+01
9.171488365140265842e+01
9.158577126549958791e+01
9.180288732161187681e+01
9.168846044512817173e+01
9.153241824383067637e+01
9.147764227642277035e+01
9.167933555261880940e+01
9.179462437395660857e+01
9.174863870247946807e+01
9.191543604071044626e+01
9.197873792873792809e+01
9.191604938271605363e+01
9.217922833859969955e+01
9.223792587668273768e+01
9.216143249765384837e+01
9.195362849533954375e+01
9.183998269003511439e+01
9.184411847860432943e+01
9.169806799213313298e+01
9.159902923918284046e+01
9.155545554555456533e+01
9.153312617358214709e+01
9.177524787006127838e+01
9.176532475582583004e+01
9.178162955042851934e+01
9.183596890468754737e+01
9.198361312954146740e+01
9.220700288471103079e+01
9.235285084791027543e+01
9.228626794971594904e+01
9.236168598802790086e+01
9.246427506707740918e+01
9.226363905910260144e+01
9.209670307975783032e+01
9.200170205734116280e+01
9.175744089012516724e+01
9.186145255088553085e+01
9.200831002139213410e+01
9.202325236966824207e+01
9.196484880671822282e+01
9.183256858020004643e+01
9.185177411294353078e+01
9.204278831132526761e+01
9.214392253263794430e+01
9.189850205761317170e+01
9.224589345449099653e+01
9.226424280433060687e+01
9.233793354514165230e+01
9.214837962962963047e+01
9.204550069066520734e+01
9.185962925334355589e+01
9.187836672416079864e+01
9.180120481927710330e+01
9.194303473129123461e+01
9.177983966006605954e+01
9.170661645867004097e+01
9.164583853620365517e+01
9.188183544936518388e+01
9.180952066443207116e+01
9.190659944089458122e+01
9.198506564093987947e+01
9.208098803395948551e+01
9.238045232904524084e+01
9.226034156228195116e+01
9.217250116690004802e+01
9.180482280841992804e+01
9.179744673795903509e+01
9.184535859359391452e+01
9.199672430994347394e+01
9.161363561417972790e+01
9.162222111784780054e+01
9.172620395657096992e+01
9.192255220031611884e+01
9.198142054708013404e+01
9.190132474517746175e+01
9.180595675370219055e+01
9.187464103713293184e+01
9.208391016383644967e+01
9.225599018356076897e+01
9.242688471081950752e+01
9.191186232533438272e+01
9.173233801233405416e+01
9.175951001489819703e+01
9.173059624987598681e+01
9.183147141209424547e+01
9.173135169168571679e+01
9.157878837629290558e+01
9.186288975270862522e+01
9.186275420495637434e+01
9.188829419320839520e+01
9.197680856707114572e+01
9.194158569634475953e+01
9.229391350332997490e+01
9.214674640278855122e+01
9.240809664269379198e+01
9.211272043418729538e+01
9.187881641554321277e+01
9.195301891166826636e+01
9.193717063271250822e+01
9.187202208739067544e+01
9.182258783884236664e+01
9.176682282441358041e+01
9.184497424821398681e+01
9.185943474646717277e+01
9.175660655928069787e+01
9.170761934662988324e+01
9.179645739092971723e+01
9.208088662911453071e+01
9.205974529897521563e+01
9.231667492976366418e+01
9.215803936499527538e+01
9.181045914138903186e+01
9.199506107363640695e+01
9.190157330823964799e+01
9.193929318035915799e+01
9.178593100718948961e+01
9.162260982341791760e+01
9.179976686094920524e+01
9.168832520862596880e+01
9.186076791326470925e+01
9.182093011786753323e+01
9.171527388912677736e+01
9.221497133605379304e+01
9.222821810938665976e+01
9.218189811051574623e+01
9.205015450044854219e+01
9.190797566298526533e+01
9.200139636943946186e+01
9.200629014322937849e+01
9.198071474725384178e+01
9.169052756411312544e+01
9.193112865088087915e+01
9.203303957432657967e+01
9.189953714495021586e+01
9.213619092060528715e+01
9.200675135027006490e+01
9.183738518824989683e+01
9.208345614412743885e+01
9.216697942441501823e+01
9.239760176711897088e+01
9.220885739886503529e+01
9.209854840857636304e+01
9.192068470312474915e+01
9.202914426077143162e+01
9.191619494000957502e+01
9.181617488514039849e+01
9.180487358616100835e+01
9.196682496042656396e+01
9.189510143493319561e+01
9.200417831935010327e+01
9.203010527714123157e+01
9.215868417131599699e+01
9.240842970277344648e+01
9.232699061783765160e+01
9.262116052240038755e+01
9.261404374280544971e+01
9.249055913227196868e+01
9.239592012166897916e+01
9.242108589008064712e+01
9.219360588905210818e+01
9.215842188634414356e+01
9.212073647261406961e+01
9.235784525431049019e+01
9.215183722044992010e+01
9.232284390001655083e+01
9.207146031171311051e+01
9.230912550674277384e+01
9.244146963375057169e+01
9.246611232099253641e+01
9.279362166451741700e+01
9.274702041491032389e+01
9.262875033042557504e+01
9.268658022958130971e+01
9.251320459203225255e+01
9.248581204454607985e+01
9.242213026920984476e+01
9.219215213694965882e+01
9.231652554936910349e+01
9.231421409124112643e+01
9.229704296629510907e+01
9.229375707908587856e+01
9.228912049310712007e+01
9.244631193507949263e+01
9.234310996221913115e+01
9.278379226096143384e+01
9.264817929036446742e+01
9.258186089603600522e+01
9.277377005702160773e+01
9.273432321357549313e+01
9.233156533627632712e+01
9.224675410051605695e+01
9.219389154099010852e+01
9.230207868971552898e+01
9.233168896734915165e+01
9.236382056434871402e+01
9.210885414956155159e+01
9.213128477701187080e+01
9.234476636134343153e+01
9.235020867356197982e+01
9.259017642673734372e+01
9.229573473851660026e+01
9.261397144473657761e+01
9.257212965265688354e+01
9.286907618476304549e+01
9.254569750560908403e+01
9.235880709853313419e+01
9.197589326992932968e+01
9.218844225263542569e+01
9.206374646218652913e+01
9.228156909321852197e+01
9.205661710342560866e+01
9.199706299706299717e+01
9.205384959194822159e+01
9.212272421873720418e+01
9.219494501887412241e+01
9.200776883614966550e+01
9.214357160483672260e+01
9.227192177929181582e+01
9.222735792167152624e+01
9.242241701767797224e+01
9.220264431666828386e+01
9.191160717201736929e+01
9.193549813322852060e+01
9.195475520356066568e+01
9.210826527278668152e+01
9.189794156706507522e+01
9.206275280057259636e+01
9.197602784927076414e+01
9.190548760220700331e+01
9.207292491422539626e+01
9.216884235637134282e+01
9.197428383272966812e+01
9.233469768060962224e+01
9.231854752463844704e+01
9.254086821140499808e+01
9.255229944387092189e+01
9.246748539366755892e+01
9.236221071611718969e+01
9.200254242884500400e+01
9.231254125412540645e+01
9.210049875311720768e+01
9.191103573792190673e+01
9.186686983453962796e+01
9.190019725173630150e+01
9.199427421084764944e+01
9.207113116467328950e+01
9.189264568919637099e+01
9.204225071744936315e+01
9.211382019492143058e+01
9.230300847599583847e+01
9.215426988158458244e+01
9.231467178246725780e+01
9.221383668662609523e+01
9.207608171678386100e+01
9.197834282772251413e+01
9.198932056711470295e+01
9.185945774905904671e+01
9.181169081316473068e+01
9.182693357597817396e+01
9.194927125371044951e+01
9.160463758445241922e+01
9.170738622150325625e+01
9.164266191126962724e+01
9.188260133719857947e+01
9.207833107667620709e+01
9.208906808240675446e+01
9.208288330203885153e+01
9.217657020471185092e+01
9.218427925665494627e+01
9.208419020997637006e+01
9.192056043663473019e+01
9.167594300083821679e+01
9.152637971482288037e+01
9.166147905258077344e+01
9.175737524584152993e+01
9.166353925375373990e+01
9.154076010054768631e+01
9.169567537817509617e+01
9.165685280874608054e+01
9.190757232704402213e+01
9.177310141842791325e+01
9.199763842829865723e+01
9.195610058052966451e+01
9.203987781264606838e+01
9.222031299478342703e+01
9.219281045751634451e+01
9.196311775676036859e+01
9.178320862566035032e+01
9.165806901359358960e+01
9.185733783851262046e+01
9.174528600723562022e+01
9.172975141677393651e+01
9.152726544374155537e+01
9.158730690614214609e+01
9.179734158167531177e+01
9.174858412549909303e+01
9.168529367582993927e+01
9.186596362781482128e+01
9.199603606014484569e+01
9.209490113419651891e+01
9.222209639276553617e+01
9.206053560376696510e+01
9.176427525622254677e+01
9.175807495147564907e+01
9.188318320799933758e+01
9.184744635942097091e+01
9.173055343448092458e+01
9.168753141440204502e+01
9.183676314391927065e+01
9.187273423325954980e+01
9.193938064298370705e+01
9.187901489997163651e+01
9.201953190210677747e+01
9.220209895052472859e+01
9.231983987242948331e+01
9.233007835243624584e+01
9.212598815044643175e+01
9.213645250229760109e+01
9.178740509896231003e+01
9.193526570048308599e+01
9.189051034299563980e+01
9.197786156387114431e+01
9.196624338269785426e+01
9.188476153807523872e+01
9.215302717837801083e+01
9.183161814826513591e+01
9.191192448274705384e+01
9.170856168352732141e+01
9.215242749318026938e+01
9.219217856667995648e+01
9.229535069872929398e+01
9.214413994169096611e+01
9.214220160439450069e+01
9.190345011145490162e+01
9.230836456530143153e+01
9.205648753829592579e+01
9.203222361284939268e+01
9.196246206183505478e+01
9.197760021396810259e+01
9.205707974889560319e+01
9.203472361473163232e+01
9.189650065727073525e+01
9.199495809542889901e+01
9.191974743015177296e+01
9.218692801757129018e+01
9.229991974049426062e+01
9.239194947115143464e+01
9.205737718637543310e+01
9.197028441105446461e+01
9.189938973555207724e+01
9.187562530324069598e+01
9.170295923133382132e+01
9.145062214258202005e+01
9.169370382807254316e+01
9.194152586452793230e+01
9.162077678676016035e+01
9.153815294609276521e+01
9.152987700660210635e+01
9.177920574467727022e+01
9.184462084952386363e+01
9.188793863662833417e+01
9.197760508063842622e+01
9.198737166496390216e+01
9.188180992736077712e+01
9.198485663383644351e+01
9.164548159539968708e+01
9.172921376538558036e+01
9.136690611426662656e+01
9.145508902027590636e+01
9.165091141025210675e+01
9.151307736044682883e+01
9.159328616538051904e+01
9.137658587072650107e+01
9.153539435576210792e+01
9.168913611462284052e+01
9.165420670260135694e+01
9.180153272091428107e+01
9.179514456714152004e+01
9.193946316390632489e+01
9.197135272275147599e+01
9.162608855226719129e+01
9.172374245472836662e+01
9.149948226334424817e+01
9.155449620801732635e+01
9.163460929558218027e+01
9.175590170762181685e+01
9.171455399061032665e+01
9.152685145084451790e+01
9.154299762517979389e+01
9.192753550543024232e+01
9.184987582712469134e+01
9.211850082674995122e+01
9.193809124454881498e+01
9.200795238571572554e+01
9.230637365577911169e+01
9.206152976764286677e+01
9.196586996656853330e+01
9.160943698123270451e+01
9.179668277133038146e+01
9.173321910402076185e+01
9.186848585356048602e+01
9.190220561123587117e+01
9.191387206629870832e+01
9.159599307197814255e+01
9.199809326286211331e+01
9.195861596551608841e+01
9.201765306293191315e+01
9.192764546276755766e+01
9.218161370998876691e+01
9.210009521741309868e+01
9.237929992952311409e+01
9.218397968220020289e+01
9.195373724894402301e+01
9.186723729435712471e+01
9.202378572856285643e+01
9.195482153257341906e+01
9.201998737289825669e+01
9.187881316334024007e+01
9.169018852894316751e+01
9.201313352135240109e+01
9.221579857903489597e+01
9.219689136397639118e+01
9.208144773728473353e+01
9.218356424748661482e+01
9.244700115051773537e+01
9.247210707686161868e+01
9.247611449087463598e+01
9.210328802137794924e+01
9.202509374581492807e+01
9.201715739247534032e+01
9.219637938472770600e+01
9.209859224744721473e+01
9.183708980497489449e+01
9.198208188297697063e+01
9.201914161806489290e+01
9.212147978109354085e+01
9.222183955625466467e+01
9.224473675513102933e+01
9.230240789670472168e+01
9.258224390893799693e+01
9.269291780957730964e+01
9.271285830470216638e+01
9.260483657097394428e+01
9.248303303303303835e+01
9.237655236024639294e+01
9.240898551201301814e+01
9.247753447679303918e+01
9.227465694682675235e+01
9.237242909987669748e+01
9.235226145606030457e+01
9.245100458524386511e+01
9.262265501456512595e+01
9.261846179319481109e+01
9.258467888995723172e+01
9.271751524465817340e+01
9.272116592817936009e+01
9.292755391413308530e+01
9.272045431802260396e+01
9.256703282049571158e+01
9.259236961039816549e+01
9.257901656586905403e+01
9.263615711322555057e+01
9.262409177820266848e+01
9.253744930894644938e+01
9.248152317880794726e+01
9.274823368659602352e+01
9.285616994482096231e+01
9.286960691901903431e+01
9.281323034592499255e+01
9.309037130062627341e+01
9.303131706672830603e+01
9.305182510897415682e+01
9.254704058110415588e+01
9.270418033058399487e+01
9.273964370036489413e+01
9.255482553639942012e+01
9.264567125473767817e+01
9.249960123616789076e+01
9.235011057348563668e+01
9.230443140598097784e+01
9.243542588266481630e+01
9.263903645050281455e+01
9.251850925462731823e+01
9.238471288713955687e+01
9.257661665117514360e+01
9.261109443777510819e+01
9.251474535328458160e+01
9.220628686976721156e+01
9.200758447100398030e+01
9.203960000000000719e+01
9.218890837718198839e+01
9.224018587298679961e+01
9.204278747046106446e+01
9.200809465551627397e+01
9.196115919706684849e+01
9.205819073351345594e+01
9.231325061705899770e+01
9.241435902562564308e+01
9.249927295214855860e+01
9.252479691818105323e+01
9.241218056925109181e+01
9.224290620519489892e+01
9.223373145252512018e+01
9.208287357085882263e+01
9.198825013276685070e+01
9.205781182491939774e+01
9.206550795512747243e+01
9.198857476440663561e+01
9.194353247968975040e+01
9.195027853305921894e+01
9.219262540803411810e+01
9.230166769405060734e+01
9.224746779835219002e+01
9.227706017823170725e+01
9.244679037111333741e+01
9.239315249751902570e+01
9.232913446418415049e+01
9.209039585328007149e+01
9.202198183893216310e+01
9.210148444902505105e+01
9.215264349579386760e+01
9.227152755957597208e+01
9.211104478601866674e+01
9.206973592887595714e+01
9.203020649357080174e+01
9.217191203036179559e+01
9.243302633972122351e+01
9.244797577883294082e+01
9.250207222231394155e+01
9.247992402345363416e+01
9.250739330399089511e+01
9.263614720761829346e+01
9.250150494720212180e+01
9.219319996707005771e+01
9.212500206383013790e+01
9.210181336424608389e+01
9.225384399874751296e+01
9.216643103731712472e+01
9.195635551142007102e+01
9.212178956089476856e+01
9.201782836254879783e+01
9.237624487892614411e+01
9.237482010818321498e+01
9.240491390662243987e+01
9.241397123764768651e+01
9.249050359233633856e+01
9.283481743851170620e+01
9.273167116351886818e+01
9.258162892622351592e+01
9.224370301991295662e+01
9.222049802712291466e+01
9.229218011827282453e+01
9.212457795431976137e+01
9.210323526504794245e+01
9.212960877198793241e+01
9.209577938288452970e+01
9.222163514095470305e+01
9.214528089515675902e+01
9.219455879423678368e+01
9.226998877591442749e+01
9.233298720991560060e+01
9.249113047473703375e+01
9.259337483693047943e+01
9.254175713078210208e+01
9.264196628746991280e+01
9.252953600532180189e+01
9.251487645819159411e+01
9.227347551420983507e+01
9.218035071420275983e+01
9.193728537863725592e+01
9.205741212514776350e+01
9.214080975156105069e+01
9.217847773386910148e+01
9.193588682991396865e+01
9.187064651887197897e+01
9.202341632157528295e+01
9.228125465776791714e+01
9.226984840912876962e+01
9.239152668597435536e+01
9.229379017827555742e+01
9.239112896586924251e+01
9.261670822942643611e+01
9.239261544585987451e+01
9.219821363228102484e+01
9.188537098028831451e+01
9.200734302412706711e+01
9.190155956750652422e+01
9.189171402931498278e+01
9.184502894789379468e+01
9.175088350893416589e+01
9.180842336934773584e+01
9.208915312061007796e+01
9.205287524772261065e+01
9.186177747692713069e+01
9.195432033545746719e+01
9.219848078492778143e+01
9.233157164563651520e+01
9.259181124912583982e+01
9.244161327174292353e+01
9.244988904713012801e+01
9.232663258191959699e+01
9.192542882142208782e+01
9.194963969324342656e+01
9.187801157889558112e+01
9.183902342199286295e+01
9.157396614844121530e+01
9.176251878023410313e+01
9.168438852141045459e+01
9.173751100626319044e+01
9.165677087652376542e+01
9.180438759896213696e+01
9.196159772038237179e+01
9.200127739345377620e+01
9.207423812604722002e+01
9.195466402509492809e+01
9.210714404773810315e+01
9.221657830035626091e+01
9.204885998874880215e+01
9.174165931009210340e+01
9.163187692917153981e+01
9.150472992069693134e+01
9.168113809578917994e+01
9.160065529055648881e+01
9.152093023255812909e+01
9.153355699069025775e+01
9.145382165605094826e+01
9.172103168656443017e+01
9.175308396997057514e+01
9.190050419610574295e+01
9.188477373142320914e+01
9.170826881897545491e+01
9.210473757547607931e+01
9.213194769580628929e+01
9.210547167612737951e+01
9.173142034453657345e+01
9.163732787185506368e+01
9.159579110942122782e+01
9.157583500334001769e+01
9.162400813496033436e+01
9.143103015705756320e+01
9.131649708699188750e+01
9.147268321216678544e+01
9.139792208658529660e+01
9.153775972296216423e+01
9.152141268540658814e+01
9.139524841613871331e+01
9.164652164476869700e+01
9.178361782716791595e+01
9.190866448211046702e+01
9.192798734282619932e+01
9.194821491397075874e+01
9.167341978658586754e+01
9.161700885634705571e+01
9.161562588631774418e+01
9.127127013950085654e+01
9.130013143227910177e+01
9.144929596307568431e+01
9.144804469273742598e+01
9.142892548236859795e+01
9.131794906009707802e+01
9.145893252903634618e+01
9.161827685894849083e+01
9.162684108043337972e+01
9.195688470178026819e+01
9.180186815762161245e+01
9.187637541533786134e+01
9.200370828182941807e+01
9.206320772074197123e+01
9.190173815765307097e+01
9.170601421999162994e+01
9.150777401092203434e+01
9.146588356654409324e+01
9.145571725571726063e+01
9.162412429189151908e+01
9.142039958640472719e+01
9.120105784793018699e+01
9.135542601346271852e+01
9.144797045503919719e+01
9.168990646986718218e+01
9.158635832359324525e+01
9.154722129783692708e+01
9.175313688847360538e+01
9.187240608527390862e+01
9.217204283140969778e+01
9.187751705774670086e+01
9.164270803760791750e+01
9.163037593984962825e+01
9.158578771997387946e+01
9.163410355370658067e+01
9.146532586726748093e+01
9.148405341186708029e+01
9.140058764271323355e+01
9.162559392357626109e+01
9.166201159313766311e+01
9.154942044961084946e+01
9.172085196162153409e+01
9.163263427452424992e+01
9.183840557947074501e+01
9.206189959067746997e+01
9.194724160433713678e+01
9.201670536743455386e+01
9.201148885497207175e+01
9.177000418935902815e+01
9.170215352842224377e+01
9.139252305501747742e+01
9.149059421724756191e+01
9.157856309384897031e+01
9.171181478614934690e+01
9.151443350575671332e+01
9.127617632822020255e+01
9.134017122712775461e+01
9.150660402594796494e+01
9.151519369444909557e+01
9.165922586869375266e+01
9.162816934365129384e+01
9.162893704088820357e+01
9.179471772641304028e+01
9.151561458472203014e+01
9.151836016096579840e+01
9.125045286816505552e+01
9.115998325659272439e+01
9.111906109538870169e+01
9.113770132388901857e+01
9.161383977297533932e+01
9.114482572732939047e+01
9.093601474777945270e+01
9.109388584467281191e+01
9.116141851106640104e+01
9.131511563180001190e+01
9.151798115701926406e+01
9.143198631171053137e+01
9.134273173510244703e+01
9.130585705164824617e+01
9.137261285450578896e+01
9.114935914642330772e+01
9.094406983342791762e+01
9.122615476904618959e+01
9.112461975597526020e+01
9.126075610572098640e+01
9.101699290169929668e+01
