Filtered Signals
-1.291692803558343039e-01
-2.411551326030342834e-01
-3.414892636001001791e-01
-4.191479782176217861e-01
-4.627922572957772207e-01
-4.622102273247118420e-01
-4.106903109732272794e-01
-3.077659162467454301e-01
-1.614681111581639239e-01
1.086663293176498568e-02
1.839947515617447182e-01
3.286224134667116159e-01
4.172041456557321060e-01
4.303504652318944634e-01
3.620133985560024525e-01
2.217882997964500391e-01
3.354707168498571868e-02
-1.692036339377463450e-01
-3.499395540017599116e-01
-4.760885405694026962e-01
-5.249143253689301236e-01
-4.873236249703489231e-01
-3.691216456265096202e-01
-1.897087530466656236e-01
2.143824269283417516e-02
2.299276187463011878e-01
4.025075738821277116e-01
5.130685557434382371e-01
5.474618480076880456e-01
5.059973066972471845e-01
4.028625111699328798e-01
2.624927069958706838e-01
1.138244358926477906e-01
-1.604444678771113630e-02
-1.072247817633316114e-01
-1.502977075006673435e-01
-1.469775708129290037e-01
-1.083378588626853906e-01
-5.127350587561525785e-02
5.839594975761523699e-03
4.728706572713954615e-02
6.312885719784455674e-02
5.075481583700682670e-02
1.471835844444216099e-02
-3.496085123314786325e-02
-8.554399916857985398e-02
-1.247065419507636663e-01
-1.433476837258523817e-01
-1.374704548500489398e-01
-1.087729869230757013e-01
-6.392121120965139902e-02
-1.278941157218066449e-02
3.384060831221345766e-02
6.658768269999651435e-02
7.934423431092176016e-02
7.042468921302671991e-02
4.284624149696106277e-02
3.709113534734437279e-03
-3.725813358128361730e-02
-6.978878705322603959e-02
-8.543388258595305262e-02
-7.968065105259891645e-02
-5.331927249382036049e-02
-1.267399911486963293e-02
3.145899053695085101e-02
6.605145955435223759e-02
7.885998592140333607e-02
6.158065678790886066e-02
1.239543393084349687e-02
-6.275910493822055292e-02
-1.506254838139652885e-01
-2.328317113836408103e-01
-2.895399048948229526e-01
-3.038315764001371933e-01
-2.658621128639775399e-01
-1.757566860875696690e-01
-4.441687567288778171e-02
1.081392568350550143e-01
2.566419306335082640e-01
3.757173243416147557e-01
4.449740470489885746e-01
4.527390784162761972e-01
3.976970820193506118e-01
2.884320626564592649e-01
1.414336645649648116e-01
-2.169378197587029655e-02
-1.772348237090883294e-01
-3.022692038538394299e-01
-3.773728200972518709e-01
-3.890521227239179813e-01
-3.317784742260482256e-01
-2.093861492578722172e-01
-3.553102103650759847e-02
1.670982463739695278e-01
3.690444889592155997e-01
5.378430550498316531e-01
6.429592026918315995e-01
6.611806921049470098e-01
5.814285124338798294e-01
4.078647225697850653e-01
1.604027002205539176e-01
-1.277681731328881298e-01
-4.153716446972575138e-01
-6.600397730230848081e-01
-8.257602289626240211e-01
-8.892727278839867022e-01
-8.440918159176415969e-01
-7.013088525701405285e-01
-4.870030005155930874e-01
-2.368259198553805678e-01
1.103813199719172466e-02
2.229413893628757748e-01
3.752711241646333185e-01
4.572519771583483661e-01
4.707598616668760561e-01
4.276984881844535513e-01
3.459964125467591689e-01
2.453523098528409274e-01
1.436234612324279181e-01
5.440761528051898943e-02
-1.397556535745289596e-02
-5.821287429075612530e-02
-7.881492045068586028e-02
-7.856283843895689456e-02
-6.111435193313561470e-02
-3.013448711171561739e-02
1.091413732410737719e-02
5.840520615050887737e-02
1.078678834190051894e-01
1.533684666799105811e-01
1.873493722947928708e-01
2.012129247790403752e-01
1.867234851658180206e-01
1.380389874952419882e-01
5.394073566420522214e-02
-6.033265095093995334e-02
-1.922807557638737952e-01
-3.228797779533703061e-01
-4.290758459551282655e-01
-4.878003322804986830e-01
-4.808103960708636215e-01
-3.993276864801462711e-01
-2.473481410028510463e-01
-4.265324712337104085e-02
1.850490313114238616e-01
3.988431834559377220e-01
5.614983279800632721e-01
6.431939510637623147e-01
6.282761389824588205e-01
5.192012968930748151e-01
3.364028481091808076e-01
1.139437273590719335e-01
-1.079329616780864698e-01
-2.914042763220612842e-01
-4.087108778671726395e-01
-4.471741308883641075e-01
-4.106940996810822808e-01
-3.176934357045256840e-01
-1.962081137575189260e-01
-7.731801296415861946e-02
1.167170762705765918e-02
5.292120858652671345e-02
4.150166533297297566e-02
-1.405903572301317461e-02
-9.418559967032069657e-02
-1.730582206905786069e-01
-2.247557995175857304e-01
-2.294113233575299504e-01
-1.780250619642706478e-01
-7.481692059396967409e-02
6.350110544705639404e-02
2.114456462446330509e-01
3.406215610079331713e-01
4.262445063197010109e-01
4.526067142914010910e-01
4.160700142667842494e-01
3.249744686500711799e-01
1.968285690306062485e-01
5.387261166402423918e-02
-8.166057906287205181e-02
-1.914787884899541992e-01
-2.636996519483885693e-01
-2.936736006979392410e-01
-2.833569501260735923e-01
-2.396828447020016850e-01
-1.725033621962910324e-01
-9.266038664709348727e-02
-1.056882720224092131e-02
6.459291508825139305e-02
1.252694230820721177e-01
1.658067122835315266e-01
1.828608229435648158e-01
1.759501406790415778e-01
1.479335581579774850e-01
1.050876274201913985e-01
5.650939962246202125e-02
1.274616600820613344e-02
-1.621257229026111177e-02
-2.321470813608350614e-02
-5.978829996759228715e-03
3.165391415816484755e-02
7.966917058585804012e-02
1.232346693489049100e-01
1.453838273481098675e-01
1.306411855008174916e-01
6.892589317893869916e-02
-4.110954156689083927e-02
-1.901663729337596254e-01
-3.584916108240384647e-01
-5.184696698001950432e-01
-6.393699227557207987e-01
-6.934247062676535123e-01
-6.619554721350872084e-01
-5.400989817641688173e-01
-3.388935013403010510e-01
-8.403354315113792383e-02
1.886268465343384770e-01
4.399119026226544493e-01
6.349089746004762391e-01
7.494128320679217525e-01
7.736400032943987481e-01
7.124936112945960964e-01
5.827576757828420995e-01
4.084352982058762627e-01
2.157046548412718534e-01
2.867902057486357292e-02
-1.334056194231966197e-01
-2.574921588664417782e-01
-3.367685507797290589e-01
-3.699378757837030740e-01
-3.601402277802292495e-01
-3.138601525830812533e-01
-2.399621628155968744e-01
-1.488126026512503752e-01
-5.135835831493922032e-02
4.192395768797788080e-02
1.221637224690726442e-01
1.831383683169162113e-01
2.219759058959767661e-01
2.392934108035006391e-01
2.386442603761239900e-01
2.253030470531345864e-01
2.046124597887974128e-01
1.802970276500752145e-01
1.532235317276583464e-01
1.209950705914705493e-01
7.853970886373662363e-02
1.960232625927244010e-02
-6.114452280075165225e-02
-1.657766064152468022e-01
-2.910685679644752777e-01
-4.272588242387557189e-01
-5.581446096991747874e-01
-6.628490302634049147e-01
-7.192490866867642385e-01
-7.085799852634310225e-01
-6.202655476540325230e-01
-4.557281173448288758e-01
-2.299554777022120855e-01
2.996765953185276388e-02
2.893669758275978499e-01
5.125951718732784101e-01
6.700932837959316934e-01
7.440302631974030634e-01
7.311211001059690906e-01
6.421557327039235652e-01
4.987304436416205577e-01
3.282955783018773888e-01
1.588121821054797045e-01
1.412595965055246650e-02
-8.923378587945168805e-02
-1.435711247482613362e-01
-1.499529553122768144e-01
-1.168597621335789871e-01
-5.796425896747012252e-02
1.052889455671136842e-02
7.257254795936174396e-02
1.146504117140108581e-01
1.275787008992082527e-01
1.075738264415419809e-01
5.650976485168465735e-02
-1.862706555607200609e-02
-1.069843937706658754e-01
-1.955944206780818040e-01
-2.713621478004150100e-01
-3.230182129990665230e-01
-3.427993729994551764e-01
-3.276516736199439617e-01
-2.797688336196589853e-01
-2.063259857331623259e-01
-1.183795570979811612e-01
-2.905990204640981900e-02
4.866075543548695204e-02
1.042323154001856406e-01
1.314005090057935865e-01
1.293286255711946775e-01
1.027369306106818703e-01
6.100209856513054418e-02
1.634546554577689936e-02
-1.858763312571630813e-02
-3.332124979939211917e-02
-2.181006884944424948e-02
1.611259017468379129e-02
7.444611360374547848e-02
1.420075096963941963e-01
2.045333706191010403e-01
2.475102618040705138e-01
2.592055152417316322e-01
2.333277841765539207e-01
1.707778982047421512e-01
8.005539327268006156e-02
-2.390828824948074138e-02
-1.224100631362985137e-01
-1.966970851336380943e-01
-2.320258615908944444e-01
-2.211907685668068058e-01
-1.666981608597374598e-01
-8.098767205697082749e-02
1.552523683940461308e-02
9.835789259702076848e-02
1.441491987141045317e-01
1.361140353698843675e-01
6.858084001341109570e-02
-5.050128507678185857e-02
-1.998690871139108260e-01
-3.482958709046021228e-01
-4.605476172482882991e-01
-5.048631157001488567e-01
-4.604113054721961085e-01
-3.230167553438674233e-01
-1.076543838416708920e-01
1.532035478389083272e-01
4.154134286030827239e-01
6.321135251459746307e-01
7.637611652419223907e-01
7.866850065983379547e-01
6.978971412939265484e-01
5.150537154598199274e-01
2.719199592389930364e-01
1.083459679768938866e-02
-2.258502658573224853e-01
-4.034826796641992064e-01
-5.005734978909384125e-01
-5.112493086812304188e-01
-4.446253330513145752e-01
-3.216249762031074266e-01
-1.701599633647862819e-01
-1.971644324834961881e-02
1.036895258264943498e-01
1.814372415921023385e-01
2.046349418448886459e-01
1.746849833043643829e-01
1.021778445471058644e-01
4.427578454545645636e-03
-9.789865291586147267e-02
-1.845249020234877302e-01
-2.391081819148960785e-01
-2.519990432699416028e-01
-2.217322493695530750e-01
-1.549788672124726985e-01
-6.500508867089122012e-02
3.101098464859691761e-02
1.152502117146194660e-01
1.724900903904923455e-01
1.927418564101280873e-01
1.728625627896229477e-01
1.169232722587030537e-01
3.535097230437091176e-02
-5.691860431972234347e-02
-1.428909179328523849e-01
-2.061316695837893120e-01
-2.331717224504629427e-01
-2.154312721006995390e-01
-1.505275751259207706e-01
-4.291586500560728989e-02
9.617982982353792676e-02
2.496328754799696237e-01
3.961788342955089304e-01
5.130895654198259770e-01
5.795608983431211891e-01
5.803625759397739170e-01
5.090893457532638111e-01
3.702714571663349163e-01
1.797098483959324589e-01
-3.729093511361869506e-02
-2.496679263499100299e-01
-4.257264361459713875e-01
-5.386982738721077801e-01
-5.716471638037361469e-01
-5.207477086886913575e-01
-3.962781582459348195e-01
-2.211050042383891912e-01
-2.690747167208973334e-02
1.511942699947874669e-01
2.806520928118926839e-01
3.370810975051610203e-01
3.084777154821978784e-01
1.974080721737054844e-01
2.087425228011310918e-02
-1.921017160170148119e-01
-4.048610298013836095e-01
-5.789037256335448633e-01
-6.803256692147758855e-01
-6.859453899809281330e-01
-5.880615895125156367e-01
-3.968087935580048020e-01
-1.393186178469340564e-01
1.445865835792565224e-01
4.096586223457845954e-01
6.140628964834146108e-01
7.277580870769897459e-01
7.382994647739904437e-01
6.525980942056368583e-01
4.943541126613287262e-01
2.981033368252520299e-01
1.015888922252538851e-01
-6.167979038971610484e-02
-1.681654225518043333e-01
-2.074409715092340734e-01
-1.825115166512003007e-01
-1.076901558023322936e-01
-4.783779596026743741e-03
1.015020809685412695e-01
1.880717497913362846e-01
2.371619202992002740e-01
2.388102188046627994e-01
1.918509521808358098e-01
1.034572071778105812e-01
-1.254548566017427147e-02
-1.382166384604662790e-01
-2.544348240736482580e-01
-3.437776955156731651e-01
-3.929690215633750427e-01
-3.946242664002534983e-01
-3.481447294433905881e-01
-2.597173690959529990e-01
-1.414692846048049568e-01
-9.901660286813440681e-03
1.162140075744285683e-01
2.182502108450795064e-01
2.801891585539609819e-01
2.908725351657250879e-01
2.457858042902310580e-01
1.481516833295237479e-01
9.129802306259315881e-03
-1.530287800938530673e-01
-3.149141367343109565e-01
-4.508692387718530870e-01
-5.366190047391176110e-01
-5.532066131443759138e-01
-4.906770662884749612e-01
-3.508181123068511154e-01
-1.482358178955789085e-01
9.080439324544015145e-02
3.319717559256747386e-01
5.385670605111092524e-01
6.783895734822125156e-01
7.303087606031497536e-01
6.888306297264911171e-01
5.652480700441941952e-01
3.848766725618286699e-01
1.810885658923386266e-01
-1.217456076951622945e-02
-1.673899898235510220e-01
-2.682536148908352680e-01
-3.113714465003243337e-01
-3.048298878112999377e-01
-2.644039764349195298e-01
-2.086288400827475964e-01
-1.540590597267452178e-01
-1.118083744542499591e-01
-8.599745136831890568e-02
-7.418271886107014046e-02
-6.935459837041786646e-02
-6.280030586693664818e-02
-4.705199856887125331e-02
-1.822784959535677513e-02
2.274482087360416016e-02
7.027959108782404207e-02
1.155894845617092825e-01
1.490664204134148907e-01
1.629651200662499411e-01
1.537015898706028116e-01
1.231607933535149857e-01
7.862798162947620684e-02
3.127823900791972672e-02
-6.485528620802660099e-03
-2.425017285329198261e-02
-1.658951748597947695e-02
1.493805208135235395e-02
6.138184701120172337e-02
1.078235375763223619e-01
1.364512487135959851e-01
1.306989205441476398e-01
7.958226059202747060e-02
-1.874674785852743775e-02
-1.551227456470228860e-01
-3.097994330190491086e-01
-4.553912822627855794e-01
-5.619571116608441663e-01
-6.032628783518902971e-01
-5.628233860914078068e-01
-4.382241670640038000e-01
-2.425463709629642473e-01
-2.409938423259760931e-03
2.469536472884747424e-01
4.683667642578680512e-01
6.294511598096419469e-01
7.079392557195784974e-01
6.946328262306544765e-01
5.938212158267623941e-01
4.215544379382480389e-01
2.024795834941846284e-01
-3.400120598713379794e-02
-2.576234519087031161e-01
-4.407707938809844461e-01
-5.613442826990046042e-01
-6.048656662076536961e-01
-5.657924288480111752e-01
-4.480817118954576461e-01
-2.650312861141108089e-01
-3.835041759747981338e-02
2.036750909461960690e-01
4.290728648581883520e-01
6.061412754909270006e-01
7.081827670631699601e-01
7.183178090485414780e-01
6.333290663006639898e-01
4.653686481645653572e-01
2.406387663284964284e-01
-5.133341381772515977e-03
-2.336343326095671191e-01
-4.116778881422224479e-01
-5.177147857529651453e-01
-5.454765036361002295e-01
-5.039125391746162030e-01
-4.136189557203160394e-01
-3.008805871618258077e-01
-1.909996494124361899e-01
-1.026359929951214389e-01
-4.447371406544906036e-02
-1.481135402493624631e-02
-3.868803172160387160e-03
2.064663014945289365e-03
1.589001825057073658e-02
4.563723240444653162e-02
9.207343444927165721e-02
1.484884672462322697e-01
2.025973168027047078e-01
2.399693708533119085e-01
2.480356941040289531e-01
2.196266098589488291e-01
1.551590271635620577e-01
6.296602111083667019e-02
-4.225962537284019827e-02
-1.424780181114783939e-01
-2.200228726802225254e-01
-2.611684705647862592e-01
-2.587731066877675401e-01
-2.134868173582919193e-01
-1.333621202055355059e-01
-3.206240015065295323e-02
7.385559204149100276e-02
1.679583014267374275e-01
2.366368575013547138e-01
2.710404188427792960e-01
2.680232750444141998e-01
2.301029603755999076e-01
1.645799765574184059e-01
8.207608750533003372e-02
-5.186793900362779430e-03
-8.505250810469050515e-02
-1.468192552403378426e-01
-1.822617869993467810e-01
-1.863091940949266889e-01
-1.574604787030501329e-01
-9.802932611924067285e-02
-1.426886507615031385e-02
8.366292188870938507e-02
1.820581509984648683e-01
2.645990918306868611e-01
3.141538255018986314e-01
3.155287006714840303e-01
2.589241885680276245e-01
1.433989909679135311e-01
-2.069436763492973896e-02
-2.113720293365647374e-01
-3.974545685222437008e-01
-5.437149102708609405e-01
-6.178691684956935104e-01
-5.979420092906586603e-01
-4.782981575481658476e-01
-2.727811116738073638e-01
-1.390628345675287703e-02
2.521667156726752901e-01
4.742366709768995880e-01
6.066681456795484095e-01
6.196878218777175373e-01
5.067723128016281553e-01
2.870156313164973216e-01
1.642276453637458999e-03
-2.945361889331388205e-01
-5.445934164430267233e-01
-7.011623381203604399e-01
-7.357435867510307981e-01
-6.437887702274649460e-01
-4.447011766979115932e-01
-1.769681415247818801e-01
1.104074241644103505e-01
3.683114008743404999e-01
5.575274018723872516e-01
6.561424182022114193e-01
6.626538400700268117e-01
5.941259894346716530e-01
4.800932207128297824e-01
3.540761845023726040e-01
2.451245895398470043e-01
1.715722258319936910e-01
1.383358416752443476e-01
1.379494827121111600e-01
1.544985520559415682e-01
1.689989191433588500e-01
1.646500060474926364e-01
1.306932466747195432e-01
6.415893715127990449e-02
-3.058718948379923752e-02
-1.440203056067237419e-01
-2.644873436204717709e-01
-3.810949786608860967e-01
-4.856174252578738804e-01
-5.729770321673135491e-01
-6.403492608587669777e-01
-6.854087115774017969e-01
-7.045333968802836022e-01
-6.918278659446868151e-01
-6.395861620712235407e-01
-5.403448459317622410e-01
-3.900962603658240102e-01
-1.917133600201905708e-01
4.263999020056447042e-02
2.912384898619977402e-01
5.252699044230598746e-01
7.138156944847631191e-01
8.301831221404269989e-01
8.578244287750150798e-01
7.941087714992368651e-01
6.509151793018085330e-01
4.520465682304853905e-01
2.283529480734301231e-01
1.190516021617543663e-02
-1.694450660498350580e-01
-2.961126720360811593e-01
-3.589054083008792473e-01
-3.591628089018019665e-01
-3.071882613718184829e-01
-2.194616315369908310e-01
-1.152213001649866758e-01
-1.303222805696881148e-02
7.208904829902619549e-02
1.305597072986730556e-01
1.589159318180047298e-01
1.593344752245104690e-01
1.382275728016691962e-01
1.042773098032594437e-01
6.633737973912096075e-02
3.162207221289065062e-02
4.517738012037149364e-03
-1.380019124170181466e-02
-2.495311944526748538e-02
-3.234238884469199660e-02
-3.985147697088912283e-02
-5.062151162341843591e-02
-6.618570521562638920e-02
-8.610655922003776497e-02
-1.081009837004781732e-01
-1.285283600584014863e-01
-1.430887053212951954e-01
-1.476068451690447092e-01
-1.388089640440465511e-01
-1.150046081456949365e-01
-7.658847447504099626e-02
-2.629214334759727434e-02
3.086409268167075726e-02
8.796247521474809261e-02
1.369575845513935630e-01
1.698118723156181731e-01
1.798789908234369184e-01
1.632940005268934125e-01
1.200574366654516556e-01
5.452427042881638486e-02
-2.487769799470704313e-02
-1.067192277197377692e-01
-1.782990487877983421e-01
-2.277708280586234202e-01
-2.462998836938403713e-01
-2.298181830324053931e-01
-1.799751394802226734e-01
-1.040305722886480794e-01
-1.366950919370557571e-02
7.704317569631974338e-02
1.541736865043493998e-01
2.064099383474446714e-01
2.270408616912016064e-01
2.150201243282901797e-01
1.748918789204184088e-01
1.156037349964022937e-01
4.848120017838472573e-02
-1.517562554008698716e-02
-6.632436822091873629e-02
-9.972352763739718295e-02
-1.144354742668701047e-01
-1.132282081712771421e-01
-1.011386297066677042e-01
-8.368102832564980331e-02
-6.521715500185419623e-02
-4.787923254951218649e-02
-3.125054009528914489e-02
-1.282415153991765117e-02
1.090953671837625871e-02
4.304127228244085390e-02
8.486576352351198060e-02
1.349139728825639595e-01
1.886538160661220265e-01
2.389604930782049941e-01
2.772926973671548390e-01
2.953608888526408904e-01
2.869528073550803304e-01
2.495151246724695571e-01
1.851037035862244107e-01
1.004116386570396563e-01
5.749987129453904000e-03
-8.692125629865329883e-02
-1.665498247292107326e-01
-2.255242445233024140e-01
-2.614536869592362089e-01
-2.775849038955727766e-01
-2.816104314520874174e-01
-2.831127819954862845e-01
-2.903286667785657249e-01
-3.071516599975827044e-01
-3.312528390859055261e-01
-3.539207064884287712e-01
-3.618029665759574520e-01
-3.402711019432188566e-01
-2.776899821624201903e-01
-1.695323039149085609e-01
-2.115103221452202531e-02
1.517729239923769069e-01
3.255392818190077642e-01
4.731381231113289121e-01
5.702071115597930895e-01
6.005869199596550745e-01
5.599179935000591080e-01
4.564078974784871456e-01
3.088205132968397937e-01
1.424538800630021640e-01
-1.581164968547255079e-02
-1.423271712309571169e-01
-2.204857350416509210e-01
-2.429685631231275900e-01
-2.122200241816325772e-01
-1.392869740867574424e-01
-4.141520311540898558e-02
6.108195657544329693e-02
1.481677371634860518e-01
2.031832123307394655e-01
2.153175663667845074e-01
1.811325358737323754e-01
1.049331532602131162e-01
-2.068015651382842934e-03
-1.236612783663329496e-01
-2.413193966727258388e-01
-3.372150500082163327e-01
-3.970839495891952398e-01
-4.124504239396296068e-01
-3.818200190331254018e-01
-3.106196273611537273e-01
-2.099152319325638671e-01
-9.420134425423383473e-02
2.125257776159766854e-02
1.229574250025914361e-01
2.011949774407517100e-01
2.511304219980166064e-01
2.729179563763532990e-01
2.708622268719403925e-01
2.518756213786201292e-01
2.236032945411979000e-01
1.926430946494429031e-01
1.632471680796915847e-01
1.367558396284877797e-01
1.118120917524106916e-01
8.520586503205546114e-02
5.307992650175714228e-02
1.221613432845486402e-02
-3.883382197964443949e-02
-9.895986861315728134e-02
-1.641915297453392375e-01
-2.279705225257859236e-01
-2.819996219969316265e-01
-3.175618386107208480e-01
-3.271031496826310447e-01
-3.058024940633648492e-01
-2.528230422569409663e-01
-1.719536517617080151e-01
-7.142708195749408739e-02
3.713818248768060992e-02
1.405063159722637900e-01
2.259441958560507446e-01
2.832585614571385135e-01
3.063712448555631074e-01
2.941838912329161060e-01
2.506279073795150136e-01
1.839266414625204127e-01
1.052100297550301600e-01
2.671510294701626154e-02
-4.013089615225455542e-02
-8.643569205033076186e-02
-1.071171660336400766e-01
-1.015608635660703446e-01
-7.358249287031921881e-02
-3.069834250328133674e-02
1.720463735806543673e-02
5.961331489135631573e-02
8.729558938190770667e-02
9.408973626182599859e-02
7.827449459280247379e-02
4.319880121006722251e-02
-3.111776208790946463e-03
-4.948813922303797047e-02
-8.411560927457639725e-02
-9.750933512077733512e-02
-8.527233562126636246e-02
-4.990722263242236556e-02
-1.092989283229789388e-03
4.587053481226376073e-02
7.333945478734543721e-02
6.575219636185977712e-02
1.423121217477636702e-02
-7.982808471052410537e-02
-2.032929014413019098e-01
-3.326697990149888873e-01
-4.383805631414977588e-01
-4.912102395652626630e-01
-4.694985165093466528e-01
-3.652549259207589771e-01
-1.874564861016385642e-01
3.863253203359473531e-02
2.762826017779618226e-01
4.852255311442410513e-01
6.306019684161675576e-01
6.904115618674415700e-01
6.594342420149006401e-01
5.488475847254752349e-01
3.821876037201547005e-01
1.892565819546359329e-01
-1.890939643405253889e-04
-1.615051129961442289e-01
-2.781769149821833875e-01
-3.426699782537296901e-01
-3.555205928843719332e-01
-3.233643193744654143e-01
-2.566423490143706632e-01
-1.675663524258984016e-01
-6.864204753581432117e-02
2.824453897462100849e-02
1.123841126300461069e-01
1.747119014909162826e-01
2.083708350811425969e-01
2.093910006098571308e-01
1.773465383514617189e-01
1.157620061920377058e-01
3.205204497973777183e-02
-6.311753729410958524e-02
-1.570107146475899496e-01
-2.363830194491370884e-01
-2.892035467416437799e-01
-3.063149494741301826e-01
-2.828349528520345824e-01
-2.191364035883409944e-01
-1.212767563927109188e-01
-7.752928638273259843e-04
1.263401495244437234e-01
2.412505445492263978e-01
3.247659312657162900e-01
3.602377296689636132e-01
3.365741602662913889e-01
2.508192748068448497e-01
1.097119772911625546e-01
-7.023814227957009271e-02
-2.643565758638277141e-01
-4.429740010355787128e-01
-5.757669917340731969e-01
-6.366732439264239929e-01
-6.086559686805592673e-01
-4.875302228920700420e-01
-2.840707264150396094e-01
-2.372299391694643322e-02
2.564976205629186934e-01
5.138408649182744092e-01
7.075933852141123026e-01
8.072181866419581020e-01
7.988247886823722776e-01
6.881378443726624550e-01
4.990690920144557063e-01
2.682844415726672871e-01
3.724066060936737088e-02
-1.563009245831695204e-01
-2.853364568985942151e-01
-3.378383831110107760e-01
-3.175125793904962079e-01
-2.413135623296907006e-01
-1.346029793070003255e-01
-2.520855660463787451e-02
6.230044173930039675e-02
1.110103294707478899e-01
1.140101011925160474e-01
7.445134210925419271e-02
3.577078596401730981e-03
-8.262393222695693651e-02
-1.672652629585960060e-01
-2.360479281661075901e-01
-2.797123746552204748e-01
-2.950900468397157916e-01
-2.847168023490627697e-01
-2.552687797726029828e-01
-2.153023127073226406e-01
-1.728813566194132290e-01
-1.336431412127389584e-01
-9.971114557060553607e-02
-6.965786972974981339e-02
-3.948174553379324436e-02
-4.321607499252297369e-03
3.956664524052394549e-02
9.314094640348333232e-02
1.537146670008876781e-01
2.151730258578039290e-01
2.691847250912901557e-01
3.070179205055251215e-01
3.214266014238017499e-01
3.081407746230315770e-01
2.666919594235483415e-01
2.005139344851221694e-01
1.164107948029766831e-01
2.357156798599530090e-02
-6.766070244551572466e-02
-1.470749557385567230e-01
-2.057812365730894988e-01
-2.371910141697633201e-01
-2.377190110761119302e-01
-2.071812669050506484e-01
-1.488918964261318201e-01
-6.945644335790288060e-02
2.176291414387374057e-02
1.135409630040705997e-01
1.940361687157051984e-01
2.523093978448900931e-01
2.799450103686812463e-01
2.725278410443675581e-01
2.306797772682522563e-01
1.603632472773148243e-01
7.225650232907721016e-02
-1.979642770444083044e-02
-1.010294914912251429e-01
-1.583058475225510853e-01
-1.825546693148032695e-01
-1.707055040264911228e-01
-1.267679446009287447e-01
-6.174640405870096549e-02
7.805736028685505978e-03
6.255729089089229200e-02
8.414518725641215169e-02
5.924282190953866767e-02
-1.688030838308057779e-02
-1.381331286631324040e-01
-2.873509051967629291e-01
-4.383294513328062636e-01
-5.600354937240352715e-01
-6.224120936176039676e-01
-6.027583250691579408e-01
-4.913665581067311328e-01
-2.950560245153323602e-01
-3.750967746202749087e-02
2.440910968166195016e-01
5.057878184646221742e-01
7.056139181249908576e-01
8.123247829676945031e-01
8.117940997364017086e-01
7.093866885886025431e-01
5.278594530330633638e-01
3.016593519346317809e-01
6.933807992954238442e-02
-1.340008547684389817e-01
-2.826363686802114694e-01
-3.635805793972938793e-01
-3.770797033871766679e-01
-3.346028116269126884e-01
-2.550600645611839634e-01
-1.601751025455799837e-01
-6.994596625999062456e-02
9.767434160959792555e-04
4.537116449710264232e-02
6.368473910921770842e-02
6.255285900902865515e-02
5.211711726641292397e-02
4.290667470122614541e-02
4.306206442397915446e-02
5.650722690280955696e-02
8.238382627972158645e-02
1.157222913302910494e-01
1.490198161115687814e-01
1.742093359962893773e-01
1.844818927327470659e-01
1.755566242827322765e-01
1.462052573517578780e-01
9.804131916941286051e-02
3.474029737399963319e-02
-3.902345490405151329e-02
-1.185660745799221177e-01
-1.997804204087939295e-01
-2.791356821117392806e-01
-3.531192152038043486e-01
-4.173551656296501378e-01
-4.657924187602973665e-01
-4.904335611165157038e-01
-4.820181626091151750e-01
-4.318253958505843260e-01
-3.343562795373430929e-01
-1.902387617009752563e-01
-8.446169951687898525e-03
1.930700187873079510e-01
3.889596962317751760e-01
5.503881491900129985e-01
6.507099285653188403e-01
6.715922153832297736e-01
6.078407124284561647e-01
4.693857991304107857e-01
2.797411611432707446e-01
7.133934419080190104e-02
-1.210201471298925635e-01
-2.670280812936972059e-01
-3.465248086008773654e-01
-3.528300218447624204e-01
-2.931790374788075249e-01
-1.863627740468736527e-01
-5.827042894083560298e-02
6.358042750664960607e-02
1.553492967506032718e-01
2.010084117601111942e-01
1.946472211930838914e-01
1.407040780744173714e-01
5.230106731608440834e-02
-5.179739683980205678e-02
-1.508801941197281116e-01
-2.259038719808730833e-01
-2.624443375946127754e-01
-2.526415612482810213e-01
-1.960225329817101847e-01
-9.926872661166118161e-02
2.487476163369645166e-02
1.592829015904935752e-01
2.844821636748843252e-01
3.808775739826154583e-01
4.311089525570068193e-01
4.224674912888841671e-01
3.492006511223702536e-01
2.143818368616041969e-01
3.089217152113538090e-02
-1.789779906439811219e-01
-3.856838830565834653e-01
-5.564005912762639561e-01
-6.604102323872729219e-01
-6.750077012997969250e-01
-5.907055292295454452e-01
-4.144841197496511587e-01
-1.701052065298623572e-01
1.049842746772549629e-01
3.659553796193860675e-01
5.691226245907313741e-01
6.809457635665460140e-01
6.852970646191625104e-01
5.869582335082583757e-01
4.102604270876035186e-01
1.931969403906494964e-01
-2.138457415086369995e-02
-1.952410867041191600e-01
-3.026237130126238073e-01
-3.349534473691614389e-01
-3.014848717489947427e-01
-2.260504046194661276e-01
-1.407452160716554657e-01
-7.795115611322106508e-02
-6.236379518184451132e-02
-1.046815838099458551e-01
-1.983516743511126723e-01
-3.202468916783967612e-01
-4.353936271497534372e-01
-5.049723398342667036e-01
-4.959566102642123386e-01
-3.901754916311082066e-01
-1.904756334246297811e-01
7.786556818913104028e-02
3.712791734293262591e-01
6.369574057220523944e-01
8.247114883387336448e-01
8.985543036396691496e-01
8.449125019028256300e-01
6.753868441458916738e-01
4.236068040172316640e-01
1.373256654465878634e-01
-1.320220169590873294e-01
-3.397224041794765781e-01
-4.558800448131280492e-01
-4.697510716616091764e-01
-3.898889514359344388e-01
-2.406605426472350207e-01
-5.636218467837805779e-02
1.255982066250122542e-01
2.711447871090277850e-01
3.546777495574465755e-01
3.624089534227365461e-01
2.937099922148878606e-01
1.605103231822614662e-01
-1.506646774985501147e-02
-2.044874226962771213e-01
-3.774933399745851181e-01
-5.069939996681840366e-01
-5.734150053149897897e-01
-5.677803765037678918e-01
-4.929749218858412996e-01
-3.629076526335641706e-01
-1.996838501308877134e-01
-2.932270744212817082e-02
1.231003015208180784e-01
2.378821970859103518e-01
3.038234421419825360e-01
3.195171029347579905e-01
2.926469648135205937e-01
2.375205850768239424e-01
1.713797086569254779e-01
1.102638018221303862e-01
6.531674783006638507e-02
4.037796655386127753e-02
3.145655429128067782e-02
2.826681729163781770e-02
1.749486611453686044e-02
-1.298780228469881282e-02
-7.001131256725881546e-02
-1.521478363059667882e-01
-2.487155168978433251e-01
-3.411289061818099100e-01
-4.064613667785038076e-01
-4.225782683177455867e-01
-3.737845024246272962e-01
-2.556665665674852095e-01
-7.778006645185184253e-02
1.368517745683086595e-01
3.557449249051091167e-01
5.437613404628445224e-01
6.709936484124778833e-01
7.194488325847696597e-01
6.865284458000628920e-01
5.843913442212662623e-01
4.356919853843388424e-01
2.672734983228977068e-01
1.037922243021600077e-01
-3.702524307358975864e-02
-1.465065549781122134e-01
-2.244232393190115360e-01
-2.762915228355341535e-01
-3.096966253519497503e-01
-3.308459119917810387e-01
-3.423128978824630519e-01
-3.424727081710516319e-01
-3.266064382000197774e-01
-2.892128907759421441e-01
-2.268055522877452657e-01
-1.404146292940967045e-01
-3.712416310788815843e-02
6.980757901238332508e-02
1.624192943934096578e-01
2.209752726930341027e-01
2.279051987848664251e-01
1.720457014916874083e-01
5.231957328359493342e-02
-1.200172791583621335e-01
-3.212745412780994569e-01
-5.177718013275571796e-01
-6.707783031869779533e-01
-7.433572528804093249e-01
-7.079837044280582470e-01
-5.534009068156304778e-01
-2.890589122084610274e-01
5.424903051333829218e-02
4.282528943365798701e-01
7.752763007940530748e-01
1.039091498109047995e+00
1.176186703930267363e+00
1.164674592439400191e+00
1.008543647304054991e+00
7.362426266159214361e-01
3.941842071567426276e-01
3.702392173282975651e-02
-2.828548545714208995e-01
-5.243530709012791391e-01
-6.635152568518316585e-01
-6.954917305554475515e-01
-6.327794525820484850e-01
-5.006439697283173729e-01
-3.310235151337905246e-01
-1.562551004915236907e-01
-3.718927933723775725e-03
1.078844478106501248e-01
1.702976527331750423e-01
1.855101104686708302e-01
1.638556100692187822e-01
1.208508459365101040e-01
7.335768507229832591e-02
3.573166141361246162e-02
1.664402123560616842e-02
1.721243429053957025e-02
3.089820603279504196e-02
4.530120060542157379e-02
4.555590829239410805e-02
1.861688733287095859e-02
-4.255336138946796964e-02
-1.359320709317455855e-01
-2.493701265970238723e-01
-3.619758025372373234e-01
-4.478867369129432285e-01
-4.817906343960696169e-01
-4.450505745436228455e-01
-3.310070249260409492e-01
-1.480713087587872678e-01
8.038850842631922733e-02
3.196985315389291316e-01
5.305455115333362892e-01
6.772608557972131793e-01
7.356795579794803697e-01
6.984532029511461015e-01
5.763649563004115128e-01
3.953899317242065559e-01
1.904394905949491901e-01
-2.516280761499289920e-03
-1.540499564725872905e-01
-2.469451020421472576e-01
-2.788210429454051065e-01
-2.613308229908760660e-01
-2.163099772470036541e-01
-1.698798545612363320e-01
-1.458706356411871852e-01
-1.599823556423318749e-01
-2.158816042061149076e-01
-3.040137238027816879e-01
-4.033828019871740223e-01
-4.859925169311400395e-01
-5.231184357379983219e-01
-4.921726984721596088e-01
-3.827126703754029080e-01
-2.002080640009046286e-01
3.346428631609027482e-02
2.832232498430208856e-01
5.073308615894485119e-01
6.660876425454491656e-01
7.307454564480999615e-01
6.903665691553100281e-01
5.546957010148072520e-01
3.521612397957442075e-01
1.235188888218252401e-01
-8.715506117621635296e-02
-2.418145943218661387e-01
-3.159237291056257724e-01
-3.025050506948062656e-01
-2.121656643030117306e-01
-6.949135701235555074e-02
9.305584851270631841e-02
2.422155363304753506e-01
3.504312244139661803e-01
4.004973068202920539e-01
3.875749531242315138e-01
3.184406442684026839e-01
2.084553809196709739e-01
7.719164181739408825e-02
-5.616224673623221308e-02
-1.765786173493112676e-01
-2.753879586881452513e-01
-3.505614797639739488e-01
-4.052296381961761340e-01
-4.450188559910522312e-01
-4.750447134889204670e-01
-4.974237695196855880e-01
-5.099808941565040499e-01
-5.065047665197985882e-01
-4.785155200599247038e-01
-4.181117461608128139e-01
-3.211177623618730603e-01
-1.895589037475696181e-01
-3.258076077089383515e-02
1.346437492570528582e-01
2.937958301350240831e-01
4.271698859710733043e-01
5.210490019431592845e-01
5.676735073459238112e-01
5.655037119467537510e-01
5.182383308172100467e-01
4.333989319178508381e-01
3.211065209665734388e-01
1.931946290372839048e-01
6.241966870583656735e-02
-5.849923286651873000e-02
-1.580280195245930552e-01
-2.269283129242996300e-01
-2.590755030039750273e-01
-2.518822594918673774e-01
-2.063969538532126613e-01
-1.272045844762881295e-01
-2.219641956318955944e-02
9.782746120390806155e-02
2.198294611703915935e-01
3.295929342528065575e-01
4.132088643344343226e-01
4.588857689349117308e-01
4.588039099016077982e-01
4.106109244800867364e-01
3.181477996351744220e-01
1.911161987110626403e-01
4.361381177975631740e-02
-1.082814592579539048e-01
-2.494493208741431212e-01
-3.685512663993534832e-01
-4.600001010592286166e-01
-5.244233336343266938e-01
-5.673181377824350058e-01
-5.961446323347587839e-01
-6.166603906091286946e-01
-6.296413991729276072e-01
-6.291288822961436100e-01
-6.029779248482951548e-01
-5.358538999553126292e-01
-4.140891236921669938e-01
-2.311818215688006828e-01
7.615148645026881269e-03
2.831020661217784617e-01
5.633565771160415903e-01
8.085961109622304965e-01
9.788938709837040619e-01
1.042988855290260641e+00
9.858620129923987285e-01
8.129281406985374714e-01
5.496384407210945788e-01
2.366286743962487393e-01
-7.824721381576471568e-02
-3.489753065443408353e-01
-5.394668414356825759e-01
-6.290894292750519590e-01
-6.148346224527332371e-01
-5.101215811708426084e-01
-3.408985126919961139e-01
-1.401099184659058694e-01
5.828698143665983489e-02
2.247077591288637599e-01
3.379589253256716219e-01
3.874401928632630332e-01
3.734030629363338516e-01
3.054570621758608828e-01
1.997992461031442846e-01
7.581751430545717596e-02
-4.726814525273573264e-02
-1.531904113987009597e-01
-2.305075600424066895e-01
-2.734325820904935367e-01
-2.816775211425212033e-01
-2.595358175666288014e-01
-2.145236695528852378e-01
-1.558950930687865721e-01
-9.324749727423642387e-02
-3.531286888792795065e-02
1.104543079470374223e-02
4.161134301989945911e-02
5.529839120641070332e-02
5.420625797452510719e-02
4.312223905461086415e-02
2.844059221861660464e-02
1.666472749296726494e-02
1.285171069608821368e-02
1.943793843989098311e-02
3.578119085558648105e-02
5.850753066645628803e-02
8.248886072801137059e-02
1.021201757440683561e-01
1.125528648030768852e-01
1.106304882840958570e-01
9.539937426046429803e-02
6.817789380448517622e-02
3.224400361866060216e-02
-7.760286342339481336e-03
-4.659480971103878433e-02
-7.923362116711937797e-02
-1.015806021537832837e-01
-1.109463730486134891e-01
-1.062127202034478385e-01
-8.774032891913788323e-02
-5.718538267153976118e-02
-1.738977807799284986e-02
2.761181400552577270e-02
7.257970036913931333e-02
1.112407171068680728e-01
1.367895364221945465e-01
1.427476247969519385e-01
1.240843008767535394e-01
7.840842511238263479e-02
6.978840351532164532e-03
-8.472290008912944370e-02
-1.870440849864165311e-01
-2.869038426927237873e-01
-3.691869162391354098e-01
-4.186863491186421649e-01
-4.224460192252451063e-01
-3.722577160474455082e-01
-2.669118740191865902e-01
-1.136648872842702662e-01
7.161798375523420468e-02
2.659997111844438211e-01
4.427018020215792715e-01
5.756180399147785565e-01
6.442770780208000314e-01
6.381090783634884023e-01
5.588600623917450161e-01
4.204165424363940362e-01
2.460439808661689098e-01
6.377235760018787336e-02
-9.892361283847772579e-02
-2.199799248005414598e-01
-2.862270146546626037e-01
-2.949940113985975998e-01
-2.537467596077314647e-01
-1.780321751278652609e-01
-8.824531169234554884e-02
-5.842977901536053342e-03
5.038626520391338570e-02
6.747339854148712290e-02
4.042610765296923703e-02
-2.691264398256190682e-02
-1.224644721370145573e-01
-2.279334101456423067e-01
-3.219715203949672366e-01
-3.840138373131344318e-01
-3.981553348474181075e-01
-3.563793745935430191e-01
-2.604997013870946621e-01
-1.223729554725606350e-01
3.773373157518328247e-02
1.943571181864692798e-01
3.210749512699906383e-01
3.950713895092318184e-01
4.013251432094988580e-01
3.357558347993556680e-01
2.067541031377902461e-01
3.470034282659126279e-02
-1.506499548333777860e-01
-3.147070501950557930e-01
-4.239569110412301778e-01
-4.523429735333643897e-01
-3.869522646379296438e-01
-2.317410562234048788e-01
-8.219137594019265691e-03
2.474727537931030175e-01
4.908659837174133567e-01
6.777179698433805077e-01
7.729374316299900682e-01
7.577271582047782061e-01
6.332066778491102221e-01
4.197751115580533599e-01
1.526333570957679187e-01
-1.252451024122591128e-01
-3.710435899672512861e-01
-5.493814273664574532e-01
-6.377641124366779657e-01
-6.294829032901441135e-01
-5.336998157385905994e-01
-3.728994251034793983e-01
-1.782989457057251037e-01
1.588004440310092358e-02
1.782311041540290408e-01
2.850842044125689312e-01
3.237737247241155858e-01
2.938436539984324858e-01
2.061644419882920354e-01
8.028964409762970322e-02
-5.936207067765740530e-02
-1.877962350288084614e-01
-2.835152677353683925e-01
-3.317878212588606379e-01
-3.266739535734315414e-01
-2.715490307709924056e-01
-1.780956360072367684e-01
-6.397799676920884471e-02
5.037946678465360373e-02
1.453704260909481072e-01
2.055826430410939154e-01
2.224620835059828716e-01
1.958487431458941497e-01
1.340994815099648407e-01
5.269382766302298238e-02
-2.854472002601947389e-02
-8.921058821305176412e-02
-1.124175142417378204e-01
-8.844693686551181877e-02
-1.714973897018724769e-02
9.151348670386372230e-02
2.190544098358061520e-01
3.419504280734051438e-01
4.363552103442475127e-01
4.829681819235508988e-01
4.708982755605614079e-01
3.995981689403399484e-01
2.784880179895943275e-01
1.245285923641554771e-01
-4.150396301252839981e-02
-1.990878655301508982e-01
-3.314949666968101671e-01
-4.281746025516922072e-01
-4.856563729661644291e-01
-5.069283804551746320e-01
-4.995110723504256334e-01
-4.726998428459040502e-01
-4.346480764178364264e-01
-3.900252869579418080e-01
-3.388699767806474528e-01
-2.769926186009082913e-01
-1.979269583711466551e-01
-9.602330817732859791e-02
3.011304554060406646e-02
1.748962054223618390e-01
3.247936999085683230e-01
4.598012086462447412e-01
5.573598613873285146e-01
5.978925215054486930e-01
5.704290381099107465e-01
4.765196038461719796e-01
3.310243799555349642e-01
1.593427156140207190e-01
-8.196298216069208831e-03
-1.432009755849009691e-01
-2.254785718898679459e-01
-2.471238243913223831e-01
-2.135594713612720130e-01
-1.414885221053110709e-01
-5.445701366893954121e-02
2.278993901796606131e-02
6.981163655279348790e-02
7.463930556477138545e-02
3.582312894900807621e-02
-3.787336888544758084e-02
-1.298340695343523643e-01
-2.193412622628730935e-01
-2.858911779726336366e-01
-3.132515508572729646e-01
-2.925540275527045431e-01
-2.239221120191879910e-01
-1.164136544660364092e-01
1.364775297434486778e-02
1.456205300134546521e-01
2.582490474960027482e-01
3.334910543145944151e-01
3.598172216532494749e-01
3.344055956221652082e-01
2.638208144363269891e-01
1.630180606095840146e-01
5.279827698207413544e-02
-4.390463176351133701e-02
-1.063369957854862768e-01
-1.201449878938395388e-01
-8.074682951075010107e-02
4.848692039790884062e-03
1.182959661298271098e-01
2.324407220559783493e-01
3.159257497973334550e-01
3.392528167166506403e-01
2.812910362946954290e-01
1.349486507057212070e-01
-8.932467074877936675e-02
-3.632634470167894203e-01
-6.441961362438860528e-01
-8.818068895823621967e-01
-1.027161595976268771e+00
-1.042367435040537194e+00
-9.089913280119059635e-01
-6.334428011380592860e-01
-2.479414255799519684e-01
1.935660764841727888e-01
6.241597335906102773e-01
9.758689087388063843e-01
1.192321180177638551e+00
1.239304952772816382e+00
1.110906260148020186e+00
8.300787891852081657e-01
4.439201086044443634e-01
1.501241676248954438e-02
-3.892972281054190020e-01
-7.077804865669018453e-01
-8.947524823665263805e-01
-9.268051453635857140e-01
-8.060155187323057024e-01
-5.591822836909055017e-01
-2.330701115302985515e-01
1.138225223407454134e-01
4.217996211540828710e-01
6.409613012001875720e-01
7.403492237734340398e-01
7.130240042967292968e-01
5.757335475538685188e-01
3.633617065970231597e-01
1.199078815283245170e-01
-1.113722130988629710e-01
-2.961358122749383481e-01
-4.137687990554857476e-01
-4.583550712040589947e-01
-4.363751496458899704e-01
-3.624258089271261141e-01
-2.545027277413438593e-01
-1.301679559353312032e-01
-4.350598169532954307e-03
1.111700142581358852e-01
2.071182473817030079e-01
2.757007294835308042e-01
3.099432098612075470e-01
3.038413954169663644e-01
2.534111861210918137e-01
1.583687107035121056e-01
2.390905318891739517e-02
-1.380593790840185242e-01
-3.088103444447483081e-01
-4.642081035007329382e-01
-5.777083193398006022e-01
-6.246659773093923285e-01
-5.872844804699711707e-01
-4.592257029787704670e-01
-2.487560437369041033e-01
2.058460314112753320e-02
3.124001690794143138e-01
5.829016596884200041e-01
7.886112984254082248e-01
8.947956936834146058e-01
8.826718805931937917e-01
7.534987319416494023e-01
5.284011464772290223e-01
2.439832214114439068e-01
-5.504516445544949121e-02
-3.243479515204170660e-01
-5.276597392107384987e-01
-6.422785724979489519e-01
-6.616021365868638426e-01
-5.946126864228318265e-01
-4.627614411563107932e-01
-2.950924324525013853e-01
-1.226408914964977059e-01
2.687317746680822905e-02
1.332192365749667040e-01
1.861409654295957672e-01
1.859136206545902170e-01
1.420649702949734194e-01
7.065351296038624440e-02
-9.285442337505642879e-03
-7.943864746192803861e-02
-1.254348059260447790e-01
-1.391075118589766846e-01
-1.194961964232889307e-01
-7.247136367633071063e-02
-9.094061786905402456e-03
5.694446784246576243e-02
1.122719959606364448e-01
1.465676330192498822e-01
1.545273446709451437e-01
1.366886716785171707e-01
9.900084028959431348e-02
5.130262038003683550e-02
5.088124423005976893e-03
-2.893924205183791287e-02
-4.300826263337946542e-02
-3.368618219946714620e-02
-2.296889421795511588e-03
4.566742903065516834e-02
1.019289297930252858e-01
1.572269771923419657e-01
2.031187525326355603e-01
2.334235183334120722e-01
2.450957967786112635e-01
2.384526949026977150e-01
2.167792086990036060e-01
1.854056909142587917e-01
1.504265839856098186e-01
1.173088228422420609e-01
8.968467960308373899e-02
6.860217738238345853e-02
5.241317751677530834e-02
3.734041656204717397e-02
1.861547797694483586e-02
-8.053262987272380435e-03
-4.502550499742802997e-02
-9.167809195683912504e-02
-1.441025627432182543e-01
-1.957266999914429040e-01
-2.387877522423098031e-01
-2.663477643837723896e-01
-2.743771163586611328e-01
-2.633573944769196928e-01
-2.388880125785091402e-01
-2.109623474623871786e-01
-1.919152227616293949e-01
-1.934474271834735193e-01
-2.234445849744849666e-01
-2.833977517743944130e-01
-3.670891610197970500e-01
-4.609158198119738814e-01
-5.458865228563227756e-01
-6.010012066327934388e-01
-6.074325372713527127e-01
-5.527151853379033142e-01
-4.340629081082528762e-01
-2.600198443057349373e-01
-4.991452405151997063e-02
1.690069642579306586e-01
3.663881635987170649e-01
5.146081124764415593e-01
5.943656945966365734e-01
5.986230447641238683e-01
5.339080100614539415e-01
4.187248032634044437e-01
2.796139729398302021e-01
1.459113226408486064e-01
4.438236825126329332e-02
-5.247029197325003835e-03
6.844921593353647804e-03
7.964468848373346122e-02
2.022604288250490767e-01
3.564226200526530719e-01
5.199817079964095257e-01
6.707438834340417877e-01
7.899653672992065223e-01
8.649191941226769265e-01
8.901636316584529141e-01
8.674318628357713390e-01
8.043394484187667004e-01
7.122967923812796309e-01
6.041033182361725817e-01
4.917049487079890868e-01
3.845183547382866052e-01
2.885546958404865414e-01
2.063393477912029150e-01
1.374084955225897131e-01
7.906406441946864372e-02
2.711098152661018529e-02
-2.357494354224175248e-02
-7.867156676915534885e-02
-1.441507796902395389e-01
-2.259933497787803558e-01
-3.297272624603094782e-01
-4.597072257280998553e-01
-6.181803406708404891e-01
-8.043025055809227553e-01
-1.013323262945254211e+00
-1.236142664194234797e+00
-1.459403081979322669e+00
-1.666236427960460897e+00
-1.837728352924368647e+00
-1.955062919291795431e+00
-2.002174549139343895e+00
-1.968578870499227307e+00
-1.851904791592184019e+00
-1.659538674553564297e+00
-1.408773186957988255e+00
-1.125002998832753232e+00
-8.378734650904935410e-01
-5.758304002999888871e-01
-3.601189822051819034e-01
-1.997565481255338948e-01
-8.910828414373628270e-02
-9.183462483965176837e-03
6.734426995501344160e-02
1.686770699219556358e-01
3.161373790301991726e-01
5.183426705581029026e-01
7.688986084326172588e-01
1.048142169814148428e+00
1.328340867685254612e+00
1.580862170490161533e+00
1.783376352266741183e+00
1.925227588934055323e+00
2.009657626012303577e+00
2.052447314841517212e+00
2.077513714598568928e+00
2.110761628668884615e+00
2.173797891977718777e+00
2.278938348969832717e+00
2.426436586997096079e+00
2.604263744474804465e+00
2.790230469176969486e+00
2.955842391854479612e+00
3.071044516296728588e+00
3.108943575054718966e+00
3.049699051531199689e+00
2.883013777750280671e+00
2.608960290597754472e+00
2.237168721553440598e+00
1.784643988731980047e+00
1.272684054239074047e+00
7.235197951357250634e-01
1.573239513951542601e-01
-4.099020928091884342e-01
-9.673146624178663444e-01
-1.509119863473399326e+00
-2.033627658736459232e+00
-2.541851596039270689e+00
-3.036054343099990671e+00
-3.518549905727970994e+00
-3.990912447145304132e+00
-4.453569454965895069e+00
-4.905636535908645790e+00
-5.344811916403028995e+00
-5.767171870948279100e+00
-6.166756609637591424e+00
-6.534898153553845290e+00
-6.859337453411183283e+00
-7.123322507996705077e+00
-7.305045313100336557e+00
-7.377893626233450242e+00
-7.311985221007597069e+00
-7.077265178007264623e+00
-6.648077010397090980e+00
-6.008621375454951341e+00
-5.158206797245827424e+00
-4.114845667021162612e+00
-2.915750967541974603e+00
-1.613773529054963962e+00
-2.697510977719173031e-01
1.058084017695115620e+00
2.325382078486903481e+00
3.510719939567155556e+00
4.619662745622156841e+00
5.682234503817314319e+00
6.743981283902264146e+00
7.852591893830543235e+00
9.043198534614306894e+00
1.032573734963744982e+01
1.167717273614456630e+01
