0.04149
0.06253
0.08684
0.11304
0.13963
0.16485
0.18779
0.20847
0.22711
0.24347
0.25660
0.26679
0.27361
0.27627
0.27221
0.26137
0.24341
0.21823
0.18507
0.14380
0.09486
0.03865
-0.02443
-0.09391
-0.16863
-0.24719
-0.32787
-0.40822
-0.48635
-0.56018
-0.62753
-0.68557
-0.73194
-0.76488
-0.78260
-0.78327
-0.76493
-0.72723
-0.66999
-0.59357
-0.49803
-0.38509
-0.25677
-0.11559
0.03573
0.19393
0.35520
0.51556
0.67101
0.81772
0.95178
1.06948
1.16752
1.24334
1.29485
1.32041
1.31907
1.29089
1.23680
1.15807
1.05660
0.93507
0.79701
0.64598
0.48581
0.32049
0.15433
-0.00868
-0.16466
-0.31005
-0.44186
-0.55777
-0.65564
-0.73386
-0.79167
-0.82961
-0.84822
-0.84823
-0.83099
-0.79923
-0.75573
-0.70288
-0.64314
-0.57964
-0.51581
-0.45418
-0.39694
-0.34616
-0.30387
-0.27119
-0.24887
-0.23713
-0.23595
-0.24391
-0.25996
-0.28273
-0.31053
-0.34022
-0.36934
-0.39585
-0.41775
-0.43222
-0.43655
-0.42937
-0.40973
-0.37687
-0.32954
-0.26802
-0.19329
-0.10669
-0.00968
0.09563
0.20671
0.32076
0.43470
0.54521
0.64934
0.74427
0.82755
0.89594
0.94759
0.98119
0.99610
0.99124
0.96655
0.92292
0.86183
0.78485
0.69369
0.59094
0.47947
0.36237
0.24225
0.12213
0.00498
-0.10639
-0.20971
-0.30290
-0.38416
-0.45205
-0.50566
-0.54470
-0.56907
-0.57900
-0.57492
-0.55834
-0.53054
-0.49294
-0.44694
-0.39457
-0.33785
-0.27855
-0.21825
-0.15843
-0.10080
-0.04671
0.00277
0.04692
0.08532
0.11749
0.14314
0.16208
0.17513
0.18281
0.18541
0.18321
0.17704
0.16830
0.15751
0.14512
0.13119
0.11727
0.10378
0.09088
0.07844
0.06688
0.05644
0.04700
0.03834
0.03011
0.02208
0.01406
0.00580
-0.00284
-0.01256
-0.02345
-0.03550
-0.04848
-0.06272
-0.07826
-0.09473
-0.11161
-0.12856
-0.14548
-0.16182
-0.17695
-0.19027
-0.20153
-0.21023
-0.21595
-0.21840
-0.21737
-0.21269
-0.20435
-0.19251
-0.17748
-0.15941
-0.13872
-0.11593
-0.09187
-0.06688
-0.04160
-0.01669
0.00709
0.02925
0.04935
0.06693
0.08163
0.09324
0.10169
0.10698
0.10921
0.10865
0.10564
0.10056
0.09385
0.08606
0.07776
0.06942
0.06151
0.05451
0.04890
0.04489
0.04271
0.04247
0.04433
0.04806
0.05352
0.06045
0.06863
0.07757
0.08681
0.09595
0.10462
0.11233
0.11860
0.12316
0.12580
0.12627
0.12433
0.12000
0.11342
0.10463
0.09368
0.08092
0.06673
0.05143
0.03513
0.01838
0.00161
-0.01479
-0.03074
-0.04577
-0.05958
-0.07195
-0.08273
-0.09173
-0.09888
-0.10419
-0.10763
-0.10892
-0.10831
-0.10600
-0.10219
-0.09630
-0.08869
-0.07969
-0.06955
-0.05791
-0.04458
-0.03001
-0.01446
0.00211
0.02022
0.03948
0.05969
0.08062
0.10238
0.12479
0.14762
0.17052
0.19288
0.21429
0.23449
0.25303
0.26908
0.28137
0.28976
0.29377
0.29283
0.28527
0.27101
0.24984
0.22161
0.18568
0.14180
0.09051
0.03235
-0.03201
-0.10208
-0.17659
-0.25421
-0.33334
-0.41220
-0.48912
-0.56224
-0.62964
-0.68911
-0.73873
-0.77698
-0.80240
-0.81357
-0.80910
-0.78862
-0.75195
-0.69925
-0.63072
-0.54748
-0.45100
-0.34314
-0.22599
-0.10191
0.02636
0.15590
0.28370
0.40683
0.52252
0.62800
0.72077
0.79857
0.85993
0.90350
0.92837
0.93417
0.92128
0.89043
0.84267
0.77954
0.70318
0.61589
0.52005
0.41820
0.31338
0.20810
0.10486
0.00600
-0.08601
-0.16940
-0.24293
-0.30540
-0.35584
-0.39365
-0.41948
-0.43355
-0.43641
-0.42856
-0.41203
-0.38810
-0.35804
-0.32323
-0.28575
-0.24720
-0.20881
-0.17185
-0.13801
-0.10816
-0.08292
-0.06273
-0.04900
-0.04127
-0.03932
-0.04286
-0.05239
-0.06727
-0.08615
-0.10829
-0.13330
-0.16113
-0.18963
-0.21789
-0.24512
-0.27153
-0.29525
-0.31537
-0.33126
-0.34263
-0.34877
-0.34900
-0.34303
-0.33056
-0.31121
-0.28516
-0.25258
-0.21368
-0.16781
-0.11605
-0.05918
0.00209
0.06788
0.13749
0.20930
0.28218
0.35544
0.42920
0.50138
0.57070
0.63599
0.69757
0.75389
0.80377
0.84626
0.88110
0.90796
0.92601
0.93476
0.93396
0.92376
0.90397
0.87472
0.83622
0.78858
0.73218
0.66764
0.59567
0.51665
0.43093
0.33949
0.24336
0.14340
0.03988
-0.06614
-0.17347
-0.28090
-0.38783
-0.49332
-0.59614
-0.69498
-0.78877
-0.87663
-0.95736
-1.02977
-1.09276
-1.14544
-1.18676
-1.21593
-1.23224
-1.23532
-1.22445
-1.19944
-1.16044
-1.10802
-1.04233
-0.96387
-0.87381
-0.77370
-0.66519
-0.54920
-0.42772
-0.30298
-0.17781
-0.05335
0.06823
0.18465
0.29334
0.39284
0.48194
0.55910
0.62301
0.67274
0.70844
0.72999
0.73763
0.73185
0.71379
0.68471
0.64607
0.59967
0.54713
0.49017
0.43072
0.37078
0.31223
0.25591
0.20329
0.15568
0.11470
0.07982
0.05140
0.02980
0.01556
0.00776
0.00531
0.00781
0.01491
0.02597
0.03905
0.05342
0.06845
0.08385
0.09805
0.11037
0.12043
0.12802
0.13271
0.13420
0.13245
0.12752
0.11953
0.10895
0.09600
0.08099
0.06395
0.04596
0.02748
0.00879
-0.01006
-0.02831
-0.04525
-0.06069
-0.07460
-0.08694
-0.09693
-0.10457
-0.10993
-0.11334
-0.11447
-0.11342
-0.11040
-0.10576
-0.09969
-0.09235
-0.08401
-0.07497
-0.06553
-0.05592
-0.04634
-0.03700
-0.02809
-0.01975
-0.01208
-0.00516
0.00096
0.00632
0.01092
0.01478
0.01793
0.02052
0.02267
0.02437
0.02567
0.02679
0.02784
0.02878
0.02955
0.03037
0.03144
0.03257
0.03360
0.03456
0.03601
0.03749
0.03882
0.03981
0.04116
0.04254
0.04364
0.04428
0.04477
0.04529
0.04544
0.04510
0.04425
0.04316
0.04158
0.03950
0.03689
0.03346
0.02922
0.02428
0.01871
0.01195
0.00350
-0.00627
-0.01721
-0.02961
-0.04498
-0.06266
-0.08251
-0.10446
-0.13003
-0.15896
-0.19087
-0.22545
-0.26308
-0.30400
-0.34735
-0.39250
-0.43875
-0.48572
-0.53224
-0.57723
-0.61946
-0.65736
-0.68956
-0.71479
-0.73174
-0.73862
-0.73380
-0.71647
-0.68587
-0.64123
-0.58130
-0.50645
-0.41714
-0.31419
-0.19806
-0.07034
0.06689
0.21124
0.36030
0.51141
0.66136
0.80689
0.94477
1.07197
1.18539
1.28223
1.36002
1.41673
1.45076
1.46106
1.44717
1.40927
1.34800
1.26462
1.16099
1.03951
0.90298
0.75426
0.59675
0.43398
0.26974
0.10712
-0.05055
-0.20002
-0.33825
-0.46311
-0.57285
-0.66577
-0.74063
-0.79689
-0.83508
-0.85546
-0.85867
-0.84574
-0.81883
-0.77974
-0.73029
-0.67249
-0.60875
-0.54135
-0.47234
-0.40367
-0.33711
-0.27403
-0.21588
-0.16380
-0.11871
-0.08025
-0.04873
-0.02441
-0.00731
0.00402
0.01061
0.01282
0.01117
0.00697
0.00218
-0.00259
-0.00688
-0.01010
-0.01062
-0.00792
-0.00191
0.00730
0.01992
0.03604
0.05536
0.07728
0.10068
0.12486
0.14922
0.17302
0.19476
0.21292
0.22680
0.23588
0.23923
0.23519
0.22330
0.20355
0.17600
0.13997
0.09554
0.04347
-0.01522
-0.07962
-0.14882
-0.22132
-0.29533
-0.36890
-0.44016
-0.50727
-0.56827
-0.62115
-0.66367
-0.69439
-0.71196
-0.71526
-0.70292
-0.67449
-0.63001
-0.56985
-0.49449
-0.40479
-0.30249
-0.18954
-0.06814
0.05955
0.19063
0.32222
0.45135
0.57521
0.69102
0.79612
0.88805
0.96469
1.02443
1.06609
1.08880
1.09219
1.07633
1.04213
0.99063
0.92329
0.84187
0.74869
0.64616
0.53676
0.42312
0.30787
0.19346
0.08226
-0.02351
-0.12169
-0.21111
-0.29047
-0.35879
-0.41489
-0.45915
-0.49176
-0.51298
-0.52294
-0.52261
-0.51348
-0.49658
-0.47289
-0.44326
-0.40958
-0.37299
-0.33456
-0.29520
-0.25592
-0.21760
-0.18095
-0.14680
-0.11552
-0.08717
-0.06213
-0.04085
-0.02404
-0.01067
-0.00088
0.00517
0.00659
0.00452
-0.00067
-0.00901
-0.02090
-0.03591
-0.05311
-0.07226
-0.09317
-0.11577
-0.13897
-0.16224
-0.18503
-0.20685
-0.22706
-0.24501
-0.26004
-0.27144
-0.27884
-0.28199
-0.28044
-0.27381
-0.26177
-0.24485
-0.22310
-0.19664
-0.16557
-0.13084
-0.09309
-0.05293
-0.01096
0.03187
0.07454
0.11627
0.15629
0.19382
0.22800
0.25821
0.28396
0.30480
0.32040
0.33060
0.33538
0.33482
0.32913
0.31866
0.30390
0.28538
0.26363
0.23939
0.21338
0.18637
0.15900
0.13190
0.10579
0.08135
0.05907
0.03918
0.02205
0.00803
-0.00269
-0.01028
-0.01494
-0.01672
-0.01576
-0.01240
-0.00725
-0.00071
0.00686
0.01515
0.02369
0.03189
0.03936
0.04585
0.05160
0.05608
0.05904
0.06033
0.06071
0.06032
0.05902
0.05677
0.05424
0.05252
0.05148
0.05112
0.05165
0.05453
0.05963
0.06685
0.07601
0.08767
0.10194
0.11840
0.13655
0.15588
0.17606
0.19650
0.21648
0.23510
0.25086
0.26330
0.27173
0.27539
0.27238
0.26202
0.24412
0.21841
0.18393
0.13962
0.08619
0.02414
-0.04605
-0.12506
-0.21125
-0.30330
-0.39966
-0.49939
-0.60067
-0.70135
-0.79932
-0.89248
-0.97876
-1.05587
-1.12174
-1.17435
-1.21162
-1.23200
-1.23423
-1.21733
-1.18036
-1.12303
-1.04560
-0.94876
-0.83353
-0.70125
-0.55395
-0.39404
-0.22429
-0.04773
0.13247
0.31287
0.48991
0.65987
0.81955
0.96579
1.09563
1.20636
1.29589
1.36280
1.40596
1.42483
1.41953
1.39090
1.34014
1.26897
1.17993
1.07559
0.95880
0.83266
0.70085
0.56687
0.43345
0.30365
0.18048
0.06748
-0.03449
-0.12372
-0.19887
-0.25798
-0.30180
-0.33088
-0.34566
-0.34637
-0.33438
-0.31225
-0.28161
-0.24415
-0.20119
-0.15586
-0.11008
-0.06558
-0.02388
0.01329
0.04456
0.06890
0.08526
0.09318
0.09279
0.08398
0.06675
0.04069
0.00790
-0.03096
-0.07516
-0.12482
-0.17756
-0.23185
-0.28676
-0.34187
-0.39591
-0.44685
-0.49386
-0.53629
-0.57405
-0.60546
-0.62998
-0.64728
-0.65746
-0.66019
-0.65531
-0.64288
-0.62316
-0.59674
-0.56402
-0.52542
-0.48144
-0.43295
-0.38086
-0.32581
-0.26844
-0.20967
-0.15049
-0.09160
-0.03366
0.02259
0.07628
0.12690
0.17395
0.21697
0.25536
0.28899
0.31761
0.34109
0.35936
0.37255
0.38079
0.38431
0.38352
0.37892
0.37089
0.35998
0.34686
0.33253
0.31723
0.30169
0.28666
0.27312
0.26122
0.25138
0.24415
0.24007
0.23911
0.24094
0.24562
0.25308
0.26310
0.27451
0.28681
0.29943
0.31191
0.32301
0.33175
0.33741
0.33955
0.33772
0.33098
0.31885
0.30117
0.27890
0.25169
0.21964
0.18314
0.14378
0.10265
0.06032
0.01754
-0.02427
-0.06303
-0.09804
-0.12856
-0.15387
-0.17244
-0.18376
-0.18763
-0.18414
-0.17363
-0.15623
-0.13254
-0.10354
-0.07085
-0.03627
-0.00078
0.03411
0.06660
0.09342
0.11384
0.12650
0.13013
0.12232
0.10227
0.06989
0.02513
-0.03233
-0.10257
-0.18394
-0.27499
-0.37393
-0.47945
-0.58845
-0.69828
-0.80612
-0.90917
-1.00420
-1.08825
-1.15862
-1.21274
-1.24814
-1.26301
-1.25602
-1.22637
-1.17335
-1.09741
-0.99944
-0.88089
-0.74353
-0.58999
-0.42328
-0.24672
-0.06385
0.12149
0.30527
0.48363
0.65285
0.80941
0.95003
1.07193
1.17285
1.25103
1.30537
1.33533
1.34097
1.32298
1.28272
1.22199
1.14297
1.04824
0.94093
0.82402
0.70069
0.57414
0.44784
0.32451
0.20671
0.09696
-0.00234
-0.08960
-0.16420
-0.22517
-0.27195
-0.30391
-0.32290
-0.32956
-0.32472
-0.30913
-0.28534
-0.25531
-0.22056
-0.18249
-0.14311
-0.10458
-0.06826
-0.03530
-0.00686
0.01613
0.03305
0.04355
0.04715
0.04452
0.03616
0.02243
0.00360
-0.01928
-0.04445
-0.07117
-0.09872
-0.12682
-0.15299
-0.17655
-0.19702
-0.21435
-0.22720
-0.23498
-0.23769
-0.23555
-0.22853
-0.21654
-0.20002
-0.17953
-0.15556
-0.12879
-0.09994
-0.06973
-0.03866
-0.00766
0.02241
0.05095
0.07754
0.10176
0.12283
0.14041
0.15432
0.16476
0.17135
0.17412
0.17320
0.16899
0.16176
0.15182
0.13952
0.12529
0.10965
0.09303
0.07584
0.05846
0.04118
0.02436
0.00825
-0.00693
-0.02113
-0.03438
-0.04663
-0.05785
-0.06813
-0.07776
-0.08689
-0.09559
-0.10391
-0.11210
-0.12040
-0.12878
-0.13717
-0.14559
-0.15411
-0.16259
-0.17081
-0.17856
-0.18572
-0.19204
-0.19723
-0.20103
-0.20331
-0.20373
-0.20212
-0.19835
-0.19238
-0.18404
-0.17330
-0.16028
-0.14513
-0.12790
-0.10875
-0.08798
-0.06592
-0.04281
-0.01892
0.00537
0.02966
0.05366
0.07709
0.09961
0.12088
0.14066
0.15879
0.17499
0.18911
0.20099
0.21062
0.21785
0.22264
0.22500
0.22498
0.22257
0.21782
0.21084
0.20178
0.19071
0.17771
0.16300
0.14680
0.12928
0.11052
0.09081
0.07047
0.04974
0.02872
0.00772
-0.01289
-0.03279
-0.05189
-0.06993
-0.08657
-0.10149
-0.11464
-0.12589
-0.13504
-0.14190
-0.14650
-0.14887
-0.14903
-0.14699
-0.14288
-0.13690
-0.12918
-0.11994
-0.10942
-0.09783
-0.08531
-0.07213
-0.05856
-0.04476
-0.03071
-0.01658
-0.00257
0.01123
0.02501
0.03875
0.05237
0.06579
0.07921
0.09273
0.10627
0.11970
0.13304
0.14633
0.15941
0.17204
0.18402
0.19519
0.20528
0.21399
0.22099
0.22603
0.22878
0.22900
0.22646
0.22100
0.21242
0.20066
0.18578
0.16788
0.14702
0.12341
0.09742
0.06948
0.03988
0.00905
-0.02243
-0.05394
-0.08506
-0.11536
-0.14423
-0.17107
-0.19547
-0.21730
-0.23605
-0.25138
-0.26303
-0.27123
-0.27576
-0.27662
-0.27387
-0.26779
-0.25863
-0.24664
-0.23218
-0.21559
-0.19710
-0.17719
-0.15638
-0.13514
-0.11318
-0.09103
-0.06918
-0.04810
-0.02737
-0.00680
0.01313
0.03206
0.05018
0.06850
0.08660
0.10432
0.12153
0.13929
0.15739
0.17576
0.19424
0.21285
0.23158
0.25026
0.26864
0.28614
0.30180
0.31545
0.32674
0.33511
0.33837
0.33631
0.32855
0.31472
0.29316
0.26277
0.22375
0.17621
0.11988
0.05373
-0.02132
-0.10431
-0.19408
-0.29020
-0.39101
-0.49461
-0.59885
-0.70142
-0.80003
-0.89222
-0.97545
-1.04695
-1.10385
-1.14416
-1.16598
-1.16763
-1.14689
-1.10324
-1.03649
-0.94702
-0.83514
-0.70198
-0.54978
-0.38126
-0.19940
-0.00722
0.19129
0.39186
0.59010
0.78194
0.96327
1.12999
1.27829
1.40482
1.50711
1.58305
1.63106
1.65026
1.64070
1.60321
1.53905
1.45010
1.33889
1.20851
1.06229
0.90380
0.73696
0.56545
0.39295
0.22307
0.05936
-0.09516
-0.23839
-0.36803
-0.48222
-0.57912
-0.65915
-0.72192
-0.76733
-0.79539
-0.80782
-0.80615
-0.79156
-0.76534
-0.72944
-0.68629
-0.63755
-0.58483
-0.52994
-0.47461
-0.42027
-0.36810
-0.31956
-0.27514
-0.23521
-0.20032
-0.17115
-0.14784
-0.12910
-0.11490
-0.10510
-0.10028
-0.09794
-0.09757
-0.09886
-0.10194
-0.10521
-0.10760
-0.10888
-0.10897
-0.10733
-0.10309
-0.09619
-0.08666
-0.07434
-0.05928
-0.04163
-0.02161
0.00083
0.02507
0.05053
0.07689
0.10398
0.13141
0.15805
0.18356
0.20763
0.23026
0.25016
0.26702
0.28065
0.29097
0.29730
0.29933
0.29710
0.29066
0.27980
0.26451
0.24510
0.22194
0.19514
0.16510
0.13240
0.09770
0.06151
0.02434
-0.01304
-0.04985
-0.08539
-0.11912
-0.15040
-0.17861
-0.20318
-0.22360
-0.23964
-0.25104
-0.25763
-0.25917
-0.25567
-0.24740
-0.23459
-0.21745
-0.19606
-0.17104
-0.14291
-0.11225
-0.07923
-0.04446
-0.00858
0.02775
0.06406
0.10004
0.13512
0.16869
0.20020
0.22938
0.25593
0.27939
0.29932
0.31533
0.32744
0.33538
0.33887
0.33771
0.33196
0.32165
0.30678
0.28743
0.26382
0.23624
0.20498
0.17041
0.13316
0.09361
0.05232
0.00993
-0.03275
-0.07512
-0.11659
-0.15646
-0.19395
-0.22841
-0.25946
-0.28654
-0.30916
-0.32699
-0.33998
-0.34793
-0.35075
-0.34870
-0.34219
-0.33140
-0.31666
-0.29859
-0.27828
-0.25603
-0.23239
-0.20802
-0.18441
-0.16174
-0.14049
-0.12112
-0.10456
-0.09118
-0.08084
-0.07360
-0.06959
-0.06901
-0.07110
-0.07547
-0.08167
-0.08935
-0.09752
-0.10553
-0.11273
-0.11832
-0.12143
-0.12151
-0.11811
-0.11064
-0.09824
-0.08099
-0.05891
-0.03209
0.00020
0.03715
0.07815
0.12254
0.17020
0.22039
0.27179
0.32338
0.37435
0.42421
0.47133
0.51468
0.55330
0.58678
0.61387
0.63386
0.64620
0.65051
0.64634
0.63353
0.61217
0.58238
0.54415
0.49807
0.44483
0.38522
0.31953
0.24880
0.17416
0.09675
0.01741
-0.06301
-0.14320
-0.22194
-0.29820
-0.37128
-0.44011
-0.50371
-0.56117
-0.61191
-0.65531
-0.69078
-0.71782
-0.73609
-0.74540
-0.74559
-0.73664
-0.71867
-0.69199
-0.65675
-0.61341
-0.56258
-0.50526
-0.44181
-0.37308
-0.30012
-0.22435
-0.14664
-0.06789
0.01058
0.08732
0.16103
0.23106
0.29613
0.35505
0.40684
0.45119
0.48731
0.51451
0.53273
0.54234
0.54323
0.53548
0.51971
0.49763
0.46953
0.43620
0.39860
0.35933
0.31894
0.27845
0.23895
0.20229
0.16949
0.14093
0.11733
0.09938
0.08749
0.08106
0.08007
0.08423
0.09248
0.10338
0.11610
0.12971
0.14235
0.15175
0.15685
0.15659
0.14961
0.13339
0.10754
0.07163
0.02549
-0.03210
-0.10041
-0.17856
-0.26533
-0.35963
-0.45962
-0.56285
-0.66695
-0.76934
-0.86709
-0.95697
-1.03629
-1.10244
-1.15252
-1.18386
-1.19470
-1.18376
-1.14991
-1.09223
-1.01102
-0.90727
-0.78246
-0.63815
-0.47700
-0.30220
-0.11737
0.07380
0.26725
0.45868
0.64382
0.81850
0.97887
1.12139
1.24291
1.34081
1.41303
1.45838
1.47621
1.46655
1.43005
1.36826
1.28320
1.17740
1.05383
0.91586
0.76710
0.61128
0.45224
0.29373
0.13900
-0.00861
-0.14612
-0.27059
-0.38075
-0.47498
-0.55203
-0.61084
-0.65197
-0.67622
-0.68413
-0.67650
-0.65480
-0.62173
-0.57901
-0.52840
-0.47164
-0.41158
-0.35024
-0.28929
-0.23034
-0.17494
-0.12435
-0.07956
-0.04138
-0.01034
0.01407
0.03173
0.04276
0.04700
0.04647
0.04192
0.03390
0.02268
0.01004
-0.00254
-0.01453
-0.02557
-0.03500
-0.04138
-0.04450
-0.04436
-0.04099
-0.03403
-0.02368
-0.01036
0.00559
0.02363
0.04301
0.06311
0.08343
0.10353
0.12214
0.13874
0.15291
0.16469
0.17300
0.17751
0.17820
0.17531
0.16861
0.15803
0.14393
0.12672
0.10674
0.08429
0.05993
0.03424
0.00753
-0.01963
-0.04666
-0.07301
-0.09846
-0.12274
-0.14530
-0.16579
-0.18402
-0.20026
-0.21410
-0.22541
-0.23412
-0.24060
-0.24485
-0.24685
-0.24663
-0.24439
-0.24039
-0.23466
-0.22726
-0.21826
-0.20781
-0.19595
-0.18273
-0.16818
-0.15229
-0.13499
-0.11634
-0.09639
-0.07513
-0.05244
-0.02836
-0.00303
0.02340
0.05094
0.07949
0.10879
0.13853
0.16848
0.19840
0.22790
0.25655
0.28397
0.30981
0.33355
0.35471
0.37291
0.38803
0.39940
0.40664
0.40943
0.40816
0.40236
0.39177
0.37632
0.35664
0.33318
0.30573
0.27457
0.24032
0.20448
0.16694
0.12829
0.08916
0.05109
0.01446
-0.02016
-0.05217
-0.08086
-0.10570
-0.12640
-0.14266
-0.15445
-0.16238
-0.16637
-0.16659
-0.16346
-0.15885
-0.15324
-0.14712
-0.14116
-0.13716
-0.13676
-0.14009
-0.14769
-0.16040
-0.18021
-0.20645
-0.23906
-0.27781
-0.32323
-0.37416
-0.42947
-0.48797
-0.54837
-0.60884
-0.66738
-0.72216
-0.77115
-0.81178
-0.84201
-0.86013
-0.86457
-0.85316
-0.82463
-0.77838
-0.71424
-0.63194
-0.53158
-0.41451
-0.28240
-0.13727
0.01891
0.18295
0.35163
0.52146
0.68898
0.85031
1.00180
1.13995
1.26147
1.36326
1.44281
1.49821
1.52805
1.53135
1.50794
1.45839
1.38390
1.28621
1.16750
1.03059
0.87874
0.71563
0.54490
0.37024
0.19551
0.02461
-0.13858
-0.29143
-0.43100
-0.55475
-0.66001
-0.74611
-0.81224
-0.85789
-0.88263
-0.88733
-0.87362
-0.84284
-0.79655
-0.73649
-0.66573
-0.58667
-0.50172
-0.41315
-0.32359
-0.23546
-0.15092
-0.07205
-0.00025
0.06332
0.11741
0.16096
0.19326
0.21530
0.22700
0.22844
0.21941
0.20222
0.17801
0.14760
0.11149
0.07156
0.02984
-0.01257
-0.05481
-0.09610
-0.13453
-0.16924
-0.19958
-0.22528
-0.24587
-0.26097
-0.27046
-0.27435
-0.27331
-0.26786
-0.25829
-0.24496
-0.22857
-0.21050
-0.19124
-0.17121
-0.15076
-0.13117
-0.11296
-0.09629
-0.08121
-0.06815
-0.05738
-0.04876
-0.04203
-0.03695
-0.03330
-0.03072
-0.02882
-0.02719
-0.02526
-0.02264
-0.01902
-0.01413
-0.00757
0.00094
0.01146
0.02397
0.03847
0.05492
0.07310
0.09271
0.11348
0.13495
0.15669
0.17826
0.19928
0.21920
0.23744
0.25360
0.26736
0.27848
0.28638
0.29088
0.29191
0.28953
0.28356
0.27407
0.26133
0.24563
0.22721
0.20644
0.18382
0.15986
0.13488
0.10945
0.08417
0.05960
0.03593
0.01361
-0.00689
-0.02515
-0.04109
-0.05474
-0.06587
-0.07442
-0.08042
-0.08421
-0.08594
-0.08586
-0.08427
-0.08131
-0.07734
-0.07283
-0.06818
-0.06338
-0.05827
-0.05337
-0.04898
-0.04515
-0.04078
-0.03620
-0.03152
-0.02672
-0.02065
-0.01289
-0.00347
0.00761
0.02083
0.03701
0.05599
0.07759
0.10153
0.12787
0.15628
0.18617
0.21677
0.24684
0.27562
0.30224
0.32564
0.34423
0.35637
0.36141
0.35852
0.34676
0.32421
0.29095
0.24694
0.19233
0.12659
0.05033
-0.03521
-0.12857
-0.22845
-0.33352
-0.44139
-0.54966
-0.65589
-0.75804
-0.85343
-0.93952
-1.01392
-1.07458
-1.11965
-1.14746
-1.15678
-1.14674
-1.11699
-1.06761
-0.99915
-0.91261
-0.80935
-0.69127
-0.56067
-0.42010
-0.27221
-0.11991
0.03370
0.18547
0.33250
0.47225
0.60208
0.71958
0.82275
0.91042
0.98158
1.03544
1.07163
1.09059
1.09321
1.08041
1.05334
1.01363
0.96335
0.90433
0.83844
0.76764
0.69423
0.61962
0.54544
0.47310
0.40434
0.33947
0.27896
0.22333
0.17327
0.12849
0.08794
0.05133
0.01838
-0.01072
-0.03811
-0.06440
-0.09005
-0.11470
-0.13963
-0.16545
-0.19221
-0.21957
-0.24729
-0.27545
-0.30360
-0.33122
-0.35788
-0.38256
-0.40458
-0.42338
-0.43938
-0.45133
-0.45849
-0.46067
-0.45879
-0.45334
-0.44334
-0.42919
-0.41177
-0.39382
-0.37421
-0.35371
-0.33322
-0.31517
-0.29973
-0.28710
-0.27785
-0.27289
-0.27280
-0.27703
-0.28537
-0.29739
-0.31239
-0.32935
-0.34726
-0.36492
-0.38022
-0.39169
-0.39810
-0.39814
-0.38986
-0.37124
-0.34188
-0.30118
-0.24860
-0.18253
-0.10409
-0.01400
0.08663
0.19728
0.31593
0.44016
0.56753
0.69566
0.82180
0.94262
1.05522
1.15678
1.24458
1.31567
1.36794
1.39969
1.40942
1.39586
1.35870
1.29828
1.21535
1.11081
0.98646
0.84471
0.68837
0.52029
0.34366
0.16206
-0.02082
-0.20121
-0.37584
-0.54141
-0.69475
-0.83285
-0.95332
-1.05452
-1.13495
-1.19353
-1.22930
-1.24291
-1.23489
-1.20619
-1.15783
-1.09181
-1.01040
-0.91597
-0.81100
-0.69798
-0.57969
-0.45892
-0.33840
-0.22080
-0.10777
-0.00154
0.09591
0.18237
0.25763
0.32102
0.37175
0.40886
0.43264
0.44446
0.44471
0.43389
0.41196
0.38173
0.34445
0.30128
0.25278
0.20094
0.14748
0.09373
0.04067
-0.01095
-0.05989
-0.10512
-0.14577
-0.18143
-0.21228
-0.23779
-0.25753
-0.27098
-0.27921
-0.28249
-0.28074
-0.27363
-0.26181
-0.24637
-0.22747
-0.20518
-0.17918
-0.15090
-0.12066
-0.08868
-0.05471
-0.01933
0.01690
0.05364
0.09074
0.12826
0.16569
0.20256
0.23842
0.27326
0.30688
0.33875
0.36831
0.39519
0.41938
0.44047
0.45794
0.47136
0.48062
0.48554
0.48584
0.48128
0.47177
0.45731
0.43796
0.41383
0.38509
0.35189
0.31458
0.27362
0.22953
0.18266
0.13350
0.08275
0.03114
-0.02076
-0.07246
-0.12323
-0.17232
-0.21912
-0.26321
-0.30400
-0.34091
-0.37351
-0.40156
-0.42470
-0.44265
-0.45524
-0.46265
-0.46468
-0.46141
-0.45302
-0.43998
-0.42243
-0.40065
-0.37513
-0.34651
-0.31528
-0.28174
-0.24653
-0.21032
-0.17388
-0.13727
-0.10112
-0.06604
-0.03262
-0.00087
0.02891
0.05630
0.08101
0.10316
0.12282
0.13988
0.15429
0.16635
0.17634
0.18438
0.19061
0.19537
0.19891
0.20140
0.20301
0.20395
0.20434
0.20412
0.20336
0.20210
0.20036
0.19769
0.19403
0.18936
0.18362
0.17626
0.16710
0.15612
0.14336
0.12856
0.11144
0.09213
0.07082
0.04781
0.02291
-0.00361
-0.03133
-0.05966
-0.08833
-0.11696
-0.14504
-0.17193
-0.19694
-0.21967
-0.23962
-0.25628
-0.26910
-0.27765
-0.28162
-0.28081
-0.27522
-0.26470
-0.24925
-0.22909
-0.20474
-0.17685
-0.14568
-0.11186
-0.07618
-0.04015
-0.00413
0.03102
0.06443
0.09473
0.12118
0.14328
0.16044
0.17198
0.17733
0.17662
0.16989
0.15735
0.13919
0.11619
0.08910
0.05877
0.02636
-0.00694
-0.04006
-0.07188
-0.10102
-0.12599
-0.14610
-0.16058
-0.16875
-0.16902
-0.16178
-0.14708
-0.12518
-0.09564
-0.05918
-0.01705
0.02960
0.07994
0.13324
0.18750
0.24121
0.29291
0.34192
0.38646
0.42537
0.45761
0.48230
0.49876
0.50667
0.50593
0.49623
0.47713
0.44958
0.41431
0.37205
0.32177
0.26535
0.20393
0.13863
0.06909
-0.00389
-0.07882
-0.15460
-0.23080
-0.30759
-0.38355
-0.45772
-0.52923
-0.59795
-0.66286
-0.72303
-0.77748
-0.82501
-0.86475
-0.89581
-0.91719
-0.92752
-0.92525
-0.90997
-0.88108
-0.83802
-0.77908
-0.70470
-0.61531
-0.51161
-0.39375
-0.26260
-0.12021
0.03105
0.18892
0.35163
0.51588
0.67819
0.83499
0.98381
1.12136
1.24428
1.34941
1.43448
1.49777
1.53749
1.55239
1.54192
1.50647
1.44670
1.36391
1.25989
1.13682
0.99733
0.84462
0.68208
0.51282
0.33975
0.16642
-0.00370
-0.16771
-0.32397
-0.47025
-0.60435
-0.72462
-0.83087
-0.92310
-1.00092
-1.06421
-1.11358
-1.15057
-1.17619
-1.19128
-1.19670
-1.19373
-1.18372
-1.16756
-1.14588
-1.11879
-1.08670
-1.04990
-1.00850
-0.96215
-0.90976
-0.85096
-0.78565
-0.71378
-0.63436
-0.54651
-0.45063
-0.34739
-0.23803
-0.12173
0.00013
0.12568
0.25216
0.37837
0.50251
0.62199
0.73377
0.83492
0.92383
0.99835
1.05650
1.09583
1.11538
1.11463
1.09352
1.05225
0.99099
0.91117
0.81494
0.70492
0.58332
0.45258
0.31622
0.17789
0.04146
-0.09099
-0.21611
-0.33064
-0.43134
-0.51676
-0.58544
-0.63582
-0.66664
-0.67762
-0.66978
-0.64374
-0.60049
-0.54091
-0.46792
-0.38377
-0.29081
-0.19113
-0.08754
0.01706
0.12012
0.21939
0.31315
0.39935
0.47622
0.54239
0.59716
0.64049
0.67189
0.69117
0.69847
0.69525
0.68244
0.66072
0.63082
0.59431
0.55305
0.50807
0.46027
0.41040
0.36025
0.31066
0.26221
0.21522
0.17018
0.12748
0.08727
0.04955
0.01403
-0.01973
-0.05190
-0.08268
-0.11203
-0.14108
-0.17013
-0.19930
-0.22818
-0.25722
-0.28684
-0.31694
-0.34698
-0.37605
-0.40439
-0.43170
-0.45749
-0.48020
-0.49944
-0.51480
-0.52591
-0.53200
-0.53202
-0.52567
-0.51293
-0.49396
-0.46866
-0.43672
-0.39864
-0.35517
-0.30823
-0.25771
-0.20454
-0.14997
-0.09653
-0.04568
0.00186
0.04485
0.08135
0.10869
0.12679
0.13495
0.13260
0.11756
0.09044
0.05169
0.00206
-0.05809
-0.12781
-0.20521
-0.28821
-0.37455
-0.46203
-0.54809
-0.62997
-0.70483
-0.76944
-0.82171
-0.85929
-0.88006
-0.88165
-0.86289
-0.82331
-0.76256
-0.68059
-0.57774
-0.45610
-0.31759
-0.16460
0.00073
0.17437
0.35266
0.53185
0.70844
0.87836
1.03759
1.18257
1.31022
1.41795
1.50320
1.56417
1.59971
1.60964
1.59404
1.55358
1.48954
1.40402
1.29959
1.17892
1.04499
0.90117
0.75121
0.59829
0.44573
0.29663
0.15444
0.02121
-0.10089
-0.21004
-0.30449
-0.38383
-0.44796
-0.49680
-0.53053
-0.55002
-0.55715
-0.55322
-0.53968
-0.51802
-0.49083
-0.45993
-0.42695
-0.39355
-0.36142
-0.33189
-0.30604
-0.28485
-0.26904
-0.25836
-0.25300
-0.25291
-0.25858
-0.26793
-0.28031
-0.29518
-0.31247
-0.33022
-0.34691
-0.36195
-0.37512
-0.38571
-0.39190
-0.39345
-0.39033
-0.38300
-0.37039
-0.35264
-0.33018
-0.30366
-0.27343
-0.23991
-0.20375
-0.16563
-0.12640
-0.08689
-0.04770
-0.00940
0.02750
0.06193
0.09347
0.12188
0.14699
0.16815
0.18510
0.19790
0.20672
0.21153
0.21224
0.20917
0.20271
0.19335
0.18120
0.16672
0.15044
0.13304
0.11488
0.09636
0.07802
0.06048
0.04430
0.02959
0.01675
0.00616
-0.00153
-0.00660
-0.00896
-0.00848
-0.00490
0.00148
0.01029
0.02134
0.03447
0.04943
0.06548
0.08221
0.09919
0.11612
0.13229
0.14722
0.16046
0.17163
0.18039
0.18640
0.18941
0.18921
0.18575
0.17910
0.16932
0.15652
0.14084
0.12279
0.10273
0.08100
0.05796
0.03422
0.01031
-0.01333
-0.03630
-0.05815
-0.07839
-0.09670
-0.11282
-0.12658
-0.13773
-0.14619
-0.15195
-0.15508
-0.15568
-0.15388
-0.14984
-0.14383
-0.13620
-0.12716
-0.11699
-0.10595
-0.09454
-0.08294
-0.07139
-0.06011
-0.04951
-0.03978
-0.03099
-0.02327
-0.01681
-0.01185
-0.00820
-0.00587
-0.00484
-0.00527
-0.00681
-0.00930
-0.01259
-0.01657
-0.02094
-0.02538
-0.02965
-0.03352
-0.03668
-0.03885
-0.03984
-0.03947
-0.03739
-0.03358
-0.02803
-0.02074
-0.01156
-0.00056
0.01193
0.02568
0.04054
0.05650
0.07293
0.08947
0.10574
0.12178
0.13699
0.15096
0.16337
0.17414
0.18306
0.18980
0.19419
0.19618
0.19584
0.19305
0.18783
0.18023
0.17039
0.15842
0.14446
0.12869
0.11122
0.09220
0.07188
0.05051
0.02826
0.00511
-0.01857
-0.04250
-0.06640
-0.09037
-0.11409
-0.13719
-0.15935
-0.18052
-0.20060
-0.21919
-0.23596
-0.25073
-0.26361
-0.27426
-0.28244
-0.28799
-0.29111
-0.29162
-0.28946
-0.28462
-0.27724
-0.26739
-0.25510
-0.24052
-0.22384
-0.20515
-0.18454
-0.16225
-0.13852
-0.11342
-0.08701
-0.05953
-0.03125
-0.00231
0.02730
0.05733
0.08751
0.11757
0.14750
0.17702
0.20581
0.23354
0.26005
0.28501
0.30807
0.32890
0.34721
0.36269
0.37496
0.38378
0.38892
0.39022
0.38733
0.38019
0.36878
0.35329
0.33355
0.30969
0.28203
0.25108
0.21712
0.18044
0.14164
0.10142
0.06061
0.01954
-0.02109
-0.06054
-0.09781
-0.13254
-0.16420
-0.19226
-0.21610
-0.23536
-0.24995
-0.25977
-0.26479
-0.26498
-0.26068
-0.25226
-0.24020
-0.22500
-0.20718
-0.18741
-0.16639
-0.14494
-0.12359
-0.10288
-0.08344
-0.06590
-0.05083
-0.03822
-0.02838
-0.02153
-0.01807
-0.01753
-0.01977
-0.02466
-0.03219
-0.04191
-0.05322
-0.06580
-0.07933
-0.09361
-0.10786
-0.12169
-0.13474
-0.14693
-0.15776
-0.16686
-0.17396
-0.17900
-0.18197
-0.18266
-0.18090
-0.17669
-0.17039
-0.16203
-0.15163
-0.13923
-0.12530
-0.11021
-0.09410
-0.07709
-0.05953
-0.04198
-0.02466
-0.00771
0.00868
0.02410
0.03836
0.05136
0.06306
0.07345
0.08246
0.09014
0.09657
0.10205
0.10683
0.11104
0.11488
0.11867
0.12306
0.12809
0.13397
0.14088
0.14949
0.15980
0.17177
0.18540
0.20090
0.21826
0.23706
0.25698
0.27772
0.29917
0.32051
0.34116
0.36053
0.37824
0.39345
0.40549
0.41379
0.41788
0.41723
0.41139
0.40014
0.38334
0.36086
0.33283
0.29956
0.26147
0.21892
0.17258
0.12326
0.07182
0.01905
-0.03416
-0.08681
-0.13800
-0.18685
-0.23254
-0.27432
-0.31165
-0.34411
-0.37103
-0.39219
-0.40764
-0.41754
-0.42177
-0.42022
-0.41352
-0.40228
-0.38695
-0.36732
-0.34416
-0.31819
-0.29009
-0.25989
-0.22791
-0.19471
-0.16082
-0.12673
-0.09252
-0.05835
-0.02461
0.00815
0.03907
0.06844
0.09592
0.12106
0.14218
0.15935
0.17236
0.18077
0.18326
0.17890
0.16788
0.15004
0.12501
0.09166
0.05069
0.00255
-0.05210
-0.11300
-0.17923
-0.24942
-0.32200
-0.39519
-0.46739
-0.53682
-0.60139
-0.65889
-0.70694
-0.74424
-0.76906
-0.77987
-0.77479
-0.75346
-0.71556
-0.66106
-0.59000
-0.50313
-0.40211
-0.28869
-0.16491
-0.03288
0.10437
0.24387
0.38254
0.51746
0.64557
0.76393
0.86986
0.96100
1.03550
1.09184
1.12894
1.14619
1.14360
1.12175
1.08156
1.02434
0.95187
0.86632
0.77003
0.66545
0.55522
0.44197
0.32819
0.21630
0.10863
0.00728
-0.08638
-0.17087
-0.24501
-0.30772
-0.35918
-0.39931
-0.42809
-0.44568
-0.45314
-0.45167
-0.44207
-0.42526
-0.40252
-0.37554
-0.34542
-0.31320
-0.28009
-0.24727
-0.21560
-0.18583
-0.15885
-0.13509
-0.11461
-0.09771
-0.08468
-0.07582
-0.07000
-0.06706
-0.06685
-0.06959
-0.07366
-0.07846
-0.08369
-0.08925
-0.09412
-0.09736
-0.09876
-0.09820
-0.09526
-0.08932
-0.08041
-0.06865
-0.05389
-0.03624
-0.01606
0.00624
0.03053
0.05644
0.08313
0.11005
0.13676
0.16323
0.18823
0.21126
0.23188
0.25014
0.26520
0.27661
0.28416
0.28786
0.28753
0.28291
0.27403
0.26104
0.24411
0.22330
0.19887
0.17117
0.14048
0.10712
0.07154
0.03425
-0.00437
-0.04397
-0.08397
-0.12381
-0.16297
-0.20119
-0.23793
-0.27262
-0.30477
-0.33414
-0.36041
-0.38315
-0.40202
-0.41684
-0.42759
-0.43410
-0.43625
-0.43407
-0.42783
-0.41757
-0.40346
-0.38577
-0.36498
-0.34128
-0.31501
-0.28657
-0.25652
-0.22519
-0.19283
-0.15983
-0.12665
-0.09379
-0.06121
-0.02919
0.00198
0.03182
0.06043
0.08773
0.11356
0.13767
0.15991
0.18038
0.19901
0.21571
0.23022
0.24259
0.25281
0.26087
0.26671
0.27018
0.27132
0.27023
0.26710
0.26189
0.25458
0.24543
0.23476
0.22302
0.21005
0.19622
0.18195
0.16795
0.15418
0.14091
0.12855
0.11768
0.10850
0.10098
0.09532
0.09175
0.09054
0.09129
0.09392
0.09825
0.10427
0.11151
0.11955
0.12797
0.13643
0.14460
0.15195
0.15801
0.16239
0.16497
0.16546
0.16358
0.15913
0.15219
0.14296
0.13145
0.11772
0.10203
0.08495
0.06678
0.04776
0.02816
0.00863
-0.01039
-0.02866
-0.04597
-0.06203
-0.07642
-0.08903
-0.09984
-0.10891
-0.11617
-0.12163
-0.12549
-0.12799
-0.12954
-0.13022
-0.13030
-0.13009
-0.13020
-0.13081
-0.13210
-0.13431
-0.13783
-0.14300
-0.14972
-0.15799
-0.16785
-0.17965
-0.19291
-0.20737
-0.22274
-0.23905
-0.25573
-0.27224
-0.28808
-0.30293
-0.31638
-0.32772
-0.33645
-0.34215
-0.34467
-0.34344
-0.33820
-0.32877
-0.31516
-0.29737
-0.27547
-0.24967
-0.22026
-0.18767
-0.15238
-0.11493
-0.07586
-0.03569
0.00482
0.04503
0.08438
0.12243
0.15856
0.19225
0.22311
0.25094
0.27551
0.29653
0.31392
0.32769
0.33806
0.34493
0.34844
0.34881
0.34642
0.34137
0.33384
0.32410
0.31253
0.29938
0.28468
0.26867
0.25161
0.23395
0.21547
0.19634
0.17679
0.15724
0.13755
0.11777
0.09807
0.07881
0.06008
0.04180
0.02414
0.00732
-0.00840
-0.02315
-0.03682
-0.04925
-0.06039
-0.07023
-0.07876
-0.08595
-0.09192
-0.09678
-0.10048
-0.10312
-0.10486
-0.10616
-0.10678
-0.10690
-0.10669
-0.10666
-0.10668
-0.10675
-0.10702
-0.10781
-0.10918
-0.11086
-0.11288
-0.11529
-0.11824
-0.12121
-0.12409
-0.12674
-0.12909
-0.13071
-0.13132
-0.13072
-0.12874
-0.12505
-0.11945
-0.11183
-0.10216
-0.09026
-0.07619
-0.06012
-0.04227
-0.02272
-0.00177
0.02013
0.04251
0.06505
0.08740
0.10898
0.12931
0.14799
0.16481
0.17929
0.19120
0.20037
0.20665
0.20995
0.21033
0.20796
0.20290
0.19512
0.18499
0.17292
0.15922
0.14360
0.12658
0.10855
0.08989
0.07041
0.05019
0.02958
0.00884
-0.01194
-0.03294
-0.05398
-0.07493
-0.09560
-0.11562
-0.13511
-0.15399
-0.17208
-0.18839
-0.20273
-0.21517
-0.22554
-0.23295
-0.23617
-0.23556
-0.23105
-0.22238
-0.20766
-0.18747
-0.16195
-0.13133
-0.09498
-0.05296
-0.00595
0.04531
0.10002
0.15752
0.21688
0.27693
0.33625
0.39244
0.44473
0.49179
0.53217
0.56302
0.58298
0.59132
0.58718
0.56896
0.53482
0.48528
0.42061
0.34119
0.24620
0.13747
0.01669
-0.11409
-0.25302
-0.39760
-0.54482
-0.69147
-0.83404
-0.96906
-1.09333
-1.20350
-1.29633
-1.36801
-1.41657
-1.43994
-1.43651
-1.40452
-1.34368
-1.25453
-1.13812
-0.99589
-0.82987
-0.64338
-0.44009
-0.22411
0.00023
0.22810
0.45452
0.67442
0.88271
1.07502
1.24716
1.39530
1.51604
1.60697
1.66680
1.69458
1.69012
1.65387
1.58803
1.49481
1.37700
1.23796
1.08186
0.91295
0.73550
0.55406
0.37314
0.19662
0.02836
-0.12816
-0.26917
-0.39336
-0.49885
-0.58427
-0.64803
-0.69111
-0.71442
-0.71874
-0.70483
-0.67467
-0.63144
-0.57725
-0.51427
-0.44437
-0.37130
-0.29735
-0.22459
-0.15496
-0.09048
-0.03269
0.01720
0.05795
0.08891
0.11041
0.12229
0.12457
0.11650
0.10071
0.07787
0.04869
0.01302
-0.02667
-0.06867
-0.11209
-0.15648
-0.20065
-0.24253
-0.28133
-0.31644
-0.34758
-0.37339
-0.39339
-0.40728
-0.41474
-0.41577
-0.41037
-0.39860
-0.38040
-0.35605
-0.32646
-0.29202
-0.25314
-0.20975
-0.16349
-0.11501
-0.06494
-0.01358
0.03792
0.08858
0.13769
0.18469
0.22893
0.26954
0.30590
0.33750
0.36392
0.38481
0.39985
0.40881
0.41157
0.40824
0.39897
0.38395
0.36349
0.33804
0.30814
0.27438
0.23744
0.19808
0.15691
0.11476
0.07246
0.03088
-0.00950
-0.04797
-0.08378
-0.11628
-0.14520
-0.17028
-0.19108
-0.20728
-0.21902
-0.22652
-0.22977
-0.22881
-0.22414
-0.21638
-0.20585
-0.19288
-0.17807
-0.16230
-0.14590
-0.12934
-0.11304
-0.09788
-0.08388
-0.07134
-0.06050
-0.05169
-0.04468
-0.03933
-0.03557
-0.03324
-0.03180
-0.03067
-0.02949
-0.02788
-0.02521
-0.02068
-0.01391
-0.00458
0.00772
0.02349
0.04285
0.06575
0.09211
0.12186
0.15452
0.18950
0.22612
0.26398
0.30186
0.33874
0.37356
0.40576
0.43418
0.45757
0.47492
0.48581
0.49011
0.48675
0.47532
0.45570
0.42933
0.39579
0.35551
0.30916
0.25842
0.20447
0.14822
0.09087
0.03385
-0.02118
-0.07317
-0.12093
-0.16350
-0.20048
-0.23106
-0.25475
-0.27135
-0.28188
-0.28698
-0.28687
-0.28222
-0.27462
-0.26654
-0.25852
-0.25169
-0.24728
-0.24844
-0.25540
-0.26892
-0.28951
-0.31838
-0.35559
-0.40044
-0.45217
-0.50985
-0.57215
-0.63691
-0.70214
-0.76558
-0.82453
-0.87608
-0.91784
-0.94753
-0.96254
-0.96040
-0.93967
-0.89942
-0.83892
-0.75737
-0.65549
-0.53457
-0.39645
-0.24272
-0.07646
0.09900
0.27995
0.46280
0.64342
0.81760
0.98136
1.13101
1.26306
1.37426
1.46212
1.52475
1.56088
1.56960
1.55100
1.50587
1.43560
1.34191
1.22729
1.09473
0.94756
0.78916
0.62307
0.45311
0.28305
0.11652
-0.04368
-0.19445
-0.33302
-0.45688
-0.56489
-0.65589
-0.72890
-0.78322
-0.81918
-0.83796
-0.84027
-0.82714
-0.79959
-0.76032
-0.71112
-0.65374
-0.58988
-0.52176
-0.45140
-0.38050
-0.31065
-0.24313
-0.17892
-0.11914
-0.06463
-0.01641
0.02643
0.06358
0.09479
0.11955
0.13931
0.15484
0.16623
0.17340
0.17710
0.17884
0.17882
0.17713
0.17363
0.16968
0.16542
0.16080
0.15574
0.15048
0.14509
0.13947
0.13363
0.12751
0.12070
0.11322
0.10510
0.09681
0.08741
0.07703
0.06591
0.05457
0.04253
0.02970
0.01642
0.00313
-0.01012
-0.02358
-0.03697
-0.05001
-0.06244
-0.07447
-0.08599
-0.09685
-0.10694
-0.11626
-0.12483
-0.13264
-0.13969
-0.14590
-0.15125
-0.15581
-0.15960
-0.16254
-0.16449
-0.16546
-0.16550
-0.16453
-0.16231
-0.15879
-0.15398
-0.14785
-0.14028
-0.13113
-0.12042
-0.10821
-0.09473
-0.07987
-0.06372
-0.04649
-0.02866
-0.01050
0.00782
0.02599
0.04347
0.05950
0.07393
0.08643
0.09663
0.10365
0.10742
0.10779
0.10467
0.09780
0.08709
0.07284
0.05540
0.03517
0.01245
-0.01210
-0.03773
-0.06363
-0.08899
-0.11307
-0.13501
-0.15396
-0.16904
-0.17965
-0.18529
-0.18548
-0.17983
-0.16808
-0.15047
-0.12717
-0.09853
-0.06479
-0.02687
0.01441
0.05815
0.10356
0.14960
0.19510
0.23900
0.28041
0.31860
0.35260
0.38167
0.40522
0.42313
0.43506
0.44084
0.44047
0.43427
0.42271
0.40613
0.38499
0.35990
0.33172
0.30108
0.26858
0.23483
0.20070
0.16669
0.13326
0.10081
0.06986
0.04068
0.01336
-0.01199
-0.03526
-0.05633
-0.07550
-0.09290
-0.10866
-0.12273
-0.13554
-0.14731
-0.15816
-0.16819
-0.17759
-0.18649
-0.19494
-0.20303
-0.21082
-0.21818
-0.22507
-0.23144
-0.23761
-0.24311
-0.24783
-0.25172
-0.25514
-0.25786
-0.25959
-0.26035
-0.26038
-0.26000
-0.25872
-0.25658
-0.25370
-0.25070
-0.24709
-0.24287
-0.23809
-0.23305
-0.22766
-0.22172
-0.21520
-0.20810
-0.20044
-0.19198
-0.18260
-0.17218
-0.16062
-0.14780
-0.13362
-0.11796
-0.10069
-0.08181
-0.06138
-0.03941
-0.01590
0.00905
0.03512
0.06210
0.08974
0.11792
0.14603
0.17366
0.20046
0.22614
0.25015
0.27194
0.29117
0.30758
0.32088
0.33059
0.33658
0.33876
0.33732
0.33203
0.32304
0.31067
0.29535
0.27733
0.25697
0.23483
0.21151
0.18751
0.16319
0.13908
0.11571
0.09356
0.07274
0.05354
0.03620
0.02088
0.00751
-0.00401
-0.01372
-0.02174
-0.02828
-0.03359
-0.03787
-0.04126
-0.04403
-0.04631
-0.04818
-0.04970
-0.05099
-0.05202
-0.05267
-0.05287
-0.05258
-0.05180
-0.05023
-0.04783
-0.04459
-0.04060
-0.03560
-0.02975
-0.02329
-0.01630
-0.00868
-0.00080
0.00688
0.01410
0.02129
0.02794
0.03354
0.03772
0.04138
0.04425
0.04600
0.04644
0.04627
0.04610
0.04575
0.04527
0.04498
0.04578
0.04763
0.05068
0.05503
0.06063
0.06752
0.07569
0.08494
0.09432
0.10300
0.11082
0.11733
0.12145
0.12095
0.11578
0.10543
0.08932
0.06500
0.03243
-0.00838
-0.05732
-0.11503
-0.18165
-0.25604
-0.33704
-0.42341
-0.51410
-0.60699
-0.69992
-0.79051
-0.87618
-0.95436
-1.02254
-1.07820
-1.11864
-1.14142
-1.14487
-1.12759
-1.08841
-1.02618
-0.94117
-0.83408
-0.70614
-0.55864
-0.39404
-0.21532
-0.02591
0.17059
0.37027
0.56881
0.76185
0.94512
1.11472
1.26682
1.39800
1.50534
1.58669
1.64051
1.66582
1.66237
1.63081
1.57253
1.48936
1.38370
1.25861
1.11778
0.96465
0.80308
0.63700
0.47077
0.30761
0.15094
0.00393
-0.13030
-0.24999
-0.35382
-0.44049
-0.50909
-0.55951
-0.59315
-0.61074
-0.61335
-0.60206
-0.57996
-0.54912
-0.51153
-0.46901
-0.42414
-0.37927
-0.33618
-0.29638
-0.26113
-0.23150
-0.20829
-0.19197
-0.18292
-0.17999
-0.18277
-0.19080
-0.20377
-0.21966
-0.23678
-0.25428
-0.27158
-0.28763
-0.30002
-0.30818
-0.31181
-0.31132
-0.30511
-0.29309
-0.27572
-0.25396
-0.22819
-0.19878
-0.16667
-0.13296
-0.09902
-0.06575
-0.03405
-0.00475
0.02122
0.04273
0.05938
0.07099
0.07751
0.07849
0.07401
0.06465
0.05108
0.03378
0.01326
-0.00949
-0.03339
-0.05756
-0.08128
-0.10354
-0.12339
-0.14005
-0.15304
-0.16176
-0.16570
-0.16453
-0.15830
-0.14708
-0.13096
-0.11015
-0.08509
-0.05654
-0.02509
0.00863
0.04406
0.08023
0.11624
0.15140
0.18515
0.21704
0.24616
0.27206
0.29440
0.31336
0.32858
0.33991
0.34741
0.35151
0.35268
0.35103
0.34688
0.34068
0.33326
0.32489
0.31591
0.30660
0.29755
0.28899
0.28102
0.27368
0.26705
0.26108
0.25557
0.25031
0.24503
0.23940
0.23297
0.22538
0.21632
0.20545
0.19228
0.17651
0.15794
0.13652
0.11213
0.08464
0.05411
0.02079
-0.01471
-0.05223
-0.09142
-0.13183
-0.17232
-0.21221
-0.25098
-0.28808
-0.32254
-0.35316
-0.37946
-0.40099
-0.41731
-0.42756
-0.43134
-0.42859
-0.41942
-0.40417
-0.38278
-0.35563
-0.32335
-0.28726
-0.24838
-0.20723
-0.16479
-0.12249
-0.08271
-0.04574
-0.01251
0.01598
0.03725
0.05100
0.05693
0.05473
0.04341
0.02250
-0.00719
-0.04505
-0.09044
-0.14305
-0.20116
-0.26329
-0.32772
-0.39266
-0.45614
-0.51614
-0.57061
-0.61717
-0.65368
-0.67862
-0.69043
-0.68758
-0.66822
-0.63235
-0.57981
-0.51077
-0.42484
-0.32369
-0.20908
-0.08299
0.05276
0.19557
0.34203
0.48899
0.63333
0.77226
0.90212
1.01989
1.12286
1.20888
1.27582
1.32213
1.34681
1.34941
1.33000
1.28922
1.22817
1.14840
1.05172
0.94057
0.81755
0.68540
0.54684
0.40468
0.26183
0.12106
-0.01509
-0.14459
-0.26549
-0.37595
-0.47445
-0.56002
-0.63240
-0.69108
-0.73580
-0.76651
-0.78432
-0.78994
-0.78407
-0.76747
-0.74152
-0.70770
-0.66720
-0.62118
-0.57078
-0.51731
-0.46198
-0.40589
-0.35015
-0.29504
-0.24139
-0.19003
-0.14187
-0.09664
-0.05424
-0.01519
0.02001
0.05125
0.07970
0.10515
0.12737
0.14594
0.16209
0.17599
0.18750
0.19634
0.20294
0.20766
0.21045
0.21121
0.20985
0.20646
0.20109
0.19376
0.18458
0.17313
0.15951
0.14397
0.12684
0.10781
0.08682
0.06430
0.04075
0.01636
-0.00912
-0.03520
-0.06130
-0.08690
-0.11218
-0.13673
-0.16002
-0.18156
-0.20126
-0.21889
-0.23407
-0.24643
-0.25587
-0.26224
-0.26534
-0.26500
-0.26130
-0.25417
-0.24358
-0.22960
-0.21250
-0.19248
-0.16963
-0.14424
-0.11671
-0.08765
-0.05718
-0.02573
0.00620
0.03787
0.06902
0.09927
0.12817
0.15515
0.17986
0.20215
0.22175
0.23843
0.25201
0.26257
0.27010
0.27465
0.27650
0.27583
0.27281
0.26766
0.26092
0.25310
0.24422
0.23450
0.22434
0.21486
0.20566
0.19678
0.18833
0.18152
0.17605
0.17156
0.16787
0.16556
0.16502
0.16540
0.16633
0.16769
0.17023
0.17297
0.17551
0.17747
0.17893
0.17944
0.17867
0.17631
0.17184
0.16478
0.15516
0.14289
0.12763
0.10789
0.08437
0.05715
0.02630
-0.00988
-0.05098
-0.09647
-0.14602
-0.20027
-0.25969
-0.32310
-0.38984
-0.45939
-0.53212
-0.60635
-0.68098
-0.75478
-0.82673
-0.89514
-0.95835
-1.01475
-1.06248
-1.09952
-1.12425
-1.13517
-1.13081
-1.10928
-1.06977
-1.01174
-0.93505
-0.83940
-0.72531
-0.59398
-0.44712
-0.28674
-0.11511
0.06481
0.24969
0.43589
0.61970
0.79743
0.96525
1.11944
1.25648
1.37338
1.46752
1.53678
1.57964
1.59528
1.58350
1.54479
1.48037
1.39233
1.28279
1.15467
1.01133
0.85689
0.69477
0.52884
0.36311
0.20174
0.04807
-0.09512
-0.22485
-0.33856
-0.43427
-0.51171
-0.57001
-0.60881
-0.62826
-0.63036
-0.61651
-0.58823
-0.54735
-0.49684
-0.43957
-0.37790
-0.31419
-0.25093
-0.19076
-0.13576
-0.08767
-0.04769
-0.01656
0.00485
0.01602
0.01710
0.00964
-0.00546
-0.02759
-0.05570
-0.08715
-0.11946
-0.15139
-0.18176
-0.20854
-0.22891
-0.24171
-0.24639
-0.24244
-0.22859
-0.20448
-0.17055
-0.12776
-0.07753
-0.02073
0.04121
0.10644
0.17180
0.23484
0.29374
0.34657
0.39049
0.42200
0.43985
0.44297
0.43030
0.39903
0.34932
0.28168
0.19712
0.09579
-0.02087
-0.15037
-0.28983
-0.43628
-0.58668
-0.73721
-0.88403
-1.02310
-1.15006
-1.26134
-1.35350
-1.42341
-1.46734
-1.48311
-1.46942
-1.42547
-1.35044
-1.24417
-1.10859
-0.94589
-0.75877
-0.54948
-0.32281
-0.08334
0.16398
0.41457
0.66303
0.90393
1.13213
1.34278
1.53155
1.69455
1.82846
1.93056
1.99866
2.03217
2.03081
1.99504
1.92565
1.82503
1.69600
1.54170
1.36565
1.17181
0.96471
0.74881
0.52863
0.30867
0.09282
-0.11481
-0.31046
-0.49029
-0.65242
-0.79466
-0.91501
-1.01161
-1.08424
-1.13357
-1.15965
-1.16291
-1.14419
-1.10651
-1.05163
-0.98147
-0.89817
-0.80498
-0.70461
-0.59956
-0.49253
-0.38613
-0.28247
-0.18372
-0.09196
-0.00960
0.06356
0.12629
0.17764
0.21611
0.24338
0.26001
0.26610
0.26164
0.24836
0.22854
0.20311
0.17303
0.13964
0.10570
0.07240
0.04074
0.01207
-0.01208
-0.03091
-0.04391
-0.05031
-0.04961
-0.04232
-0.02866
-0.00893
0.01723
0.04765
0.08144
0.11771
0.15622
0.19474
0.23178
0.26636
0.29780
0.32482
0.34587
0.36032
0.36773
0.36766
0.35935
0.34281
0.31824
0.28570
0.24557
0.19855
0.14547
0.08699
0.02389
-0.04238
-0.11063
-0.17969
-0.24899
-0.31672
-0.38163
-0.44254
-0.49886
-0.54944
-0.59320
-0.62932
-0.65736
-0.67709
-0.68799
-0.68984
-0.68265
-0.66691
-0.64286
-0.61095
-0.57175
-0.52615
-0.47502
-0.41925
-0.35980
-0.29775
-0.23411
-0.16978
-0.10577
-0.04298
0.01764
0.07571
0.13056
0.18163
0.22837
0.27087
0.30900
0.34266
0.37173
0.39647
0.41722
0.43413
0.44739
0.45727
0.46409
0.46809
0.46945
0.46851
0.46526
0.45977
0.45219
0.44277
0.43150
0.41811
0.40273
0.38556
0.36704
0.34655
0.32434
0.30075
0.27638
0.25095
0.22468
0.19806
0.17171
0.14581
0.12044
0.09607
0.07317
0.05213
0.03284
0.01549
0.00024
-0.01272
-0.02351
-0.03240
-0.03967
-0.04544
-0.04963
-0.05281
-0.05559
-0.05841
-0.06065
-0.06284
-0.06551
-0.06912
-0.07302
-0.07677
-0.08067
-0.08491
-0.08910
-0.09205
-0.09362
-0.09371
-0.09215
-0.08827
-0.08152
-0.07177
-0.05905
-0.04404
-0.02664
-0.00690
0.01468
0.03675
0.05760
0.07705
0.09421
0.10785
0.11463
0.11449
0.10652
0.08989
0.06250
0.02366
-0.02644
-0.08754
-0.15952
-0.24220
-0.33396
-0.43309
-0.53746
-0.64478
-0.75236
-0.85729
-0.95648
-1.04627
-1.12349
-1.18531
-1.22903
-1.25186
-1.25122
-1.22599
-1.17535
-1.09907
-0.99677
-0.87002
-0.72072
-0.55143
-0.36506
-0.16534
0.04349
0.25692
0.47021
0.67844
0.87689
1.06105
1.22670
1.36967
1.48696
1.57608
1.63525
1.66316
1.65964
1.62538
1.56176
1.47079
1.35517
1.21827
1.06384
0.89596
0.71920
0.53770
0.35581
0.17773
0.00797
-0.15029
-0.29416
-0.42095
-0.52809
-0.61395
-0.67857
-0.72154
-0.74294
-0.74244
-0.72305
-0.68641
-0.63440
-0.56855
-0.49231
-0.40875
-0.32044
-0.22979
-0.13945
-0.05227
0.02955
0.10408
0.16935
0.22452
0.26851
0.30055
0.31950
0.32634
0.32174
0.30606
0.27938
0.24285
0.19902
0.14903
0.09400
0.03417
-0.02698
-0.08805
-0.14786
-0.20588
-0.26025
-0.30952
-0.35288
-0.38981
-0.41991
-0.44258
-0.45755
-0.46473
-0.46414
-0.45654
-0.44221
-0.42147
-0.39456
-0.36272
-0.32678
-0.28730
-0.24474
-0.19999
-0.15414
-0.10778
-0.06142
-0.01559
0.02893
0.07166
0.11222
0.15019
0.18530
0.21731
0.24594
0.27094
0.29231
0.31006
0.32397
0.33392
0.34027
0.34307
0.34219
0.33758
0.32995
0.31964
0.30649
0.29054
0.27250
0.25361
0.23345
0.21222
0.19027
0.16982
0.15013
0.13150
0.11423
0.09960
0.08774
0.07850
0.07200
0.06844
0.06778
0.06956
0.07360
0.07952
0.08580
0.09202
0.09767
0.10210
0.10313
0.09950
0.09096
0.07697
0.05608
0.02600
-0.01263
-0.05978
-0.11536
-0.18160
-0.25666
-0.33959
-0.42911
-0.52479
-0.62491
-0.72704
-0.82893
-0.92826
-1.02255
-1.10884
-1.18450
-1.24692
-1.29301
-1.32045
-1.32733
-1.31213
-1.27293
-1.20862
-1.11931
-1.00556
-0.86808
-0.70760
-0.52676
-0.32850
-0.11622
0.10728
0.33749
0.56987
0.79970
1.02265
1.23426
1.42997
1.60558
1.75741
1.88249
1.97818
2.04254
2.07431
2.07321
2.03953
1.97428
1.87919
1.75679
1.61000
1.44213
1.25698
1.05884
0.85206
0.64046
0.42829
0.21968
0.01927
-0.17070
-0.34712
-0.50725
-0.64819
-0.76928
-0.86991
-0.94933
-1.00701
-1.04355
-1.06083
-1.05992
-1.04219
-1.00911
-0.96378
-0.90829
-0.84473
-0.77550
-0.70300
-0.62929
-0.55634
-0.48629
-0.42099
-0.36089
-0.30721
-0.26092
-0.22409
-0.19471
-0.17291
-0.15878
-0.15321
-0.15410
-0.15990
-0.17002
-0.18424
-0.20147
-0.21906
-0.23615
-0.25197
-0.26634
-0.27700
-0.28318
-0.28441
-0.28040
-0.27068
-0.25497
-0.23325
-0.20555
-0.17226
-0.13426
-0.09200
-0.04603
0.00344
0.05437
0.10598
0.15756
0.20873
0.25785
0.30374
0.34583
0.38376
0.41680
0.44388
0.46475
0.47935
0.48778
0.48955
0.48488
0.47417
0.45794
0.43652
0.41051
0.38067
0.34782
0.31269
0.27603
0.23870
0.20153
0.16541
0.13080
0.09830
0.06846
0.04199
0.01905
-0.00036
-0.01619
-0.02820
-0.03611
-0.04069
-0.04234
-0.04143
-0.03723
-0.03088
-0.02305
-0.01429
-0.00429
0.00678
0.01808
0.02909
0.03972
0.05056
0.06108
0.07093
0.07988
0.08822
0.09611
0.10337
0.10979
0.11487
0.11881
0.12170
0.12329
0.12286
0.11943
0.11350
0.10481
0.09298
0.07584
0.05405
0.02756
-0.00377
-0.04119
-0.08503
-0.13460
-0.18948
-0.24955
-0.31518
-0.38498
-0.45787
-0.53255
-0.60828
-0.68333
-0.75599
-0.82443
-0.88671
-0.94098
-0.98545
-1.01836
-1.03794
-1.04234
-1.03060
-1.00189
-0.95569
-0.89119
-0.80883
-0.70939
-0.59408
-0.46420
-0.32155
-0.16861
-0.00818
0.15677
0.32329
0.48804
0.64767
0.79886
0.93846
1.06372
1.17210
1.26141
1.32984
1.37622
1.39995
1.40092
1.37952
1.33657
1.27354
1.19231
1.09511
0.98457
0.86316
0.73380
0.59950
0.46349
0.32827
0.19632
0.07021
-0.04755
-0.15497
-0.25123
-0.33500
-0.40523
-0.46066
-0.50235
-0.53043
-0.54513
-0.54661
-0.53641
-0.51605
-0.48665
-0.44935
-0.40561
-0.35741
-0.30624
-0.25348
-0.20057
-0.14873
-0.09928
-0.05340
-0.01226
0.02390
0.05462
0.07917
0.09692
0.10815
0.11368
0.11332
0.10707
0.09531
0.07984
0.06107
0.03927
0.01511
-0.00971
-0.03432
-0.05828
-0.08107
-0.10150
-0.11881
-0.13264
-0.14277
-0.14884
-0.15077
-0.14848
-0.14206
-0.13204
-0.11926
-0.10410
-0.08692
-0.06857
-0.05096
-0.03471
-0.02035
-0.00851
-0.00145
0.00013
-0.00409
-0.01435
-0.03174
-0.05708
-0.08996
-0.12991
-0.17653
-0.22981
-0.28845
-0.35119
-0.41652
-0.48286
-0.54830
-0.61098
-0.66893
-0.71968
-0.76087
-0.79083
-0.80792
-0.81032
-0.79574
-0.76375
-0.71392
-0.64620
-0.55967
-0.45559
-0.33545
-0.20113
-0.05431
0.10256
0.26612
0.43297
0.59969
0.76303
0.91897
1.06390
1.19439
1.30740
1.40005
1.47003
1.51555
1.53527
1.52850
1.49533
1.43647
1.35308
1.24671
1.11986
0.97540
0.81654
0.64640
0.46859
0.28692
0.10523
-0.07291
-0.24445
-0.40624
-0.55528
-0.68900
-0.80568
-0.90421
-0.98336
-1.04239
-1.08102
-1.10041
-1.10125
-1.08444
-1.05121
-1.00370
-0.94399
-0.87393
-0.79552
-0.71093
-0.62228
-0.53152
-0.44046
-0.35108
-0.26421
-0.18113
-0.10304
-0.03126
0.03437
0.09391
0.14684
0.19266
0.23151
0.26485
0.29269
0.31508
0.33181
0.34473
0.35424
0.36045
0.36342
0.36406
0.36294
0.36021
0.35601
0.35070
0.34437
0.33718
0.32925
0.32111
0.31206
0.30218
0.29168
0.28106
0.26970
0.25723
0.24391
0.23013
0.21585
0.20024
0.18352
0.16596
0.14799
0.12882
0.10847
0.08719
0.06538
0.04294
0.01968
-0.00427
-0.02860
-0.05271
-0.07677
-0.10072
-0.12441
-0.14687
-0.16790
-0.18743
-0.20537
-0.22106
-0.23368
-0.24315
-0.24938
-0.25217
-0.25079
-0.24503
-0.23489
-0.22049
-0.20216
-0.17966
-0.15326
-0.12342
-0.09131
-0.05771
-0.02299
0.01199
0.04587
0.07652
0.10358
0.12604
0.14282
0.15163
0.15205
0.14355
0.12564
0.09756
0.05906
0.01075
-0.04670
-0.11239
-0.18521
-0.26338
-0.34500
-0.42791
-0.50958
-0.58755
-0.65927
-0.72220
-0.77371
-0.81154
-0.83375
-0.83867
-0.82502
-0.79208
-0.73978
-0.66839
-0.57879
-0.47261
-0.35211
-0.21977
-0.07847
0.06841
0.21700
0.36360
0.50455
0.63625
0.75523
0.85833
0.94292
1.00695
1.04925
1.06898
1.06595
1.04073
0.99488
0.93067
0.85040
0.75688
0.65351
0.54450
0.43325
0.32326
0.21790
0.12105
0.03523
-0.03740
-0.09517
-0.13655
-0.16114
-0.16948
-0.16236
-0.14092
-0.10676
-0.06301
-0.01221
0.04292
0.10005
0.15534
0.20594
0.24948
0.28410
0.30775
0.31878
0.31643
0.30048
0.27124
0.22933
0.17585
0.11228
0.04020
-0.03767
-0.11911
-0.20196
-0.28445
-0.36386
-0.43766
-0.50427
-0.56257
-0.61174
-0.64987
-0.67655
-0.69183
-0.69677
-0.69107
-0.67534
-0.65062
-0.61860
-0.58076
-0.53812
-0.49198
-0.44385
-0.39569
-0.34844
-0.30301
-0.26015
-0.22119
-0.18659
-0.15648
-0.13081
-0.10979
-0.09340
-0.08093
-0.07174
-0.06528
-0.06128
-0.05850
-0.05615
-0.05351
-0.05020
-0.04523
-0.03800
-0.02812
-0.01520
0.00107
0.02078
0.04386
0.07030
0.10033
0.13316
0.16836
0.20548
0.24498
0.28558
0.32655
0.36735
0.40814
0.44833
0.48679
0.52304
0.55690
0.58864
0.61696
0.64147
0.66188
0.67855
0.69062
0.69772
0.69961
0.69629
0.68751
0.67294
0.65247
0.62609
0.59376
0.55547
0.51138
0.46174
0.40681
0.34695
0.28271
0.21472
0.14372
0.07045
-0.00425
-0.07948
-0.15419
-0.22720
-0.29769
-0.36477
-0.42756
-0.48474
-0.53560
-0.57969
-0.61663
-0.64569
-0.66616
-0.67822
-0.68216
-0.67817
-0.66583
-0.64569
-0.61854
-0.58526
-0.54640
-0.50234
-0.45404
-0.40262
-0.34945
-0.29520
-0.24040
-0.18605
-0.13346
-0.08454
-0.03895
0.00268
0.03959
0.06920
0.09188
0.10770
0.11642
0.11655
0.10721
0.08947
0.06371
0.02999
-0.01303
-0.06365
-0.12085
-0.18346
-0.25124
-0.32283
-0.39647
-0.47034
-0.54245
-0.61117
-0.67470
-0.73093
-0.77753
-0.81179
-0.83281
-0.83896
-0.82875
-0.79962
-0.75160
-0.68465
-0.59884
-0.49379
-0.37017
-0.23025
-0.07608
0.09015
0.26668
0.44943
0.63483
0.81916
0.99931
1.17120
1.33091
1.47478
1.59971
1.70300
1.78205
1.83484
1.86002
1.85708
1.82592
1.76704
1.68158
1.57145
1.43898
1.28691
1.11840
0.93705
0.74654
0.55052
0.35284
0.15733
-0.03232
-0.21331
-0.38258
-0.53746
-0.67549
-0.79576
-0.89709
-0.97863
-1.03993
-1.08177
-1.10515
-1.11092
-1.10032
-1.07529
-1.03805
-0.99050
-0.93460
-0.87286
-0.80723
-0.73962
-0.67183
-0.60599
-0.54329
-0.48436
-0.43028
-0.38205
-0.34064
-0.30455
-0.27390
-0.24870
-0.22956
-0.21400
-0.20107
-0.19032
-0.18170
-0.17358
-0.16428
-0.15333
-0.14049
-0.12545
-0.10685
-0.08457
-0.05874
-0.02960
0.00275
0.03795
0.07546
0.11482
0.15502
0.19500
0.23410
0.27173
0.30734
0.33919
0.36677
0.38976
0.40836
0.42117
0.42787
0.42861
0.42400
0.41393
0.39817
0.37728
0.35205
0.32352
0.29162
0.25712
0.22086
0.18410
0.14722
0.11085
0.07574
0.04274
0.01245
-0.01480
-0.03858
-0.05850
-0.07427
-0.08596
-0.09352
-0.09701
-0.09671
-0.09306
-0.08639
-0.07715
-0.06597
-0.05365
-0.04071
-0.02778
-0.01550
-0.00481
0.00395
0.01028
0.01375
0.01380
0.01045
0.00369
-0.00651
-0.02011
-0.03660
-0.05538
-0.07604
-0.09801
-0.12053
-0.14248
-0.16320
-0.18201
-0.19812
-0.21052
-0.21858
-0.22189
-0.22010
-0.21277
-0.19975
-0.18115
-0.15728
-0.12855
-0.09548
-0.05879
-0.01935
0.02179
0.06355
0.10483
0.14457
0.18162
0.21481
0.24318
0.26593
0.28239
0.29192
0.29419
0.28910
0.27677
0.25747
0.23170
0.20018
0.16379
0.12356
0.08061
0.03619
-0.00847
-0.05211
-0.09353
-0.13159
-0.16530
-0.19378
-0.21629
-0.23242
-0.24188
-0.24458
-0.24055
-0.23018
-0.21409
-0.19293
-0.16745
-0.13838
-0.10700
-0.07431
-0.04128
-0.00867
0.02246
0.05121
0.07687
0.09899
0.11727
0.13134
0.14105
0.14644
0.14781
0.14556
0.14005
0.13171
0.12100
0.10876
0.09561
0.08206
0.06848
0.05541
0.04342
0.03278
0.02361
0.01583
0.00964
0.00493
0.00152
-0.00096
-0.00286
-0.00452
-0.00628
-0.00844
-0.01145
-0.01571
-0.02138
-0.02854
-0.03716
-0.04745
-0.05921
-0.07215
-0.08583
-0.09998
-0.11412
-0.12769
-0.14014
-0.15098
-0.15967
-0.16568
-0.16865
-0.16855
-0.16494
-0.15772
-0.14694
-0.13314
-0.11647
-0.09723
-0.07593
-0.05334
-0.03028
-0.00720
0.01523
0.03634
0.05527
0.07167
0.08512
0.09531
0.10203
0.10526
0.10506
0.10164
0.09544
0.08702
0.07683
0.06546
0.05358
0.04221
0.03184
0.02310
0.01652
0.01288
0.01255
0.01573
0.02257
0.03318
0.04756
0.06531
0.08602
0.10922
0.13448
0.16085
0.18755
0.21376
0.23884
0.26177
0.28163
0.29763
0.30928
0.31610
0.31735
0.31266
0.30189
0.28554
0.26342
0.23574
0.20291
0.16601
0.12581
0.08299
0.03838
-0.00689
-0.05142
-0.09436
-0.13482
-0.17196
-0.20480
-0.23264
-0.25496
-0.27144
-0.28221
-0.28723
-0.28657
-0.28054
-0.27007
-0.25636
-0.23983
-0.22128
-0.20172
-0.18337
-0.16663
-0.15229
-0.14110
-0.13474
-0.13374
-0.13820
-0.14824
-0.16420
-0.18628
-0.21361
-0.24550
-0.28111
-0.31978
-0.35985
-0.40001
-0.43887
-0.47491
-0.50632
-0.53166
-0.54962
-0.55879
-0.55766
-0.54542
-0.52150
-0.48553
-0.43682
-0.37588
-0.30332
-0.22010
-0.12701
-0.02572
0.08183
0.19360
0.30755
0.42138
0.53239
0.63818
0.73643
0.82510
0.90180
0.96479
1.01263
1.04435
1.05903
1.05632
1.03636
0.99977
0.94744
0.88058
0.80081
0.71007
0.61066
0.50463
0.39439
0.28235
0.17111
0.06271
-0.04083
-0.13755
-0.22559
-0.30369
-0.37105
-0.42684
-0.47049
-0.50170
-0.52122
-0.52941
-0.52683
-0.51424
-0.49317
-0.46489
-0.43061
-0.39165
-0.34962
-0.30593
-0.26185
-0.21859
-0.17755
-0.13934
-0.10482
-0.07470
-0.04984
-0.02991
-0.01492
-0.00500
-0.00030
-0.00008
-0.00332
-0.00969
-0.01880
-0.03006
-0.04180
-0.05347
-0.06464
-0.07475
-0.08259
-0.08764
-0.08968
-0.08848
-0.08358
-0.07493
-0.06267
-0.04705
-0.02816
-0.00672
0.01679
0.04181
0.06783
0.09376
0.11882
0.14243
0.16397
0.18245
0.19708
0.20744
0.21324
0.21388
0.20890
0.19830
0.18224
0.16073
0.13386
0.10213
0.06617
0.02661
-0.01595
-0.06059
-0.10630
-0.15208
-0.19709
-0.24018
-0.28031
-0.31648
-0.34786
-0.37364
-0.39303
-0.40542
-0.41040
-0.40783
-0.39755
-0.37957
-0.35415
-0.32191
-0.28344
-0.23944
-0.19074
-0.13848
-0.08380
-0.02781
0.02838
0.08358
0.13666
0.18657
0.23232
0.27305
0.30833
0.33758
0.36029
0.37613
0.38552
0.38880
0.38600
0.37733
0.36363
0.34637
0.32586
0.30270
0.27765
0.25285
0.22858
0.20551
0.18425
0.16608
0.15152
0.14076
0.13400
0.13143
0.13297
0.13817
0.14670
0.15802
0.17080
0.18406
0.19704
0.20886
0.21760
0.22170
0.22042
0.21303
0.19824
0.17423
0.14100
0.09848
0.04673
-0.01536
-0.08655
-0.16586
-0.25201
-0.34406
-0.44011
-0.53791
-0.63526
-0.72988
-0.81921
-0.90050
-0.97139
-1.02958
-1.07263
-1.09840
-1.10545
-1.09272
-1.05916
-1.00421
-0.92827
-0.83226
-0.71740
-0.58506
-0.43773
-0.27828
-0.10991
0.06448
0.24112
0.41615
0.58572
0.74643
0.89497
1.02802
1.14266
1.23660
1.30836
1.35662
1.38061
1.38020
1.35626
1.30996
1.24286
1.15701
1.05502
0.93978
0.81428
0.68161
0.54500
0.40751
0.27189
0.14091
0.01702
-0.09758
-0.20195
-0.29470
-0.37482
-0.44165
-0.49603
-0.53842
-0.56917
-0.58888
-0.59922
-0.60195
-0.59815
-0.58889
-0.57559
-0.56011
-0.54341
-0.52622
-0.50944
-0.49376
-0.47944
-0.46659
-0.45539
-0.44571
-0.43661
-0.42776
-0.41874
-0.40981
-0.39886
-0.38548
-0.36942
-0.35099
-0.32882
-0.30233
-0.27175
-0.23763
-0.19994
-0.15826
-0.11326
-0.06574
-0.01655
0.03417
0.08554
0.13663
0.18670
0.23500
0.28068
0.32305
0.36166
0.39606
0.42544
0.44952
0.46816
0.48186
0.48979
0.49214
0.48921
0.48171
0.46959
0.45305
0.43264
0.40910
0.38291
0.35414
0.32336
0.29111
0.25817
0.22436
0.19010
0.15580
0.12199
0.08865
0.05588
0.02397
-0.00673
-0.03608
-0.06418
-0.09079
-0.11566
-0.13856
-0.15957
-0.17850
-0.19515
-0.20941
-0.22124
-0.23051
-0.23714
-0.24120
-0.24279
-0.24179
-0.23832
-0.23256
-0.22509
-0.21567
-0.20460
-0.19227
-0.17928
-0.16564
-0.15157
-0.13752
-0.12394
-0.11094
-0.09851
-0.08699
-0.07664
-0.06736
-0.05893
-0.05144
-0.04499
-0.03925
-0.03376
-0.02846
-0.02330
-0.01803
-0.01201
-0.00520
0.00246
0.01101
0.02088
0.03193
0.04412
0.05732
0.07132
0.08580
0.10051
0.11514
0.12921
0.14186
0.15275
0.16156
0.16790
0.17055
0.16920
0.16369
0.15391
0.13916
0.11901
0.09372
0.06364
0.02896
-0.01051
-0.05397
-0.10062
-0.14950
-0.20007
-0.25123
-0.30178
-0.35045
-0.39600
-0.43729
-0.47306
-0.50216
-0.52342
-0.53583
-0.53864
-0.53126
-0.51328
-0.48428
-0.44443
-0.39407
-0.33378
-0.26428
-0.18660
-0.10209
-0.01227
0.08121
0.17669
0.27223
0.36587
0.45566
0.53991
0.61691
0.68499
0.74270
0.78904
0.82333
0.84488
0.85332
0.84876
0.83198
0.80348
0.76407
0.71486
0.65786
0.59436
0.52592
0.45416
0.38120
0.30872
0.23807
0.17064
0.10784
0.05096
0.00036
-0.04335
-0.07983
-0.10869
-0.13075
-0.14637
-0.15604
-0.16042
-0.16085
-0.15843
-0.15407
-0.14878
-0.14386
-0.14042
-0.13926
-0.14106
-0.14661
-0.15624
-0.17024
-0.18871
-0.21161
-0.23828
-0.26824
-0.30105
-0.33607
-0.37197
-0.40750
-0.44192
-0.47443
-0.50380
-0.52836
-0.54737
-0.56030
-0.56657
-0.56503
-0.55517
-0.53697
-0.51070
-0.47665
-0.43478
-0.38570
-0.33029
-0.27058
-0.20724
-0.14139
-0.07436
-0.00856
0.05400
0.11225
0.16493
0.21030
0.24582
0.27098
0.28514
0.28787
0.27770
0.25493
0.22011
0.17412
0.11785
0.05247
-0.02021
-0.09812
-0.17883
-0.25969
-0.33847
-0.41262
-0.47954
-0.53566
-0.57938
-0.60878
-0.62218
-0.61734
-0.59336
-0.55034
-0.48842
-0.40782
-0.30899
-0.19446
-0.06637
0.07272
0.22068
0.37346
0.52754
0.67935
0.82548
0.96216
1.08588
1.19360
1.28255
1.35025
1.39498
1.41558
1.41144
1.38203
1.32833
1.25159
1.15356
1.03610
0.90200
0.75451
0.59690
0.43254
0.26480
0.09744
-0.06611
-0.22261
-0.36903
-0.50292
-0.62199
-0.72438
-0.80838
-0.87339
-0.91917
-0.94566
-0.95303
-0.94195
-0.91425
-0.87139
-0.81501
-0.74652
-0.66862
-0.58357
-0.49354
-0.40051
-0.30647
-0.21352
-0.12362
-0.03856
0.04047
0.11268
0.17683
0.23195
0.27706
0.31314
0.33997
0.35730
0.36482
0.36395
0.35569
0.34039
0.31842
0.29074
0.25909
0.22421
0.18679
0.14748
0.10763
0.06805
0.02941
-0.00764
-0.04271
-0.07539
-0.10521
-0.13175
-0.15499
-0.17541
-0.19284
-0.20718
-0.21829
-0.22736
-0.23452
-0.23977
-0.24314
-0.24547
-0.24720
-0.24834
-0.24889
-0.24923
-0.24965
-0.25010
-0.25045
-0.25085
-0.25115
-0.25118
-0.25073
-0.24980
-0.24810
-0.24525
-0.24104
-0.23542
-0.22831
-0.21918
-0.20793
-0.19455
-0.17925
-0.16165
-0.14179
-0.11982
-0.09602
-0.07048
-0.04336
-0.01497
0.01433
0.04421
0.07428
0.10416
0.13344
0.16186
0.18887
0.21408
0.23718
0.25801
0.27622
0.29149
0.30367
0.31279
0.31888
0.32174
0.32148
0.31829
0.31256
0.30426
0.29368
0.28119
0.26721
0.25192
0.23561
0.21869
0.20153
0.18426
0.16703
0.15017
0.13391
0.11823
0.10307
0.08860
0.07492
0.06195
0.04942
0.03738
0.02588
0.01488
0.00406
-0.00653
-0.01684
-0.02679
-0.03658
-0.04606
-0.05512
-0.06361
-0.07147
-0.07849
-0.08444
-0.08916
-0.09250
-0.09412
-0.09374
-0.09133
-0.08683
-0.07982
-0.07008
-0.05781
-0.04324
-0.02613
-0.00618
0.01602
0.03990
0.06516
0.09243
0.12073
0.14919
0.17698
0.20486
0.23194
0.25721
0.27978
0.29977
0.31723
0.33122
0.34113
0.34671
0.34845
0.34593
0.33907
0.32780
0.31208
0.29218
0.26844
0.24121
0.21000
0.17464
0.13590
0.09427
0.04955
0.00015
-0.05291
-0.10917
-0.16836
-0.23254
-0.30108
-0.37338
-0.44887
-0.52809
-0.61124
-0.69704
-0.78436
-0.87216
-0.95998
-1.04589
-1.12808
-1.20453
-1.27337
-1.33232
-1.37921
-1.41188
-1.42811
-1.42572
-1.40312
-1.35907
-1.29261
-1.20286
-1.08980
-0.95412
-0.79710
-0.62039
-0.42605
-0.21706
0.00305
0.23039
0.46102
0.69052
0.91419
1.12743
1.32614
1.50604
1.66316
1.79408
1.89689
1.96932
2.00980
2.01762
1.99391
1.94017
1.85754
1.74835
1.61607
1.46586
1.30056
1.12435
0.94165
0.75864
0.57847
0.40503
0.24209
0.09360
-0.03828
-0.15206
-0.24609
-0.31945
-0.37273
-0.40747
-0.42454
-0.42546
-0.41353
-0.39245
-0.36490
-0.33356
-0.30226
-0.27543
-0.25561
-0.24506
-0.24605
-0.26168
-0.29231
-0.33838
-0.39966
-0.47640
-0.56587
-0.66596
-0.77426
-0.88813
-1.00282
-1.11395
-1.21805
-1.31155
-1.38976
-1.44774
-1.48270
-1.49240
-1.47453
-1.42619
-1.34692
-1.23739
-1.09884
-0.93240
-0.74074
-0.52763
-0.29757
-0.05531
0.19385
0.44427
0.69012
0.92542
1.14428
1.34151
1.51251
1.65309
1.75949
1.82929
1.86116
1.85472
1.81015
1.72888
1.61343
1.46721
1.29429
1.09911
0.88680
0.66286
0.43318
0.20322
-0.02184
-0.23679
-0.43671
-0.61701
-0.77512
-0.90813
-1.01385
-1.09004
-1.13761
-1.15691
-1.14865
-1.11372
-1.05506
-0.97604
-0.87943
-0.76818
-0.64583
-0.51697
-0.38500
-0.25317
-0.12490
-0.00348
0.10844
0.20864
0.29475
0.36551
0.42045
0.45893
0.48046
0.48480
0.47442
0.45021
0.41332
0.36419
0.30671
0.24307
0.17509
0.10416
0.03315
-0.03515
-0.09905
-0.15711
-0.20783
-0.24947
-0.28107
-0.30202
-0.31161
-0.31022
-0.29806
-0.27551
-0.24280
-0.20135
-0.15292
-0.09864
-0.03959
0.02311
0.08666
0.14957
0.21051
0.26888
0.32244
0.36975
0.40985
0.44240
0.46694
0.48260
0.48902
0.48631
0.47549
0.45674
0.43042
0.39708
0.35828
0.31532
0.26904
0.22031
0.17040
0.12100
0.07308
0.02746
-0.01510
-0.05372
-0.08771
-0.11664
-0.14028
-0.15908
-0.17320
-0.18271
-0.18791
-0.18997
-0.19042
-0.18963
-0.18819
-0.18713
-0.18902
-0.19411
-0.20289
-0.21581
-0.23489
-0.26026
-0.29170
-0.32889
-0.37208
-0.42109
-0.47454
-0.53126
-0.58997
-0.64955
-0.70769
-0.76262
-0.81244
-0.85510
-0.88819
-0.90991
-0.91869
-0.91279
-0.89038
-0.85063
-0.79316
-0.71780
-0.62403
-0.51283
-0.38556
-0.24405
-0.08973
0.07470
0.24617
0.42138
0.59718
0.77017
0.93643
1.09233
1.23450
1.36016
1.46608
1.54982
1.60946
1.64400
1.65246
1.63462
1.59097
1.52282
1.43189
1.32018
1.19036
1.04556
0.88936
0.72483
0.55559
0.38526
0.21766
0.05546
-0.09846
-0.24140
-0.37085
-0.48546
-0.58439
-0.66665
-0.73172
-0.77964
-0.81178
-0.82888
-0.83193
-0.82217
-0.80190
-0.77290
-0.73680
-0.69535
-0.65050
-0.60391
-0.55700
-0.51112
-0.46769
-0.42697
-0.38968
-0.35637
-0.32803
-0.30348
-0.28241
-0.26479
-0.25096
-0.23973
-0.22965
-0.22042
-0.21191
-0.20400
-0.19462
-0.18352
-0.17067
-0.15645
-0.13970
-0.12029
-0.09851
-0.07475
-0.04915
-0.02190
0.00652
0.03562
0.06507
0.09396
0.12186
0.14837
0.17349
0.19615
0.21594
0.23279
0.24692
0.25791
0.26531
0.26936
0.27042
0.26876
0.26398
0.25646
0.24665
0.23499
0.22132
0.20595
0.18928
0.17168
0.15313
0.13380
0.11399
0.09399
0.07384
0.05360
0.03351
0.01382
-0.00526
-0.02373
-0.04138
-0.05795
-0.07312
-0.08676
-0.09874
-0.10884
-0.11679
-0.12228
-0.12530
-0.12578
-0.12364
-0.11865
-0.11084
-0.10035
-0.08737
-0.07202
-0.05431
-0.03458
-0.01325
0.00926
0.03275
0.05689
0.08115
0.10500
0.12799
0.14990
0.17031
0.18871
0.20467
0.21800
0.22852
0.23596
0.24006
0.24066
0.23788
0.23171
0.22215
0.20924
0.19321
0.17431
0.15278
0.12888
0.10291
0.07527
0.04634
0.01655
-0.01370
-0.04402
-0.07396
-0.10306
-0.13086
-0.15704
-0.18121
-0.20299
-0.22201
-0.23804
-0.25091
-0.26040
-0.26637
-0.26880
-0.26775
-0.26327
-0.25550
-0.24472
-0.23121
-0.21525
-0.19723
-0.17765
-0.15697
-0.13556
-0.11388
-0.09246
-0.07187
-0.05229
-0.03409
-0.01762
-0.00330
0.00894
0.01902
0.02686
0.03243
0.03592
0.03763
0.03775
0.03650
0.03422
0.03135
0.02818
0.02503
0.02223
0.02008
0.01880
0.01855
0.01951
0.02177
0.02523
0.02986
0.03559
0.04237
0.04977
0.05760
0.06568
0.07384
0.08160
0.08869
0.09496
0.10027
0.10429
0.10679
0.10776
0.10720
0.10498
0.10103
0.09546
0.08843
0.08001
0.07027
0.05941
0.04768
0.03528
0.02238
0.00922
-0.00395
-0.01690
-0.02936
-0.04111
-0.05195
-0.06172
-0.07008
-0.07686
-0.08195
-0.08528
-0.08665
-0.08584
-0.08291
-0.07791
-0.07087
-0.06165
-0.05046
-0.03747
-0.02293
-0.00698
0.01011
0.02805
0.04647
0.06497
0.08318
0.10078
0.11740
0.13263
0.14589
0.15703
0.16577
0.17183
0.17473
0.17438
0.17074
0.16375
0.15330
0.13938
0.12224
0.10212
0.07928
0.05399
0.02677
-0.00188
-0.03141
-0.06118
-0.09057
-0.11892
-0.14555
-0.16974
-0.19084
-0.20833
-0.22171
-0.23053
-0.23431
-0.23302
-0.22660
-0.21513
-0.19864
-0.17755
-0.15246
-0.12401
-0.09278
-0.05942
-0.02498
0.00956
0.04327
0.07573
0.10588
0.13286
0.15589
0.17483
0.18937
0.19908
0.20374
0.20348
0.19887
0.19012
0.17757
0.16168
0.14324
0.12298
0.10159
0.07966
0.05759
0.03604
0.01565
-0.00313
-0.02029
-0.03613
-0.05025
-0.06254
-0.07317
-0.08350
-0.09347
-0.10327
-0.11318
-0.12440
-0.13756
-0.15275
-0.17005
-0.18984
-0.21278
-0.23855
-0.26678
-0.29697
-0.32893
-0.36185
-0.39482
-0.42677
-0.45653
-0.48288
-0.50461
-0.52054
-0.52937
-0.52973
-0.52071
-0.50162
-0.47193
-0.43087
-0.37843
-0.31497
-0.24116
-0.15764
-0.06544
0.03381
0.13828
0.24606
0.35528
0.46353
0.56841
0.66759
0.75924
0.84104
0.91108
0.96773
1.00998
1.03685
1.04768
1.04226
1.02101
0.98473
0.93420
0.87070
0.79587
0.71190
0.62044
0.52361
0.42354
0.32263
0.22267
0.12548
0.03282
-0.05364
-0.13279
-0.20391
-0.26621
-0.31918
-0.36261
-0.39711
-0.42295
-0.44055
-0.45052
-0.45415
-0.45239
-0.44612
-0.43629
-0.42408
-0.41047
-0.39624
-0.38208
-0.36886
-0.35672
-0.34603
-0.33701
-0.33004
-0.32447
-0.31998
-0.31644
-0.31382
-0.31136
-0.30806
-0.30366
-0.29801
-0.29099
-0.28123
-0.26865
-0.25333
-0.23556
-0.21469
-0.19075
-0.16417
-0.13547
-0.10489
-0.07270
-0.03949
-0.00592
0.02747
0.06004
0.09121
0.12046
0.14739
0.17124
0.19157
0.20813
0.22080
0.22923
0.23306
0.23238
0.22736
0.21827
0.20490
0.18761
0.16689
0.14334
0.11715
0.08882
0.05901
0.02848
-0.00224
-0.03271
-0.06221
-0.09006
-0.11562
-0.13865
-0.15864
-0.17509
-0.18767
-0.19639
-0.20111
-0.20169
-0.19818
-0.19099
-0.18037
-0.16651
-0.14974
-0.13090
-0.11040
-0.08863
-0.06604
-0.04348
-0.02150
-0.00039
0.01954
0.03773
0.05362
0.06730
0.07865
0.08762
0.09376
0.09757
0.09920
0.09886
0.09666
0.09310
0.08860
0.08354
0.07830
0.07347
0.06950
0.06675
0.06558
0.06667
0.07021
0.07641
0.08542
0.09761
0.11299
0.13136
0.15255
0.17646
0.20285
0.23106
0.26059
0.29086
0.32149
0.35145
0.38002
0.40647
0.43026
0.45053
0.46651
0.47759
0.48338
0.48362
0.47778
0.46557
0.44692
0.42256
0.39236
0.35651
0.31537
0.27016
0.22172
0.17053
0.11723
0.06304
0.00964
-0.04242
-0.09241
-0.13952
-0.18201
-0.21947
-0.25135
-0.27726
-0.29672
-0.30943
-0.31537
-0.31473
-0.30810
-0.29636
-0.27987
-0.25938
-0.23591
-0.21200
-0.18806
-0.16517
-0.14448
-0.12844
-0.11819
-0.11429
-0.11750
-0.12901
-0.15002
-0.17999
-0.21880
-0.26605
-0.32177
-0.38419
-0.45207
-0.52387
-0.59766
-0.67096
-0.74164
-0.80757
-0.86621
-0.91446
-0.95039
-0.97224
-0.97837
-0.96610
-0.93492
-0.88444
-0.81472
-0.72556
-0.61791
-0.49359
-0.35470
-0.20363
-0.04320
0.12301
0.29145
0.45840
0.61972
0.77145
0.91007
1.03230
1.13456
1.21392
1.26862
1.29740
1.29921
1.27310
1.22008
1.14161
1.03970
0.91577
0.77321
0.61558
0.44681
0.27062
0.09080
-0.08836
-0.26270
-0.42818
-0.58143
-0.71958
-0.83975
-0.93952
-1.01632
-1.07008
-1.10009
-1.10607
-1.08756
-1.04615
-0.98360
-0.90158
-0.80172
-0.68619
-0.55844
-0.42119
-0.27726
-0.12909
0.01997
0.16705
0.30943
0.44440
0.57001
0.68430
0.78534
0.87122
0.94078
0.99404
1.03034
1.04928
1.04979
1.03411
1.00293
0.95706
0.89690
0.82467
0.74257
0.65238
0.55571
0.45432
0.35084
0.24743
0.14613
0.04853
-0.04376
-0.12895
-0.20542
-0.27182
-0.32798
-0.37329
-0.40704
-0.42873
-0.43893
-0.43857
-0.42798
-0.40765
-0.37835
-0.34196
-0.29957
-0.25218
-0.20092
-0.14727
-0.09253
-0.03780
0.01584
0.06764
0.11690
0.16279
0.20464
0.24213
0.27570
0.30497
0.32962
0.34977
0.36650
0.38000
0.39014
0.39715
0.40236
0.40617
0.40852
0.40940
0.41017
0.41097
0.41162
0.41182
0.41234
0.41338
0.41423
0.41434
0.41370
0.41286
0.41044
0.40568
0.39794
0.38832
0.37503
0.35732
0.33456
0.30729
0.27506
0.23697
0.19268
0.14249
0.08727
0.02644
-0.03984
-0.11124
-0.18614
-0.26437
-0.34534
-0.42838
-0.51227
-0.59582
-0.67827
-0.75889
-0.83687
-0.91112
-0.98077
-1.04524
-1.10409
-1.15729
-1.20395
-1.24383
-1.27690
-1.30383
-1.32459
-1.33902
-1.34737
-1.35047
-1.34954
-1.34420
-1.33478
-1.32174
-1.30731
-1.29077
-1.27226
-1.25196
-1.23132
-1.21051
-1.18886
-1.16610
-1.14260
-1.11932
-1.09482
-1.06841
-1.03949
-1.00947
-0.97672
-0.94027
-0.89926
-0.85427
-0.80524
-0.75089
-0.69039
-0.62381
-0.55267
-0.47605
-0.39341
-0.30458
-0.21213
-0.11615
-0.01653
0.08671
0.19170
0.29630
0.40050
0.50425
0.60666
0.70472
0.79817
0.88711
0.97159
1.04947
1.12005
1.18374
1.24124
1.29244
1.33643
1.37391
1.40603
1.43400
1.45802
1.47852
1.49684
1.51440
1.53299
1.55243
1.57379
1.59825
1.62750
1.66165
1.70076
1.74528
1.79580
1.85256
1.91431
1.98057
2.05062
2.12406
2.19875
2.27321
2.34587
2.41518
2.47904
2.53527
2.58188
2.61706
2.63932
2.64671
2.63745
2.61019
2.56523
2.50181
2.41910
2.31673
2.19670
2.06128
1.91063
1.74549
1.56854
1.38599
1.19871
1.00812
0.81618
0.63165
0.45605
0.29039
0.13562
-0.00257
-0.11979
-0.21744
-0.29664
-0.35662
-0.39208
-0.40702
-0.40508
-0.39009
-0.35900
-0.31663
-0.26879
-0.22154
-0.17713
-0.13762
-0.10976
-0.09990
-0.11257
-0.14772
-0.20981
-0.30315
-0.43111
-0.59241
-0.78653
-1.01417
-1.27541
-1.56795
-1.88652
-2.22784
-2.58877
-2.96536
-3.35119
-3.73987
-4.12643
-4.50602
-4.87430
-5.22433
-5.55130
-5.85121
-6.12209
-6.36084
-6.56387
-6.72914
-6.85665
-6.94919
-7.00487
-7.02363
-7.00641
-6.96090
-6.88715
-6.78601
-6.65885
-6.51266
-6.35226
-6.17676
-5.98665
-5.78337
-5.57076
-5.35493
-5.14177
-4.93391
-4.72837
-4.51718
-4.29090
-4.04457
-3.78197
-3.51622
-3.26326
-3.03219
-2.81711
-2.59642
-2.34161
-2.02975
-1.65941
-1.25468
-0.86204
-0.52072
-0.24172
0.00619
0.28222
0.65163
1.14985
1.75405
2.38065
2.91551
3.27911
3.47100
3.59076
3.79411
4.24073
5.00160
5.99905
6.99343
7.65829
7.69654
6.95621
5.50111
3.60297
1.66915
0.10289
