-0.00250
-0.01073
-0.01841
-0.02543
-0.03170
-0.03709
-0.04150
-0.04482
-0.04695
-0.04777
-0.04717
-0.04505
-0.04139
-0.03628
-0.02984
-0.02218
-0.01341
-0.00366
0.00686
0.01792
0.02929
0.04074
0.05204
0.06297
0.07331
0.08282
0.09129
0.09849
0.10426
0.10851
0.11117
0.11215
0.11138
0.10881
0.10453
0.09865
0.09129
0.08257
0.07260
0.06157
0.04972
0.03727
0.02446
0.01152
-0.00135
-0.01394
-0.02605
-0.03751
-0.04810
-0.05767
-0.06615
-0.07351
-0.07968
-0.08462
-0.08830
-0.09077
-0.09211
-0.09241
-0.09177
-0.09027
-0.08801
-0.08512
-0.08172
-0.07792
-0.07385
-0.06961
-0.06527
-0.06089
-0.05652
-0.05225
-0.04810
-0.04412
-0.04029
-0.03662
-0.03312
-0.02978
-0.02659
-0.02357
-0.02069
-0.01796
-0.01536
-0.01290
-0.01057
-0.00837
-0.00631
-0.00439
-0.00261
-0.00094
0.00063
0.00214
0.00361
0.00507
0.00657
0.00816
0.00992
0.01191
0.01420
0.01685
0.01990
0.02340
0.02738
0.03189
0.03695
0.04253
0.04856
0.05497
0.06170
0.06868
0.07578
0.08285
0.08970
0.09618
0.10212
0.10736
0.11175
0.11515
0.11741
0.11838
0.11794
0.11607
0.11275
0.10801
0.10183
0.09424
0.08531
0.07521
0.06410
0.05214
0.03948
0.02630
0.01281
-0.00079
-0.01430
-0.02750
-0.04020
-0.05226
-0.06353
-0.07389
-0.08319
-0.09131
-0.09818
-0.10378
-0.10809
-0.11109
-0.11275
-0.11309
-0.11219
-0.11011
-0.10692
-0.10270
-0.09754
-0.09155
-0.08486
-0.07762
-0.06995
-0.06198
-0.05386
-0.04573
-0.03774
-0.03004
-0.02278
-0.01607
-0.01002
-0.00471
-0.00024
0.00330
0.00584
0.00740
0.00801
0.00770
0.00651
0.00449
0.00173
-0.00159
-0.00533
-0.00932
-0.01340
-0.01742
-0.02118
-0.02452
-0.02725
-0.02919
-0.03019
-0.03017
-0.02906
-0.02679
-0.02332
-0.01857
-0.01261
-0.00555
0.00251
0.01145
0.02116
0.03148
0.04220
0.05310
0.06395
0.07454
0.08465
0.09409
0.10267
0.11020
0.11647
0.12132
0.12465
0.12640
0.12653
0.12498
0.12170
0.11671
0.11014
0.10208
0.09264
0.08195
0.07014
0.05741
0.04397
0.03005
0.01587
0.00162
-0.01247
-0.02619
-0.03934
-0.05170
-0.06306
-0.07328
-0.08226
-0.08989
-0.09609
-0.10075
-0.10383
-0.10539
-0.10548
-0.10419
-0.10158
-0.09773
-0.09281
-0.08700
-0.08049
-0.07347
-0.06613
-0.05866
-0.05122
-0.04399
-0.03716
-0.03090
-0.02534
-0.02054
-0.01653
-0.01337
-0.01109
-0.00971
-0.00916
-0.00933
-0.01009
-0.01135
-0.01298
-0.01483
-0.01675
-0.01856
-0.02010
-0.02120
-0.02171
-0.02154
-0.02060
-0.01880
-0.01605
-0.01229
-0.00754
-0.00185
0.00470
0.01208
0.02020
0.02896
0.03818
0.04769
0.05734
0.06694
0.07633
0.08532
0.09375
0.10143
0.10818
0.11384
0.11830
0.12147
0.12327
0.12359
0.12237
0.11958
0.11529
0.10954
0.10238
0.09385
0.08407
0.07318
0.06136
0.04880
0.03565
0.02210
0.00836
-0.00536
-0.01885
-0.03188
-0.04426
-0.05581
-0.06639
-0.07588
-0.08413
-0.09101
-0.09644
-0.10045
-0.10305
-0.10426
-0.10413
-0.10268
-0.10007
-0.09646
-0.09201
-0.08688
-0.08124
-0.07525
-0.06910
-0.06295
-0.05698
-0.05138
-0.04625
-0.04167
-0.03769
-0.03438
-0.03179
-0.02995
-0.02880
-0.02826
-0.02823
-0.02864
-0.02940
-0.03039
-0.03147
-0.03250
-0.03333
-0.03384
-0.03390
-0.03344
-0.03236
-0.03058
-0.02803
-0.02463
-0.02040
-0.01537
-0.00954
-0.00295
0.00438
0.01236
0.02089
0.02986
0.03916
0.04869
0.05832
0.06790
0.07730
0.08637
0.09497
0.10296
0.11021
0.11659
0.12198
0.12626
0.12930
0.13103
0.13142
0.13041
0.12796
0.12403
0.11863
0.11184
0.10375
0.09444
0.08400
0.07254
0.06025
0.04732
0.03395
0.02035
0.00672
-0.00676
-0.01985
-0.03237
-0.04409
-0.05483
-0.06443
-0.07282
-0.07991
-0.08563
-0.08989
-0.09267
-0.09405
-0.09412
-0.09300
-0.09076
-0.08753
-0.08347
-0.07877
-0.07363
-0.06823
-0.06276
-0.05739
-0.05224
-0.04745
-0.04315
-0.03948
-0.03653
-0.03428
-0.03273
-0.03186
-0.03167
-0.03213
-0.03313
-0.03454
-0.03625
-0.03812
-0.04002
-0.04184
-0.04342
-0.04464
-0.04536
-0.04545
-0.04479
-0.04332
-0.04100
-0.03776
-0.03355
-0.02833
-0.02214
-0.01505
-0.00710
0.00165
0.01112
0.02119
0.03172
0.04255
0.05351
0.06445
0.07521
0.08558
0.09539
0.10444
0.11254
0.11951
0.12522
0.12956
0.13239
0.13361
0.13309
0.13084
0.12687
0.12125
0.11400
0.10518
0.09489
0.08332
0.07069
0.05718
0.04300
0.02837
0.01352
-0.00131
-0.01588
-0.02993
-0.04323
-0.05562
-0.06696
-0.07712
-0.08596
-0.09337
-0.09927
-0.10372
-0.10675
-0.10840
-0.10873
-0.10779
-0.10572
-0.10269
-0.09883
-0.09431
-0.08927
-0.08386
-0.07821
-0.07247
-0.06677
-0.06125
-0.05600
-0.05109
-0.04655
-0.04245
-0.03883
-0.03572
-0.03310
-0.03092
-0.02917
-0.02779
-0.02676
-0.02599
-0.02541
-0.02492
-0.02444
-0.02388
-0.02315
-0.02213
-0.02072
-0.01881
-0.01629
-0.01307
-0.00907
-0.00421
0.00159
0.00839
0.01626
0.02518
0.03511
0.04599
0.05778
0.07044
0.08381
0.09768
0.11184
0.12607
0.14013
0.15379
0.16675
0.17870
0.18933
0.19835
0.20545
0.21042
0.21309
0.21327
0.21078
0.20546
0.19727
0.18634
0.17277
0.15669
0.13820
0.11750
0.09495
0.07091
0.04577
0.01989
-0.00635
-0.03256
-0.05834
-0.08329
-0.10701
-0.12912
-0.14934
-0.16748
-0.18336
-0.19680
-0.20761
-0.21570
-0.22115
-0.22406
-0.22452
-0.22264
-0.21853
-0.21242
-0.20457
-0.19524
-0.18468
-0.17316
-0.16092
-0.14821
-0.13527
-0.12235
-0.10967
-0.09744
-0.08577
-0.07476
-0.06453
-0.05517
-0.04677
-0.03929
-0.03270
-0.02693
-0.02193
-0.01765
-0.01397
-0.01074
-0.00780
-0.00501
-0.00221
0.00074
0.00398
0.00763
0.01185
0.01676
0.02246
0.02899
0.03633
0.04450
0.05347
0.06325
0.07372
0.08470
0.09601
0.10749
0.11895
0.13019
0.14097
0.15103
0.16014
0.16804
0.17451
0.17941
0.18260
0.18395
0.18334
0.18063
0.17587
0.16914
0.16054
0.15017
0.13813
0.12458
0.10980
0.09404
0.07756
0.06064
0.04352
0.02646
0.00970
-0.00650
-0.02190
-0.03627
-0.04947
-0.06142
-0.07202
-0.08118
-0.08883
-0.09495
-0.09961
-0.10288
-0.10483
-0.10555
-0.10512
-0.10367
-0.10134
-0.09827
-0.09461
-0.09048
-0.08602
-0.08134
-0.07656
-0.07180
-0.06716
-0.06275
-0.05861
-0.05481
-0.05139
-0.04842
-0.04593
-0.04392
-0.04237
-0.04126
-0.04058
-0.04031
-0.04037
-0.04068
-0.04115
-0.04169
-0.04221
-0.04261
-0.04277
-0.04256
-0.04186
-0.04055
-0.03852
-0.03571
-0.03205
-0.02748
-0.02193
-0.01535
-0.00780
0.00066
0.00992
0.01993
0.03059
0.04175
0.05320
0.06474
0.07616
0.08724
0.09778
0.10757
0.11640
0.12407
0.13037
0.13511
0.13821
0.13961
0.13925
0.13707
0.13303
0.12718
0.11963
0.11054
0.10002
0.08820
0.07526
0.06140
0.04685
0.03185
0.01662
0.00137
-0.01368
-0.02836
-0.04246
-0.05579
-0.06816
-0.07945
-0.08958
-0.09845
-0.10599
-0.11212
-0.11679
-0.12004
-0.12191
-0.12244
-0.12165
-0.11962
-0.11646
-0.11229
-0.10725
-0.10148
-0.09510
-0.08827
-0.08114
-0.07389
-0.06667
-0.05965
-0.05296
-0.04669
-0.04095
-0.03583
-0.03143
-0.02780
-0.02493
-0.02276
-0.02124
-0.02032
-0.01994
-0.01997
-0.02023
-0.02054
-0.02074
-0.02063
-0.02007
-0.01888
-0.01690
-0.01398
-0.00997
-0.00473
0.00174
0.00941
0.01827
0.02830
0.03945
0.05157
0.06442
0.07777
0.09140
0.10505
0.11848
0.13139
0.14347
0.15444
0.16398
0.17185
0.17786
0.18187
0.18373
0.18328
0.18040
0.17512
0.16755
0.15779
0.14595
0.13214
0.11655
0.09948
0.08121
0.06204
0.04226
0.02218
0.00208
-0.01772
-0.03692
-0.05521
-0.07231
-0.08802
-0.10217
-0.11460
-0.12516
-0.13369
-0.14012
-0.14450
-0.14687
-0.14728
-0.14576
-0.14240
-0.13740
-0.13097
-0.12330
-0.11461
-0.10511
-0.09503
-0.08463
-0.07416
-0.06387
-0.05400
-0.04476
-0.03629
-0.02873
-0.02223
-0.01694
-0.01293
-0.01016
-0.00859
-0.00815
-0.00878
-0.01042
-0.01287
-0.01592
-0.01936
-0.02296
-0.02651
-0.02980
-0.03262
-0.03476
-0.03601
-0.03617
-0.03508
-0.03272
-0.02904
-0.02403
-0.01765
-0.00991
-0.00095
0.00904
0.01986
0.03134
0.04329
0.05546
0.06758
0.07940
0.09063
0.10101
0.11030
0.11833
0.12493
0.12994
0.13319
0.13454
0.13400
0.13159
0.12737
0.12136
0.11360
0.10424
0.09347
0.08150
0.06854
0.05477
0.04042
0.02573
0.01095
-0.00368
-0.01791
-0.03150
-0.04430
-0.05611
-0.06680
-0.07617
-0.08409
-0.09049
-0.09534
-0.09866
-0.10042
-0.10062
-0.09931
-0.09663
-0.09273
-0.08776
-0.08186
-0.07518
-0.06795
-0.06036
-0.05263
-0.04499
-0.03762
-0.03071
-0.02438
-0.01877
-0.01402
-0.01026
-0.00755
-0.00585
-0.00512
-0.00531
-0.00637
-0.00824
-0.01072
-0.01362
-0.01676
-0.01993
-0.02294
-0.02560
-0.02773
-0.02914
-0.02966
-0.02909
-0.02733
-0.02438
-0.02020
-0.01481
-0.00818
-0.00034
0.00853
0.01826
0.02866
0.03954
0.05071
0.06194
0.07299
0.08360
0.09352
0.10251
0.11037
0.11695
0.12211
0.12571
0.12761
0.12772
0.12605
0.12267
0.11762
0.11095
0.10271
0.09306
0.08220
0.07030
0.05757
0.04419
0.03037
0.01632
0.00226
-0.01159
-0.02501
-0.03780
-0.04983
-0.06094
-0.07100
-0.07987
-0.08741
-0.09359
-0.09841
-0.10184
-0.10388
-0.10453
-0.10384
-0.10193
-0.09892
-0.09491
-0.09004
-0.08443
-0.07826
-0.07169
-0.06491
-0.05808
-0.05137
-0.04492
-0.03885
-0.03326
-0.02830
-0.02406
-0.02060
-0.01789
-0.01592
-0.01468
-0.01413
-0.01424
-0.01486
-0.01586
-0.01709
-0.01842
-0.01971
-0.02081
-0.02158
-0.02186
-0.02152
-0.02040
-0.01842
-0.01557
-0.01179
-0.00707
-0.00136
0.00530
0.01282
0.02107
0.02994
0.03932
0.04906
0.05899
0.06892
0.07866
0.08801
0.09679
0.10482
0.11196
0.11805
0.12295
0.12651
0.12862
0.12926
0.12838
0.12598
0.12202
0.11650
0.10951
0.10114
0.09151
0.08073
0.06889
0.05617
0.04275
0.02881
0.01456
0.00016
-0.01419
-0.02830
-0.04198
-0.05507
-0.06736
-0.07869
-0.08896
-0.09807
-0.10594
-0.11246
-0.11756
-0.12123
-0.12354
-0.12452
-0.12423
-0.12273
-0.12009
-0.11649
-0.11207
-0.10699
-0.10140
-0.09546
-0.08932
-0.08311
-0.07698
-0.07108
-0.06553
-0.06041
-0.05572
-0.05150
-0.04776
-0.04452
-0.04176
-0.03936
-0.03721
-0.03521
-0.03325
-0.03122
-0.02898
-0.02640
-0.02336
-0.01970
-0.01531
-0.01011
-0.00408
0.00283
0.01066
0.01945
0.02916
0.03970
0.05097
0.06286
0.07528
0.08809
0.10112
0.11416
0.12703
0.13952
0.15144
0.16261
0.17281
0.18187
0.18958
0.19575
0.20024
0.20294
0.20375
0.20255
0.19926
0.19381
0.18623
0.17658
0.16490
0.15125
0.13569
0.11840
0.09958
0.07945
0.05822
0.03610
0.01336
-0.00972
-0.03282
-0.05566
-0.07793
-0.09935
-0.11968
-0.13867
-0.15608
-0.17168
-0.18523
-0.19666
-0.20591
-0.21293
-0.21766
-0.22006
-0.22021
-0.21824
-0.21431
-0.20858
-0.20120
-0.19236
-0.18229
-0.17122
-0.15941
-0.14709
-0.13449
-0.12181
-0.10921
-0.09688
-0.08499
-0.07371
-0.06314
-0.05332
-0.04428
-0.03608
-0.02874
-0.02228
-0.01662
-0.01171
-0.00748
-0.00385
-0.00076
0.00191
0.00426
0.00641
0.00849
0.01059
0.01284
0.01535
0.01822
0.02156
0.02550
0.03010
0.03543
0.04152
0.04841
0.05617
0.06480
0.07424
0.08440
0.09519
0.10654
0.11834
0.13043
0.14258
0.15459
0.16623
0.17728
0.18754
0.19677
0.20475
0.21127
0.21608
0.21901
0.21998
0.21892
0.21579
0.21053
0.20309
0.19359
0.18219
0.16909
0.15445
0.13847
0.12136
0.10343
0.08497
0.06627
0.04764
0.02933
0.01157
-0.00546
-0.02155
-0.03652
-0.05019
-0.06251
-0.07352
-0.08325
-0.09171
-0.09896
-0.10507
-0.11023
-0.11463
-0.11843
-0.12182
-0.12497
-0.12802
-0.13111
-0.13439
-0.13799
-0.14204
-0.14655
-0.15148
-0.15680
-0.16247
-0.16845
-0.17463
-0.18081
-0.18681
-0.19243
-0.19748
-0.20177
-0.20510
-0.20727
-0.20807
-0.20731
-0.20480
-0.20046
-0.19423
-0.18606
-0.17590
-0.16371
-0.14953
-0.13354
-0.11589
-0.09675
-0.07627
-0.05467
-0.03224
-0.00930
0.01385
0.03688
0.05948
0.08135
0.10219
0.12169
0.13954
0.15545
0.16922
0.18072
0.18983
0.19644
0.20042
0.20174
0.20052
0.19692
0.19108
0.18315
0.17330
0.16182
0.14904
0.13529
0.12090
0.10620
0.09150
0.07710
0.06330
0.05040
0.03869
0.02840
0.01962
0.01242
0.00688
0.00308
0.00106
0.00068
0.00179
0.00421
0.00778
0.01231
0.01759
0.02336
0.02935
0.03530
0.04096
0.04611
0.05057
0.05420
0.05682
0.05830
0.05849
0.05741
0.05506
0.05149
0.04672
0.04079
0.03380
0.02592
0.01731
0.00813
-0.00146
-0.01130
-0.02118
-0.03094
-0.04037
-0.04931
-0.05757
-0.06501
-0.07153
-0.07698
-0.08126
-0.08423
-0.08587
-0.08614
-0.08506
-0.08261
-0.07879
-0.07364
-0.06730
-0.05989
-0.05155
-0.04241
-0.03262
-0.02240
-0.01197
-0.00158
0.00857
0.01823
0.02719
0.03527
0.04226
0.04796
0.05218
0.05480
0.05578
0.05511
0.05276
0.04871
0.04298
0.03574
0.02717
0.01746
0.00680
-0.00463
-0.01656
-0.02873
-0.04088
-0.05272
-0.06400
-0.07448
-0.08400
-0.09240
-0.09951
-0.10517
-0.10925
-0.11178
-0.11279
-0.11233
-0.11042
-0.10711
-0.10255
-0.09692
-0.09038
-0.08312
-0.07531
-0.06714
-0.05876
-0.05035
-0.04209
-0.03415
-0.02666
-0.01970
-0.01333
-0.00761
-0.00260
0.00165
0.00518
0.00804
0.01031
0.01203
0.01328
0.01415
0.01476
0.01525
0.01573
0.01633
0.01718
0.01836
0.01999
0.02216
0.02498
0.02853
0.03283
0.03788
0.04368
0.05022
0.05748
0.06540
0.07381
0.08259
0.09159
0.10065
0.10962
0.11828
0.12640
0.13378
0.14019
0.14542
0.14933
0.15176
0.15257
0.15164
0.14883
0.14411
0.13757
0.12926
0.11927
0.10766
0.09456
0.08023
0.06492
0.04890
0.03241
0.01572
-0.00090
-0.01719
-0.03287
-0.04769
-0.06138
-0.07379
-0.08481
-0.09436
-0.10234
-0.10867
-0.11333
-0.11642
-0.11805
-0.11835
-0.11743
-0.11541
-0.11247
-0.10880
-0.10459
-0.10001
-0.09527
-0.09048
-0.08574
-0.08117
-0.07685
-0.07288
-0.06931
-0.06609
-0.06320
-0.06059
-0.05821
-0.05602
-0.05390
-0.05177
-0.04950
-0.04698
-0.04412
-0.04082
-0.03703
-0.03268
-0.02769
-0.02200
-0.01560
-0.00852
-0.00080
0.00752
0.01640
0.02578
0.03552
0.04548
0.05552
0.06549
0.07525
0.08462
0.09342
0.10147
0.10859
0.11460
0.11934
0.12271
0.12460
0.12490
0.12350
0.12033
0.11544
0.10889
0.10075
0.09108
0.07997
0.06760
0.05421
0.04006
0.02536
0.01038
-0.00465
-0.01943
-0.03371
-0.04719
-0.05962
-0.07075
-0.08046
-0.08863
-0.09515
-0.09989
-0.10278
-0.10387
-0.10330
-0.10119
-0.09766
-0.09286
-0.08698
-0.08026
-0.07298
-0.06538
-0.05772
-0.05024
-0.04311
-0.03651
-0.03059
-0.02554
-0.02149
-0.01846
-0.01638
-0.01522
-0.01491
-0.01542
-0.01660
-0.01826
-0.02019
-0.02218
-0.02403
-0.02556
-0.02658
-0.02692
-0.02643
-0.02492
-0.02226
-0.01841
-0.01341
-0.00725
0.00003
0.00843
0.01780
0.02796
0.03870
0.04982
0.06111
0.07235
0.08330
0.09370
0.10331
0.11186
0.11913
0.12495
0.12921
0.13177
0.13249
0.13127
0.12809
0.12304
0.11620
0.10766
0.09749
0.08586
0.07299
0.05914
0.04457
0.02953
0.01428
-0.00092
-0.01580
-0.03009
-0.04353
-0.05584
-0.06686
-0.07648
-0.08457
-0.09103
-0.09573
-0.09865
-0.09987
-0.09951
-0.09767
-0.09445
-0.08997
-0.08445
-0.07812
-0.07120
-0.06392
-0.05651
-0.04917
-0.04204
-0.03531
-0.02915
-0.02370
-0.01908
-0.01525
-0.01220
-0.00990
-0.00832
-0.00743
-0.00706
-0.00705
-0.00725
-0.00747
-0.00756
-0.00738
-0.00681
-0.00572
-0.00398
-0.00147
0.00185
0.00593
0.01070
0.01611
0.02209
0.02856
0.03532
0.04217
0.04890
0.05530
0.06117
0.06633
0.07060
0.07383
0.07585
0.07648
0.07566
0.07339
0.06972
0.06466
0.05825
0.05054
0.04173
0.03202
0.02162
0.01073
-0.00045
-0.01170
-0.02279
-0.03350
-0.04361
-0.05290
-0.06121
-0.06845
-0.07454
-0.07939
-0.08290
-0.08504
-0.08588
-0.08549
-0.08396
-0.08136
-0.07778
-0.07338
-0.06830
-0.06271
-0.05678
-0.05066
-0.04450
-0.03841
-0.03251
-0.02693
-0.02179
-0.01716
-0.01306
-0.00949
-0.00644
-0.00391
-0.00190
-0.00030
0.00100
0.00209
0.00311
0.00417
0.00537
0.00686
0.00875
0.01118
0.01427
0.01811
0.02272
0.02810
0.03426
0.04121
0.04893
0.05729
0.06612
0.07524
0.08448
0.09367
0.10259
0.11098
0.11858
0.12514
0.13040
0.13414
0.13623
0.13653
0.13490
0.13122
0.12537
0.11744
0.10758
0.09589
0.08253
0.06763
0.05143
0.03428
0.01651
-0.00156
-0.01958
-0.03725
-0.05425
-0.07029
-0.08508
-0.09832
-0.10974
-0.11926
-0.12681
-0.13235
-0.13581
-0.13716
-0.13650
-0.13401
-0.12988
-0.12432
-0.11750
-0.10964
-0.10101
-0.09186
-0.08244
-0.07302
-0.06382
-0.05501
-0.04672
-0.03908
-0.03222
-0.02626
-0.02123
-0.01707
-0.01373
-0.01117
-0.00933
-0.00812
-0.00740
-0.00703
-0.00684
-0.00670
-0.00647
-0.00601
-0.00522
-0.00399
-0.00219
0.00027
0.00343
0.00728
0.01181
0.01700
0.02285
0.02929
0.03618
0.04337
0.05074
0.05814
0.06542
0.07241
0.07890
0.08474
0.08971
0.09366
0.09646
0.09801
0.09822
0.09698
0.09421
0.08989
0.08411
0.07694
0.06847
0.05878
0.04799
0.03631
0.02398
0.01121
-0.00176
-0.01471
-0.02740
-0.03963
-0.05115
-0.06176
-0.07124
-0.07943
-0.08626
-0.09169
-0.09563
-0.09802
-0.09885
-0.09822
-0.09625
-0.09305
-0.08875
-0.08346
-0.07736
-0.07062
-0.06343
-0.05598
-0.04843
-0.04093
-0.03357
-0.02644
-0.01964
-0.01327
-0.00737
-0.00192
0.00312
0.00781
0.01217
0.01626
0.02017
0.02398
0.02779
0.03170
0.03580
0.04015
0.04476
0.04968
0.05493
0.06052
0.06646
0.07266
0.07902
0.08545
0.09187
0.09818
0.10424
0.10988
0.11498
0.11936
0.12289
0.12543
0.12688
0.12714
0.12609
0.12363
0.11969
0.11428
0.10741
0.09911
0.08938
0.07825
0.06586
0.05233
0.03782
0.02247
0.00643
-0.01011
-0.02693
-0.04382
-0.06055
-0.07692
-0.09270
-0.10771
-0.12175
-0.13462
-0.14615
-0.15614
-0.16453
-0.17123
-0.17620
-0.17936
-0.18065
-0.18013
-0.17789
-0.17404
-0.16869
-0.16195
-0.15395
-0.14492
-0.13505
-0.12455
-0.11364
-0.10252
-0.09136
-0.08033
-0.06959
-0.05931
-0.04965
-0.04067
-0.03238
-0.02479
-0.01790
-0.01173
-0.00622
-0.00125
0.00332
0.00760
0.01174
0.01587
0.02010
0.02458
0.02943
0.03478
0.04074
0.04736
0.05462
0.06251
0.07102
0.08013
0.08978
0.09979
0.11000
0.12024
0.13035
0.14016
0.14944
0.15801
0.16565
0.17214
0.17730
0.18098
0.18307
0.18347
0.18206
0.17876
0.17352
0.16642
0.15752
0.14689
0.13460
0.12074
0.10552
0.08915
0.07183
0.05379
0.03523
0.01641
-0.00244
-0.02104
-0.03914
-0.05649
-0.07288
-0.08812
-0.10205
-0.11447
-0.12522
-0.13417
-0.14129
-0.14658
-0.15004
-0.15166
-0.15145
-0.14955
-0.14611
-0.14132
-0.13534
-0.12835
-0.12055
-0.11216
-0.10343
-0.09459
-0.08586
-0.07746
-0.06952
-0.06217
-0.05554
-0.04977
-0.04496
-0.04109
-0.03811
-0.03594
-0.03453
-0.03382
-0.03366
-0.03388
-0.03428
-0.03468
-0.03489
-0.03472
-0.03404
-0.03269
-0.03053
-0.02741
-0.02321
-0.01791
-0.01154
-0.00414
0.00428
0.01368
0.02394
0.03487
0.04627
0.05797
0.06976
0.08144
0.09280
0.10361
0.11364
0.12267
0.13050
0.13698
0.14203
0.14551
0.14733
0.14738
0.14566
0.14224
0.13718
0.13056
0.12244
0.11294
0.10226
0.09058
0.07811
0.06504
0.05159
0.03795
0.02433
0.01096
-0.00195
-0.01421
-0.02566
-0.03620
-0.04572
-0.05411
-0.06126
-0.06713
-0.07176
-0.07521
-0.07751
-0.07872
-0.07890
-0.07822
-0.07681
-0.07485
-0.07249
-0.06990
-0.06721
-0.06459
-0.06216
-0.06008
-0.05848
-0.05746
-0.05702
-0.05717
-0.05792
-0.05926
-0.06118
-0.06354
-0.06619
-0.06899
-0.07179
-0.07443
-0.07673
-0.07852
-0.07959
-0.07977
-0.07887
-0.07676
-0.07337
-0.06866
-0.06255
-0.05499
-0.04598
-0.03563
-0.02410
-0.01154
0.00190
0.01606
0.03070
0.04553
0.06028
0.07467
0.08842
0.10127
0.11300
0.12337
0.13217
0.13916
0.14416
0.14715
0.14808
0.14693
0.14368
0.13833
0.13101
0.12191
0.11122
0.09914
0.08587
0.07163
0.05674
0.04148
0.02614
0.01102
-0.00361
-0.01751
-0.03046
-0.04223
-0.05260
-0.06135
-0.06843
-0.07378
-0.07739
-0.07922
-0.07926
-0.07757
-0.07434
-0.06977
-0.06402
-0.05728
-0.04976
-0.04174
-0.03349
-0.02529
-0.01742
-0.01013
-0.00363
0.00190
0.00631
0.00941
0.01104
0.01116
0.00984
0.00714
0.00314
-0.00210
-0.00844
-0.01563
-0.02340
-0.03150
-0.03964
-0.04758
-0.05504
-0.06178
-0.06753
-0.07206
-0.07509
-0.07652
-0.07629
-0.07436
-0.07069
-0.06524
-0.05805
-0.04931
-0.03922
-0.02799
-0.01581
-0.00290
0.01047
0.02400
0.03741
0.05042
0.06273
0.07413
0.08443
0.09347
0.10107
0.10704
0.11130
0.11384
0.11470
0.11389
0.11144
0.10740
0.10190
0.09512
0.08722
0.07836
0.06872
0.05847
0.04781
0.03692
0.02601
0.01525
0.00481
-0.00519
-0.01461
-0.02334
-0.03126
-0.03827
-0.04433
-0.04943
-0.05357
-0.05672
-0.05889
-0.06012
-0.06050
-0.06012
-0.05906
-0.05742
-0.05529
-0.05280
-0.05008
-0.04726
-0.04446
-0.04180
-0.03935
-0.03719
-0.03540
-0.03404
-0.03318
-0.03281
-0.03288
-0.03334
-0.03415
-0.03526
-0.03656
-0.03794
-0.03924
-0.04033
-0.04107
-0.04132
-0.04097
-0.03992
-0.03805
-0.03526
-0.03146
-0.02664
-0.02086
-0.01415
-0.00656
0.00187
0.01101
0.02067
0.03067
0.04080
0.05088
0.06070
0.07005
0.07874
0.08654
0.09326
0.09870
0.10276
0.10537
0.10647
0.10600
0.10389
0.10017
0.09497
0.08840
0.08059
0.07166
0.06176
0.05110
0.03989
0.02836
0.01671
0.00517
-0.00610
-0.01690
-0.02708
-0.03646
-0.04488
-0.05222
-0.05845
-0.06352
-0.06740
-0.07004
-0.07145
-0.07169
-0.07086
-0.06906
-0.06635
-0.06286
-0.05871
-0.05407
-0.04908
-0.04390
-0.03870
-0.03360
-0.02873
-0.02423
-0.02021
-0.01680
-0.01410
-0.01210
-0.01084
-0.01031
-0.01053
-0.01149
-0.01308
-0.01519
-0.01768
-0.02044
-0.02332
-0.02619
-0.02887
-0.03117
-0.03293
-0.03398
-0.03417
-0.03343
-0.03168
-0.02885
-0.02485
-0.01966
-0.01334
-0.00602
0.00219
0.01118
0.02082
0.03092
0.04124
0.05154
0.06157
0.07109
0.07988
0.08774
0.09448
0.09991
0.10383
0.10609
0.10665
0.10552
0.10271
0.09822
0.09205
0.08435
0.07529
0.06509
0.05393
0.04201
0.02954
0.01678
0.00397
-0.00864
-0.02080
-0.03228
-0.04292
-0.05257
-0.06109
-0.06831
-0.07412
-0.07847
-0.08138
-0.08288
-0.08299
-0.08173
-0.07919
-0.07552
-0.07087
-0.06540
-0.05928
-0.05267
-0.04575
-0.03871
-0.03175
-0.02506
-0.01882
-0.01316
-0.00817
-0.00397
-0.00063
0.00172
0.00308
0.00352
0.00308
0.00186
-0.00010
-0.00268
-0.00570
-0.00898
-0.01230
-0.01548
-0.01831
-0.02064
-0.02227
-0.02306
-0.02282
-0.02141
-0.01873
-0.01482
-0.00969
-0.00337
0.00411
0.01268
0.02211
0.03219
0.04267
0.05331
0.06389
0.07413
0.08376
0.09250
0.10008
0.10623
0.11077
0.11359
0.11460
0.11370
0.11080
0.10589
0.09910
0.09059
0.08054
0.06910
0.05646
0.04289
0.02868
0.01413
-0.00047
-0.01481
-0.02865
-0.04177
-0.05396
-0.06501
-0.07469
-0.08287
-0.08952
-0.09464
-0.09821
-0.10024
-0.10075
-0.09985
-0.09771
-0.09448
-0.09034
-0.08544
-0.07995
-0.07407
-0.06798
-0.06186
-0.05591
-0.05027
-0.04504
-0.04030
-0.03614
-0.03266
-0.02991
-0.02786
-0.02645
-0.02563
-0.02535
-0.02553
-0.02607
-0.02681
-0.02760
-0.02828
-0.02870
-0.02872
-0.02820
-0.02701
-0.02502
-0.02210
-0.01814
-0.01313
-0.00708
-0.00001
0.00806
0.01711
0.02702
0.03757
0.04859
0.05986
0.07118
0.08235
0.09308
0.10313
0.11221
0.12007
0.12648
0.13127
0.13432
0.13550
0.13470
0.13179
0.12681
0.11991
0.11121
0.10084
0.08895
0.07573
0.06149
0.04654
0.03118
0.01574
0.00050
-0.01426
-0.02828
-0.04131
-0.05309
-0.06337
-0.07205
-0.07908
-0.08445
-0.08811
-0.09003
-0.09028
-0.08902
-0.08644
-0.08271
-0.07800
-0.07251
-0.06646
-0.06006
-0.05355
-0.04714
-0.04105
-0.03542
-0.03036
-0.02596
-0.02235
-0.01961
-0.01778
-0.01680
-0.01661
-0.01714
-0.01834
-0.02012
-0.02232
-0.02478
-0.02734
-0.02984
-0.03212
-0.03401
-0.03538
-0.03607
-0.03594
-0.03485
-0.03270
-0.02947
-0.02514
-0.01969
-0.01309
-0.00537
0.00334
0.01290
0.02314
0.03393
0.04511
0.05644
0.06767
0.07855
0.08881
0.09821
0.10652
0.11354
0.11908
0.12295
0.12494
0.12493
0.12292
0.11893
0.11300
0.10514
0.09541
0.08400
0.07118
0.05718
0.04227
0.02670
0.01076
-0.00525
-0.02101
-0.03621
-0.05053
-0.06373
-0.07564
-0.08610
-0.09497
-0.10208
-0.10733
-0.11076
-0.11246
-0.11252
-0.11103
-0.10809
-0.10387
-0.09860
-0.09250
-0.08581
-0.07874
-0.07150
-0.06427
-0.05722
-0.05051
-0.04433
-0.03881
-0.03399
-0.02987
-0.02645
-0.02375
-0.02176
-0.02039
-0.01953
-0.01904
-0.01881
-0.01869
-0.01856
-0.01828
-0.01771
-0.01670
-0.01513
-0.01286
-0.00983
-0.00602
-0.00136
0.00417
0.01061
0.01792
0.02599
0.03473
0.04403
0.05379
0.06388
0.07409
0.08421
0.09406
0.10341
0.11207
0.11984
0.12653
0.13195
0.13591
0.13821
0.13877
0.13755
0.13451
0.12960
0.12279
0.11413
0.10379
0.09195
0.07877
0.06445
0.04918
0.03325
0.01695
0.00060
-0.01551
-0.03107
-0.04585
-0.05961
-0.07213
-0.08319
-0.09256
-0.10012
-0.10588
-0.10983
-0.11199
-0.11236
-0.11100
-0.10809
-0.10385
-0.09848
-0.09221
-0.08524
-0.07781
-0.07014
-0.06248
-0.05505
-0.04810
-0.04177
-0.03616
-0.03133
-0.02737
-0.02434
-0.02228
-0.02108
-0.02064
-0.02084
-0.02155
-0.02265
-0.02399
-0.02535
-0.02657
-0.02746
-0.02782
-0.02752
-0.02646
-0.02456
-0.02171
-0.01784
-0.01289
-0.00694
-0.00007
0.00762
0.01606
0.02513
0.03467
0.04444
0.05424
0.06384
0.07304
0.08162
0.08938
0.09613
0.10165
0.10575
0.10828
0.10919
0.10843
0.10597
0.10176
0.09579
0.08818
0.07911
0.06875
0.05726
0.04481
0.03165
0.01805
0.00429
-0.00934
-0.02255
-0.03510
-0.04676
-0.05732
-0.06659
-0.07435
-0.08042
-0.08477
-0.08742
-0.08838
-0.08768
-0.08532
-0.08146
-0.07631
-0.07010
-0.06307
-0.05542
-0.04741
-0.03927
-0.03128
-0.02369
-0.01675
-0.01068
-0.00561
-0.00159
0.00129
0.00296
0.00336
0.00256
0.00073
-0.00196
-0.00534
-0.00925
-0.01348
-0.01778
-0.02188
-0.02552
-0.02843
-0.03039
-0.03124
-0.03088
-0.02917
-0.02599
-0.02124
-0.01497
-0.00732
0.00158
0.01159
0.02256
0.03429
0.04648
0.05882
0.07101
0.08275
0.09375
0.10374
0.11248
0.11973
0.12524
0.12879
0.13028
0.12970
0.12704
0.12229
0.11545
0.10660
0.09595
0.08374
0.07019
0.05552
0.03997
0.02385
0.00746
-0.00889
-0.02490
-0.04025
-0.05473
-0.06811
-0.08021
-0.09082
-0.09973
-0.10684
-0.11217
-0.11571
-0.11748
-0.11749
-0.11580
-0.11257
-0.10802
-0.10232
-0.09568
-0.08830
-0.08039
-0.07220
-0.06396
-0.05590
-0.04824
-0.04117
-0.03478
-0.02916
-0.02442
-0.02065
-0.01791
-0.01609
-0.01509
-0.01479
-0.01510
-0.01589
-0.01697
-0.01812
-0.01913
-0.01978
-0.01985
-0.01918
-0.01766
-0.01517
-0.01158
-0.00678
-0.00073
0.00647
0.01472
0.02387
0.03383
0.04444
0.05546
0.06661
0.07759
0.08813
0.09793
0.10675
0.11437
0.12056
0.12511
0.12779
0.12846
0.12714
0.12385
0.11863
0.11150
0.10254
0.09195
0.07999
0.06693
0.05302
0.03853
0.02374
0.00893
-0.00562
-0.01961
-0.03275
-0.04483
-0.05570
-0.06526
-0.07338
-0.07996
-0.08490
-0.08826
-0.09014
-0.09063
-0.08983
-0.08784
-0.08480
-0.08091
-0.07637
-0.07136
-0.06608
-0.06069
-0.05534
-0.05016
-0.04528
-0.04084
-0.03694
-0.03361
-0.03084
-0.02861
-0.02692
-0.02575
-0.02502
-0.02461
-0.02439
-0.02423
-0.02401
-0.02360
-0.02286
-0.02167
-0.01990
-0.01740
-0.01409
-0.00992
-0.00489
0.00099
0.00775
0.01538
0.02376
0.03274
0.04215
0.05181
0.06157
0.07122
0.08053
0.08925
0.09713
0.10394
0.10945
0.11352
0.11602
0.11682
0.11580
0.11284
0.10797
0.10131
0.09297
0.08306
0.07170
0.05907
0.04547
0.03117
0.01646
0.00164
-0.01302
-0.02727
-0.04084
-0.05350
-0.06500
-0.07509
-0.08367
-0.09072
-0.09618
-0.10002
-0.10220
-0.10279
-0.10192
-0.09978
-0.09650
-0.09227
-0.08724
-0.08160
-0.07557
-0.06931
-0.06304
-0.05694
-0.05112
-0.04563
-0.04057
-0.03599
-0.03197
-0.02851
-0.02554
-0.02299
-0.02078
-0.01884
-0.01709
-0.01541
-0.01368
-0.01179
-0.00962
-0.00707
-0.00406
-0.00056
0.00348
0.00809
0.01333
0.01916
0.02552
0.03232
0.03949
0.04695
0.05458
0.06226
0.06980
0.07706
0.08387
0.09008
0.09554
0.10012
0.10367
0.10605
0.10713
0.10683
0.10514
0.10203
0.09750
0.09152
0.08413
0.07546
0.06565
0.05487
0.04324
0.03093
0.01815
0.00516
-0.00782
-0.02054
-0.03277
-0.04431
-0.05497
-0.06458
-0.07297
-0.07995
-0.08542
-0.08938
-0.09184
-0.09283
-0.09234
-0.09043
-0.08725
-0.08299
-0.07784
-0.07199
-0.06564
-0.05896
-0.05218
-0.04548
-0.03907
-0.03314
-0.02783
-0.02319
-0.01926
-0.01608
-0.01367
-0.01205
-0.01110
-0.01067
-0.01063
-0.01083
-0.01111
-0.01133
-0.01130
-0.01087
-0.00987
-0.00812
-0.00552
-0.00206
0.00228
0.00749
0.01359
0.02054
0.02819
0.03635
0.04482
0.05343
0.06197
0.07022
0.07795
0.08493
0.09090
0.09565
0.09899
0.10084
0.10110
0.09969
0.09652
0.09155
0.08490
0.07669
0.06707
0.05619
0.04418
0.03127
0.01774
0.00385
-0.01013
-0.02393
-0.03731
-0.05003
-0.06189
-0.07266
-0.08212
-0.09010
-0.09653
-0.10138
-0.10461
-0.10617
-0.10605
-0.10435
-0.10121
-0.09678
-0.09123
-0.08471
-0.07739
-0.06952
-0.06133
-0.05303
-0.04487
-0.03705
-0.02972
-0.02301
-0.01707
-0.01202
-0.00799
-0.00496
-0.00287
-0.00165
-0.00124
-0.00156
-0.00247
-0.00375
-0.00518
-0.00655
-0.00763
-0.00822
-0.00815
-0.00723
-0.00531
-0.00221
0.00222
0.00796
0.01494
0.02310
0.03237
0.04267
0.05381
0.06549
0.07742
0.08928
0.10078
0.11162
0.12149
0.13009
0.13713
0.14228
0.14530
0.14607
0.14455
0.14070
0.13448
0.12585
0.11496
0.10206
0.08743
0.07135
0.05408
0.03594
0.01730
-0.00144
-0.01991
-0.03771
-0.05448
-0.06996
-0.08393
-0.09615
-0.10641
-0.11448
-0.12031
-0.12394
-0.12544
-0.12486
-0.12226
-0.11776
-0.11159
-0.10401
-0.09526
-0.08559
-0.07525
-0.06449
-0.05355
-0.04268
-0.03212
-0.02212
-0.01285
-0.00439
0.00313
0.00963
0.01498
0.01915
0.02220
0.02418
0.02517
0.02521
0.02438
0.02283
0.02071
0.01815
0.01533
0.01237
0.00942
0.00659
0.00398
0.00172
-0.00008
-0.00136
-0.00214
-0.00243
-0.00225
-0.00161
-0.00057
0.00077
0.00227
0.00379
0.00519
0.00634
0.00712
0.00741
0.00709
0.00605
0.00418
0.00142
-0.00217
-0.00653
-0.01162
-0.01737
-0.02370
-0.03040
-0.03722
-0.04394
-0.05032
-0.05614
-0.06115
-0.06513
-0.06784
-0.06906
-0.06856
-0.06622
-0.06201
-0.05595
-0.04803
-0.03825
-0.02667
-0.01354
0.00084
0.01618
0.03221
0.04863
0.06507
0.08113
0.09643
0.11058
0.12316
0.13389
0.14254
0.14888
0.15271
0.15381
0.15204
0.14750
0.14030
0.13058
0.11846
0.10409
0.08778
0.06994
0.05096
0.03123
0.01114
-0.00889
-0.02846
-0.04715
-0.06454
-0.08021
-0.09382
-0.10516
-0.11405
-0.12030
-0.12374
-0.12421
-0.12180
-0.11668
-0.10901
-0.09895
-0.08668
-0.07250
-0.05683
-0.04007
-0.02265
-0.00498
0.01251
0.02943
0.04536
0.05989
0.07263
0.08318
0.09137
0.09707
0.10014
0.10047
0.09792
0.09259
0.08471
0.07452
0.06226
0.04818
0.03258
0.01589
-0.00145
-0.01899
-0.03631
-0.05296
-0.06862
-0.08295
-0.09563
-0.10635
-0.11479
-0.12084
-0.12451
-0.12583
-0.12481
-0.12147
-0.11595
-0.10853
-0.09954
-0.08928
-0.07808
-0.06624
-0.05410
-0.04199
-0.03023
-0.01917
-0.00912
-0.00026
0.00732
0.01354
0.01831
0.02156
0.02330
0.02371
0.02300
0.02135
0.01897
0.01607
0.01289
0.00972
0.00681
0.00444
0.00287
0.00225
0.00266
0.00420
0.00696
0.01103
0.01638
0.02286
0.03030
0.03854
0.04740
0.05670
0.06617
0.07554
0.08454
0.09287
0.10028
0.10657
0.11159
0.11517
0.11716
0.11741
0.11587
0.11261
0.10771
0.10126
0.09333
0.08406
0.07367
0.06239
0.05050
0.03822
0.02581
0.01350
0.00151
-0.00992
-0.02059
-0.03026
-0.03879
-0.04613
-0.05225
-0.05708
-0.06060
-0.06280
-0.06380
-0.06375
-0.06279
-0.06107
-0.05875
-0.05599
-0.05300
-0.04996
-0.04708
-0.04455
-0.04249
-0.04098
-0.04006
-0.03982
-0.04030
-0.04151
-0.04335
-0.04568
-0.04836
-0.05126
-0.05422
-0.05708
-0.05960
-0.06159
-0.06284
-0.06314
-0.06236
-0.06042
-0.05727
-0.05284
-0.04706
-0.03993
-0.03163
-0.02233
-0.01221
-0.00147
0.00972
0.02105
0.03225
0.04299
0.05298
0.06191
0.06956
0.07575
0.08033
0.08312
0.08396
0.08278
0.07967
0.07477
0.06820
0.06008
0.05057
0.03993
0.02850
0.01658
0.00449
-0.00745
-0.01895
-0.02978
-0.03966
-0.04835
-0.05560
-0.06123
-0.06522
-0.06755
-0.06821
-0.06720
-0.06453
-0.06037
-0.05491
-0.04836
-0.04091
-0.03277
-0.02415
-0.01530
-0.00645
0.00218
0.01034
0.01786
0.02461
0.03049
0.03539
0.03922
0.04189
0.04343
0.04391
0.04341
0.04198
0.03969
0.03668
0.03311
0.02916
0.02498
0.02076
0.01664
0.01279
0.00934
0.00644
0.00425
0.00288
0.00236
0.00273
0.00397
0.00612
0.00917
0.01303
0.01755
0.02260
0.02801
0.03364
0.03933
0.04485
0.05001
0.05461
0.05842
0.06127
0.06304
0.06366
0.06301
0.06101
0.05758
0.05277
0.04669
0.03948
0.03125
0.02212
0.01227
0.00195
-0.00859
-0.01910
-0.02934
-0.03905
-0.04806
-0.05620
-0.06327
-0.06912
-0.07358
-0.07662
-0.07830
-0.07865
-0.07773
-0.07557
-0.07230
-0.06813
-0.06327
-0.05794
-0.05235
-0.04671
-0.04120
-0.03602
-0.03133
-0.02734
-0.02421
-0.02197
-0.02064
-0.02019
-0.02062
-0.02192
-0.02400
-0.02667
-0.02975
-0.03305
-0.03637
-0.03954
-0.04236
-0.04461
-0.04611
-0.04665
-0.04605
-0.04423
-0.04115
-0.03678
-0.03108
-0.02401
-0.01565
-0.00617
0.00426
0.01546
0.02727
0.03946
0.05179
0.06398
0.07574
0.08682
0.09693
0.10588
0.11347
0.11952
0.12384
0.12625
0.12667
0.12513
0.12166
0.11628
0.10904
0.10001
0.08942
0.07750
0.06447
0.05058
0.03606
0.02119
0.00625
-0.00846
-0.02266
-0.03606
-0.04845
-0.05967
-0.06954
-0.07792
-0.08464
-0.08961
-0.09288
-0.09451
-0.09455
-0.09307
-0.09015
-0.08597
-0.08075
-0.07469
-0.06802
-0.06093
-0.05363
-0.04631
-0.03915
-0.03233
-0.02605
-0.02043
-0.01548
-0.01123
-0.00769
-0.00488
-0.00278
-0.00128
-0.00025
0.00047
0.00100
0.00148
0.00206
0.00287
0.00404
0.00571
0.00802
0.01103
0.01473
0.01911
0.02415
0.02983
0.03610
0.04281
0.04979
0.05687
0.06387
0.07061
0.07692
0.08262
0.08751
0.09141
0.09414
0.09558
0.09566
0.09436
0.09161
0.08738
0.08166
0.07456
0.06620
0.05673
0.04627
0.03496
0.02299
0.01060
-0.00201
-0.01462
-0.02699
-0.03893
-0.05026
-0.06080
-0.07038
-0.07881
-0.08596
-0.09177
-0.09620
-0.09922
-0.10079
-0.10089
-0.09960
-0.09703
-0.09332
-0.08857
-0.08293
-0.07654
-0.06961
-0.06236
-0.05498
-0.04769
-0.04067
-0.03409
-0.02808
-0.02280
-0.01840
-0.01501
-0.01265
-0.01128
-0.01087
-0.01139
-0.01280
-0.01499
-0.01775
-0.02087
-0.02415
-0.02738
-0.03035
-0.03285
-0.03466
-0.03557
-0.03536
-0.03383
-0.03091
-0.02659
-0.02085
-0.01365
-0.00500
0.00501
0.01614
0.02816
0.04084
0.05395
0.06722
0.08035
0.09300
0.10486
0.11560
0.12491
0.13260
0.13849
0.14243
0.14424
0.14377
0.14102
0.13609
0.12911
0.12020
0.10947
0.09711
0.08341
0.06867
0.05320
0.03732
0.02131
0.00546
-0.00996
-0.02466
-0.03839
-0.05086
-0.06193
-0.07150
-0.07951
-0.08587
-0.09049
-0.09338
-0.09463
-0.09437
-0.09271
-0.08978
-0.08570
-0.08066
-0.07487
-0.06853
-0.06184
-0.05500
-0.04818
-0.04153
-0.03519
-0.02931
-0.02404
-0.01946
-0.01560
-0.01245
-0.01003
-0.00833
-0.00734
-0.00695
-0.00705
-0.00749
-0.00817
-0.00895
-0.00969
-0.01026
-0.01049
-0.01025
-0.00939
-0.00782
-0.00550
-0.00242
0.00147
0.00617
0.01167
0.01786
0.02459
0.03169
0.03902
0.04642
0.05370
0.06062
0.06698
0.07255
0.07711
0.08049
0.08259
0.08331
0.08255
0.08022
0.07626
0.07077
0.06389
0.05573
0.04643
0.03613
0.02504
0.01342
0.00153
-0.01037
-0.02203
-0.03321
-0.04372
-0.05340
-0.06204
-0.06947
-0.07555
-0.08027
-0.08365
-0.08570
-0.08644
-0.08590
-0.08421
-0.08151
-0.07799
-0.07380
-0.06911
-0.06407
-0.05884
-0.05356
-0.04839
-0.04349
-0.03896
-0.03484
-0.03117
-0.02796
-0.02524
-0.02302
-0.02125
-0.01981
-0.01864
-0.01763
-0.01668
-0.01570
-0.01458
-0.01320
-0.01145
-0.00923
-0.00643
-0.00303
0.00100
0.00570
0.01109
0.01719
0.02393
0.03122
0.03896
0.04705
0.05540
0.06387
0.07227
0.08043
0.08818
0.09532
0.10169
0.10714
0.11151
0.11466
0.11644
0.11671
0.11544
0.11264
0.10830
0.10243
0.09502
0.08620
0.07613
0.06501
0.05302
0.04034
0.02719
0.01381
0.00046
-0.01259
-0.02511
-0.03683
-0.04760
-0.05727
-0.06570
-0.07275
-0.07829
-0.08229
-0.08483
-0.08599
-0.08584
-0.08445
-0.08195
-0.07853
-0.07441
-0.06979
-0.06489
-0.05989
-0.05497
-0.05026
-0.04591
-0.04207
-0.03888
-0.03637
-0.03450
-0.03323
-0.03251
-0.03232
-0.03255
-0.03305
-0.03366
-0.03419
-0.03449
-0.03440
-0.03380
-0.03255
-0.03055
-0.02769
-0.02384
-0.01902
-0.01327
-0.00665
0.00078
0.00897
0.01778
0.02705
0.03656
0.04613
0.05555
0.06462
0.07316
0.08098
0.08789
0.09369
0.09822
0.10138
0.10311
0.10337
0.10212
0.09930
0.09493
0.08914
0.08203
0.07372
0.06433
0.05399
0.04288
0.03121
0.01919
0.00699
-0.00516
-0.01710
-0.02866
-0.03966
-0.04994
-0.05933
-0.06771
-0.07501
-0.08119
-0.08618
-0.08994
-0.09243
-0.09371
-0.09386
-0.09295
-0.09106
-0.08827
-0.08470
-0.08050
-0.07580
-0.07076
-0.06552
-0.06020
-0.05490
-0.04972
-0.04475
-0.04010
-0.03583
-0.03193
-0.02836
-0.02510
-0.02211
-0.01935
-0.01673
-0.01413
-0.01141
-0.00845
-0.00513
-0.00135
0.00297
0.00791
0.01353
0.01992
0.02710
0.03500
0.04352
0.05256
0.06204
0.07185
0.08178
0.09160
0.10109
0.11001
0.11813
0.12524
0.13116
0.13568
0.13863
0.13981
0.13909
0.13648
0.13199
0.12565
0.11746
0.10749
0.09590
0.08292
0.06880
0.05374
0.03800
0.02181
0.00547
-0.01074
-0.02656
-0.04169
-0.05590
-0.06903
-0.08092
-0.09144
-0.10042
-0.10774
-0.11341
-0.11748
-0.11999
-0.12098
-0.12050
-0.11868
-0.11568
-0.11168
-0.10685
-0.10136
-0.09538
-0.08908
-0.08262
-0.07617
-0.06991
-0.06396
-0.05841
-0.05331
-0.04871
-0.04466
-0.04120
-0.03830
-0.03587
-0.03382
-0.03205
-0.03049
-0.02902
-0.02748
-0.02573
-0.02362
-0.02099
-0.01771
-0.01370
-0.00889
-0.00322
0.00338
0.01097
0.01948
0.02880
0.03880
0.04935
0.06034
0.07157
0.08279
0.09373
0.10414
0.11374
0.12228
0.12956
0.13536
0.13949
0.14174
0.14192
0.14000
0.13603
0.13003
0.12207
0.11218
0.10051
0.08735
0.07296
0.05765
0.04168
0.02534
0.00896
-0.00717
-0.02274
-0.03743
-0.05095
-0.06312
-0.07383
-0.08298
-0.09044
-0.09612
-0.10000
-0.10220
-0.10287
-0.10212
-0.10009
-0.09692
-0.09282
-0.08801
-0.08269
-0.07709
-0.07141
-0.06578
-0.06033
-0.05515
-0.05037
-0.04608
-0.04231
-0.03901
-0.03613
-0.03360
-0.03137
-0.02936
-0.02745
-0.02550
-0.02338
-0.02096
-0.01812
-0.01477
-0.01085
-0.00630
-0.00105
0.00494
0.01167
0.01905
0.02701
0.03544
0.04426
0.05337
0.06256
0.07165
0.08044
0.08874
0.09634
0.10308
0.10877
0.11324
0.11631
0.11780
0.11763
0.11577
0.11220
0.10689
0.09983
0.09105
0.08072
0.06903
0.05614
0.04225
0.02755
0.01230
-0.00320
-0.01867
-0.03381
-0.04834
-0.06202
-0.07462
-0.08595
-0.09580
-0.10394
-0.11026
-0.11476
-0.11746
-0.11836
-0.11750
-0.11492
-0.11081
-0.10537
-0.09885
-0.09145
-0.08340
-0.07493
-0.06628
-0.05767
-0.04935
-0.04156
-0.03445
-0.02810
-0.02256
-0.01789
-0.01414
-0.01134
-0.00938
-0.00810
-0.00736
-0.00700
-0.00688
-0.00683
-0.00664
-0.00614
-0.00512
-0.00340
-0.00085
0.00257
0.00691
0.01220
0.01847
0.02573
0.03384
0.04261
0.05189
0.06150
0.07127
0.08097
0.09036
0.09919
0.10722
0.11420
0.11993
0.12428
0.12712
0.12833
0.12777
0.12536
0.12116
0.11526
0.10775
0.09870
0.08822
0.07651
0.06379
0.05030
0.03629
0.02199
0.00764
-0.00653
-0.02030
-0.03342
-0.04568
-0.05687
-0.06688
-0.07563
-0.08303
-0.08900
-0.09346
-0.09645
-0.09805
-0.09837
-0.09749
-0.09550
-0.09254
-0.08879
-0.08443
-0.07967
-0.07467
-0.06962
-0.06466
-0.05993
-0.05557
-0.05170
-0.04847
-0.04588
-0.04393
-0.04257
-0.04180
-0.04158
-0.04182
-0.04236
-0.04302
-0.04364
-0.04405
-0.04408
-0.04357
-0.04234
-0.04025
-0.03711
-0.03280
-0.02727
-0.02054
-0.01263
-0.00355
0.00668
0.01792
0.02996
0.04257
0.05550
0.06852
0.08140
0.09384
0.10555
0.11623
0.12560
0.13338
0.13940
0.14355
0.14570
0.14571
0.14347
0.13900
0.13244
0.12393
0.11360
0.10160
0.08811
0.07343
0.05786
0.04170
0.02524
0.00879
-0.00740
-0.02307
-0.03796
-0.05182
-0.06440
-0.07556
-0.08522
-0.09332
-0.09978
-0.10454
-0.10760
-0.10904
-0.10899
-0.10756
-0.10486
-0.10102
-0.09621
-0.09062
-0.08444
-0.07786
-0.07108
-0.06425
-0.05752
-0.05104
-0.04494
-0.03938
-0.03444
-0.03016
-0.02654
-0.02360
-0.02135
-0.01978
-0.01880
-0.01828
-0.01810
-0.01813
-0.01826
-0.01832
-0.01815
-0.01759
-0.01646
-0.01460
-0.01188
-0.00824
-0.00362
0.00205
0.00881
0.01671
0.02561
0.03538
0.04588
0.05696
0.06847
0.08017
0.09179
0.10305
0.11367
0.12337
0.13190
0.13906
0.14462
0.14839
0.15015
0.14975
0.14719
0.14251
0.13574
0.12693
0.11612
0.10351
0.08936
0.07394
0.05751
0.04034
0.02271
0.00493
-0.01270
-0.02988
-0.04629
-0.06168
-0.07588
-0.08872
-0.10007
-0.10977
-0.11769
-0.12382
-0.12821
-0.13093
-0.13201
-0.13152
-0.12957
-0.12631
-0.12192
-0.11656
-0.11040
-0.10361
-0.09635
-0.08878
-0.08107
-0.07338
-0.06587
-0.05864
-0.05178
-0.04539
-0.03955
-0.03435
-0.02982
-0.02597
-0.02278
-0.02024
-0.01834
-0.01706
-0.01629
-0.01594
-0.01590
-0.01608
-0.01635
-0.01661
-0.01668
-0.01645
-0.01576
-0.01446
-0.01246
-0.00968
-0.00603
-0.00144
0.00416
0.01081
0.01843
0.02693
0.03622
0.04621
0.05681
0.06780
0.07896
0.09004
0.10082
0.11105
0.12052
0.12900
0.13626
0.14209
0.14626
0.14861
0.14910
0.14770
0.14436
0.13906
0.13180
0.12273
0.11203
0.09990
0.08654
0.07214
0.05695
0.04125
0.02533
0.00947
-0.00604
-0.02095
-0.03507
-0.04820
-0.06016
-0.07075
-0.07981
-0.08730
-0.09322
-0.09756
-0.10032
-0.10149
-0.10118
-0.09951
-0.09663
-0.09269
-0.08784
-0.08222
-0.07604
-0.06947
-0.06270
-0.05593
-0.04933
-0.04303
-0.03718
-0.03189
-0.02729
-0.02350
-0.02057
-0.01850
-0.01728
-0.01692
-0.01741
-0.01869
-0.02064
-0.02311
-0.02598
-0.02910
-0.03233
-0.03548
-0.03838
-0.04083
-0.04264
-0.04363
-0.04368
-0.04269
-0.04056
-0.03720
-0.03253
-0.02651
-0.01926
-0.01088
-0.00146
0.00889
0.02004
0.03174
0.04375
0.05581
0.06765
0.07902
0.08969
0.09941
0.10794
0.11507
0.12054
0.12421
0.12605
0.12600
0.12404
0.12011
0.11423
0.10655
0.09726
0.08654
0.07457
0.06154
0.04768
0.03328
0.01860
0.00391
-0.01051
-0.02445
-0.03771
-0.05009
-0.06141
-0.07149
-0.08017
-0.08742
-0.09321
-0.09753
-0.10036
-0.10167
-0.10157
-0.10017
-0.09759
-0.09397
-0.08941
-0.08407
-0.07814
-0.07178
-0.06518
-0.05852
-0.05195
-0.04562
-0.03965
-0.03418
-0.02933
-0.02522
-0.02188
-0.01931
-0.01750
-0.01644
-0.01614
-0.01651
-0.01739
-0.01865
-0.02012
-0.02166
-0.02310
-0.02424
-0.02488
-0.02482
-0.02386
-0.02180
-0.01855
-0.01403
-0.00815
-0.00084
0.00797
0.01822
0.02975
0.04240
0.05599
0.07038
0.08532
0.10050
0.11556
0.13015
0.14394
0.15658
0.16777
0.17723
0.18464
0.18973
0.19221
0.19195
0.18893
0.18315
0.17459
0.16324
0.14920
0.13274
0.11418
0.09380
0.07192
0.04884
0.02498
0.00075
-0.02343
-0.04712
-0.06992
-0.09149
-0.11154
-0.12979
-0.14596
-0.15977
-0.17104
-0.17976
-0.18593
-0.18955
-0.19061
-0.18917
-0.18541
-0.17958
-0.17191
-0.16264
-0.15201
-0.14028
-0.12777
-0.11477
-0.10158
-0.08850
-0.07577
-0.06360
-0.05215
-0.04162
-0.03219
-0.02400
-0.01705
-0.01133
-0.00681
-0.00346
-0.00126
-0.00007
0.00031
0.00006
-0.00063
-0.00158
-0.00257
-0.00342
-0.00391
-0.00383
-0.00300
-0.00122
0.00156
0.00540
0.01035
0.01647
0.02378
0.03219
0.04155
0.05167
0.06242
0.07361
0.08504
0.09644
0.10756
0.11810
0.12782
0.13646
0.14385
0.14979
0.15413
0.15669
0.15731
0.15598
0.15275
0.14766
0.14077
0.13212
0.12186
0.11019
0.09736
0.08358
0.06908
0.05410
0.03887
0.02363
0.00863
-0.00590
-0.01972
-0.03268
-0.04468
-0.05558
-0.06527
-0.07365
-0.08066
-0.08634
-0.09074
-0.09387
-0.09577
-0.09652
-0.09621
-0.09498
-0.09296
-0.09027
-0.08703
-0.08337
-0.07943
-0.07534
-0.07123
-0.06723
-0.06343
-0.05992
-0.05676
-0.05402
-0.05178
-0.05007
-0.04887
-0.04815
-0.04789
-0.04806
-0.04861
-0.04946
-0.05047
-0.05155
-0.05256
-0.05340
-0.05394
-0.05406
-0.05363
-0.05252
-0.05061
-0.04781
-0.04408
-0.03940
-0.03373
-0.02705
-0.01934
-0.01072
-0.00129
0.00882
0.01948
0.03057
0.04191
0.05329
0.06449
0.07531
0.08552
0.09492
0.10336
0.11067
0.11667
0.12120
0.12412
0.12539
0.12502
0.12298
0.11927
0.11389
0.10693
0.09855
0.08890
0.07812
0.06638
0.05386
0.04076
0.02733
0.01378
0.00034
-0.01278
-0.02538
-0.03729
-0.04831
-0.05826
-0.06697
-0.07433
-0.08026
-0.08472
-0.08762
-0.08892
-0.08859
-0.08674
-0.08343
-0.07877
-0.07282
-0.06572
-0.05764
-0.04881
-0.03942
-0.02968
-0.01981
-0.01002
-0.00054
0.00842
0.01665
0.02390
0.03004
0.03498
0.03863
0.04092
0.04176
0.04113
0.03914
0.03591
0.03159
0.02632
0.02024
0.01357
0.00658
-0.00048
-0.00733
-0.01373
-0.01945
-0.02431
-0.02813
-0.03073
-0.03195
-0.03166
-0.02989
-0.02671
-0.02218
-0.01634
-0.00929
-0.00123
0.00760
0.01693
0.02652
0.03609
0.04541
0.05422
0.06226
0.06929
0.07505
0.07934
0.08208
0.08321
0.08266
0.08037
0.07629
0.07054
0.06326
0.05461
0.04475
0.03384
0.02208
0.00974
-0.00295
-0.01571
-0.02831
-0.04049
-0.05208
-0.06287
-0.07268
-0.08131
-0.08861
-0.09450
-0.09897
-0.10198
-0.10350
-0.10353
-0.10212
-0.09939
-0.09548
-0.09053
-0.08466
-0.07802
-0.07080
-0.06319
-0.05539
-0.04758
-0.03995
-0.03262
-0.02571
-0.01935
-0.01364
-0.00870
-0.00454
-0.00113
0.00159
0.00365
0.00510
0.00604
0.00661
0.00698
0.00732
0.00779
0.00854
0.00971
0.01143
0.01380
0.01696
0.02102
0.02599
0.03179
0.03838
0.04567
0.05361
0.06207
0.07080
0.07959
0.08819
0.09636
0.10387
0.11050
0.11602
0.12023
0.12290
0.12382
0.12291
0.12016
0.11557
0.10914
0.10087
0.09083
0.07926
0.06638
0.05241
0.03760
0.02218
0.00644
-0.00934
-0.02485
-0.03982
-0.05395
-0.06704
-0.07894
-0.08950
-0.09857
-0.10599
-0.11170
-0.11574
-0.11817
-0.11904
-0.11841
-0.11634
-0.11301
-0.10858
-0.10323
-0.09713
-0.09045
-0.08335
-0.07600
-0.06854
-0.06114
-0.05395
-0.04708
-0.04059
-0.03453
-0.02896
-0.02393
-0.01948
-0.01554
-0.01207
-0.00901
-0.00629
-0.00385
-0.00160
0.00058
0.00281
0.00521
0.00788
0.01092
0.01441
0.01840
0.02298
0.02820
0.03410
0.04062
0.04770
0.05525
0.06322
0.07150
0.07993
0.08831
0.09641
0.10405
0.11101
0.11708
0.12206
0.12577
0.12800
0.12855
0.12728
0.12416
0.11919
0.11237
0.10369
0.09318
0.08101
0.06743
0.05268
0.03700
0.02062
0.00384
-0.01302
-0.02963
-0.04567
-0.06081
-0.07476
-0.08735
-0.09841
-0.10775
-0.11521
-0.12064
-0.12409
-0.12564
-0.12538
-0.12341
-0.11983
-0.11481
-0.10861
-0.10147
-0.09364
-0.08539
-0.07693
-0.06848
-0.06022
-0.05235
-0.04508
-0.03857
-0.03286
-0.02797
-0.02390
-0.02066
-0.01826
-0.01660
-0.01555
-0.01495
-0.01466
-0.01452
-0.01440
-0.01412
-0.01354
-0.01249
-0.01082
-0.00838
-0.00513
-0.00102
0.00396
0.00985
0.01667
0.02436
0.03276
0.04175
0.05118
0.06091
0.07076
0.08052
0.08995
0.09881
0.10687
0.11391
0.11975
0.12422
0.12716
0.12839
0.12775
0.12521
0.12080
0.11455
0.10650
0.09668
0.08521
0.07234
0.05832
0.04338
0.02779
0.01179
-0.00430
-0.02018
-0.03554
-0.05006
-0.06346
-0.07552
-0.08609
-0.09501
-0.10215
-0.10734
-0.11056
-0.11189
-0.11146
-0.10936
-0.10573
-0.10069
-0.09450
-0.08742
-0.07973
-0.07169
-0.06356
-0.05556
-0.04790
-0.04075
-0.03432
-0.02880
-0.02428
-0.02074
-0.01814
-0.01646
-0.01566
-0.01567
-0.01632
-0.01739
-0.01869
-0.02001
-0.02116
-0.02195
-0.02221
-0.02177
-0.02045
-0.01809
-0.01460
-0.00999
-0.00430
0.00247
0.01029
0.01910
0.02871
0.03891
0.04950
0.06027
0.07101
0.08149
0.09146
0.10068
0.10891
0.11590
0.12149
0.12556
0.12801
0.12872
0.12759
0.12457
0.11973
0.11318
0.10502
0.09533
0.08424
0.07196
0.05873
0.04479
0.03039
0.01577
0.00117
-0.01315
-0.02697
-0.04003
-0.05210
-0.06297
-0.07255
-0.08074
-0.08743
-0.09255
-0.09601
-0.09788
-0.09826
-0.09727
-0.09499
-0.09155
-0.08710
-0.08187
-0.07607
-0.06991
-0.06362
-0.05739
-0.05138
-0.04574
-0.04061
-0.03616
-0.03251
-0.02966
-0.02756
-0.02619
-0.02551
-0.02548
-0.02596
-0.02677
-0.02775
-0.02869
-0.02941
-0.02975
-0.02956
-0.02869
-0.02699
-0.02432
-0.02057
-0.01574
-0.00990
-0.00308
0.00465
0.01325
0.02254
0.03231
0.04232
0.05235
0.06217
0.07155
0.08026
0.08808
0.09479
0.10016
0.10400
0.10623
0.10682
0.10573
0.10292
0.09835
0.09212
0.08440
0.07535
0.06515
0.05396
0.04198
0.02945
0.01664
0.00377
-0.00890
-0.02114
-0.03278
-0.04364
-0.05356
-0.06238
-0.06994
-0.07617
-0.08108
-0.08464
-0.08685
-0.08771
-0.08725
-0.08560
-0.08287
-0.07917
-0.07464
-0.06940
-0.06359
-0.05740
-0.05096
-0.04445
-0.03802
-0.03179
-0.02587
-0.02035
-0.01535
-0.01096
-0.00724
-0.00416
-0.00170
0.00014
0.00140
0.00211
0.00240
0.00238
0.00219
0.00196
0.00181
0.00188
0.00229
0.00318
0.00468
0.00691
0.00994
0.01378
0.01842
0.02387
0.03012
0.03713
0.04475
0.05281
0.06113
0.06955
0.07789
0.08595
0.09349
0.10028
0.10611
0.11074
0.11402
0.11584
0.11611
0.11471
0.11156
0.10661
0.09996
0.09173
0.08203
0.07099
0.05874
0.04549
0.03152
0.01707
0.00240
-0.01223
-0.02659
-0.04046
-0.05361
-0.06582
-0.07688
-0.08662
-0.09497
-0.10186
-0.10724
-0.11107
-0.11329
-0.11398
-0.11324
-0.11120
-0.10794
-0.10358
-0.09828
-0.09220
-0.08553
-0.07845
-0.07113
-0.06376
-0.05648
-0.04943
-0.04276
-0.03663
-0.03115
-0.02641
-0.02242
-0.01923
-0.01688
-0.01540
-0.01475
-0.01484
-0.01557
-0.01686
-0.01859
-0.02066
-0.02289
-0.02510
-0.02712
-0.02878
-0.02989
-0.03033
-0.02996
-0.02864
-0.02625
-0.02265
-0.01782
-0.01178
-0.00459
0.00374
0.01317
0.02360
0.03481
0.04659
0.05873
0.07102
0.08322
0.09508
0.10635
0.11675
0.12604
0.13396
0.14033
0.14503
0.14796
0.14898
0.14798
0.14493
0.13993
0.13309
0.12450
0.11428
0.10257
0.08957
0.07556
0.06077
0.04546
0.02987
0.01424
-0.00121
-0.01623
-0.03061
-0.04411
-0.05656
-0.06786
-0.07790
-0.08659
-0.09383
-0.09955
-0.10378
-0.10656
-0.10794
-0.10797
-0.10669
-0.10422
-0.10070
-0.09627
-0.09106
-0.08522
-0.07889
-0.07223
-0.06541
-0.05859
-0.05191
-0.04554
-0.03958
-0.03412
-0.02927
-0.02512
-0.02177
-0.01922
-0.01745
-0.01643
-0.01613
-0.01652
-0.01753
-0.01899
-0.02077
-0.02271
-0.02468
-0.02650
-0.02803
-0.02910
-0.02953
-0.02917
-0.02787
-0.02554
-0.02216
-0.01769
-0.01207
-0.00529
0.00261
0.01147
0.02116
0.03152
0.04240
0.05364
0.06499
0.07620
0.08704
0.09726
0.10662
0.11494
0.12204
0.12775
0.13191
0.13435
0.13499
0.13387
0.13099
0.12638
0.12006
0.11209
0.10266
0.09193
0.08010
0.06735
0.05388
0.03988
0.02560
0.01125
-0.00294
-0.01675
-0.03000
-0.04254
-0.05423
-0.06493
-0.07448
-0.08279
-0.08983
-0.09559
-0.10004
-0.10316
-0.10497
-0.10552
-0.10492
-0.10324
-0.10058
-0.09703
-0.09271
-0.08777
-0.08233
-0.07653
-0.07052
-0.06442
-0.05834
-0.05240
-0.04670
-0.04136
-0.03648
-0.03209
-0.02821
-0.02489
-0.02213
-0.01997
-0.01836
-0.01725
-0.01657
-0.01626
-0.01625
-0.01645
-0.01678
-0.01713
-0.01740
-0.01748
-0.01729
-0.01676
-0.01583
-0.01442
-0.01249
-0.00997
-0.00685
-0.00314
0.00114
0.00599
0.01139
0.01729
0.02364
0.03036
0.03738
0.04463
0.05202
0.05947
0.06688
0.07415
0.08119
0.08789
0.09417
0.09993
0.10507
0.10952
0.11316
0.11592
0.11775
0.11859
0.11838
0.11707
0.11460
0.11101
0.10630
0.10050
0.09364
0.08573
0.07687
0.06718
0.05677
0.04577
0.03430
0.02249
0.01052
-0.00145
-0.01324
-0.02468
-0.03563
-0.04595
-0.05552
-0.06422
-0.07195
-0.07857
-0.08408
-0.08848
-0.09177
-0.09397
-0.09509
-0.09518
-0.09437
-0.09277
-0.09051
-0.08770
-0.08447
-0.08094
-0.07724
-0.07350
-0.06985
-0.06641
-0.06324
-0.06039
-0.05790
-0.05582
-0.05418
-0.05297
-0.05215
-0.05167
-0.05145
-0.05145
-0.05161
-0.05183
-0.05202
-0.05208
-0.05192
-0.05145
-0.05060
-0.04930
-0.04748
-0.04508
-0.04204
-0.03831
-0.03391
-0.02882
-0.02303
-0.01656
-0.00941
-0.00164
0.00666
0.01543
0.02461
0.03410
0.04380
0.05356
0.06325
0.07273
0.08186
0.09050
0.09850
0.10571
0.11197
0.11713
0.12106
0.12370
0.12497
0.12481
0.12313
0.11991
0.11519
0.10907
0.10164
0.09300
0.08323
0.07252
0.06107
0.04912
0.03688
0.02457
0.01242
0.00062
-0.01061
-0.02107
-0.03055
-0.03886
-0.04594
-0.05172
-0.05616
-0.05920
-0.06081
-0.06104
-0.06002
-0.05786
-0.05469
-0.05064
-0.04584
-0.04049
-0.03476
-0.02884
-0.02291
-0.01714
-0.01165
-0.00656
-0.00198
0.00199
0.00523
0.00771
0.00945
0.01044
0.01069
0.01021
0.00905
0.00727
0.00496
0.00222
-0.00089
-0.00427
-0.00782
-0.01145
-0.01506
-0.01855
-0.02183
-0.02481
-0.02742
-0.02958
-0.03123
-0.03229
-0.03272
-0.03249
-0.03159
-0.03000
-0.02770
-0.02470
-0.02105
-0.01681
-0.01206
-0.00685
-0.00125
0.00462
0.01064
0.01668
0.02260
0.02828
0.03359
0.03841
0.04262
0.04612
0.04877
0.05049
0.05125
0.05104
0.04983
0.04761
0.04437
0.04019
0.03515
0.02938
0.02295
0.01598
0.00858
0.00090
-0.00693
-0.01475
-0.02244
-0.02987
-0.03693
-0.04356
-0.04964
-0.05511
-0.05988
-0.06393
-0.06725
-0.06985
-0.07172
-0.07287
-0.07331
-0.07312
-0.07233
-0.07101
-0.06920
-0.06697
-0.06439
-0.06153
-0.05844
-0.05521
-0.05191
-0.04858
-0.04530
-0.04212
-0.03909
-0.03629
-0.03373
-0.03144
-0.02942
-0.02770
-0.02628
-0.02515
-0.02424
-0.02347
-0.02276
-0.02204
-0.02123
-0.02017
-0.01871
-0.01670
-0.01398
-0.01039
-0.00580
-0.00009
0.00683
0.01510
0.02482
0.03602
0.04863
0.06252
0.07761
0.09379
0.11091
0.12866
0.14670
0.16465
0.18217
0.19890
0.21445
0.22841
0.24039
0.24997
0.25676
0.26044
0.26088
0.25795
0.25150
0.24140
0.22760
0.21032
0.18985
0.16648
0.14050
0.11223
0.08211
0.05070
0.01853
-0.01383
-0.04586
-0.07703
-0.10690
-0.13504
-0.16099
-0.18431
-0.20463
-0.22182
-0.23578
-0.24645
-0.25373
-0.25756
-0.25809
-0.25557
-0.25026
-0.24241
-0.23228
-0.22017
-0.20645
-0.19150
-0.17567
-0.15934
-0.14286
-0.12649
-0.11049
-0.09512
-0.08062
-0.06725
-0.05510
-0.04423
-0.03467
-0.02647
-0.01967
-0.01422
-0.01001
-0.00690
-0.00476
-0.00344
-0.00281
-0.00266
-0.00281
-0.00306
-0.00319
-0.00302
-0.00241
-0.00121
0.00071
0.00348
0.00722
0.01200
0.01778
0.02452
0.03219
0.04076
0.05016
0.06019
0.07066
0.08137
0.09211
0.10269
0.11287
0.12241
0.13108
0.13863
0.14484
0.14952
0.15258
0.15392
0.15344
0.15104
0.14669
0.14048
0.13255
0.12302
0.11202
0.09969
0.08627
0.07202
0.05721
0.04211
0.02698
0.01208
-0.00237
-0.01614
-0.02901
-0.04074
-0.05115
-0.06019
-0.06778
-0.07388
-0.07843
-0.08138
-0.08281
-0.08285
-0.08159
-0.07915
-0.07565
-0.07124
-0.06610
-0.06042
-0.05438
-0.04817
-0.04196
-0.03590
-0.03014
-0.02481
-0.02006
-0.01603
-0.01277
-0.01030
-0.00867
-0.00790
-0.00802
-0.00899
-0.01070
-0.01308
-0.01602
-0.01943
-0.02319
-0.02713
-0.03109
-0.03490
-0.03840
-0.04142
-0.04383
-0.04550
-0.04631
-0.04613
-0.04482
-0.04236
-0.03876
-0.03403
-0.02819
-0.02125
-0.01328
-0.00445
0.00507
0.01511
0.02550
0.03605
0.04656
0.05680
0.06655
0.07558
0.08369
0.09071
0.09652
0.10101
0.10405
0.10553
0.10540
0.10371
0.10052
0.09590
0.08990
0.08260
0.07418
0.06482
0.05470
0.04401
0.03293
0.02164
0.01033
-0.00082
-0.01164
-0.02194
-0.03158
-0.04047
-0.04854
-0.05568
-0.06182
-0.06690
-0.07092
-0.07390
-0.07588
-0.07687
-0.07691
-0.07607
-0.07444
-0.07213
-0.06923
-0.06584
-0.06206
-0.05802
-0.05382
-0.04959
-0.04545
-0.04150
-0.03781
-0.03446
-0.03151
-0.02904
-0.02711
-0.02571
-0.02480
-0.02435
-0.02433
-0.02469
-0.02535
-0.02617
-0.02702
-0.02777
-0.02827
-0.02840
-0.02801
-0.02700
-0.02522
-0.02255
-0.01888
-0.01418
-0.00849
-0.00182
0.00582
0.01438
0.02377
0.03377
0.04417
0.05478
0.06538
0.07576
0.08567
0.09484
0.10303
0.10997
0.11543
0.11927
0.12141
0.12173
0.12014
0.11655
0.11100
0.10364
0.09463
0.08411
0.07224
0.05923
0.04535
0.03091
0.01619
0.00151
-0.01285
-0.02665
-0.03965
-0.05164
-0.06238
-0.07165
-0.07934
-0.08543
-0.08991
-0.09274
-0.09391
-0.09346
-0.09156
-0.08835
-0.08401
-0.07871
-0.07261
-0.06592
-0.05886
-0.05163
-0.04446
-0.03755
-0.03107
-0.02513
-0.01987
-0.01540
-0.01185
-0.00928
-0.00767
-0.00697
-0.00716
-0.00818
-0.00999
-0.01243
-0.01533
-0.01852
-0.02181
-0.02505
-0.02803
-0.03057
-0.03247
-0.03354
-0.03359
-0.03246
-0.03010
-0.02645
-0.02143
-0.01501
-0.00714
0.00203
0.01235
0.02366
0.03579
0.04857
0.06175
0.07502
0.08808
0.10061
0.11231
0.12290
0.13215
0.13981
0.14565
0.14943
0.15097
0.15025
0.14729
0.14211
0.13474
0.12520
0.11369
0.10047
0.08582
0.07000
0.05327
0.03594
0.01832
0.00074
-0.01650
-0.03306
-0.04865
-0.06311
-0.07626
-0.08795
-0.09800
-0.10627
-0.11276
-0.11752
-0.12060
-0.12205
-0.12194
-0.12039
-0.11755
-0.11362
-0.10878
-0.10319
-0.09704
-0.09050
-0.08374
-0.07693
-0.07023
-0.06380
-0.05775
-0.05216
-0.04711
-0.04266
-0.03891
-0.03586
-0.03350
-0.03179
-0.03070
-0.03019
-0.03021
-0.03064
-0.03136
-0.03225
-0.03319
-0.03404
-0.03467
-0.03494
-0.03469
-0.03378
-0.03207
-0.02944
-0.02585
-0.02124
-0.01554
-0.00870
-0.00070
0.00835
0.01833
0.02914
0.04066
0.05276
0.06522
0.07780
0.09024
0.10229
0.11371
0.12427
0.13375
0.14192
0.14858
0.15350
0.15654
0.15764
0.15680
0.15400
0.14919
0.14241
0.13378
0.12352
0.11180
0.09881
0.08477
0.06989
0.05444
0.03870
0.02292
0.00737
-0.00770
-0.02213
-0.03574
-0.04836
-0.05980
-0.06994
-0.07871
-0.08611
-0.09214
-0.09677
-0.10001
-0.10191
-0.10259
-0.10215
-0.10070
-0.09835
-0.09522
-0.09145
-0.08719
-0.08256
-0.07772
-0.07279
-0.06789
-0.06311
-0.05855
-0.05432
-0.05049
-0.04713
-0.04423
-0.04180
-0.03986
-0.03841
-0.03743
-0.03682
-0.03650
-0.03637
-0.03635
-0.03634
-0.03621
-0.03582
-0.03504
-0.03373
-0.03176
-0.02903
-0.02548
-0.02104
-0.01563
-0.00919
-0.00172
0.00670
0.01597
0.02602
0.03674
0.04803
0.05966
0.07141
0.08305
0.09435
0.10508
0.11502
0.12396
0.13166
0.13793
0.14252
0.14532
0.14625
0.14529
0.14238
0.13748
0.13058
0.12184
0.11142
0.09947
0.08618
0.07171
0.05631
0.04023
0.02374
0.00711
-0.00939
-0.02552
-0.04109
-0.05588
-0.06969
-0.08230
-0.09356
-0.10338
-0.11171
-0.11850
-0.12368
-0.12722
-0.12916
-0.12959
-0.12858
-0.12624
-0.12263
-0.11789
-0.11218
-0.10565
-0.09847
-0.09079
-0.08278
-0.07460
-0.06639
-0.05831
-0.05051
-0.04314
-0.03629
-0.03003
-0.02442
-0.01954
-0.01545
-0.01215
-0.00958
-0.00768
-0.00639
-0.00566
-0.00539
-0.00545
-0.00567
-0.00591
-0.00602
-0.00585
-0.00526
-0.00414
-0.00235
0.00024
0.00374
0.00821
0.01362
0.01996
0.02722
0.03537
0.04435
0.05400
0.06412
0.07456
0.08512
0.09562
0.10586
0.11559
0.12459
0.13264
0.13951
0.14505
0.14912
0.15162
0.15242
0.15141
0.14853
0.14384
0.13742
0.12933
0.11965
0.10846
0.09596
0.08234
0.06783
0.05263
0.03695
0.02102
0.00505
-0.01073
-0.02609
-0.04081
-0.05469
-0.06760
-0.07942
-0.09000
-0.09922
-0.10698
-0.11325
-0.11804
-0.12137
-0.12324
-0.12367
-0.12274
-0.12058
-0.11731
-0.11306
-0.10796
-0.10216
-0.09583
-0.08914
-0.08226
-0.07536
-0.06862
-0.06216
-0.05610
-0.05055
-0.04564
-0.04147
-0.03809
-0.03547
-0.03361
-0.03249
-0.03210
-0.03237
-0.03318
-0.03439
-0.03585
-0.03745
-0.03903
-0.04043
-0.04151
-0.04209
-0.04201
-0.04113
-0.03935
-0.03660
-0.03282
-0.02796
-0.02195
-0.01479
-0.00659
0.00259
0.01263
0.02345
0.03493
0.04689
0.05911
0.07141
0.08357
0.09539
0.10669
0.11724
0.12685
0.13533
0.14246
0.14811
0.15217
0.15457
0.15520
0.15398
0.15087
0.14592
0.13922
0.13084
0.12087
0.10939
0.09659
0.08269
0.06792
0.05249
0.03663
0.02057
0.00456
-0.01115
-0.02630
-0.04064
-0.05396
-0.06611
-0.07695
-0.08635
-0.09416
-0.10028
-0.10470
-0.10750
-0.10872
-0.10843
-0.10668
-0.10360
-0.09941
-0.09430
-0.08846
-0.08211
-0.07543
-0.06863
-0.06190
-0.05542
-0.04939
-0.04398
-0.03928
-0.03532
-0.03217
-0.02985
-0.02842
-0.02783
-0.02797
-0.02872
-0.02999
-0.03164
-0.03356
-0.03558
-0.03754
-0.03927
-0.04061
-0.04141
-0.04155
-0.04095
-0.03952
-0.03717
-0.03381
-0.02944
-0.02407
-0.01777
-0.01055
-0.00245
0.00644
0.01600
0.02610
0.03661
0.04738
0.05828
0.06915
0.07983
0.09014
0.09992
0.10900
0.11725
0.12453
0.13070
0.13564
0.13922
0.14134
0.14196
0.14106
0.13859
0.13453
0.12887
0.12169
0.11309
0.10317
0.09205
0.07983
0.06669
0.05282
0.03844
0.02377
0.00900
-0.00566
-0.02000
-0.03383
-0.04696
-0.05916
-0.07029
-0.08024
-0.08896
-0.09638
-0.10242
-0.10704
-0.11027
-0.11221
-0.11294
-0.11257
-0.11118
-0.10890
-0.10588
-0.10227
-0.09824
-0.09394
-0.08950
-0.08504
-0.08063
-0.07638
-0.07236
-0.06867
-0.06532
-0.06228
-0.05954
-0.05707
-0.05486
-0.05286
-0.05098
-0.04917
-0.04733
-0.04539
-0.04329
-0.04095
-0.03833
-0.03537
-0.03201
-0.02820
-0.02392
-0.01915
-0.01389
-0.00812
-0.00185
0.00493
0.01217
0.01985
0.02793
0.03638
0.04515
0.05416
0.06334
0.07260
0.08186
0.09102
0.09997
0.10857
0.11669
0.12418
0.13091
0.13675
0.14157
0.14523
0.14760
0.14855
0.14798
0.14586
0.14218
0.13691
0.13004
0.12156
0.11160
0.10031
0.08783
0.07433
0.05996
0.04492
0.02948
0.01387
-0.00165
-0.01684
-0.03146
-0.04533
-0.05826
-0.07008
-0.08059
-0.08966
-0.09722
-0.10328
-0.10783
-0.11087
-0.11240
-0.11249
-0.11129
-0.10894
-0.10558
-0.10134
-0.09637
-0.09084
-0.08490
-0.07871
-0.07244
-0.06623
-0.06019
-0.05441
-0.04896
-0.04394
-0.03944
-0.03548
-0.03206
-0.02920
-0.02690
-0.02515
-0.02393
-0.02320
-0.02290
-0.02298
-0.02338
-0.02404
-0.02489
-0.02582
-0.02676
-0.02761
-0.02828
-0.02869
-0.02872
-0.02828
-0.02728
-0.02561
-0.02321
-0.02003
-0.01603
-0.01117
-0.00541
0.00127
0.00878
0.01704
0.02596
0.03545
0.04539
0.05564
0.06597
0.07619
0.08607
0.09541
0.10402
0.11169
0.11825
0.12349
0.12724
0.12934
0.12975
0.12846
0.12546
0.12072
0.11426
0.10619
0.09671
0.08599
0.07422
0.06161
0.04835
0.03471
0.02092
0.00726
-0.00604
-0.01874
-0.03068
-0.04173
-0.05173
-0.06053
-0.06802
-0.07416
-0.07898
-0.08249
-0.08474
-0.08574
-0.08556
-0.08433
-0.08218
-0.07924
-0.07562
-0.07145
-0.06686
-0.06197
-0.05690
-0.05178
-0.04671
-0.04178
-0.03706
-0.03259
-0.02846
-0.02471
-0.02138
-0.01848
-0.01600
-0.01397
-0.01237
-0.01121
-0.01044
-0.01004
-0.00996
-0.01017
-0.01063
-0.01128
-0.01205
-0.01290
-0.01374
-0.01452
-0.01517
-0.01564
-0.01586
-0.01576
-0.01528
-0.01437
-0.01301
-0.01117
-0.00881
-0.00593
-0.00250
0.00145
0.00589
0.01077
0.01605
0.02170
0.02765
0.03380
0.04006
0.04635
0.05257
0.05862
0.06442
0.06985
0.07482
0.07923
0.08298
0.08600
0.08824
0.08962
0.09009
0.08959
0.08809
0.08562
0.08217
0.07775
0.07238
0.06610
0.05898
0.05111
0.04259
0.03350
0.02394
0.01404
0.00393
-0.00623
-0.01631
-0.02616
-0.03566
-0.04468
-0.05308
-0.06074
-0.06752
-0.07334
-0.07816
-0.08192
-0.08460
-0.08615
-0.08657
-0.08591
-0.08426
-0.08170
-0.07833
-0.07423
-0.06954
-0.06440
-0.05899
-0.05344
-0.04792
-0.04257
-0.03751
-0.03285
-0.02869
-0.02517
-0.02236
-0.02029
-0.01893
-0.01829
-0.01835
-0.01909
-0.02045
-0.02230
-0.02452
-0.02701
-0.02965
-0.03230
-0.03484
-0.03714
-0.03905
-0.04043
-0.04118
-0.04121
-0.04045
-0.03883
-0.03627
-0.03273
-0.02818
-0.02267
-0.01623
-0.00888
-0.00065
0.00838
0.01810
0.02838
0.03910
0.05014
0.06136
0.07260
0.08367
0.09439
0.10459
0.11409
0.12273
0.13035
0.13679
0.14190
0.14551
0.14753
0.14793
0.14666
0.14371
0.13902
0.13261
0.12462
0.11517
0.10443
0.09252
0.07962
0.06594
0.05173
0.03724
0.02274
0.00846
-0.00536
-0.01853
-0.03087
-0.04217
-0.05224
-0.06095
-0.06826
-0.07418
-0.07870
-0.08180
-0.08351
-0.08394
-0.08325
-0.08159
-0.07911
-0.07597
-0.07234
-0.06839
-0.06428
-0.06019
-0.05629
-0.05271
-0.04953
-0.04680
-0.04459
-0.04296
-0.04196
-0.04155
-0.04169
-0.04232
-0.04339
-0.04485
-0.04662
-0.04861
-0.05073
-0.05291
-0.05504
-0.05705
-0.05886
-0.06042
-0.06166
-0.06250
-0.06290
-0.06279
-0.06215
-0.06092
-0.05908
-0.05657
-0.05338
-0.04948
-0.04487
-0.03951
-0.03341
-0.02655
-0.01899
-0.01077
-0.00193
0.00748
0.01740
0.02771
0.03826
0.04891
0.05953
0.06996
0.08005
0.08960
0.09843
0.10636
0.11318
0.11876
0.12299
0.12575
0.12696
0.12651
0.12432
0.12045
0.11498
0.10798
0.09954
0.08974
0.07875
0.06680
0.05410
0.04088
0.02736
0.01376
0.00030
-0.01279
-0.02531
-0.03703
-0.04775
-0.05737
-0.06578
-0.07291
-0.07865
-0.08293
-0.08575
-0.08717
-0.08724
-0.08602
-0.08356
-0.07995
-0.07534
-0.06986
-0.06365
-0.05684
-0.04959
-0.04203
-0.03430
-0.02656
-0.01894
-0.01159
-0.00461
0.00190
0.00786
0.01318
0.01775
0.02154
0.02454
0.02675
0.02818
0.02881
0.02869
0.02788
0.02648
0.02459
0.02231
0.01972
0.01696
0.01414
0.01140
0.00887
0.00668
0.00492
0.00365
0.00296
0.00289
0.00351
0.00485
0.00688
0.00953
0.01274
0.01646
0.02062
0.02511
0.02979
0.03453
0.03921
0.04368
0.04783
0.05156
0.05477
0.05736
0.05923
0.06030
0.06058
0.06005
0.05872
0.05659
0.05367
0.05001
0.04570
0.04082
0.03543
0.02961
0.02346
0.01704
0.01046
0.00379
-0.00288
-0.00948
-0.01594
-0.02221
-0.02824
-0.03398
-0.03937
-0.04438
-0.04899
-0.05317
-0.05689
-0.06014
-0.06289
-0.06516
-0.06693
-0.06822
-0.06902
-0.06935
-0.06923
-0.06872
-0.06785
-0.06665
-0.06518
-0.06349
-0.06166
-0.05977
-0.05787
-0.05604
-0.05434
-0.05282
-0.05154
-0.05054
-0.04987
-0.04956
-0.04960
-0.04994
-0.05058
-0.05147
-0.05260
-0.05387
-0.05520
-0.05648
-0.05764
-0.05857
-0.05918
-0.05939
-0.05912
-0.05827
-0.05676
-0.05453
-0.05156
-0.04783
-0.04334
-0.03806
-0.03198
-0.02516
-0.01762
-0.00943
-0.00063
0.00873
0.01859
0.02889
0.03955
0.05050
0.06169
0.07303
0.08444
0.09586
0.10719
0.11836
0.12928
0.13984
0.14992
0.15939
0.16815
0.17606
0.18300
0.18883
0.19340
0.19657
0.19820
0.19818
0.19646
0.19296
0.18763
0.18041
0.17126
0.16030
0.14763
0.13337
0.11765
0.10060
0.08243
0.06343
0.04386
0.02401
0.00413
-0.01549
-0.03460
-0.05292
-0.07021
-0.08620
-0.10066
-0.11349
-0.12461
-0.13394
-0.14140
-0.14691
-0.15055
-0.15245
-0.15273
-0.15151
-0.14894
-0.14517
-0.14042
-0.13491
-0.12885
-0.12246
-0.11593
-0.10942
-0.10307
-0.09704
-0.09147
-0.08650
-0.08216
-0.07847
-0.07542
-0.07302
-0.07128
-0.07014
-0.06949
-0.06923
-0.06924
-0.06942
-0.06964
-0.06976
-0.06963
-0.06912
-0.06807
-0.06635
-0.06384
-0.06046
-0.05611
-0.05070
-0.04413
-0.03638
-0.02748
-0.01747
-0.00637
0.00578
0.01890
0.03282
0.04734
0.06227
0.07744
0.09263
0.10759
0.12205
0.13573
0.14835
0.15964
0.16938
0.17735
0.18337
0.18723
0.18873
0.18776
0.18434
0.17849
0.17024
0.15964
0.14674
0.13177
0.11501
0.09672
0.07719
0.05667
0.03551
0.01403
-0.00739
-0.02842
-0.04869
-0.06791
-0.08583
-0.10223
-0.11687
-0.12953
-0.14002
-0.14828
-0.15430
-0.15809
-0.15961
-0.15888
-0.15598
-0.15109
-0.14435
-0.13595
-0.12602
-0.11478
-0.10243
-0.08921
-0.07535
-0.06108
-0.04662
-0.03217
-0.01795
-0.00416
0.00900
0.02133
0.03267
0.04292
0.05195
0.05967
0.06594
0.07072
0.07403
0.07591
0.07637
0.07545
0.07321
0.06980
0.06540
0.06018
0.05431
0.04798
0.04139
0.03475
0.02830
0.02226
0.01683
0.01221
0.00849
0.00580
0.00424
0.00393
0.00492
0.00716
0.01054
0.01498
0.02039
0.02666
0.03360
0.04098
0.04856
0.05612
0.06342
0.07024
0.07639
0.08165
0.08584
0.08876
0.09023
0.09023
0.08871
0.08565
0.08103
0.07482
0.06713
0.05811
0.04790
0.03665
0.02450
0.01165
-0.00169
-0.01530
-0.02897
-0.04248
-0.05561
-0.06819
-0.08007
-0.09106
-0.10100
-0.10973
-0.11717
-0.12328
-0.12801
-0.13131
-0.13313
-0.13351
-0.13251
-0.13024
-0.12676
-0.12218
-0.11658
-0.11015
-0.10304
-0.09543
-0.08748
-0.07936
-0.07123
-0.06324
-0.05554
-0.04829
-0.04164
-0.03568
-0.03043
-0.02594
-0.02224
-0.01935
-0.01727
-0.01589
-0.01509
-0.01476
-0.01477
-0.01500
-0.01529
-0.01546
-0.01533
-0.01474
-0.01349
-0.01148
-0.00862
-0.00483
-0.00004
0.00584
0.01282
0.02080
0.02968
0.03935
0.04971
0.06062
0.07188
0.08325
0.09451
0.10542
0.11576
0.12531
0.13388
0.14129
0.14734
0.15184
0.15467
0.15581
0.15522
0.15291
0.14884
0.14303
0.13561
0.12674
0.11657
0.10526
0.09297
0.07990
0.06626
0.05229
0.03820
0.02421
0.01053
-0.00268
-0.01525
-0.02703
-0.03785
-0.04756
-0.05611
-0.06347
-0.06959
-0.07445
-0.07801
-0.08031
-0.08144
-0.08150
-0.08056
-0.07871
-0.07607
-0.07278
-0.06900
-0.06488
-0.06056
-0.05618
-0.05188
-0.04777
-0.04396
-0.04059
-0.03775
-0.03549
-0.03383
-0.03277
-0.03232
-0.03248
-0.03322
-0.03443
-0.03602
-0.03786
-0.03986
-0.04191
-0.04387
-0.04562
-0.04700
-0.04789
-0.04816
-0.04772
-0.04653
-0.04452
-0.04163
-0.03782
-0.03309
-0.02749
-0.02111
-0.01401
-0.00625
0.00207
0.01080
0.01981
0.02895
0.03805
0.04698
0.05559
0.06374
0.07129
0.07811
0.08405
0.08902
0.09294
0.09575
0.09739
0.09780
0.09693
0.09481
0.09145
0.08690
0.08118
0.07433
0.06642
0.05758
0.04791
0.03751
0.02650
0.01500
0.00318
-0.00881
-0.02082
-0.03269
-0.04426
-0.05539
-0.06593
-0.07573
-0.08465
-0.09255
-0.09935
-0.10499
-0.10940
-0.11253
-0.11432
-0.11479
-0.11400
-0.11203
-0.10894
-0.10482
-0.09975
-0.09391
-0.08743
-0.08050
-0.07326
-0.06588
-0.05849
-0.05122
-0.04420
-0.03757
-0.03145
-0.02588
-0.02088
-0.01644
-0.01256
-0.00924
-0.00644
-0.00403
-0.00190
0.00009
0.00205
0.00413
0.00644
0.00913
0.01234
0.01621
0.02087
0.02638
0.03278
0.04009
0.04832
0.05751
0.06761
0.07849
0.09001
0.10202
0.11438
0.12694
0.13946
0.15168
0.16336
0.17424
0.18409
0.19266
0.19974
0.20510
0.20854
0.20982
0.20881
0.20546
0.19972
0.19156
0.18094
0.16786
0.15250
0.13506
0.11575
0.09477
0.07234
0.04877
0.02443
-0.00031
-0.02510
-0.04956
-0.07334
-0.09613
-0.11761
-0.13745
-0.15534
-0.17100
-0.18432
-0.19523
-0.20365
-0.20949
-0.21270
-0.21338
-0.21172
-0.20792
-0.20217
-0.19466
-0.18564
-0.17541
-0.16426
-0.15251
-0.14046
-0.12839
-0.11651
-0.10501
-0.09410
-0.08396
-0.07478
-0.06659
-0.05937
-0.05311
-0.04778
-0.04335
-0.03974
-0.03677
-0.03428
-0.03210
-0.03007
-0.02801
-0.02579
-0.02324
-0.02024
-0.01662
-0.01226
-0.00712
-0.00119
0.00553
0.01305
0.02136
0.03039
0.04001
0.05009
0.06048
0.07104
0.08163
0.09206
0.10215
0.11171
0.12057
0.12853
0.13547
0.14127
0.14579
0.14894
0.15057
0.15065
0.14918
0.14617
0.14163
0.13558
0.12805
0.11918
0.10912
0.09800
0.08596
0.07317
0.05981
0.04609
0.03222
0.01841
0.00486
-0.00822
-0.02069
-0.03238
-0.04311
-0.05273
-0.06111
-0.06822
-0.07404
-0.07852
-0.08166
-0.08344
-0.08396
-0.08334
-0.08169
-0.07915
-0.07582
-0.07187
-0.06745
-0.06274
-0.05791
-0.05312
-0.04852
-0.04419
-0.04023
-0.03673
-0.03376
-0.03140
-0.02964
-0.02841
-0.02769
-0.02743
-0.02757
-0.02804
-0.02871
-0.02947
-0.03021
-0.03079
-0.03113
-0.03113
-0.03070
-0.02975
-0.02819
-0.02595
-0.02301
-0.01938
-0.01504
-0.00999
-0.00423
0.00218
0.00917
0.01667
0.02460
0.03287
0.04140
0.05005
0.05871
0.06724
0.07552
0.08342
0.09082
0.09757
0.10353
0.10859
0.11260
0.11547
0.11712
0.11747
0.11644
0.11396
0.11000
0.10460
0.09782
0.08969
0.08028
0.06965
0.05797
0.04544
0.03223
0.01854
0.00455
-0.00951
-0.02343
-0.03697
-0.04990
-0.06199
-0.07307
-0.08301
-0.09168
-0.09897
-0.10476
-0.10897
-0.11164
-0.11285
-0.11267
-0.11115
-0.10838
-0.10452
-0.09976
-0.09430
-0.08833
-0.08203
-0.07560
-0.06919
-0.06298
-0.05713
-0.05179
-0.04711
-0.04312
-0.03985
-0.03732
-0.03556
-0.03459
-0.03432
-0.03466
-0.03549
-0.03672
-0.03823
-0.03990
-0.04158
-0.04313
-0.04438
-0.04521
-0.04546
-0.04505
-0.04387
-0.04183
-0.03882
-0.03477
-0.02964
-0.02346
-0.01621
-0.00791
0.00144
0.01176
0.02293
0.03483
0.04734
0.06032
0.07363
0.08705
0.10036
0.11336
0.12582
0.13752
0.14826
0.15783
0.16601
0.17260
0.17740
0.18027
0.18117
0.18003
0.17679
0.17139
0.16385
0.15433
0.14298
0.12997
0.11547
0.09965
0.08280
0.06522
0.04721
0.02907
0.01109
-0.00644
-0.02330
-0.03924
-0.05403
-0.06741
-0.07923
-0.08943
-0.09799
-0.10486
-0.11002
-0.11345
-0.11528
-0.11564
-0.11470
-0.11261
-0.10950
-0.10555
-0.10096
-0.09592
-0.09060
-0.08520
-0.07987
-0.07472
-0.06986
-0.06537
-0.06137
-0.05793
-0.05506
-0.05275
-0.05099
-0.04977
-0.04908
-0.04886
-0.04904
-0.04954
-0.05028
-0.05120
-0.05219
-0.05317
-0.05405
-0.05471
-0.05507
-0.05502
-0.05449
-0.05339
-0.05163
-0.04913
-0.04580
-0.04161
-0.03653
-0.03054
-0.02363
-0.01577
-0.00700
0.00259
0.01289
0.02380
0.03522
0.04703
0.05902
0.07099
0.08273
0.09402
0.10466
0.11445
0.12320
0.13071
0.13679
0.14126
0.14399
0.14495
0.14413
0.14150
0.13704
0.13077
0.12285
0.11347
0.10280
0.09103
0.07835
0.06500
0.05123
0.03731
0.02351
0.01007
-0.00278
-0.01489
-0.02609
-0.03621
-0.04510
-0.05265
-0.05884
-0.06369
-0.06723
-0.06946
-0.07041
-0.07019
-0.06892
-0.06675
-0.06380
-0.06020
-0.05610
-0.05163
-0.04693
-0.04214
-0.03741
-0.03284
-0.02853
-0.02456
-0.02100
-0.01794
-0.01545
-0.01355
-0.01227
-0.01160
-0.01157
-0.01218
-0.01342
-0.01524
-0.01759
-0.02042
-0.02370
-0.02735
-0.03128
-0.03538
-0.03958
-0.04375
-0.04780
-0.05161
-0.05506
-0.05803
-0.06040
-0.06205
-0.06288
-0.06281
-0.06179
-0.05972
-0.05654
-0.05220
-0.04675
-0.04022
-0.03264
-0.02406
-0.01453
-0.00418
0.00683
0.01836
0.03025
0.04235
0.05447
0.06643
0.07802
0.08906
0.09936
0.10873
0.11704
0.12415
0.12994
0.13426
0.13701
0.13815
0.13768
0.13560
0.13190
0.12658
0.11973
0.11146
0.10192
0.09122
0.07950
0.06692
0.05368
0.03998
0.02603
0.01204
-0.00179
-0.01528
-0.02825
-0.04051
-0.05188
-0.06218
-0.07132
-0.07923
-0.08585
-0.09111
-0.09496
-0.09739
-0.09850
-0.09837
-0.09711
-0.09480
-0.09155
-0.08754
-0.08294
-0.07795
-0.07274
-0.06750
-0.06237
-0.05750
-0.05302
-0.04907
-0.04580
-0.04326
-0.04146
-0.04039
-0.04004
-0.04039
-0.04142
-0.04298
-0.04494
-0.04714
-0.04945
-0.05172
-0.05378
-0.05548
-0.05665
-0.05712
-0.05674
-0.05539
-0.05302
-0.04955
-0.04494
-0.03912
-0.03207
-0.02387
-0.01461
-0.00438
0.00674
0.01864
0.03117
0.04412
0.05732
0.07056
0.08366
0.09642
0.10864
0.12012
0.13065
0.14004
0.14810
0.15471
0.15974
0.16309
0.16462
0.16424
0.16195
0.15777
0.15176
0.14393
0.13434
0.12311
0.11043
0.09650
0.08153
0.06571
0.04927
0.03247
0.01558
-0.00112
-0.01737
-0.03289
-0.04750
-0.06099
-0.07319
-0.08392
-0.09299
-0.10033
-0.10596
-0.10989
-0.11215
-0.11275
-0.11177
-0.10938
-0.10578
-0.10115
-0.09568
-0.08958
-0.08304
-0.07627
-0.06948
-0.06289
-0.05669
-0.05102
-0.04597
-0.04160
-0.03800
-0.03524
-0.03337
-0.03230
-0.03196
-0.03227
-0.03317
-0.03456
-0.03630
-0.03827
-0.04030
-0.04226
-0.04400
-0.04540
-0.04635
-0.04673
-0.04643
-0.04534
-0.04338
-0.04053
-0.03674
-0.03200
-0.02628
-0.01957
-0.01192
-0.00340
0.00591
0.01595
0.02663
0.03784
0.04940
0.06115
0.07294
0.08459
0.09592
0.10673
0.11682
0.12597
0.13398
0.14066
0.14587
0.14948
0.15136
0.15137
0.14941
0.14547
0.13963
0.13194
0.12247
0.11130
0.09858
0.08456
0.06951
0.05368
0.03734
0.02075
0.00421
-0.01200
-0.02758
-0.04224
-0.05571
-0.06781
-0.07842
-0.08742
-0.09470
-0.10014
-0.10373
-0.10558
-0.10581
-0.10454
-0.10189
-0.09799
-0.09307
-0.08736
-0.08109
-0.07450
-0.06780
-0.06118
-0.05479
-0.04881
-0.04337
-0.03865
-0.03473
-0.03160
-0.02928
-0.02775
-0.02703
-0.02709
-0.02782
-0.02912
-0.03087
-0.03297
-0.03531
-0.03776
-0.04020
-0.04251
-0.04456
-0.04623
-0.04741
-0.04804
-0.04802
-0.04729
-0.04576
-0.04337
-0.04011
-0.03597
-0.03094
-0.02502
-0.01820
-0.01055
-0.00215
0.00692
0.01658
0.02674
0.03727
0.04800
0.05878
0.06942
0.07977
0.08965
0.09889
0.10731
0.11474
0.12099
0.12591
0.12941
0.13143
0.13191
0.13079
0.12800
0.12360
0.11769
0.11039
0.10182
0.09209
0.08135
0.06981
0.05770
0.04523
0.03261
0.02006
0.00776
-0.00412
-0.01542
-0.02597
-0.03561
-0.04425
-0.05187
-0.05845
-0.06397
-0.06840
-0.07176
-0.07413
-0.07562
-0.07629
-0.07626
-0.07561
-0.07444
-0.07286
-0.07098
-0.06889
-0.06671
-0.06450
-0.06232
-0.06022
-0.05824
-0.05645
-0.05487
-0.05349
-0.05231
-0.05131
-0.05049
-0.04982
-0.04927
-0.04877
-0.04828
-0.04773
-0.04708
-0.04626
-0.04518
-0.04377
-0.04194
-0.03963
-0.03676
-0.03327
-0.02911
-0.02423
-0.01856
-0.01207
-0.00478
0.00326
0.01201
0.02143
0.03148
0.04202
0.05290
0.06393
0.07496
0.08581
0.09631
0.10622
0.11536
0.12349
0.13042
0.13594
0.13996
0.14236
0.14306
0.14194
0.13894
0.13408
0.12748
0.11924
0.10948
0.09830
0.08586
0.07242
0.05823
0.04351
0.02853
0.01353
-0.00128
-0.01569
-0.02946
-0.04238
-0.05426
-0.06498
-0.07447
-0.08267
-0.08952
-0.09495
-0.09897
-0.10166
-0.10309
-0.10336
-0.10254
-0.10072
-0.09805
-0.09465
-0.09067
-0.08624
-0.08150
-0.07656
-0.07154
-0.06655
-0.06169
-0.05707
-0.05276
-0.04882
-0.04527
-0.04217
-0.03955
-0.03744
-0.03579
-0.03458
-0.03376
-0.03330
-0.03315
-0.03322
-0.03340
-0.03359
-0.03369
-0.03359
-0.03318
-0.03236
-0.03101
-0.02903
-0.02630
-0.02275
-0.01836
-0.01312
-0.00701
-0.00002
0.00784
0.01647
0.02571
0.03543
0.04549
0.05574
0.06599
0.07602
0.08560
0.09450
0.10249
0.10939
0.11503
0.11927
0.12197
0.12300
0.12222
0.11967
0.11542
0.10952
0.10205
0.09307
0.08276
0.07134
0.05907
0.04617
0.03289
0.01947
0.00614
-0.00684
-0.01924
-0.03081
-0.04133
-0.05068
-0.05876
-0.06549
-0.07077
-0.07451
-0.07673
-0.07752
-0.07695
-0.07512
-0.07211
-0.06804
-0.06309
-0.05744
-0.05126
-0.04474
-0.03805
-0.03135
-0.02481
-0.01858
-0.01283
-0.00770
-0.00329
0.00033
0.00310
0.00498
0.00588
0.00582
0.00484
0.00302
0.00041
-0.00291
-0.00687
-0.01131
-0.01608
-0.02102
-0.02596
-0.03076
-0.03523
-0.03923
-0.04257
-0.04510
-0.04666
-0.04711
-0.04640
-0.04447
-0.04125
-0.03669
-0.03076
-0.02354
-0.01513
-0.00564
0.00483
0.01616
0.02818
0.04066
0.05339
0.06615
0.07871
0.09088
0.10244
0.11319
0.12293
0.13146
0.13861
0.14428
0.14842
0.15094
0.15179
0.15089
0.14830
0.14409
0.13836
0.13117
0.12261
0.11281
0.10192
0.09012
0.07756
0.06441
0.05083
0.03697
0.02299
0.00903
-0.00474
-0.01818
-0.03119
-0.04367
-0.05555
-0.06672
-0.07711
-0.08666
-0.09538
-0.10324
-0.11024
-0.11637
-0.12165
-0.12612
-0.12987
-0.13293
-0.13539
-0.13731
-0.13877
-0.13988
-0.14073
-0.14142
-0.14205
-0.14268
-0.14338
-0.14421
-0.14521
-0.14645
-0.14794
-0.14964
-0.15149
-0.15344
-0.15542
-0.15737
-0.15913
-0.16054
-0.16144
-0.16164
-0.16099
-0.15931
-0.15642
-0.15214
-0.14631
-0.13873
-0.12928
-0.11792
-0.10459
-0.08927
-0.07192
-0.05252
-0.03121
-0.00818
0.01640
0.04234
0.06946
0.09746
0.12601
0.15473
0.18328
0.21130
0.23842
0.26427
0.28847
0.31064
0.33040
0.34739
0.36138
0.37215
0.37947
0.38313
0.38292
0.37881
0.37088
0.35918
0.34380
0.32481
0.30240
0.27692
0.24874
0.21822
0.18574
0.15169
0.11656
0.08088
0.04515
0.00990
-0.02436
-0.05718
-0.08816
-0.11686
-0.14288
-0.16581
-0.18536
-0.20144
-0.21394
-0.22279
-0.22789
-0.22923
-0.22704
-0.22160
-0.21319
-0.20210
-0.18861
-0.17315
-0.15619
-0.13821
-0.11967
-0.10106
-0.08280
-0.06528
-0.04888
-0.03397
-0.02092
-0.01005
-0.00147
0.00477
0.00859
0.00992
0.00873
0.00516
-0.00055
-0.00814
-0.01739
-0.02804
-0.03978
-0.05225
-0.06507
-0.07788
-0.09028
-0.10195
-0.11257
-0.12189
-0.12962
-0.13549
-0.13923
-0.14076
-0.14004
-0.13704
-0.13171
-0.12405
-0.11413
-0.10219
-0.08842
-0.07307
-0.05634
-0.03850
-0.01988
-0.00083
0.01830
0.03715
0.05540
0.07273
0.08887
0.10354
0.11646
0.12736
0.13607
0.14255
0.14675
0.14863
0.14814
0.14532
0.14034
0.13341
0.12475
0.11457
0.10307
0.09056
0.07733
0.06371
0.05000
0.03651
0.02350
0.01117
-0.00028
-0.01064
-0.01970
-0.02734
-0.03353
-0.03829
-0.04163
-0.04356
-0.04410
-0.04338
-0.04157
-0.03881
-0.03528
-0.03113
-0.02652
-0.02161
-0.01658
-0.01157
-0.00676
-0.00227
0.00182
0.00545
0.00855
0.01107
0.01293
0.01417
0.01481
0.01488
0.01441
0.01344
0.01204
0.01027
0.00822
0.00598
0.00362
0.00124
-0.00109
-0.00327
-0.00520
-0.00679
-0.00796
-0.00864
-0.00875
-0.00824
-0.00703
-0.00506
-0.00233
0.00116
0.00538
0.01032
0.01597
0.02225
0.02903
0.03617
0.04353
0.05097
0.05835
0.06547
0.07212
0.07810
0.08321
0.08726
0.09010
0.09162
0.09170
0.09024
0.08712
0.08232
0.07594
0.06805
0.05877
0.04819
0.03643
0.02374
0.01037
-0.00342
-0.01738
-0.03125
-0.04479
-0.05776
-0.06994
-0.08109
-0.09098
-0.09947
-0.10650
-0.11202
-0.11599
-0.11836
-0.11912
-0.11839
-0.11631
-0.11301
-0.10863
-0.10330
-0.09722
-0.09055
-0.08349
-0.07623
-0.06895
-0.06180
-0.05491
-0.04837
-0.04229
-0.03680
-0.03196
-0.02780
-0.02430
-0.02147
-0.01931
-0.01780
-0.01689
-0.01650
-0.01656
-0.01698
-0.01769
-0.01860
-0.01958
-0.02055
-0.02138
-0.02197
-0.02220
-0.02199
-0.02122
-0.01980
-0.01764
-0.01464
-0.01075
-0.00596
-0.00024
0.00644
0.01408
0.02266
0.03205
0.04214
0.05282
0.06398
0.07548
0.08709
0.09859
0.10976
0.12038
0.13022
0.13908
0.14676
0.15307
0.15780
0.16077
0.16187
0.16108
0.15840
0.15378
0.14723
0.13878
0.12861
0.11690
0.10384
0.08961
0.07442
0.05851
0.04214
0.02558
0.00909
-0.00708
-0.02271
-0.03763
-0.05167
-0.06465
-0.07640
-0.08681
-0.09586
-0.10352
-0.10979
-0.11466
-0.11812
-0.12026
-0.12118
-0.12097
-0.11974
-0.11757
-0.11459
-0.11091
-0.10667
-0.10198
-0.09696
-0.09173
-0.08638
-0.08100
-0.07568
-0.07052
-0.06559
-0.06095
-0.05662
-0.05264
-0.04904
-0.04586
-0.04309
-0.04068
-0.03860
-0.03680
-0.03526
-0.03391
-0.03264
-0.03136
-0.02997
-0.02837
-0.02645
-0.02412
-0.02130
-0.01788
-0.01378
-0.00890
-0.00323
0.00322
0.01044
0.01842
0.02714
0.03654
0.04646
0.05675
0.06727
0.07786
0.08835
0.09856
0.10829
0.11732
0.12545
0.13250
0.13832
0.14281
0.14585
0.14735
0.14719
0.14535
0.14189
0.13686
0.13035
0.12240
0.11311
0.10266
0.09122
0.07897
0.06610
0.05279
0.03922
0.02556
0.01201
-0.00128
-0.01411
-0.02636
-0.03792
-0.04870
-0.05861
-0.06755
-0.07546
-0.08231
-0.08812
-0.09286
-0.09655
-0.09917
-0.10078
-0.10142
-0.10115
-0.10004
-0.09813
-0.09550
-0.09224
-0.08844
-0.08419
-0.07959
-0.07473
-0.06969
-0.06459
-0.05952
-0.05456
-0.04983
-0.04537
-0.04125
-0.03751
-0.03423
-0.03144
-0.02916
-0.02737
-0.02605
-0.02516
-0.02469
-0.02459
-0.02477
-0.02515
-0.02563
-0.02613
-0.02655
-0.02680
-0.02679
-0.02643
-0.02562
-0.02428
-0.02235
-0.01980
-0.01660
-0.01273
-0.00814
-0.00286
0.00309
0.00963
0.01671
0.02428
0.03226
0.04057
0.04907
0.05765
0.06620
0.07460
0.08273
0.09045
0.09765
0.10419
0.10994
0.11480
0.11868
0.12150
0.12317
0.12363
0.12279
0.12066
0.11725
0.11258
0.10667
0.09954
0.09126
0.08198
0.07181
0.06088
0.04932
0.03728
0.02493
0.01246
0.00005
-0.01211
-0.02385
-0.03504
-0.04553
-0.05519
-0.06388
-0.07149
-0.07794
-0.08323
-0.08735
-0.09029
-0.09202
-0.09260
-0.09209
-0.09061
-0.08824
-0.08508
-0.08124
-0.07682
-0.07194
-0.06673
-0.06131
-0.05578
-0.05025
-0.04478
-0.03946
-0.03435
-0.02954
-0.02508
-0.02100
-0.01732
-0.01409
-0.01133
-0.00907
-0.00731
-0.00606
-0.00533
-0.00514
-0.00548
-0.00633
-0.00769
-0.00950
-0.01177
-0.01444
-0.01748
-0.02077
-0.02423
-0.02776
-0.03126
-0.03462
-0.03770
-0.04035
-0.04242
-0.04376
-0.04423
-0.04371
-0.04212
-0.03936
-0.03534
-0.02999
-0.02328
-0.01529
-0.00613
0.00414
0.01543
0.02762
0.04045
0.05370
0.06710
0.08042
0.09338
0.10576
0.11728
0.12771
0.13678
0.14424
0.14994
0.15381
0.15576
0.15572
0.15363
0.14947
0.14338
0.13550
0.12599
0.11500
0.10268
0.08928
0.07504
0.06021
0.04504
0.02979
0.01467
-0.00014
-0.01444
-0.02804
-0.04077
-0.05248
-0.06310
-0.07259
-0.08091
-0.08800
-0.09383
-0.09845
-0.10189
-0.10424
-0.10554
-0.10586
-0.10528
-0.10389
-0.10180
-0.09911
-0.09591
-0.09230
-0.08838
-0.08423
-0.07996
-0.07565
-0.07139
-0.06725
-0.06328
-0.05954
-0.05609
-0.05297
-0.05021
-0.04780
-0.04572
-0.04397
-0.04253
-0.04137
-0.04041
-0.03956
-0.03875
-0.03790
-0.03690
-0.03568
-0.03413
-0.03216
-0.02965
-0.02652
-0.02271
-0.01821
-0.01297
-0.00698
-0.00021
0.00732
0.01551
0.02428
0.03352
0.04313
0.05302
0.06301
0.07293
0.08262
0.09189
0.10058
0.10854
0.11562
0.12169
0.12660
0.13022
0.13245
0.13327
0.13267
0.13061
0.12708
0.12209
0.11573
0.10812
0.09935
0.08955
0.07882
0.06733
0.05526
0.04278
0.03008
0.01733
0.00472
-0.00761
-0.01949
-0.03075
-0.04124
-0.05082
-0.05940
-0.06692
-0.07331
-0.07849
-0.08241
-0.08509
-0.08657
-0.08692
-0.08618
-0.08442
-0.08172
-0.07823
-0.07409
-0.06946
-0.06447
-0.05926
-0.05399
-0.04880
-0.04384
-0.03924
-0.03514
-0.03162
-0.02872
-0.02649
-0.02496
-0.02419
-0.02415
-0.02475
-0.02591
-0.02755
-0.02957
-0.03187
-0.03430
-0.03671
-0.03896
-0.04088
-0.04233
-0.04320
-0.04339
-0.04279
-0.04131
-0.03884
-0.03535
-0.03087
-0.02540
-0.01898
-0.01163
-0.00341
0.00557
0.01516
0.02522
0.03564
0.04625
0.05691
0.06742
0.07762
0.08733
0.09637
0.10459
0.11186
0.11804
0.12300
0.12661
0.12875
0.12941
0.12855
0.12615
0.12218
0.11664
0.10959
0.10116
0.09145
0.08057
0.06864
0.05582
0.04231
0.02834
0.01411
-0.00018
-0.01431
-0.02807
-0.04126
-0.05368
-0.06512
-0.07538
-0.08438
-0.09202
-0.09823
-0.10293
-0.10604
-0.10760
-0.10770
-0.10643
-0.10389
-0.10019
-0.09544
-0.08985
-0.08361
-0.07692
-0.06997
-0.06297
-0.05606
-0.04940
-0.04315
-0.03745
-0.03246
-0.02823
-0.02477
-0.02208
-0.02019
-0.01908
-0.01871
-0.01898
-0.01977
-0.02094
-0.02239
-0.02398
-0.02558
-0.02704
-0.02823
-0.02899
-0.02918
-0.02872
-0.02753
-0.02554
-0.02268
-0.01889
-0.01413
-0.00844
-0.00187
0.00556
0.01379
0.02277
0.03239
0.04250
0.05297
0.06368
0.07447
0.08519
0.09564
0.10566
0.11505
0.12363
0.13124
0.13772
0.14293
0.14672
0.14893
0.14945
0.14825
0.14532
0.14063
0.13418
0.12597
0.11611
0.10477
0.09212
0.07831
0.06352
0.04798
0.03193
0.01565
-0.00058
-0.01650
-0.03186
-0.04645
-0.06007
-0.07251
-0.08358
-0.09309
-0.10099
-0.10727
-0.11194
-0.11498
-0.11640
-0.11628
-0.11480
-0.11212
-0.10843
-0.10390
-0.09870
-0.09304
-0.08711
-0.08113
-0.07527
-0.06974
-0.06465
-0.06007
-0.05608
-0.05277
-0.05020
-0.04839
-0.04727
-0.04676
-0.04680
-0.04731
-0.04821
-0.04937
-0.05065
-0.05190
-0.05300
-0.05380
-0.05420
-0.05408
-0.05335
-0.05190
-0.04962
-0.04646
-0.04241
-0.03744
-0.03154
-0.02471
-0.01694
-0.00834
0.00103
0.01106
0.02166
0.03275
0.04416
0.05571
0.06724
0.07858
0.08955
0.09997
0.10964
0.11840
0.12603
0.13237
0.13725
0.14059
0.14229
0.14227
0.14044
0.13674
0.13124
0.12404
0.11524
0.10493
0.09323
0.08033
0.06647
0.05192
0.03691
0.02170
0.00654
-0.00832
-0.02264
-0.03617
-0.04867
-0.05990
-0.06977
-0.07818
-0.08505
-0.09029
-0.09382
-0.09567
-0.09595
-0.09475
-0.09218
-0.08833
-0.08335
-0.07740
-0.07069
-0.06339
-0.05569
-0.04777
-0.03978
-0.03185
-0.02413
-0.01677
-0.00990
-0.00359
0.00212
0.00717
0.01154
0.01518
0.01809
0.02031
0.02188
0.02285
0.02327
0.02319
0.02271
0.02190
0.02088
0.01973
0.01855
0.01745
0.01651
0.01584
0.01555
0.01573
0.01646
0.01779
0.01977
0.02243
0.02582
0.02997
0.03480
0.04026
0.04625
0.05270
0.05954
0.06661
0.07371
0.08067
0.08730
0.09341
0.09882
0.10335
0.10682
0.10905
0.10986
0.10911
0.10676
0.10279
0.09718
0.08989
0.08093
0.07041
0.05851
0.04539
0.03124
0.01621
0.00053
-0.01556
-0.03180
-0.04795
-0.06375
-0.07898
-0.09347
-0.10705
-0.11956
-0.13085
-0.14076
-0.14925
-0.15634
-0.16203
-0.16631
-0.16920
-0.17075
-0.17109
-0.17032
-0.16857
-0.16594
-0.16257
-0.15858
-0.15408
-0.14922
-0.14412
-0.13890
-0.13365
-0.12842
-0.12331
-0.11838
-0.11369
-0.10928
-0.10515
-0.10130
-0.09771
-0.09440
-0.09132
-0.08842
-0.08561
-0.08282
-0.07998
-0.07700
-0.07377
-0.07018
-0.06610
-0.06142
-0.05602
-0.04981
-0.04269
-0.03461
-0.02547
-0.01520
-0.00377
0.00876
0.02234
0.03688
0.05234
0.06862
0.08551
0.10280
0.12024
0.13762
0.15470
0.17122
0.18693
0.20155
0.21483
0.22649
0.23633
0.24424
0.25012
0.25385
0.25533
0.25450
0.25146
0.24636
0.23934
0.23056
0.22015
0.20836
0.19547
0.18178
0.16757
0.15312
0.13872
0.12457
0.11091
0.09797
0.08598
0.07512
0.06546
0.05704
0.04990
0.04408
0.03961
0.03642
0.03440
0.03342
0.03338
0.03414
0.03559
0.03755
0.03987
0.04239
0.04495
0.04741
0.04965
0.05155
0.05302
0.05394
0.05421
0.05378
0.05263
0.05072
0.04802
0.04452
0.04022
0.03517
0.02943
0.02305
0.01608
0.00859
0.00069
-0.00751
-0.01590
-0.02436
-0.03278
-0.04105
-0.04907
-0.05671
-0.06387
-0.07045
-0.07638
-0.08165
-0.08624
-0.09016
-0.09337
-0.09592
-0.09792
-0.09949
-0.10077
-0.10189
-0.10299
-0.10425
-0.10585
-0.10798
-0.11085
-0.11464
-0.11949
-0.12549
-0.13274
-0.14132
-0.15133
-0.16280
-0.17564
-0.18973
-0.20496
-0.22122
-0.23838
-0.25622
-0.27448
-0.29291
-0.31124
-0.32922
-0.34660
-0.36315
-0.37862
-0.39278
-0.40538
-0.41624
-0.42524
-0.43229
-0.43728
-0.44014
-0.44076
-0.43919
-0.43545
-0.42961
-0.42170
-0.41179
-0.39997
-0.38635
-0.37106
-0.35423
-0.33597
-0.31642
-0.29570
-0.27393
-0.25125
-0.22779
-0.20367
-0.17898
-0.15383
-0.12831
-0.10251
-0.07653
-0.05042
-0.02421
0.00207
0.02837
0.05467
0.08097
0.10728
0.13367
0.16015
0.18677
0.21356
0.24060
0.26793
0.29563
0.32375
0.35235
0.38146
0.41107
0.44117
0.47176
0.50283
0.53432
0.56610
0.59802
0.62994
0.66172
0.69321
0.72415
0.75431
0.78345
0.81130
0.83763
0.86220
0.88478
0.90513
0.92303
0.93824
0.95060
0.95999
0.96633
0.96952
0.96947
0.96610
0.95947
0.94964
0.93667
0.92064
0.90162
0.87973
0.85514
0.82802
0.79853
0.76682
0.73308
0.69745
0.66013
0.62127
0.58106
0.53964
0.49715
0.45371
0.40944
0.36446
0.31889
0.27280
0.22623
0.17925
0.13190
0.08423
0.03625
-0.01204
-0.06066
-0.10964
-0.15899
-0.20874
-0.25893
-0.30961
-0.36083
-0.41264
-0.46508
-0.51817
-0.57191
-0.62631
-0.68136
-0.73706
-0.79336
-0.85013
-0.90726
-0.96463
-1.02212
-1.07956
-1.13672
-1.19335
-1.24920
-1.30402
-1.35755
-1.40950
-1.45958
-1.50750
-1.55295
-1.59564
-1.63533
-1.67178
-1.70479
-1.73414
-1.75961
-1.78103
-1.79834
-1.81148
-1.82039
-1.82501
-1.82531
-1.82134
-1.81319
-1.80095
-1.78471
-1.76455
-1.74060
-1.71298
-1.68186
-1.64735
-1.60961
-1.56876
-1.52487
-1.47802
-1.42829
-1.37576
-1.32048
-1.26244
-1.20157
-1.13784
-1.07118
-1.00154
-0.92882
-0.85289
-0.77359
-0.69079
-0.60435
-0.51415
-0.42011
-0.32213
-0.22014
-0.11405
-0.00382
0.11047
0.22871
0.35076
0.47650
0.60581
0.73838
0.87380
1.01166
1.15156
1.29308
1.43581
1.57934
1.72327
1.86718
2.01066
