35.65
35.80
35.84
36.04
36.12
36.11
36.16
36.28
36.22
36.06
36.03
36.09
36.06
36.06
35.88
35.86
35.92
36.12
36.10
36.04
36.25
36.39
36.40
36.39
36.19
36.15
36.24
36.20
36.23
36.13
36.21
36.26
36.31
36.41
36.43
36.57
36.63
36.78
36.78
36.63
36.78
36.75
36.74
36.56
36.37
36.40
36.33
36.31
36.30
36.20
36.36
36.32
36.29
36.28
36.01
36.04
36.10
36.04
35.90
35.81
35.87
35.90
35.97
35.96
35.93
36.04
36.16
36.25
36.26
36.26
36.41
36.53
36.50
36.46
36.40
36.42
36.60
36.54
36.51
36.57
36.64
36.75
36.85
36.87
36.83
36.85
36.81
36.70
36.61
36.44
36.40
36.47
36.38
36.38
36.36
36.41
36.61
36.59
36.75
36.69
36.74
36.70
36.68
36.60
36.53
36.49
36.46
36.38
36.44
36.36
36.54
36.57
36.53
36.62
36.56
36.63
36.62
36.44
36.32
36.21
36.28
36.28
36.13
36.05
35.99
36.05
36.07
35.88
35.92
35.91
36.11
36.17
36.21
36.28
36.30
36.44
36.51
36.46
36.45
36.34
36.49
36.51
36.40
36.33
36.27
36.45
36.40
36.28
36.16
36.12
36.04
36.10
35.98
35.93
35.94
36.01
36.01
35.95
35.86
35.90
36.05
36.11
35.89
35.73
35.72
35.82
35.76
35.59
35.45
35.35
35.43
35.60
35.38
35.41
35.43
35.65
35.66
35.37
35.44
35.47
35.65
35.60
35.53
35.50
35.54
35.64
35.69
35.61
35.64
35.69
35.84
35.96
35.80
35.81
36.00
36.09
36.10
36.05
36.05
36.11
36.17
36.22
36.22
36.20
36.25
36.31
36.44
36.32
36.25
36.17
36.13
35.99
35.73
35.79
35.73
35.76
35.87
35.87
35.85
36.03
36.26
36.30
36.21
36.43
36.36
36.53
36.55
36.55
36.35
36.43
36.60
36.66
36.57
36.81
37.03
37.26
37.34
37.31
37.37
37.42
37.40
37.43
37.19
37.10
36.99
36.85
36.49
36.15
36.09
35.86
35.78
35.63
35.57
35.67
35.60
35.73
35.78
35.76
35.99
36.16
36.36
36.49
36.56
36.91
37.03
37.24
37.39
37.39
37.53
37.62
37.79
37.63
37.53
37.58
37.63
37.71
37.61
37.57
37.65
37.77
37.87
37.90
37.90
37.92
37.99
37.93
37.84
37.63
37.74
37.90
37.92
37.80
37.83
37.82
38.03
37.96
38.01
37.85
38.01
37.88
37.87
37.67
37.56
37.68
37.81
37.66
37.62
37.54
37.66
37.66
37.74
37.69
37.63
37.78
37.81
37.83
37.77
37.58
37.74
37.79
37.71
37.70
37.48
37.48
37.35
37.35
37.08
36.81
36.68
36.65
36.61
36.58
36.50
36.53
36.59
36.52
36.55
36.52
36.52
36.59
36.62
36.54
36.50
36.66
36.83
36.89
37.00
37.01
37.36
37.59
37.69
37.77
37.87
38.20
38.40
38.39
38.54
38.43
38.65
38.79
38.78
38.92
38.92
39.06
39.16
39.06
39.24
39.14
39.24
39.34
39.29
39.31
39.17
39.33
39.30
39.27
39.25
39.08
39.26
39.44
39.39
39.55
39.62
40.05
40.21
40.24
40.43
40.35
40.54
40.69
40.63
40.68
40.62
40.70
40.71
40.42
40.34
40.35
40.43
40.36
40.29
40.20
40.30
40.43
40.33
40.26
40.09
39.97
40.00
39.98
39.77
39.75
39.75
39.84
40.03
39.92
39.99
40.09
40.34
40.68
40.74
40.86
41.00
41.37
41.42
41.37
41.45
41.44
41.51
41.54
41.32
41.34
41.22
41.40
41.33
41.16
41.27
41.12
41.37
41.22
41.05
40.99
40.93
40.94
40.95
40.79
40.91
40.88
40.97
41.01
40.86
40.98
40.94
41.15
41.06
41.00
40.97
40.97
41.01
40.98
40.79
40.73
40.78
40.83
40.76
40.45
40.45
40.46
40.39
40.32
40.10
39.97
40.02
40.00
40.02
39.85
39.91
39.96
40.02
40.03
39.96
40.10
40.08
40.18
40.12
39.92
39.99
39.92
40.00
39.98
39.93
40.09
40.26
40.36
40.36
40.44
40.30
40.35
40.38
40.33
40.04
40.15
40.15
40.32
40.32
40.19
40.28
40.30
40.52
40.80
40.80
40.80
40.75
40.50
40.28
40.12
40.27
40.57
40.77
40.97
41.04
41.27
41.52
41.89
41.89
41.80
41.83
41.66
41.54
41.34
40.89
40.74
40.73
40.53
40.45
40.19
40.22
40.27
40.17
40.24
40.00
39.95
40.07
40.00
39.97
39.94
40.11
40.23
40.44
40.45
40.39
40.44
40.57
40.60
40.45
40.21
40.23
40.23
40.18
40.18
39.97
40.12
40.23
40.30
40.31
40.22
40.38
40.45
40.42
40.30
40.14
40.22
40.22
40.14
40.02
39.89
39.91
39.96
39.93
39.96
39.93
40.06
40.20
40.22
40.32
40.33
40.55
40.82
40.95
40.95
40.68
40.75
40.51
40.24
39.75
39.29
39.27
39.46
39.34
39.22
39.01
39.01
38.91
38.71
38.48
38.21
38.06
37.87
37.55
37.29
37.05
37.00
36.83
36.69
36.51
36.42
36.50
36.77
36.84
37.32
37.67
38.12
38.28
38.31
38.24
38.17
38.27
38.54
38.63
39.23
39.74
40.53
41.18
41.65
42.30
42.58
43.00
43.14
42.99
43.08
42.93
43.03
42.91
42.44
42.29
42.20
42.21
42.14
42.07
42.01
41.76
41.80
41.64
41.32
41.15
41.01
40.85
40.75
40.45
40.43
40.38
40.54
40.56
40.39
40.38
40.30
40.34
40.42
40.33
40.28
40.30
40.51
40.62
40.75
40.85
40.89
41.01
41.08
41.02
41.04
41.05
41.31
41.29
41.25
41.15
41.02
40.80
40.42
39.98
39.62
39.39
39.22
39.16
38.97
39.12
39.18
39.38
39.55
39.45
39.66
40.01
40.15
40.40
40.41
40.54
40.68
41.05
41.08
41.04
41.14
41.18
41.23
41.23
41.08
41.09
41.01
41.12
41.14
40.89
40.97
40.97
41.07
40.99
40.89
40.93
41.02
41.04
41.01
40.81
40.68
40.70
40.74
40.55
40.34
40.26
40.34
40.50
40.58
40.56
40.77
41.14
41.41
41.40
41.34
41.35
41.34
41.24
41.13
40.83
40.86
40.83
40.82
40.85
40.64
40.81
40.86
40.84
40.82
40.71
40.74
40.58
40.53
40.36
40.09
40.04
40.06
39.96
39.88
39.64
39.71
39.79
39.99
39.90
39.71
39.97
39.96
40.12
40.13
40.03
40.17
40.40
40.35
40.42
40.22
40.33
40.47
40.39
40.33
40.22
40.31
40.32
40.33
40.31
40.26
40.25
40.32
40.25
40.20
40.08
39.99
39.92
39.81
39.73
39.52
39.58
39.64
39.63
39.71
39.62
39.82
39.99
40.07
40.05
39.93
40.01
40.04
40.04
40.01
39.94
40.05
40.15
40.08
39.95
39.98
40.17
40.11
40.15
40.02
39.93
39.94
40.04
39.80
39.79
39.62
39.71
39.73
39.66
39.59
39.59
39.78
39.76
39.80
39.79
39.61
39.68
39.66
39.57
39.50
39.33
39.32
39.32
39.23
39.01
39.06
39.17
39.22
39.22
39.23
39.23
39.30
39.32
39.24
39.21
39.29
39.27
39.34
39.18
39.12
39.09
39.27
39.17
39.11
39.18
39.10
39.16
39.13
39.04
39.03
38.99
39.11
39.06
38.99
38.99
38.98
39.17
39.12
39.00
39.05
38.99
39.08
39.04
38.95
38.87
38.95
39.07
39.07
38.95
38.99
39.06
39.24
39.12
39.13
39.19
39.19
39.35
39.40
39.22
39.23
39.32
39.55
39.54
39.37
39.43
39.54
39.66
39.55
39.35
39.42
39.34
39.40
39.40
39.14
39.21
39.32
39.42
39.35
39.27
39.32
39.53
39.59
39.73
39.66
39.65
39.83
39.93
39.94
39.90
39.89
39.95
40.14
40.14
39.97
40.09
40.14
40.24
40.09
39.91
39.91
39.86
39.90
39.84
39.70
39.64
39.62
39.75
39.80
39.71
39.81
39.81
39.75
39.71
39.53
39.49
39.49
39.64
39.66
39.58
39.80
40.04
40.16
40.16
40.13
40.31
40.22
40.21
40.17
40.03
40.08
40.14
40.16
40.14
40.05
40.24
40.46
40.37
40.33
40.15
40.17
40.13
40.01
39.85
39.70
39.69
39.70
39.77
39.73
39.55
39.72
39.76
39.82
39.83
39.80
39.93
39.93
40.00
40.05
40.02
40.04
40.25
40.17
40.23
40.09
40.35
40.34
40.32
40.34
40.14
40.20
40.23
39.96
39.94
39.89
40.01
40.04
39.97
39.94
39.78
40.04
40.21
40.05
40.11
39.99
40.02
40.00
39.92
39.87
39.76
39.81
39.92
39.85
39.86
39.90
40.15
40.46
40.49
40.46
40.53
40.66
40.54
40.46
40.34
40.12
40.15
40.13
39.91
40.00
39.93
40.14
40.29
40.46
40.48
40.49
40.72
40.87
40.74
40.74
40.65
40.83
40.82
40.73
40.78
40.64
40.87
41.01
41.01
41.08
41.06
41.08
41.19
41.03
41.01
41.12
41.18
41.05
40.83
40.74
40.62
40.61
40.54
40.31
40.33
40.35
40.50
40.48
40.26
40.15
39.92
39.87
39.82
39.52
39.43
39.35
39.50
39.61
39.52
39.69
39.81
40.12
40.07
40.09
39.93
39.98
39.95
39.93
39.81
39.79
39.78
39.93
40.08
40.11
40.34
40.57
40.87
41.04
41.07
41.22
41.25
41.28
41.30
41.06
41.10
41.11
41.29
41.38
41.26
41.26
41.33
41.41
41.37
41.13
41.16
41.06
41.09
41.15
41.06
41.15
41.12
41.30
41.26
41.16
41.25
41.25
41.29
41.28
41.10
41.00
40.97
41.01
40.81
40.64
40.59
40.66
40.65
40.76
40.65
40.62
40.84
40.77
40.82
40.78
40.78
40.74
40.81
40.83
40.70
40.68
40.74
40.76
40.67
40.60
40.65
40.76
40.80
40.74
40.61
40.72
40.75
40.96
40.86
40.88
40.85
40.90
40.94
40.83
40.65
40.67
40.71
40.81
40.68
40.53
40.57
40.56
40.55
40.41
40.22
40.25
40.31
40.34
40.30
40.20
40.33
40.50
40.51
40.55
40.33
40.45
40.53
40.42
40.19
39.81
39.90
39.92
39.89
39.94
39.90
40.19
40.26
40.37
40.25
40.09
40.14
40.18
40.05
39.91
39.74
39.70
39.79
39.81
39.81
39.74
39.87
40.34
40.44
40.52
40.49
40.54
40.64
40.63
40.59
40.33
40.31
40.25
40.19
40.08
39.99
40.05
40.12
40.09
40.10
40.10
40.31
40.37
40.34
40.33
40.22
40.27
40.33
40.22
40.30
40.08
40.27
40.33
40.33
40.31
40.36
40.64
40.83
40.83
40.72
40.66
40.78
40.67
40.55
40.31
40.11
40.14
40.11
40.00
40.05
39.91
40.11
40.28
40.19
40.32
40.17
40.29
40.34
40.21
40.16
40.12
40.10
40.16
40.00
40.07
39.97
40.12
40.20
40.16
40.22
40.20
40.50
40.44
40.44
40.40
40.23
40.29
40.29
40.03
39.97
39.84
39.88
39.91
39.55
39.43
39.39
39.56
39.68
39.54
39.36
39.30
39.51
39.54
39.38
39.32
39.27
39.50
39.46
39.32
39.50
39.45
39.58
39.77
39.74
39.71
39.65
39.91
39.92
39.86
39.96
39.94
40.05
40.00
39.94
39.80
39.81
39.93
39.94
39.88
39.96
39.99
39.95
39.79
39.54
39.37
39.27
39.42
39.44
39.21
39.24
39.27
39.41
39.51
39.37
39.46
39.45
39.55
39.61
39.28
39.36
39.25
39.24
39.26
39.00
38.98
38.87
38.99
39.03
38.88
38.94
39.16
39.51
39.50
39.52
39.71
39.81
39.96
39.99
40.00
40.04
40.08
40.30
40.19
40.14
40.17
40.24
40.37
40.33
40.08
40.14
40.22
40.27
40.25
40.21
40.09
40.30
40.33
40.29
40.18
40.10
40.08
40.15
40.20
39.95
39.99
40.00
39.92
39.85
39.63
39.70
39.85
39.85
40.05
39.97
40.21
40.41
40.51
40.58
40.42
40.46
40.48
40.41
40.24
40.23
40.18
40.20
40.06
40.00
39.90
39.88
39.97
39.98
39.83
39.76
39.76
39.94
39.84
39.83
39.78
39.79
39.96
39.89
39.98
39.83
39.94
40.12
40.09
40.11
40.06
40.10
40.08
40.09
39.94
39.68
39.68
39.70
39.66
39.53
39.31
39.36
39.57
39.44
39.48
39.37
39.57
39.65
39.49
39.54
39.31
39.39
39.29
39.27
39.25
39.07
39.13
39.19
39.22
39.29
39.30
39.53
39.75
39.78
39.71
39.49
39.57
39.49
39.28
39.03
38.84
38.90
38.93
38.96
38.94
38.83
39.04
39.14
39.17
39.21
39.13
39.30
39.31
39.24
39.23
39.11
39.18
39.22
39.20
39.14
39.07
39.13
39.28
39.19
39.38
39.22
39.34
39.50
39.48
39.36
39.31
39.54
39.55
39.56
39.51
39.37
39.49
39.63
39.57
39.64
39.57
39.74
39.73
39.61
39.67
39.43
39.43
39.55
39.39
39.22
39.10
39.34
39.38
39.19
39.19
39.27
39.39
39.19
38.97
38.84
38.71
38.85
38.90
38.81
38.85
38.93
39.19
39.43
39.40
39.46
39.47
39.67
39.51
39.43
39.31
39.12
39.24
39.32
39.19
39.07
39.16
39.36
39.35
39.37
39.62
39.64
40.02
40.16
40.04
39.99
39.92
39.97
39.91
39.69
39.65
39.75
39.93
40.06
40.04
40.10
39.95
40.09
40.07
39.76
39.42
39.21
39.11
38.64
38.16
37.90
37.68
37.80
37.55
37.14
36.86
36.51
36.55
36.47
36.45
36.64
36.67
36.94
36.97
36.81
36.78
36.71
36.78
36.77
36.57
36.55
36.59
36.84
36.85
36.88
37.07
37.12
37.38
37.67
37.53
37.73
37.83
38.03
38.15
38.00
38.14
38.20
38.26
38.32
38.13
38.24
38.16
38.33
38.28
38.07
37.97
37.92
38.05
37.96
37.81
37.82
37.87
38.10
38.13
38.07
38.14
38.23
38.48
38.47
38.38
38.44
38.51
38.60
38.57
38.37
38.33
38.27
38.13
38.21
38.06
38.00
38.08
38.15
38.28
38.16
38.26
38.27
38.37
38.34
38.18
38.20
38.17
38.29
38.29
38.23
38.26
38.32
38.45
38.44
38.38
38.61
38.66
38.71
38.81
38.61
38.63
38.54
38.63
38.51
38.38
38.46
38.50
38.66
38.70
38.63
38.75
38.87
38.99
39.00
38.81
38.82
38.83
38.80
38.63
38.46
38.45
38.44
38.44
38.39
38.25
38.27
38.35
38.35
38.41
38.21
38.26
38.41
38.32
38.30
38.08
38.02
38.04
37.96
37.92
37.63
37.61
37.66
37.67
37.66
37.49
37.51
37.45
37.46
37.25
37.06
36.92
36.79
36.75
36.72
36.51
36.62
36.61
36.81
36.83
36.82
36.90
37.04
37.02
37.15
36.92
36.87
36.92
36.78
36.76
36.59
36.68
36.61
36.61
36.71
36.71
36.95
36.96
37.06
37.15
37.02
37.08
37.10
37.08
37.07
36.87
37.02
37.05
37.01
36.94
36.79
36.87
36.77
36.75
36.60
36.37
36.18
36.23
36.00
35.91
35.71
35.69
35.70
35.74
35.75
35.59
35.76
35.71
35.74
35.74
35.56
35.52
35.46
35.55
35.38
35.17
35.12
35.19
35.16
35.14
35.00
35.04
35.23
35.18
35.23
35.24
35.25
35.34
35.36
35.37
35.30
35.42
35.58
35.60
35.74
35.66
35.73
35.88
35.88
35.88
35.69
35.73
35.64
35.40
35.27
35.12
35.04
35.09
35.07
35.04
34.98
35.11
35.27
35.30
35.41
35.40
35.67
35.67
35.61
35.68
35.42
35.38
35.19
34.85
34.64
34.26
