0.01179
0.02741
0.04707
0.06677
0.08421
0.09956
0.11446
0.12904
0.14237
0.15351
0.16203
0.16864
0.17312
0.17501
0.17395
0.16962
0.16248
0.15244
0.13946
0.12362
0.10508
0.08428
0.06159
0.03738
0.01210
-0.01364
-0.03938
-0.06439
-0.08822
-0.11024
-0.12985
-0.14678
-0.16033
-0.17041
-0.17659
-0.17877
-0.17702
-0.17117
-0.16165
-0.14850
-0.13224
-0.11327
-0.09209
-0.06942
-0.04569
-0.02179
0.00179
0.02429
0.04508
0.06366
0.07938
0.09195
0.10089
0.10610
0.10732
0.10465
0.09813
0.08797
0.07464
0.05833
0.03984
0.01949
-0.00190
-0.02365
-0.04522
-0.06562
-0.08451
-0.10099
-0.11462
-0.12492
-0.13136
-0.13382
-0.13198
-0.12591
-0.11560
-0.10131
-0.08333
-0.06213
-0.03829
-0.01235
0.01481
0.04265
0.07014
0.09665
0.12136
0.14341
0.16234
0.17732
0.18813
0.19423
0.19546
0.19179
0.18317
0.17004
0.15250
0.13124
0.10670
0.07961
0.05081
0.02092
-0.00904
-0.03845
-0.06638
-0.09217
-0.11516
-0.13475
-0.15054
-0.16209
-0.16938
-0.17211
-0.17056
-0.16475
-0.15502
-0.14194
-0.12574
-0.10731
-0.08703
-0.06562
-0.04390
-0.02223
-0.00151
0.01792
0.03554
0.05088
0.06380
0.07404
0.08154
0.08640
0.08869
0.08861
0.08660
0.08280
0.07774
0.07180
0.06522
0.05868
0.05220
0.04623
0.04105
0.03660
0.03328
0.03086
0.02936
0.02878
0.02877
0.02932
0.03012
0.03087
0.03149
0.03162
0.03110
0.02984
0.02758
0.02438
0.02016
0.01487
0.00874
0.00173
-0.00594
-0.01405
-0.02254
-0.03106
-0.03947
-0.04756
-0.05505
-0.06192
-0.06785
-0.07276
-0.07660
-0.07915
-0.08055
-0.08063
-0.07943
-0.07704
-0.07338
-0.06869
-0.06292
-0.05618
-0.04863
-0.04029
-0.03135
-0.02188
-0.01200
-0.00183
0.00847
0.01888
0.02914
0.03918
0.04888
0.05790
0.06642
0.07392
0.08041
0.08572
0.08945
0.09183
0.09230
0.09095
0.08765
0.08214
0.07470
0.06504
0.05337
0.03976
0.02434
0.00737
-0.01092
-0.03022
-0.05018
-0.07033
-0.09046
-0.10986
-0.12830
-0.14527
-0.16015
-0.17293
-0.18275
-0.18963
-0.19314
-0.19291
-0.18914
-0.18135
-0.16988
-0.15464
-0.13578
-0.11375
-0.08869
-0.06121
-0.03172
-0.00081
0.03091
0.06274
0.09409
0.12419
0.15237
0.17812
0.20060
0.21963
0.23446
0.24487
0.25069
0.25155
0.24784
0.23928
0.22633
0.20928
0.18846
0.16468
0.13824
0.11000
0.08057
0.05068
0.02109
-0.00759
-0.03461
-0.05948
-0.08153
-0.10054
-0.11592
-0.12759
-0.13534
-0.13902
-0.13902
-0.13508
-0.12779
-0.11725
-0.10389
-0.08841
-0.07091
-0.05232
-0.03288
-0.01328
0.00590
0.02431
0.04127
0.05656
0.06966
0.08040
0.08846
0.09374
0.09618
0.09567
0.09253
0.08662
0.07837
0.06793
0.05556
0.04182
0.02678
0.01107
-0.00507
-0.02129
-0.03708
-0.05231
-0.06656
-0.07965
-0.09137
-0.10156
-0.11011
-0.11702
-0.12220
-0.12571
-0.12769
-0.12805
-0.12714
-0.12489
-0.12145
-0.11713
-0.11177
-0.10578
-0.09908
-0.09173
-0.08401
-0.07569
-0.06703
-0.05797
-0.04843
-0.03860
-0.02833
-0.01766
-0.00667
0.00474
0.01644
0.02834
0.04054
0.05271
0.06487
0.07686
0.08832
0.09941
0.10958
0.11874
0.12674
0.13309
0.13796
0.14081
0.14160
0.14024
0.13647
0.13047
0.12207
0.11141
0.09863
0.08391
0.06750
0.04974
0.03098
0.01158
-0.00788
-0.02720
-0.04568
-0.06296
-0.07866
-0.09215
-0.10344
-0.11186
-0.11736
-0.11973
-0.11875
-0.11468
-0.10728
-0.09691
-0.08367
-0.06791
-0.05003
-0.03036
-0.00951
0.01219
0.03399
0.05557
0.07622
0.09543
0.11282
0.12765
0.13989
0.14883
0.15437
0.15629
0.15428
0.14863
0.13903
0.12586
0.10921
0.08936
0.06682
0.04186
0.01514
-0.01294
-0.04163
-0.07048
-0.09869
-0.12576
-0.15104
-0.17380
-0.19381
-0.21017
-0.22283
-0.23122
-0.23502
-0.23436
-0.22875
-0.21866
-0.20393
-0.18487
-0.16197
-0.13542
-0.10606
-0.07425
-0.04078
-0.00634
0.02832
0.06246
0.09532
0.12614
0.15437
0.17918
0.20039
0.21724
0.22957
0.23720
0.23979
0.23784
0.23099
0.21979
0.20452
0.18543
0.16349
0.13876
0.11219
0.08429
0.05567
0.02718
-0.00080
-0.02753
-0.05253
-0.07530
-0.09551
-0.11270
-0.12677
-0.13744
-0.14461
-0.14852
-0.14890
-0.14625
-0.14053
-0.13209
-0.12146
-0.10867
-0.09449
-0.07905
-0.06292
-0.04661
-0.03035
-0.01478
-0.00009
0.01325
0.02500
0.03489
0.04274
0.04838
0.05176
0.05292
0.05179
0.04865
0.04350
0.03668
0.02846
0.01902
0.00891
-0.00175
-0.01243
-0.02284
-0.03267
-0.04149
-0.04916
-0.05530
-0.05982
-0.06253
-0.06335
-0.06230
-0.05935
-0.05470
-0.04839
-0.04072
-0.03185
-0.02204
-0.01163
-0.00078
0.01008
0.02082
0.03116
0.04086
0.04981
0.05781
0.06479
0.07069
0.07547
0.07911
0.08172
0.08325
0.08381
0.08350
0.08228
0.08044
0.07786
0.07468
0.07103
0.06679
0.06225
0.05726
0.05188
0.04624
0.04019
0.03393
0.02739
0.02056
0.01358
0.00637
-0.00098
-0.00839
-0.01592
-0.02339
-0.03079
-0.03813
-0.04519
-0.05205
-0.05853
-0.06453
-0.07016
-0.07510
-0.07946
-0.08310
-0.08586
-0.08791
-0.08896
-0.08908
-0.08823
-0.08625
-0.08334
-0.07928
-0.07416
-0.06804
-0.06081
-0.05269
-0.04364
-0.03376
-0.02319
-0.01201
-0.00036
0.01154
0.02362
0.03562
0.04733
0.05869
0.06928
0.07910
0.08783
0.09520
0.10129
0.10560
0.10825
0.10898
0.10763
0.10437
0.09888
0.09141
0.08190
0.07042
0.05721
0.04238
0.02620
0.00893
-0.00909
-0.02759
-0.04608
-0.06432
-0.08182
-0.09814
-0.11311
-0.12603
-0.13694
-0.14527
-0.15080
-0.15352
-0.15295
-0.14941
-0.14258
-0.13259
-0.11967
-0.10381
-0.08552
-0.06491
-0.04247
-0.01859
0.00623
0.03151
0.05669
0.08121
0.10462
0.12619
0.14574
0.16251
0.17624
0.18663
0.19318
0.19616
0.19506
0.19012
0.18142
0.16900
0.15354
0.13501
0.11410
0.09122
0.06687
0.04179
0.01635
-0.00875
-0.03304
-0.05597
-0.07715
-0.09612
-0.11263
-0.12639
-0.13717
-0.14510
-0.14984
-0.15174
-0.15072
-0.14692
-0.14084
-0.13233
-0.12203
-0.11001
-0.09660
-0.08230
-0.06713
-0.05163
-0.03592
-0.02029
-0.00502
0.00974
0.02379
0.03696
0.04907
0.06014
0.06985
0.07835
0.08539
0.09089
0.09501
0.09734
0.09823
0.09738
0.09478
0.09064
0.08464
0.07715
0.06798
0.05726
0.04519
0.03175
0.01725
0.00180
-0.01432
-0.03092
-0.04759
-0.06419
-0.08026
-0.09544
-0.10958
-0.12202
-0.13282
-0.14137
-0.14743
-0.15098
-0.15143
-0.14912
-0.14361
-0.13497
-0.12340
-0.10877
-0.09161
-0.07193
-0.05017
-0.02676
-0.00208
0.02332
0.04894
0.07425
0.09873
0.12175
0.14305
0.16192
0.17812
0.19131
0.20103
0.20751
0.21022
0.20940
0.20507
0.19716
0.18634
0.17240
0.15596
0.13733
0.11675
0.09499
0.07213
0.04878
0.02535
0.00213
-0.02037
-0.04191
-0.06224
-0.08099
-0.09806
-0.11333
-0.12652
-0.13785
-0.14702
-0.15412
-0.15939
-0.16249
-0.16395
-0.16352
-0.16135
-0.15783
-0.15260
-0.14620
-0.13847
-0.12947
-0.11956
-0.10848
-0.09656
-0.08380
-0.07018
-0.05598
-0.04115
-0.02582
-0.01021
0.00567
0.02160
0.03732
0.05287
0.06777
0.08196
0.09523
0.10716
0.11786
0.12679
0.13390
0.13910
0.14200
0.14287
0.14133
0.13752
0.13152
0.12327
0.11316
0.10118
0.08766
0.07290
0.05716
0.04084
0.02425
0.00777
-0.00825
-0.02345
-0.03758
-0.05025
-0.06130
-0.07046
-0.07758
-0.08267
-0.08550
-0.08627
-0.08491
-0.08159
-0.07660
-0.06995
-0.06212
-0.05324
-0.04370
-0.03388
-0.02398
-0.01449
-0.00559
0.00236
0.00909
0.01447
0.01825
0.02036
0.02076
0.01941
0.01642
0.01194
0.00606
-0.00085
-0.00864
-0.01693
-0.02533
-0.03364
-0.04131
-0.04815
-0.05378
-0.05784
-0.06023
-0.06062
-0.05898
-0.05522
-0.04932
-0.04143
-0.03168
-0.02028
-0.00756
0.00618
0.02057
0.03513
0.04958
0.06337
0.07617
0.08762
0.09727
0.10501
0.11043
0.11349
0.11402
0.11197
0.10746
0.10046
0.09127
0.08000
0.06696
0.05246
0.03683
0.02046
0.00369
-0.01303
-0.02939
-0.04492
-0.05936
-0.07234
-0.08353
-0.09278
-0.09975
-0.10448
-0.10670
-0.10646
-0.10381
-0.09872
-0.09155
-0.08227
-0.07128
-0.05883
-0.04517
-0.03086
-0.01604
-0.00124
0.01322
0.02702
0.03978
0.05125
0.06121
0.06946
0.07585
0.08045
0.08311
0.08400
0.08320
0.08077
0.07716
0.07228
0.06656
0.06016
0.05316
0.04608
0.03873
0.03143
0.02427
0.01716
0.01036
0.00365
-0.00294
-0.00943
-0.01599
-0.02262
-0.02938
-0.03643
-0.04369
-0.05119
-0.05902
-0.06690
-0.07494
-0.08289
-0.09046
-0.09774
-0.10415
-0.10968
-0.11400
-0.11672
-0.11792
-0.11706
-0.11418
-0.10913
-0.10171
-0.09215
-0.08031
-0.06643
-0.05070
-0.03331
-0.01465
0.00494
0.02512
0.04538
0.06533
0.08460
0.10262
0.11921
0.13384
0.14624
0.15628
0.16351
0.16814
0.16981
0.16859
0.16467
0.15788
0.14873
0.13714
0.12345
0.10802
0.09099
0.07288
0.05388
0.03439
0.01476
-0.00468
-0.02362
-0.04170
-0.05870
-0.07432
-0.08824
-0.10052
-0.11068
-0.11880
-0.12473
-0.12826
-0.12976
-0.12883
-0.12579
-0.12064
-0.11341
-0.10456
-0.09392
-0.08194
-0.06874
-0.05457
-0.03979
-0.02456
-0.00925
0.00593
0.02062
0.03466
0.04767
0.05949
0.06990
0.07859
0.08566
0.09069
0.09380
0.09485
0.09375
0.09079
0.08571
0.07886
0.07026
0.06004
0.04858
0.03588
0.02235
0.00815
-0.00643
-0.02112
-0.03565
-0.04977
-0.06323
-0.07572
-0.08719
-0.09721
-0.10579
-0.11268
-0.11766
-0.12088
-0.12193
-0.12104
-0.11803
-0.11286
-0.10578
-0.09658
-0.08559
-0.07282
-0.05841
-0.04267
-0.02570
-0.00784
0.01067
0.02950
0.04835
0.06679
0.08461
0.10131
0.11657
0.13013
0.14147
0.15059
0.15699
0.16058
0.16127
0.15883
0.15355
0.14524
0.13422
0.12072
0.10495
0.08748
0.06855
0.04876
0.02855
0.00843
-0.01105
-0.02945
-0.04631
-0.06122
-0.07385
-0.08401
-0.09140
-0.09608
-0.09791
-0.09703
-0.09372
-0.08800
-0.08044
-0.07119
-0.06075
-0.04963
-0.03807
-0.02675
-0.01589
-0.00594
0.00269
0.00987
0.01525
0.01879
0.02042
0.02010
0.01799
0.01426
0.00907
0.00279
-0.00428
-0.01185
-0.01941
-0.02674
-0.03342
-0.03909
-0.04360
-0.04657
-0.04798
-0.04772
-0.04570
-0.04214
-0.03707
-0.03075
-0.02350
-0.01556
-0.00734
0.00077
0.00845
0.01530
0.02100
0.02534
0.02801
0.02895
0.02815
0.02549
0.02128
0.01558
0.00869
0.00106
-0.00712
-0.01525
-0.02299
-0.02994
-0.03556
-0.03965
-0.04180
-0.04178
-0.03948
-0.03478
-0.02774
-0.01851
-0.00723
0.00573
0.01998
0.03518
0.05069
0.06614
0.08095
0.09452
0.10653
0.11637
0.12379
0.12844
0.13007
0.12866
0.12409
0.11658
0.10621
0.09331
0.07824
0.06140
0.04335
0.02449
0.00543
-0.01334
-0.03133
-0.04804
-0.06312
-0.07619
-0.08699
-0.09535
-0.10118
-0.10443
-0.10527
-0.10372
-0.10008
-0.09468
-0.08769
-0.07967
-0.07082
-0.06158
-0.05243
-0.04350
-0.03532
-0.02800
-0.02175
-0.01684
-0.01319
-0.01091
-0.00993
-0.01004
-0.01121
-0.01314
-0.01554
-0.01826
-0.02088
-0.02320
-0.02499
-0.02590
-0.02590
-0.02474
-0.02238
-0.01886
-0.01410
-0.00835
-0.00168
0.00568
0.01346
0.02145
0.02930
0.03678
0.04361
0.04957
0.05446
0.05814
0.06054
0.06159
0.06135
0.05989
0.05732
0.05384
0.04963
0.04491
0.03994
0.03489
0.03001
0.02549
0.02146
0.01809
0.01542
0.01347
0.01231
0.01180
0.01192
0.01253
0.01345
0.01460
0.01574
0.01670
0.01739
0.01755
0.01716
0.01608
0.01420
0.01160
0.00819
0.00408
-0.00062
-0.00590
-0.01148
-0.01727
-0.02306
-0.02862
-0.03383
-0.03844
-0.04229
-0.04524
-0.04716
-0.04795
-0.04759
-0.04606
-0.04338
-0.03968
-0.03502
-0.02960
-0.02362
-0.01725
-0.01080
-0.00445
0.00152
0.00687
0.01140
0.01490
0.01722
0.01826
0.01794
0.01623
0.01325
0.00900
0.00370
-0.00246
-0.00929
-0.01640
-0.02362
-0.03057
-0.03691
-0.04243
-0.04674
-0.04969
-0.05105
-0.05066
-0.04848
-0.04446
-0.03867
-0.03126
-0.02237
-0.01226
-0.00128
0.01033
0.02212
0.03376
0.04487
0.05503
0.06400
0.07138
0.07697
0.08057
0.08203
0.08131
0.07839
0.07338
0.06636
0.05760
0.04729
0.03577
0.02339
0.01045
-0.00256
-0.01536
-0.02750
-0.03864
-0.04846
-0.05662
-0.06293
-0.06715
-0.06919
-0.06895
-0.06649
-0.06184
-0.05519
-0.04676
-0.03677
-0.02567
-0.01368
-0.00134
0.01099
0.02292
0.03390
0.04369
0.05184
0.05808
0.06218
0.06395
0.06334
0.06032
0.05498
0.04748
0.03810
0.02704
0.01479
0.00166
-0.01189
-0.02535
-0.03839
-0.05042
-0.06119
-0.07024
-0.07724
-0.08206
-0.08436
-0.08421
-0.08146
-0.07622
-0.06860
-0.05877
-0.04706
-0.03370
-0.01912
-0.00362
0.01231
0.02832
0.04396
0.05884
0.07264
0.08493
0.09557
0.10417
0.11069
0.11494
0.11681
0.11649
0.11376
0.10899
0.10216
0.09344
0.08321
0.07145
0.05866
0.04492
0.03050
0.01575
0.00077
-0.01412
-0.02875
-0.04294
-0.05651
-0.06925
-0.08115
-0.09193
-0.10155
-0.10996
-0.11686
-0.12250
-0.12649
-0.12890
-0.12974
-0.12872
-0.12619
-0.12180
-0.11567
-0.10793
-0.09840
-0.08746
-0.07499
-0.06120
-0.04631
-0.03046
-0.01392
0.00304
0.02018
0.03717
0.05365
0.06948
0.08412
0.09745
0.10913
0.11880
0.12656
0.13190
0.13492
0.13549
0.13350
0.12928
0.12261
0.11389
0.10321
0.09080
0.07712
0.06228
0.04675
0.03083
0.01484
-0.00084
-0.01592
-0.03014
-0.04322
-0.05494
-0.06521
-0.07377
-0.08070
-0.08582
-0.08916
-0.09089
-0.09084
-0.08936
-0.08638
-0.08206
-0.07669
-0.07017
-0.06291
-0.05487
-0.04625
-0.03725
-0.02789
-0.01841
-0.00885
0.00063
0.00995
0.01894
0.02756
0.03564
0.04305
0.04976
0.05549
0.06033
0.06400
0.06646
0.06768
0.06745
0.06593
0.06293
0.05854
0.05285
0.04584
0.03779
0.02871
0.01888
0.00847
-0.00227
-0.01310
-0.02377
-0.03401
-0.04364
-0.05232
-0.06002
-0.06642
-0.07142
-0.07499
-0.07687
-0.07729
-0.07603
-0.07319
-0.06890
-0.06307
-0.05609
-0.04784
-0.03859
-0.02851
-0.01769
-0.00642
0.00521
0.01698
0.02872
0.04021
0.05138
0.06194
0.07180
0.08083
0.08870
0.09558
0.10103
0.10509
0.10765
0.10842
0.10766
0.10498
0.10052
0.09425
0.08607
0.07624
0.06466
0.05155
0.03704
0.02133
0.00463
-0.01273
-0.03055
-0.04847
-0.06607
-0.08323
-0.09929
-0.11416
-0.12738
-0.13848
-0.14751
-0.15378
-0.15738
-0.15797
-0.15533
-0.14965
-0.14061
-0.12852
-0.11338
-0.09541
-0.07493
-0.05228
-0.02787
-0.00215
0.02421
0.05087
0.07693
0.10205
0.12546
0.14646
0.16480
0.17951
0.19059
0.19737
0.19957
0.19726
0.18999
0.17824
0.16185
0.14123
0.11682
0.08901
0.05855
0.02595
-0.00788
-0.04236
-0.07646
-0.10959
-0.14083
-0.16937
-0.19473
-0.21590
-0.23284
-0.24469
-0.25127
-0.25248
-0.24789
-0.23813
-0.22283
-0.20260
-0.17779
-0.14883
-0.11667
-0.08168
-0.04491
-0.00704
0.03096
0.06824
0.10395
0.13722
0.16735
0.19351
0.21538
0.23218
0.24381
0.24993
0.25043
0.24569
0.23552
0.22068
0.20136
0.17824
0.15216
0.12355
0.09355
0.06267
0.03188
0.00193
-0.02651
-0.05267
-0.07609
-0.09616
-0.11264
-0.12511
-0.13359
-0.13787
-0.13812
-0.13458
-0.12730
-0.11699
-0.10371
-0.08818
-0.07089
-0.05224
-0.03309
-0.01366
0.00526
0.02330
0.03998
0.05480
0.06757
0.07785
0.08560
0.09052
0.09273
0.09213
0.08880
0.08302
0.07476
0.06460
0.05253
0.03901
0.02440
0.00888
-0.00694
-0.02298
-0.03878
-0.05410
-0.06866
-0.08222
-0.09459
-0.10557
-0.11511
-0.12293
-0.12922
-0.13368
-0.13637
-0.13738
-0.13641
-0.13395
-0.12960
-0.12354
-0.11592
-0.10650
-0.09575
-0.08340
-0.06964
-0.05466
-0.03845
-0.02129
-0.00332
0.01529
0.03423
0.05322
0.07210
0.09034
0.10779
0.12403
0.13859
0.15151
0.16205
0.17024
0.17575
0.17824
0.17800
0.17454
0.16815
0.15883
0.14663
0.13203
0.11503
0.09613
0.07565
0.05395
0.03155
0.00882
-0.01382
-0.03589
-0.05699
-0.07685
-0.09493
-0.11117
-0.12514
-0.13662
-0.14572
-0.15192
-0.15559
-0.15645
-0.15451
-0.15015
-0.14303
-0.13373
-0.12212
-0.10842
-0.09303
-0.07590
-0.05753
-0.03800
-0.01767
0.00322
0.02431
0.04539
0.06606
0.08592
0.10487
0.12217
0.13795
0.15151
0.16257
0.17109
0.17630
0.17858
0.17727
0.17236
0.16396
0.15172
0.13617
0.11712
0.09495
0.06999
0.04260
0.01330
-0.01740
-0.04883
-0.08050
-0.11144
-0.14139
-0.16928
-0.19453
-0.21667
-0.23463
-0.24861
-0.25751
-0.26125
-0.25966
-0.25226
-0.23966
-0.22145
-0.19819
-0.17024
-0.13801
-0.10243
-0.06397
-0.02365
0.01773
0.05914
0.09975
0.13849
0.17453
0.20705
0.23514
0.25851
0.27625
0.28831
0.29430
0.29409
0.28815
0.27621
0.25911
0.23706
0.21071
0.18102
0.14837
0.11396
0.07835
0.04249
0.00726
-0.02671
-0.05858
-0.08778
-0.11376
-0.13608
-0.15434
-0.16850
-0.17822
-0.18369
-0.18500
-0.18220
-0.17599
-0.16631
-0.15397
-0.13936
-0.12290
-0.10554
-0.08741
-0.06941
-0.05195
-0.03545
-0.02057
-0.00744
0.00349
0.01204
0.01812
0.02166
0.02267
0.02139
0.01788
0.01249
0.00563
-0.00253
-0.01132
-0.02054
-0.02965
-0.03815
-0.04586
-0.05214
-0.05692
-0.05983
-0.06065
-0.05940
-0.05588
-0.05028
-0.04261
-0.03310
-0.02200
-0.00957
0.00381
0.01782
0.03203
0.04612
0.05968
0.07239
0.08395
0.09410
0.10262
0.10938
0.11429
0.11724
0.11838
0.11764
0.11520
0.11119
0.10570
0.09909
0.09136
0.08283
0.07368
0.06400
0.05414
0.04409
0.03406
0.02417
0.01447
0.00507
-0.00396
-0.01266
-0.02089
-0.02866
-0.03603
-0.04279
-0.04913
-0.05484
-0.05989
-0.06438
-0.06798
-0.07088
-0.07281
-0.07371
-0.07364
-0.07230
-0.06983
-0.06606
-0.06099
-0.05465
-0.04705
-0.03828
-0.02843
-0.01771
-0.00618
0.00575
0.01798
0.03014
0.04184
0.05296
0.06287
0.07152
0.07842
0.08325
0.08593
0.08600
0.08354
0.07832
0.07035
0.05972
0.04654
0.03107
0.01356
-0.00549
-0.02582
-0.04670
-0.06778
-0.08838
-0.10781
-0.12572
-0.14121
-0.15407
-0.16362
-0.16945
-0.17139
-0.16903
-0.16252
-0.15168
-0.13676
-0.11801
-0.09584
-0.07078
-0.04339
-0.01446
0.01539
0.04518
0.07427
0.10174
0.12681
0.14886
0.16709
0.18121
0.19059
0.19511
0.19460
0.18905
0.17880
0.16397
0.14525
0.12303
0.09810
0.07126
0.04317
0.01490
-0.01294
-0.03938
-0.06371
-0.08529
-0.10348
-0.11786
-0.12808
-0.13398
-0.13546
-0.13273
-0.12588
-0.11538
-0.10173
-0.08535
-0.06716
-0.04754
-0.02742
-0.00748
0.01175
0.02937
0.04511
0.05839
0.06882
0.07634
0.08069
0.08197
0.08039
0.07607
0.06946
0.06102
0.05108
0.04036
0.02927
0.01832
0.00821
-0.00087
-0.00835
-0.01392
-0.01756
-0.01883
-0.01796
-0.01502
-0.01001
-0.00350
0.00443
0.01322
0.02229
0.03139
0.03973
0.04694
0.05256
0.05598
0.05705
0.05536
0.05069
0.04312
0.03255
0.01918
0.00340
-0.01465
-0.03426
-0.05491
-0.07614
-0.09694
-0.11703
-0.13544
-0.15151
-0.16483
-0.17454
-0.18055
-0.18227
-0.17949
-0.17226
-0.16042
-0.14435
-0.12421
-0.10050
-0.07373
-0.04458
-0.01372
0.01804
0.04987
0.08105
0.11062
0.13803
0.16238
0.18317
0.19988
0.21198
0.21944
0.22183
0.21940
0.21209
0.20018
0.18418
0.16431
0.14142
0.11589
0.08854
0.06011
0.03121
0.00274
-0.02477
-0.05055
-0.07407
-0.09477
-0.11227
-0.12618
-0.13630
-0.14253
-0.14476
-0.14329
-0.13804
-0.12955
-0.11806
-0.10399
-0.08808
-0.07054
-0.05230
-0.03372
-0.01546
0.00176
0.01765
0.03149
0.04300
0.05180
0.05759
0.06026
0.05974
0.05601
0.04930
0.03983
0.02786
0.01399
-0.00152
-0.01792
-0.03471
-0.05135
-0.06699
-0.08135
-0.09358
-0.10336
-0.11022
-0.11368
-0.11371
-0.10994
-0.10255
-0.09151
-0.07704
-0.05949
-0.03923
-0.01683
0.00722
0.03220
0.05757
0.08252
0.10653
0.12888
0.14899
0.16645
0.18062
0.19144
0.19841
0.20153
0.20075
0.19599
0.18772
0.17584
0.16092
0.14326
0.12320
0.10151
0.07835
0.05448
0.03031
0.00625
-0.01705
-0.03935
-0.06023
-0.07933
-0.09651
-0.11152
-0.12421
-0.13470
-0.14276
-0.14859
-0.15237
-0.15399
-0.15400
-0.15225
-0.14908
-0.14486
-0.13942
-0.13339
-0.12661
-0.11924
-0.11166
-0.10355
-0.09529
-0.08673
-0.07777
-0.06862
-0.05898
-0.04889
-0.03833
-0.02708
-0.01525
-0.00278
0.01049
0.02426
0.03865
0.05352
0.06849
0.08378
0.09872
0.11316
0.12695
0.13930
0.15045
0.15956
0.16638
0.17080
0.17210
0.17056
0.16561
0.15724
0.14553
0.13034
0.11204
0.09073
0.06677
0.04057
0.01271
-0.01645
-0.04610
-0.07567
-0.10458
-0.13183
-0.15729
-0.17983
-0.19905
-0.21452
-0.22541
-0.23197
-0.23336
-0.22974
-0.22105
-0.20718
-0.18876
-0.16571
-0.13876
-0.10835
-0.07513
-0.03996
-0.00348
0.03334
0.06977
0.10482
0.13782
0.16785
0.19432
0.21657
0.23402
0.24652
0.25352
0.25524
0.25148
0.24251
0.22880
0.21051
0.18858
0.16334
0.13570
0.10649
0.07633
0.04630
0.01697
-0.01082
-0.03635
-0.05912
-0.07857
-0.09433
-0.10622
-0.11401
-0.11776
-0.11771
-0.11385
-0.10690
-0.09700
-0.08484
-0.07116
-0.05626
-0.04122
-0.02636
-0.01247
-0.00026
0.01002
0.01761
0.02235
0.02398
0.02222
0.01721
0.00901
-0.00224
-0.01604
-0.03213
-0.04994
-0.06872
-0.08814
-0.10718
-0.12541
-0.14210
-0.15640
-0.16807
-0.17621
-0.18069
-0.18104
-0.17693
-0.16851
-0.15553
-0.13838
-0.11722
-0.09243
-0.06457
-0.03423
-0.00204
0.03119
0.06472
0.09782
0.12948
0.15931
0.18626
0.20984
0.22955
0.24462
0.25525
0.26064
0.26099
0.25627
0.24631
0.23187
0.21271
0.18960
0.16288
0.13299
0.10080
0.06665
0.03135
-0.00453
-0.04026
-0.07535
-0.10898
-0.14076
-0.17007
-0.19622
-0.21922
-0.23807
-0.25297
-0.26332
-0.26879
-0.26976
-0.26545
-0.25652
-0.24262
-0.22395
-0.20108
-0.17388
-0.14320
-0.10922
-0.07266
-0.03416
0.00561
0.04588
0.08587
0.12468
0.16170
0.19579
0.22660
0.25310
0.27471
0.29113
0.30148
0.30608
0.30424
0.29619
0.28215
0.26211
0.23701
0.20695
0.17292
0.13562
0.09592
0.05491
0.01338
-0.02749
-0.06690
-0.10372
-0.13734
-0.16677
-0.19144
-0.21088
-0.22445
-0.23237
-0.23405
-0.22990
-0.21996
-0.20454
-0.18448
-0.15990
-0.13198
-0.10115
-0.06849
-0.03492
-0.00117
0.03154
0.06267
0.09105
0.11620
0.13728
0.15374
0.16525
0.17129
0.17205
0.16716
0.15702
0.14173
0.12173
0.09772
0.07006
0.03983
0.00749
-0.02582
-0.05934
-0.09219
-0.12333
-0.15218
-0.17765
-0.19935
-0.21646
-0.22860
-0.23545
-0.23665
-0.23241
-0.22250
-0.20742
-0.18734
-0.16283
-0.13457
-0.10310
-0.06946
-0.03424
0.00148
0.03690
0.07112
0.10326
0.13261
0.15838
0.18009
0.19713
0.20935
0.21635
0.21819
0.21497
0.20675
0.19422
0.17747
0.15735
0.13440
0.10926
0.08297
0.05593
0.02921
0.00337
-0.02088
-0.04283
-0.06209
-0.07815
-0.09073
-0.09959
-0.10477
-0.10614
-0.10404
-0.09862
-0.09019
-0.07946
-0.06654
-0.05230
-0.03712
-0.02150
-0.00631
0.00838
0.02180
0.03373
0.04390
0.05193
0.05791
0.06169
0.06336
0.06307
0.06104
0.05747
0.05276
0.04715
0.04094
0.03467
0.02835
0.02246
0.01715
0.01244
0.00876
0.00578
0.00366
0.00231
0.00139
0.00099
0.00064
0.00015
-0.00067
-0.00222
-0.00461
-0.00807
-0.01283
-0.01888
-0.02626
-0.03505
-0.04493
-0.05589
-0.06759
-0.07960
-0.09183
-0.10354
-0.11453
-0.12431
-0.13226
-0.13833
-0.14181
-0.14261
-0.14047
-0.13507
-0.12664
-0.11495
-0.10029
-0.08287
-0.06290
-0.04090
-0.01726
0.00751
0.03283
0.05816
0.08297
0.10660
0.12870
0.14865
0.16607
0.18071
0.19208
0.20030
0.20496
0.20614
0.20397
0.19828
0.18967
0.17801
0.16373
0.14725
0.12868
0.10879
0.08765
0.06580
0.04370
0.02159
0.00001
-0.02077
-0.04051
-0.05880
-0.07548
-0.09045
-0.10337
-0.11438
-0.12327
-0.13001
-0.13494
-0.13772
-0.13881
-0.13814
-0.13582
-0.13237
-0.12750
-0.12173
-0.11510
-0.10765
-0.09987
-0.09152
-0.08293
-0.07415
-0.06514
-0.05615
-0.04706
-0.03791
-0.02880
-0.01962
-0.01043
-0.00127
0.00797
0.01711
0.02619
0.03522
0.04394
0.05248
0.06053
0.06803
0.07494
0.08089
0.08598
0.08988
0.09249
0.09381
0.09358
0.09191
0.08866
0.08391
0.07776
0.07025
0.06163
0.05203
0.04171
0.03095
0.02000
0.00918
-0.00122
-0.01095
-0.01970
-0.02730
-0.03355
-0.03828
-0.04150
-0.04307
-0.04312
-0.04176
-0.03905
-0.03534
-0.03073
-0.02559
-0.02026
-0.01492
-0.01005
-0.00582
-0.00251
-0.00045
0.00034
-0.00035
-0.00258
-0.00620
-0.01132
-0.01764
-0.02492
-0.03305
-0.04147
-0.05007
-0.05835
-0.06587
-0.07247
-0.07753
-0.08099
-0.08246
-0.08166
-0.07865
-0.07314
-0.06532
-0.05519
-0.04286
-0.02865
-0.01278
0.00440
0.02249
0.04112
0.05987
0.07823
0.09593
0.11242
0.12740
0.14055
0.15142
0.16005
0.16595
0.16915
0.16956
0.16696
0.16174
0.15363
0.14296
0.12987
0.11448
0.09727
0.07830
0.05804
0.03679
0.01488
-0.00727
-0.02929
-0.05085
-0.07153
-0.09095
-0.10890
-0.12486
-0.13878
-0.15024
-0.15904
-0.16519
-0.16829
-0.16862
-0.16589
-0.16027
-0.15192
-0.14084
-0.12748
-0.11188
-0.09454
-0.07572
-0.05587
-0.03542
-0.01479
0.00546
0.02501
0.04322
0.05984
0.07431
0.08630
0.09558
0.10171
0.10478
0.10443
0.10080
0.09390
0.08387
0.07109
0.05569
0.03831
0.01921
-0.00090
-0.02150
-0.04206
-0.06174
-0.08023
-0.09662
-0.11069
-0.12177
-0.12941
-0.13352
-0.13357
-0.12981
-0.12196
-0.11022
-0.09485
-0.07607
-0.05444
-0.03031
-0.00435
0.02296
0.05079
0.07868
0.10583
0.13156
0.15546
0.17658
0.19489
0.20952
0.22025
0.22689
0.22884
0.22656
0.21947
0.20789
0.19195
0.17165
0.14766
0.12002
0.08939
0.05617
0.02103
-0.01549
-0.05262
-0.08972
-0.12609
-0.16077
-0.19347
-0.22296
-0.24896
-0.27069
-0.28734
-0.29901
-0.30460
-0.30441
-0.29795
-0.28511
-0.26637
-0.24146
-0.21122
-0.17585
-0.13611
-0.09282
-0.04677
0.00098
0.04948
0.09747
0.14410
0.18795
0.22832
0.26396
0.29400
0.31793
0.33470
0.34447
0.34646
0.34086
0.32788
0.30754
0.28091
0.24813
0.21044
0.16864
0.12380
0.07729
0.02998
-0.01663
-0.06163
-0.10372
-0.14204
-0.17561
-0.20368
-0.22572
-0.24114
-0.25005
-0.25197
-0.24738
-0.23634
-0.21937
-0.19735
-0.17057
-0.14042
-0.10736
-0.07272
-0.03753
-0.00261
0.03063
0.06162
0.08913
0.11255
0.13116
0.14435
0.15185
0.15333
0.14892
0.13856
0.12278
0.10182
0.07652
0.04755
0.01573
-0.01772
-0.05215
-0.08609
-0.11878
-0.14907
-0.17584
-0.19852
-0.21596
-0.22788
-0.23360
-0.23288
-0.22567
-0.21195
-0.19216
-0.16659
-0.13605
-0.10114
-0.06297
-0.02241
0.01939
0.06122
0.10213
0.14074
0.17630
0.20759
0.23395
0.25463
0.26900
0.27694
0.27799
0.27250
0.26038
0.24217
0.21844
0.18968
0.15706
0.12110
0.08306
0.04383
0.00444
-0.03398
-0.07064
-0.10444
-0.13478
-0.16077
-0.18208
-0.19812
-0.20869
-0.21377
-0.21316
-0.20754
-0.19672
-0.18149
-0.16235
-0.13970
-0.11480
-0.08776
-0.05974
-0.03134
-0.00312
0.02392
0.04957
0.07315
0.09431
0.11275
0.12830
0.14078
0.15026
0.15676
0.16028
0.16137
0.15980
0.15617
0.15059
0.14316
0.13468
0.12477
0.11405
0.10262
0.09042
0.07807
0.06519
0.05211
0.03889
0.02537
0.01188
-0.00175
-0.01552
-0.02923
-0.04300
-0.05671
-0.07020
-0.08360
-0.09656
-0.10905
-0.12107
-0.13216
-0.14249
-0.15167
-0.15949
-0.16609
-0.17086
-0.17403
-0.17526
-0.17432
-0.17145
-0.16619
-0.15876
-0.14907
-0.13702
-0.12295
-0.10674
-0.08865
-0.06893
-0.04772
-0.02541
-0.00234
0.02125
0.04478
0.06794
0.09033
0.11132
0.13082
0.14811
0.16293
0.17506
0.18393
0.18973
0.19194
0.19065
0.18593
0.17763
0.16629
0.15183
0.13475
0.11542
0.09419
0.07175
0.04843
0.02489
0.00162
-0.02082
-0.04196
-0.06130
-0.07849
-0.09315
-0.10498
-0.11398
-0.11981
-0.12266
-0.12248
-0.11939
-0.11389
-0.10590
-0.09608
-0.08463
-0.07195
-0.05872
-0.04503
-0.03156
-0.01854
-0.00632
0.00466
0.01435
0.02247
0.02893
0.03375
0.03687
0.03840
0.03854
0.03733
0.03513
0.03209
0.02842
0.02452
0.02042
0.01650
0.01290
0.00973
0.00727
0.00543
0.00443
0.00422
0.00481
0.00623
0.00836
0.01120
0.01467
0.01866
0.02312
0.02797
0.03303
0.03835
0.04369
0.04901
0.05422
0.05904
0.06359
0.06747
0.07068
0.07306
0.07427
0.07443
0.07312
0.07036
0.06600
0.05982
0.05197
0.04224
0.03076
0.01760
0.00285
-0.01327
-0.03049
-0.04859
-0.06714
-0.08577
-0.10416
-0.12166
-0.13813
-0.15291
-0.16559
-0.17599
-0.18344
-0.18809
-0.18941
-0.18732
-0.18196
-0.17302
-0.16105
-0.14590
-0.12794
-0.10761
-0.08509
-0.06106
-0.03583
-0.00989
0.01620
0.04199
0.06709
0.09092
0.11321
0.13357
0.15154
0.16724
0.18004
0.19005
0.19713
0.20096
0.20208
0.19992
0.19492
0.18708
0.17632
0.16326
0.14759
0.12983
0.11013
0.08864
0.06586
0.04191
0.01720
-0.00793
-0.03305
-0.05795
-0.08197
-0.10496
-0.12636
-0.14568
-0.16292
-0.17720
-0.18865
-0.19674
-0.20113
-0.20209
-0.19894
-0.19213
-0.18143
-0.16694
-0.14914
-0.12795
-0.10404
-0.07765
-0.04934
-0.01968
0.01077
0.04139
0.07155
0.10054
0.12793
0.15286
0.17513
0.19402
0.20912
0.22039
0.22712
0.22976
0.22782
0.22144
0.21102
0.19632
0.17824
0.15668
0.13224
0.10552
0.07677
0.04687
0.01610
-0.01490
-0.04558
-0.07542
-0.10402
-0.13080
-0.15543
-0.17759
-0.19670
-0.21301
-0.22575
-0.23505
-0.24082
-0.24260
-0.24111
-0.23565
-0.22668
-0.21430
-0.19840
-0.17976
-0.15811
-0.13404
-0.10788
-0.07992
-0.05079
-0.02082
0.00946
0.03950
0.06872
0.09679
0.12289
0.14678
0.16785
0.18558
0.19999
0.21029
0.21668
0.21879
0.21658
0.21040
0.20000
0.18603
0.16856
0.14814
0.12537
0.10060
0.07469
0.04806
0.02150
-0.00442
-0.02905
-0.05184
-0.07229
-0.08989
-0.10441
-0.11538
-0.12287
-0.12657
-0.12660
-0.12316
-0.11622
-0.10641
-0.09374
-0.07887
-0.06223
-0.04419
-0.02557
-0.00659
0.01200
0.02981
0.04638
0.06120
0.07405
0.08453
0.09254
0.09785
0.10052
0.10048
0.09786
0.09290
0.08565
0.07665
0.06595
0.05403
0.04122
0.02776
0.01419
0.00062
-0.01256
-0.02513
-0.03689
-0.04765
-0.05731
-0.06575
-0.07297
-0.07884
-0.08356
-0.08694
-0.08912
-0.09016
-0.08991
-0.08873
-0.08634
-0.08291
-0.07845
-0.07286
-0.06637
-0.05880
-0.05028
-0.04084
-0.03053
-0.01946
-0.00777
0.00441
0.01692
0.02942
0.04190
0.05386
0.06517
0.07551
0.08446
0.09203
0.09764
0.10127
0.10266
0.10157
0.09813
0.09208
0.08361
0.07274
0.05969
0.04472
0.02810
0.01027
-0.00843
-0.02744
-0.04638
-0.06466
-0.08183
-0.09742
-0.11093
-0.12207
-0.13040
-0.13576
-0.13791
-0.13681
-0.13248
-0.12501
-0.11468
-0.10167
-0.08652
-0.06953
-0.05132
-0.03244
-0.01337
0.00512
0.02266
0.03852
0.05229
0.06352
0.07176
0.07683
0.07846
0.07663
0.07129
0.06269
0.05091
0.03644
0.01965
0.00097
-0.01877
-0.03930
-0.05959
-0.07922
-0.09746
-0.11344
-0.12696
-0.13701
-0.14353
-0.14593
-0.14387
-0.13747
-0.12634
-0.11096
-0.09128
-0.06771
-0.04078
-0.01094
0.02102
0.05450
0.08864
0.12271
0.15578
0.18719
0.21607
0.24172
0.26361
0.28101
0.29382
0.30142
0.30384
0.30100
0.29288
0.28000
0.26237
0.24069
0.21537
0.18704
0.15650
0.12431
0.09134
0.05824
0.02581
-0.00535
-0.03449
-0.06117
-0.08481
-0.10495
-0.12151
-0.13394
-0.14248
-0.14681
-0.14711
-0.14373
-0.13651
-0.12627
-0.11295
-0.09722
-0.07959
-0.06033
-0.04032
-0.01971
0.00069
0.02054
0.03934
0.05658
0.07200
0.08509
0.09581
0.10369
0.10882
0.11098
0.11010
0.10646
0.09981
0.09072
0.07907
0.06519
0.04952
0.03206
0.01351
-0.00607
-0.02623
-0.04653
-0.06681
-0.08647
-0.10536
-0.12312
-0.13937
-0.15397
-0.16656
-0.17698
-0.18517
-0.19081
-0.19407
-0.19479
-0.19305
-0.18913
-0.18292
-0.17501
-0.16538
-0.15454
-0.14299
-0.13085
-0.11900
-0.10745
-0.09694
-0.08791
-0.08055
-0.07555
-0.07278
-0.07279
-0.07555
-0.08113
-0.08952
-0.10040
-0.11372
-0.12891
-0.14579
-0.16360
-0.18197
-0.20026
-0.21766
-0.23392
-0.24792
-0.25956
-0.26801
-0.27275
-0.27374
-0.27011
-0.26228
-0.24974
-0.23256
-0.21113
-0.18520
-0.15569
-0.12261
-0.08657
-0.04834
-0.00818
0.03283
0.07426
0.11543
0.15544
0.19397
0.23016
0.26354
0.29382
0.32027
0.34290
0.36131
0.37531
0.38515
0.39044
0.39167
0.38880
0.38212
0.37214
0.35889
0.34317
0.32507
0.30534
0.28431
0.26246
0.24052
0.21852
0.19752
0.17733
0.15879
0.14230
0.12774
0.11623
0.10696
0.10101
0.09827
0.09850
0.10257
0.10928
0.11960
0.13295
0.14904
0.16814
0.18905
0.21228
0.23691
0.26264
0.28907
0.31532
0.34125
0.36589
0.38904
0.40975
0.42779
0.44249
0.45316
0.45988
0.46155
0.45866
0.45047
0.43679
0.41809
0.39361
0.36440
0.33007
0.29095
0.24794
0.20078
0.15081
0.09821
0.04353
-0.01196
-0.06819
-0.12385
-0.17835
-0.23128
-0.28125
-0.32833
-0.37137
-0.40996
-0.44405
-0.47254
-0.49607
-0.51378
-0.52602
-0.53318
-0.53478
-0.53225
-0.52498
-0.51438
-0.50097
-0.48505
-0.46853
-0.45084
-0.43414
-0.41858
-0.40495
-0.39490
-0.38762
-0.38526
-0.38708
-0.39392
-0.40640
-0.42335
-0.44614
-0.47309
-0.50472
-0.54040
-0.57881
-0.62025
-0.66264
-0.70608
-0.74916
-0.79085
-0.83061
-0.86676
-0.89920
-0.92643
-0.94817
-0.96352
-0.97180
-0.97301
-0.96614
-0.95182
-0.92931
-0.89903
-0.86136
-0.81597
-0.76431
-0.70604
-0.64240
-0.57424
-0.50160
-0.42659
-0.34902
-0.27044
-0.19197
-0.11349
-0.03734
0.03700
0.10817
0.17528
0.23908
0.29739
0.35164
0.40069
0.44450
0.48440
0.51866
0.54967
0.57628
0.59951
0.62079
0.63883
0.65663
0.67251
0.68850
0.70539
0.72222
0.74201
0.76227
0.78567
0.81187
0.84021
0.87316
0.90755
0.94628
0.98786
1.03191
1.08006
1.12896
1.18126
1.23467
1.28915
1.34539
1.40039
1.45618
1.51024
1.56277
1.61362
1.66055
1.70483
1.74412
1.77889
1.80832
1.83124
1.84819
1.85739
1.85969
1.85387
1.84007
1.81830
1.78761
1.74941
1.70232
1.64787
1.58575
1.51589
1.44027
1.35734
1.26990
1.17716
1.07979
0.98001
0.87583
0.77096
0.66374
0.55532
0.44758
0.33789
0.23045
0.12232
0.01516
-0.09006
-0.19644
-0.29960
-0.40373
-0.50637
-0.60773
-0.71083
-0.81121
-0.91394
-1.01525
-1.11667
-1.22038
-1.32195
-1.42678
-1.52965
-1.63331
-1.73860
-1.84140
-1.94702
-2.04909
-2.15144
-2.25356
-2.35203
-2.45184
-2.54611
-2.63960
-2.73067
-2.81705
-2.90313
-2.98230
-3.05984
-3.13328
-3.20171
-3.26845
-3.32791
-3.38513
-3.43701
-3.48398
-3.52769
-3.56402
-3.59699
-3.62298
-3.64355
-3.65816
-3.66458
-3.66510
-3.65591
-3.63950
-3.61309
-3.57665
-3.53061
-3.47149
-3.40272
-3.31974
-3.22510
-3.11756
-2.99483
-2.86125
-2.71121
-2.55016
-2.37543
-2.18667
-1.98891
-1.77601
-1.55634
-1.32557
-1.08576
-0.84180
-0.58709
-0.33243
-0.07104
0.19257
0.45499
0.72348
0.98589
1.25207
1.52806
1.78999
2.03084
2.27356
2.55330
2.85787
3.11109
3.29692
3.50903
3.84349
4.23114
4.47645
4.55467
4.71791
5.18523
5.75808
5.97441
5.77594
5.77938
6.57654
7.74405
7.89625
6.03227
2.76777
