-4.951200715341774750e-03
1.197147804595237730e-01
2.299155418106272331e-01
3.122526179555003001e-01
3.561758949014572906e-01
3.559713959559085983e-01
3.124822307624660622e-01
2.338216249045325101e-01
1.345430134073670181e-01
3.309389260609559014e-02
-5.214306326177792217e-02
-1.073214503577874374e-01
-1.267165469940530476e-01
-1.140253125281230906e-01
-8.068712880562603496e-02
-4.168818554540494603e-02
-1.035261857742127492e-02
5.939099611188438169e-03
7.501259641952848223e-03
9.505256646586621172e-04
-4.647689209470663024e-03
-2.341691173119535979e-03
9.491974360434824592e-03
2.664534122402567942e-02
4.127856619911308284e-02
4.553635676500175644e-02
3.483999113154308269e-02
9.602959577462384655e-03
-2.496831500224808847e-02
-6.059952867470196763e-02
-8.847375143109627305e-02
-1.017622039872096151e-01
-9.745189074886757841e-02
-7.699876679432050841e-02
-4.569839194209995847e-02
-1.104993305020103567e-02
1.932917605806135780e-02
3.958906049143159911e-02
4.681518920409841883e-02
4.126429834182788331e-02
2.580281656080663649e-02
4.914102153900395953e-03
-1.633987909667269228e-02
-3.318100145029037606e-02
-4.179164311261686360e-02
-3.990032574409570904e-02
-2.730145455027129311e-02
-6.159198710143306416e-03
1.917533744635819062e-02
4.302908426078545789e-02
5.986316541454549806e-02
6.588636676019074545e-02
6.021981980333232509e-02
4.513158292636555713e-02
2.522478751587609730e-02
5.882370014393721938e-03
-8.455591405498686861e-03
-1.557963722181659669e-02
-1.594904573363971692e-02
-1.217889784742309453e-02
-7.825539380863085273e-03
-5.989825073775616529e-03
-8.307213252789241720e-03
-1.466806171482688478e-02
-2.362663682298721951e-02
-3.314707509059806878e-02
-4.127151348366851075e-02
-4.646494415477853135e-02
-4.764260901459412695e-02
-4.406755350947545030e-02
-3.533887274568541653e-02
-2.157742223170638213e-02
-3.732036025639529769e-03
1.621115219241718586e-02
3.534875292064881130e-02
5.041888008929391179e-02
5.869530683718054975e-02
5.890891675104828473e-02
5.180762752719253461e-02
4.006900861345565057e-02
2.752321279520335978e-02
1.792242712247571132e-02
1.369610217663673468e-02
1.516601319180768681e-02
2.052805277582492663e-02
2.660659289147285916e-02
3.008958333465959478e-02
2.877700558669548173e-02
2.237155862056748601e-02
1.250635682461321251e-02
2.004715593985916672e-03
-6.297695341736466237e-03
-1.063733342647245339e-02
-1.085165300515292079e-02
-8.199570759366331743e-03
-4.678362492640216960e-03
-2.236904286475291034e-03
-2.239482499584567396e-03
-5.321604597043646037e-03
-1.154143774926916569e-02
-2.059931636528106180e-02
-3.193394469724750162e-02
-4.465951739248995300e-02
-5.746541123919889082e-02
-6.865763830833379600e-02
-7.644613143338735428e-02
-7.942311262353288215e-02
-7.703851854670459853e-02
-6.984465108457679761e-02
-5.936482250493588242e-02
-4.758457390321669395e-02
-3.620347238789239919e-02
-2.588991362042081593e-02
-1.584022715873648068e-02
-3.919850165261598574e-03
1.249148830070141020e-02
3.510983152988462336e-02
6.328498110030787716e-02
9.314102424651600487e-02
1.179383318061565378e-01
1.298724161918991815e-01
1.228501005842337068e-01
9.516171679700773101e-02
5.082556871976648405e-02
-1.105448331735495171e-03
-4.907946793564602062e-02
-8.243746745152721878e-02
-9.438515919593667980e-02
-8.354373531964540134e-02
-5.371174763372914968e-02
-1.215866474531613478e-02
3.274325463909498468e-02
7.361554343052294225e-02
1.052337394216923266e-01
1.246216102651740154e-01
1.304748788269258775e-01
1.225445460646699264e-01
1.014520845110334218e-01
6.899172857705875017e-02
2.856932949308652048e-02
-1.472421379843334710e-02
-5.473101042099044744e-02
-8.548719129281270868e-02
-1.027268549829674499e-01
-1.050735743087849727e-01
-9.446044727142709208e-02
-7.560318390450918025e-02
-5.468250632764807412e-02
-3.764043770298546032e-02
-2.859297707643389252e-02
-2.880836431063142633e-02
-3.653110543658866921e-02
-4.769015631044970505e-02
-5.726473327647494532e-02
-6.086975688027478765e-02
-5.605393485042518831e-02
-4.291572038370915915e-02
-2.388786682267808603e-02
-2.819291611871235781e-03
1.630090830293710880e-02
3.053444898693467163e-02
3.870127067556759781e-02
4.139578125085112414e-02
4.039626088007473165e-02
3.780875831687314365e-02
3.534852399618514107e-02
3.399440597426648530e-02
3.399620474893162714e-02
3.505743803079104659e-02
3.652683683939298570e-02
3.754425399910263361e-02
3.718641547572217043e-02
3.466870074367580518e-02
2.958534460880454797e-02
2.209252989141799461e-02
1.293430477548583590e-02
3.278194182568399534e-03
-5.589042953705578715e-03
-1.259847579154159750e-02
-1.715303634230594051e-02
-1.922079916990422979e-02
-1.924825479233466252e-02
-1.792968476383864640e-02
-1.592055521605707791e-02
-1.362007854353627576e-02
-1.112993716051548232e-02
-8.401652267443370306e-03
-5.465694716489312432e-03
-2.584758843656919432e-03
-2.355580702523693212e-04
1.054360573780584089e-03
9.049653800639176002e-04
-7.810112409805790995e-04
-3.771618090484917321e-03
-7.523164225957413090e-03
-1.124648451501551218e-02
-1.403524494020733267e-02
-1.506241233956450223e-02
-1.380856944910056200e-02
-1.024697918938456687e-02
-4.905063446211156870e-03
1.243581972318273318e-03
7.039217402674703000e-03
1.146257067807689330e-02
1.390077750120521233e-02
1.423833320891624947e-02
1.273830457073529647e-02
9.794800526634540871e-03
5.714577137412329977e-03
6.631987799358852326e-04
-5.194790311393759213e-03
-1.144927315666524094e-02
-1.724572480247789710e-02
-2.128371958444379847e-02
-2.209268023376207910e-02
-1.854670183307109352e-02
-1.044525736460947575e-02
1.104967734425277640e-03
1.374865762963274618e-02
2.446205607631803114e-02
3.050202594694387953e-02
3.037897773948243507e-02
2.445384070681018429e-02
1.487513875020421601e-02
4.826982584393395281e-03
-2.640840191963922390e-03
-5.722187484970910759e-03
-4.431411882888642087e-03
-4.145212843257896351e-04
3.885020540917524627e-03
6.305842120252909064e-03
5.822262249375879245e-03
2.840497619705364702e-03
-1.133837864088547628e-03
-4.256954747780339679e-03
-5.162205170734640407e-03
-3.468255425090331807e-03
1.797512681930134998e-04
4.440114649785989118e-03
7.742507615983111775e-03
8.702686708687954950e-03
6.421079115664478539e-03
6.845744351046106208e-04
-7.919857408345920211e-03
-1.802592599308743687e-02
-2.771180463826566909e-02
-3.493986229022254253e-02
-3.811196595810452392e-02
-3.654930931715899556e-02
-3.070631174360655830e-02
-2.201972504370500877e-02
-1.243052021541628076e-02
-3.744976228715326746e-03
2.930286307922433039e-03
7.473290821120782967e-03
1.065504835112694379e-02
1.370558072599950203e-02
1.768197384396814203e-02
2.286200829400671444e-02
2.841317992691576658e-02
3.252132770928774230e-02
3.300385655177952293e-02
2.822893232566064947e-02
1.798502581660881006e-02
3.884809326338108798e-03
-1.096955000550411605e-02
-2.300002636784546570e-02
-2.943505926139437789e-02
-2.930065206529171989e-02
-2.369717674879255956e-02
-1.526708295760000923e-02
-7.102751598167787034e-03
-1.553724492076501325e-03
6.047839599889566140e-04
3.616501686442685076e-04
-1.716815078406375150e-06
2.154775391543836682e-03
8.749434656009264649e-03
2.010012306659300987e-02
3.456617627944597038e-02
4.889961895114952606e-02
5.923429080556438797e-02
6.234784668309753530e-02
5.669411490644420820e-02
4.282881823634496210e-02
2.316012899196504687e-02
1.245721903865446012e-03
-1.904061098240297095e-02
-3.424806223626797319e-02
-4.192375403205295115e-02
-4.102567518305048899e-02
-3.215523638613838886e-02
-1.754889662261883282e-02
-7.546522462896672334e-04
1.404390236783370841e-02
2.298695055436537210e-02
2.355885429452424240e-02
1.534136675361294500e-02
2.093869795554027108e-04
-1.814334905302992726e-02
-3.524070566143690242e-02
-4.714224996318853306e-02
-5.166929888301441398e-02
-4.915511186219594097e-02
-4.242328876633795487e-02
-3.589908177745061713e-02
-3.404544629508446385e-02
-3.959732582847174526e-02
-5.221908590680400530e-02
-6.814406851649412733e-02
-8.106560652587246896e-02
-8.411225190436059929e-02
-7.230480420337255520e-02
-4.463682026270392872e-02
-4.967950423555210493e-03
3.872033039001804289e-02
7.658780216410059072e-02
1.000074863791586000e-01
1.043642155980531866e-01
9.055333945210738977e-02
6.465555474550309378e-02
3.595833931264676847e-02
1.403269658178148832e-02
5.794129869861421034e-03
1.343007285082934571e-02
3.383006340181734378e-02
5.972223746474078498e-02
8.216884847399932856e-02
9.358567101509027153e-02
9.022894527379576868e-02
7.325063130065406769e-02
4.793676724701931291e-02
2.145947834430521339e-02
1.030601489182478292e-04
-1.286138512836561970e-02
-1.783035916041724941e-02
-1.796308070327523945e-02
-1.733359448875453068e-02
-1.907065069095665796e-02
-2.424898721888462533e-02
-3.183344005503269125e-02
-3.950001083178216604e-02
-4.485454201887843079e-02
-4.650210711345177661e-02
-4.456575605512461125e-02
-4.052488446483935164e-02
-3.651817537205024472e-02
-3.443478064986638804e-02
-3.516246294910455733e-02
-3.827774098258069496e-02
-4.227469762754183791e-02
-4.519788199733151129e-02
-4.537947132237777487e-02
-4.197173694776596548e-02
-3.510378639458148348e-02
-2.567863268756738482e-02
-1.496436637120709956e-02
-4.182875859181891393e-03
5.733766246261345900e-03
1.415052734229822751e-02
2.056631415025800616e-02
2.444519751663604135e-02
2.520287231800562300e-02
2.240125279119829782e-02
1.606668086250500477e-02
6.971403704805782461e-03
-3.268239331741515374e-03
-1.235707282195517079e-02
-1.774753997882043410e-02
-1.724096472778591585e-02
-9.612886026225000644e-03
4.906820484549257594e-03
2.444205094209341705e-02
4.566314482136568653e-02
6.440169419678873353e-02
7.662433337674121048e-02
7.953830463173776344e-02
7.244753135027741375e-02
5.698708252730463886e-02
3.660446757892178021e-02
1.549543003046360140e-02
-2.580128307899928752e-03
-1.518485544182907390e-02
-2.155477671043366794e-02
-2.240626014786884640e-02
-1.937627070434753962e-02
-1.436061527214512433e-02
-8.994785142020140373e-03
-4.413811577145838189e-03
-1.277695502517202028e-03
7.072465295281799014e-05
-5.232775723216544217e-04
-3.033801062190024864e-03
-7.161082742473210555e-03
-1.224536521971829675e-02
-1.730080303121848961e-02
-2.120334621572853018e-02
-2.296837700338130381e-02
-2.201372141222170467e-02
-1.833166123795825636e-02
-1.253702716236149671e-02
-5.780796117668379752e-03
4.662033170198497112e-04
4.728133812393174248e-03
5.878250073228490774e-03
3.455554181221552959e-03
-2.146313637856856263e-03
-9.711943444556435726e-03
-1.751134082319730223e-02
-2.382824331024151199e-02
-2.752989404079294461e-02
-2.843811637473939169e-02
-2.732631082494452884e-02
-2.553476613137305173e-02
-2.437110712148829114e-02
-2.454138882803284100e-02
-2.581390464950653052e-02
-2.701301331572134035e-02
-2.634154144751160720e-02
-2.194875145312046721e-02
-1.258494913483551234e-02
1.867410207015600745e-03
2.018199692083419775e-02
3.999250372591830333e-02
5.835016808860445103e-02
7.243008326905556182e-02
8.014251309422162906e-02
8.049648863367843410e-02
7.369718266734311130e-02
6.102127500597288173e-02
4.450623532789779041e-02
2.650577339996916526e-02
9.227857153153766478e-03
-5.608670002761606543e-03
-1.693950282214910785e-02
-2.437371059771962015e-02
-2.811132067958618808e-02
-2.877225711869685690e-02
-2.715470788403546651e-02
-2.399593904355850488e-02
-1.984571164408200500e-02
-1.511726975560621043e-02
-1.026012624800199183e-02
-5.894137353324083346e-03
-2.759042587581323619e-03
-1.472858089388223886e-03
-2.247576265113237180e-03
-4.759441621927446714e-03
-8.276754204834904996e-03
-1.197864656839284746e-02
-1.527402587690259404e-02
-1.793156806351980243e-02
-1.994507549715669043e-02
-2.121496065119973795e-02
-2.125862148073226487e-02
-1.919515606404648134e-02
-1.411726364434918307e-02
-5.705559304583624619e-03
5.267587746911800428e-03
1.688798536445353451e-02
2.661181609225214337e-02
3.213786218754218632e-02
3.223607574578936374e-02
2.714888109923600454e-02
1.840641392996549344e-02
8.185805571498967065e-03
-1.471055564987368280e-03
-9.258469911136501390e-03
-1.482496831361458482e-02
-1.857466481338008665e-02
-2.117263392419559825e-02
-2.298293896992946797e-02
-2.370707949854533245e-02
-2.242902613800413017e-02
-1.808910740853649987e-02
-1.016706740269541706e-02
7.893260937434348062e-04
1.308314318636156354e-02
2.428543032224662196e-02
3.195204665654918785e-02
3.433038266137662664e-02
3.080518430561677082e-02
2.199020161873922047e-02
9.517741746132114128e-03
-4.358997739929391935e-03
-1.723749357509038460e-02
-2.700694613953665349e-02
-3.216822647336152474e-02
-3.199716935073468327e-02
-2.659018219658421112e-02
-1.685065648690830392e-02
-4.420270704765815600e-03
8.501980278439503352e-03
1.951068382327137557e-02
2.650644680056127300e-02
2.826618438841933464e-02
2.488951183952826593e-02
1.792105179573805218e-02
1.001775978693555252e-02
4.185590928355865589e-03
2.800212448473032856e-03
6.755049782918115704e-03
1.506368064888223904e-02
2.508550844927207035e-02
3.332381880918521000e-02
3.654780782968787556e-02
3.286701095832129937e-02
2.237550590190923866e-02
7.114657435608486707e-03
-9.638486112208764778e-03
-2.446985390585710088e-02
-3.487976546754496115e-02
-3.991672074380787916e-02
-4.023157592414187966e-02
-3.761212113125571993e-02
-3.420981014536982057e-02
-3.173459488748541640e-02
-3.087763206357608745e-02
-3.113428925106936571e-02
-3.106467439246408599e-02
-2.889127880785570188e-02
-2.323936154666569193e-02
-1.378956966713583768e-02
-1.618761378640622139e-03
1.094661097764372190e-02
2.101707095150763885e-02
2.620610545916508480e-02
2.568077152000163704e-02
2.069448317135119328e-02
1.424971344464052644e-02
9.934114177532449644e-03
1.041205414432259252e-02
1.625891684618887417e-02
2.566364950085993704e-02
3.510702266274471489e-02
4.069357958977246059e-02
3.957200284941016222e-02
3.089665290161018596e-02
1.602626364018717650e-02
-2.006917284204108587e-03
-1.946623835159490279e-02
-3.295005283796222095e-02
-4.020754085105009146e-02
-4.056673374132063054e-02
-3.493345032627648283e-02
-2.541982595981532797e-02
-1.473297384927243353e-02
-5.490441221134340424e-03
3.769844707094171035e-04
2.019681140102418983e-03
-1.941531512854675207e-04
-4.807744970983886257e-03
-9.647619658146007818e-03
-1.237471375478836969e-02
-1.109403516246802376e-02
-4.861601415726276437e-03
6.050850449825791177e-03
2.018681131248166449e-02
3.518673709178624098e-02
4.822874668529493480e-02
5.656039881890358861e-02
5.809068500051424444e-02
5.197043869746544031e-02
3.897230096732316740e-02
2.143103139773680499e-02
2.651082005352793647e-03
-1.403444850071864508e-02
-2.617637898422551374e-02
-3.274981258111894777e-02
-3.418322443128958554e-02
-3.195532943850493135e-02
-2.796650446773418092e-02
-2.391858270298541020e-02
-2.089057872546640215e-02
-1.920551743808139936e-02
-1.857550826454370738e-02
-1.842161322491689054e-02
-1.821573803303915343e-02
-1.769754005467221586e-02
-1.688564829418159191e-02
-1.591257409938442308e-02
-1.481419394604853099e-02
-1.342808867275196646e-02
-1.147002123723304089e-02
-8.720694065086109434e-03
-5.176089336794547149e-03
-1.055115469825998117e-03
3.329620094669924826e-03
7.742525989474630804e-03
1.212080100835123686e-02
1.651981412514967260e-02
2.092141119913108055e-02
2.502112204503926379e-02
2.815392414306955651e-02
2.945289711132523594e-02
2.819788976789516094e-02
2.419159465122830421e-02
1.796356898977812325e-02
1.066777851686720284e-02
3.689386687618045196e-03
-1.854273146857664950e-03
-5.457453645562654679e-03
-7.245138995322015704e-03
-7.702476919150699763e-03
-7.311289793754421895e-03
-6.299758626805706217e-03
-4.599315593683024270e-03
-1.984157243552529988e-03
1.690174518640907148e-03
6.253961570802522157e-03
1.111275918135797361e-02
1.534973011369981065e-02
1.803275489432009521e-02
1.858302280917776064e-02
1.699093693707801056e-02
1.373519674229341063e-02
9.444884434733890125e-03
4.516151221028610711e-03
-1.073390355149617635e-03
-7.637059833397873143e-03
-1.541248551577183504e-02
-2.416351851973726900e-02
-3.297051076029765271e-02
-4.032669518516518448e-02
-4.451230397922708443e-02
-4.411326845593419033e-02
-3.852073761822044640e-02
-2.826432113786049236e-02
-1.506185389117723969e-02
-1.513810816351341543e-03
9.538100561205910613e-03
1.582757315632688996e-02
1.637282471966654274e-02
1.179626102626837175e-02
4.131342983145750228e-03
-3.785124291057396888e-03
-9.100856255536053305e-03
-9.685422730940713293e-03
-4.658730073748864470e-03
5.387378585627539476e-03
1.852710496094750470e-02
3.198327392668985636e-02
4.283987737566478937e-02
4.877551439532253758e-02
4.858188210758716125e-02
4.231134611172952115e-02
3.105496595029717810e-02
1.650381957353883738e-02
5.135845696827845419e-04
-1.515746248594870144e-02
-2.890436975589999458e-02
-3.923158035690602063e-02
-4.476727172126534343e-02
-4.443947369858752827e-02
-3.780549003050417967e-02
-2.541496357229514058e-02
-9.018105090472142149e-03
8.554596120247486696e-03
2.389713163462444181e-02
3.380407698635003177e-02
3.608170327564076685e-02
3.013797808392390878e-02
1.716989458970737126e-02
-1.026458049345167767e-04
-1.806827968958694616e-02
-3.304024601515460902e-02
-4.205869191542712521e-02
-4.351651038030966701e-02
-3.749250862747988133e-02
-2.571661093268798673e-02
-1.114312706217727988e-02
2.811567993990498476e-03
1.320436787358720068e-02
1.841057127047421998e-02
1.858141370013894483e-02
1.551211250691636803e-02
1.193974859432037246e-02
1.052911987063575271e-02
1.292314909210466253e-02
1.918177302436831558e-02
2.777122173865331431e-02
3.608559414718964797e-02
4.132962383087758484e-02
4.147989670025535591e-02
3.600126052617484695e-02
2.605641040589336613e-02
1.410482359571945017e-02
3.003412575225822279e-03
-5.071045906960411007e-03
-9.448118966375814581e-03
-1.116939824621339915e-02
-1.243923185158695398e-02
-1.551628280746731800e-02
-2.151874573919822925e-02
-2.968523106307808038e-02
-3.744442916078516426e-02
-4.130134771440478747e-02
-3.821674523812473162e-02
-2.696382970496567777e-02
-8.936221832307265911e-03
1.195072083241570382e-02
3.031140698372362247e-02
4.097198022680688390e-02
4.067569146938065233e-02
2.914236283816173945e-02
9.041856375536734547e-03
-1.509145247057981643e-02
-3.848263151729829773e-02
-5.752951807329022282e-02
-7.044181417042423565e-02
-7.700283106656959087e-02
-7.778412878337728764e-02
-7.332820208103579818e-02
-6.372153447793092729e-02
-4.872050510877333485e-02
-2.831261303473878166e-02
-3.401265997912260308e-03
2.375461218264552504e-02
4.961523866502876717e-02
6.999492936079132477e-02
8.107045267923018717e-02
8.044819934872557421e-02
6.796661908952283948e-02
4.597003506396979411e-02
1.890865272035573835e-02
-7.684385130914621331e-03
-2.855876103556009848e-02
-4.002376534418904119e-02
-4.072115641135845565e-02
-3.166988680781230442e-02
-1.563916938426824360e-02
3.853953101538427212e-03
2.353134488712940731e-02
4.100448088175427663e-02
5.495389796719331310e-02
6.491656184943683794e-02
7.090973451532091298e-02
7.313191068377181137e-02
7.185840973278004307e-02
6.748484142266654440e-02
6.058384582301332144e-02
5.187827571983096714e-02
4.214513544394415251e-02
3.214146381888306064e-02
2.261161217642143270e-02
1.432771490555965685e-02
8.047898275778880145e-03
4.325679318194629308e-03
3.223998030004358861e-03
4.077527830344112106e-03
5.452016075193018979e-03
5.371029251117381484e-03
1.752581125893137512e-03
-7.105999431362013813e-03
-2.215431434709469460e-02
-4.337529329160907943e-02
-6.966733099824169717e-02
-9.875206811508058236e-02
-1.271490806698824527e-01
-1.503919148560496077e-01
-1.636911834502534635e-01
-1.631092856249273249e-01
-1.470265809375120303e-01
-1.173757598788625345e-01
-7.997204946941895154e-02
-4.341411774909098575e-02
-1.651480530276978886e-02
-4.935603891115525332e-03
-8.364836200354996976e-03
-1.978455768330626002e-02
-2.777452584240835964e-02
-2.145320074061255605e-02
3.853783746175912239e-03
4.292587258740389322e-02
8.113121554667296342e-02
9.953641423124789944e-02
8.294205602222190499e-02
2.762258707029795202e-02
-5.461159907834589600e-02
-1.381341839270395777e-01
-1.909133895081208676e-01
-1.852755025581169779e-01
-1.082745672616223787e-01
3.210705883426187568e-02
2.073574529766234464e-01
3.756481620528335785e-01
4.937635760008613484e-01
5.300107284444683931e-01
4.739456305747437037e-01
3.396925355753874776e-01
1.616870065875549711e-01
-1.579829520891598560e-02
-1.518708629045298908e-01
-2.206089683807611890e-01
-2.173326485961947774e-01
-1.578346171354509109e-01
-7.134393032737555707e-02
9.929936850320356112e-03
6.089814883654558891e-02
7.004761845779133855e-02
4.058181768797658462e-02
-1.334618860765152126e-02
-7.321445616665037126e-02
-1.227664060188329853e-01
-1.524283543858359624e-01
-1.605009140674321655e-01
-1.515007337480596128e-01
-1.329604100190122096e-01
-1.121935959989532883e-01
-9.410966629916728277e-02
-8.048414086842253790e-02
-7.050276523398760209e-02
-6.205139908201977306e-02
-5.312153769075636522e-02
-4.279923710944222304e-02
-3.154931581413963904e-02
-2.081048324669876326e-02
-1.217294995070195701e-02
-6.537814756953842787e-03
-3.625293049842451265e-03
-2.021191229526195232e-03
2.956984795269290700e-04
5.195748712171578687e-03
1.371373546471679750e-02
2.566232044514438898e-02
3.963250884453111550e-02
5.334576983163086261e-02
6.423686298301520270e-02
7.009522860282380030e-02
6.958764669099462563e-02
6.254712965763987997e-02
5.001502135596574278e-02
3.408989980656315644e-02
1.763104888340040477e-02
3.827699003313929371e-03
-4.364633943627013041e-03
-4.887400525281148517e-03
2.759757868296137950e-03
1.705672712646810751e-02
3.446526652839557170e-02
5.010697081163555805e-02
5.909703799539288427e-02
5.817394982838065831e-02
4.699484403940242666e-02
2.847007627632004712e-02
7.868681333461628735e-03
-9.013143573807551323e-03
-1.787882351740819470e-02
-1.732638331474734700e-02
-9.091774962309420033e-03
2.859761111963159824e-03
1.392066120400399856e-02
2.041250606793871408e-02
2.055679313174376202e-02
1.460869231730099402e-02
4.303521003727446559e-03
-8.006032938645546437e-03
-2.013850541766278729e-02
-3.055540346963631082e-02
-3.844967043689218045e-02
-4.353585136684137019e-02
-4.572506979948853106e-02
-4.488864191754882854e-02
-4.085234239010920865e-02
-3.363568253177127987e-02
-2.379392543800646492e-02
-1.261348881267294192e-02
-1.950193006955019265e-03
6.300765049110101240e-03
1.087521799029437727e-02
1.161248055585353475e-02
9.481965764759136411e-03
6.139142025968132368e-03
3.207028542289269701e-03
1.594653996748098684e-03
1.142250857073631720e-03
7.475889591342568113e-04
-1.072468514119266289e-03
-5.425052500572662834e-03
-1.242773626263890541e-02
-2.101664053956796285e-02
-2.925496673634851025e-02
-3.499707841569070499e-02
-3.663755698657868154e-02
-3.367286829831765693e-02
-2.687407809682664656e-02
-1.798290295768322986e-02
-9.009921708978511912e-03
-1.403672678595434958e-03
4.532144595741660967e-03
9.669662037643411701e-03
1.548007038219799750e-02
2.309665521749864475e-02
3.247372416087869473e-02
4.209082478157630952e-02
4.939881098695562273e-02
5.182490021117049095e-02
4.786726069384370646e-02
3.777203826162003897e-02
2.350108456042982602e-02
8.053193341705629227e-03
-5.490065744363597372e-03
-1.474563727257971468e-02
-1.838557832047506280e-02
-1.612650743483136362e-02
-8.598887815463415046e-03
2.707100510682347583e-03
1.544252462100040822e-02
2.656202041966904473e-02
3.285473821322550114e-02
3.183988003013434043e-02
2.274491143957266259e-02
7.112722465376940251e-03
-1.135124231558191921e-02
-2.776966561368911235e-02
-3.760622848465820789e-02
-3.814151876725335732e-02
-2.937049839834759285e-02
-1.400682516657756650e-02
3.398727614644950212e-03
1.790615831580549475e-02
2.567935390646887070e-02
2.500393893444945864e-02
1.652926115201225690e-02
2.766679003233362549e-03
-1.285432546749909824e-02
-2.698286881504955229e-02
-3.708951401975496553e-02
-4.181122555653593587e-02
-4.091635373438851780e-02
-3.502633106707950250e-02
-2.528031817019140218e-02
-1.309084806245553942e-02
-2.830938035051216994e-05
1.224111127698972526e-02
2.207620576919673214e-02
2.809445060045875561e-02
2.947486415572789578e-02
2.621796660753662744e-02
1.923971908318955135e-02
1.021182001704009669e-02
1.138604611361690097e-03
-6.220750836524575889e-03
-1.086975190801619216e-02
-1.281057433969758595e-02
-1.289660539524025047e-02
-1.237107556484130788e-02
-1.228528390009513659e-02
-1.302176790008068019e-02
-1.410358783628907695e-02
-1.437642553213925103e-02
-1.251339779972550012e-02
-7.643944318462834835e-03
1.679810104774507110e-04
9.803211089586184868e-03
1.935367549585332789e-02
2.664278097919765137e-02
2.980811000753648757e-02
2.778038740138275703e-02
2.054476038663421988e-02
9.138048887971995590e-03
-4.576775182524240454e-03
-1.825548025612047653e-02
-2.944960291277128051e-02
-3.599541808697541423e-02
-3.642447697848430477e-02
-3.035615522847872477e-02
-1.875231943576902843e-02
-3.878473568159788651e-03
1.113614053703642151e-02
2.311701655145650611e-02
2.983963922935593122e-02
3.084402821502559705e-02
2.768382185180972427e-02
2.339690635730749119e-02
2.131416253424876783e-02
2.365531497029929944e-02
3.051251778141320786e-02
3.968812323804475628e-02
4.747759131683287892e-02
5.006239609247810363e-02
4.493125512945309041e-02
3.179120805726893401e-02
1.268590784149179265e-02
-8.657687015577023026e-03
-2.799328305717125459e-02
-4.183061312717050589e-02
-4.840521460074729415e-02
-4.803891604808309401e-02
-4.280151846721927389e-02
-3.562816855632151836e-02
-2.923791010358330056e-02
-2.526628717482494804e-02
-2.392627273842053842e-02
-2.426788430493047669e-02
-2.483456200233285366e-02
-2.437310244872744475e-02
-2.231513066170986645e-02
-1.893140019411813577e-02
-1.521069347529805521e-02
-1.254500908773903932e-02
-1.226221052458201927e-02
-1.505119318461602650e-02
-2.041878047908617794e-02
-2.642781811461872646e-02
-2.996396834850969387e-02
-2.760254931038493009e-02
-1.686903499800080503e-02
2.547781904521938950e-03
2.815288772838645676e-02
5.497025649443095657e-02
7.689133232018711961e-02
8.863339953761502354e-02
8.753309504040769629e-02
7.439876654186716731e-02
5.306375756881005074e-02
2.890153210682510493e-02
7.017710299473626373e-03
-9.130339568570629283e-03
-1.827880178086655275e-02
-2.110524876449382942e-02
-1.949892933676000695e-02
-1.572358811019380215e-02
-1.175003721243373864e-02
-8.896162574995635300e-03
-7.763733847167135146e-03
-8.342464454433436150e-03
-1.013306212753986232e-02
-1.224139841470180817e-02
-1.351729386655925111e-02
-1.282945791390323678e-02
-9.467147819685748505e-03
-3.528847520327858811e-03
3.908913804717657065e-03
1.100608132739230513e-02
1.575781144383420901e-02
1.675587734804653839e-02
1.374957212308216756e-02
7.708584189409623498e-03
3.504948087532083062e-04
-6.610091818982938988e-03
-1.209610149297865589e-02
-1.589157632725900909e-02
-1.841252596648247641e-02
-2.021536032685435427e-02
-2.152327604198332051e-02
-2.199838759057395204e-02
-2.085856640957111513e-02
-1.728665116125348289e-02
-1.094333058148829960e-02
-2.329479940273772656e-03
7.198404829370091962e-03
1.578853188683430539e-02
2.167217950380449440e-02
2.370217261505346701e-02
2.163176815793822760e-02
1.606406118825152995e-02
8.170990500141282059e-03
-6.390352047773509292e-04
-8.975231361679575359e-03
-1.561911340628197378e-02
-1.962325945628896895e-02
-2.039393048884158288e-02
-1.777189956154275052e-02
-1.210696112082368381e-02
-4.297469233092345714e-03
4.261879995057618435e-03
1.188037109591792533e-02
1.692613964295456089e-02
1.826382653323940092e-02
1.563797119730746948e-02
9.844755890445897745e-03
2.579931301146164146e-03
-4.036159044106894453e-03
-8.115652857165379583e-03
-8.610802906328591036e-03
-5.649895971581808327e-03
-4.752657155166466890e-04
5.007119827936871818e-03
8.919273397809840756e-03
1.008752891909194503e-02
8.417870972763728116e-03
4.793732402987639120e-03
5.572686620356854734e-04
-3.127879138268906817e-03
-5.671983312359804921e-03
-7.032458285236324255e-03
-7.386041856926541319e-03
-6.812199368514831183e-03
-5.231133670815913891e-03
-2.585857248677543400e-03
9.465229243125396902e-04
4.916116100619738125e-03
8.755161891382909345e-03
1.198717012425574296e-02
1.433926928518495895e-02
1.571506044592271140e-02
1.609849259070179894e-02
1.549136835883898819e-02
1.392977957152521061e-02
1.153640854428432047e-02
8.527809266819260173e-03
5.144630774101204874e-03
1.557317812984019417e-03
-2.165404504508435142e-03
-5.980180735464179012e-03
-9.720004407748250932e-03
-1.297662338174715262e-02
-1.512998798895730246e-02
-1.556202604426902905e-02
-1.396141204389309345e-02
-1.054755987548871773e-02
-6.083152955278900778e-03
-1.669318338221360137e-03
1.567560904225391571e-03
2.756703389124579018e-03
1.449818005163697882e-03
-2.317216527447309334e-03
-8.016152477271925453e-03
-1.465599068585079871e-02
-2.090405582006528429e-02
-2.536578413916965383e-02
-2.700259224742669259e-02
-2.553658019512893701e-02
-2.162947775093683467e-02
-1.668734167426851739e-02
-1.230170527987228465e-02
-9.520188681495591471e-03
-8.265358195580999739e-03
-7.221068142485800694e-03
-4.348863739829252235e-03
2.086797445356679964e-03
1.240848395964452323e-02
2.490672423467352528e-02
3.614518025537188928e-02
4.219454805616961596e-02
4.029623787080854891e-02
3.018563859421091733e-02
1.445006562474230628e-02
-2.234534936738488686e-03
-1.465207032743262930e-02
-1.878303610489286471e-02
-1.313730758841824900e-02
7.419602549337874636e-04
1.877291230444364314e-02
3.568163146586895984e-02
4.674574165694272976e-02
4.930588827021835374e-02
4.348289069958026498e-02
3.184971311009970191e-02
1.824375897535415736e-02
6.261652367473532002e-03
-1.930784452378288968e-03
-6.051634196486611883e-03
-7.365010381612975554e-03
-7.819806025368868790e-03
-9.085827047354080171e-03
-1.187931217088659085e-02
-1.580427203288444632e-02
-1.970251364436319264e-02
-2.229670881417071884e-02
-2.281703848203479879e-02
-2.134959463068520497e-02
-1.878925878398505014e-02
-1.645201180786018749e-02
-1.553528520168758961e-02
-1.665544043078736117e-02
-1.962693240588883614e-02
-2.352828999865114526e-02
-2.699852092349264848e-02
-2.865835669667092522e-02
-2.753842927095318666e-02
-2.340027113687000865e-02
-1.686136206239129132e-02
-9.288733615917321024e-03
-2.485036962346094669e-03
1.770854903267383290e-03
2.243960671134515722e-03
-1.293244862827634678e-03
-7.804737998728120130e-03
-1.507842960349782199e-02
-2.020383431122952517e-02
-2.035948572034688292e-02
-1.372147019155760261e-02
-2.373926418519161329e-04
1.801426632695796518e-02
3.711371741642270627e-02
5.230775698508957627e-02
5.952228800184163060e-02
5.687478161372261365e-02
4.555970711851269062e-02
2.964105695457515399e-02
1.469576113635722575e-02
5.750673326465213786e-03
5.328855720406425883e-03
1.246349728654213770e-02
2.316212846750661386e-02
3.214469816663370616e-02
3.506838898711436836e-02
3.022878402359480479e-02
1.901304728942830591e-02
5.006325135965626616e-03
-7.716854612565278437e-03
-1.625705366009718572e-02
-1.977251249855306245e-02
-1.932016759217466267e-02
-1.693857560289606726e-02
-1.456157436280351020e-02
-1.330026167144936038e-02
-1.332619375163049576e-02
-1.424268363255427536e-02
-1.561749512259820796e-02
-1.733354579557443154e-02
-1.957109028428711400e-02
-2.248271841839029339e-02
-2.582301895781898352e-02
-2.881255151502892797e-02
-3.033990966382801163e-02
-2.938076226188695433e-02
-2.540380285483707229e-02
-1.858369679761175466e-02
-9.775035498659705169e-03
-3.152105542923201720e-04
8.245839180444507893e-03
1.443750256685733327e-02
1.717929799022022141e-02
1.608369014691744120e-02
1.164373816569416395e-02
5.171599575887808609e-03
-1.549054432058202813e-03
-6.777090189473125928e-03
-9.282047119654131956e-03
-8.582631071949056376e-03
-4.894731943260663409e-03
1.121644558984944903e-03
8.630963375975408969e-03
1.674455214237485778e-02
2.447317686110754911e-02
3.064258763972382490e-02
3.396101720937094726e-02
3.333337771365098290e-02
2.832330159300972677e-02
1.950328275510240794e-02
8.444896382139835747e-03
-2.699686042501127370e-03
-1.184228080656552981e-02
-1.755140677471789257e-02
-1.937574944265501448e-02
-1.781291223216188713e-02
-1.397550188109830324e-02
-9.119372368362743675e-03
-4.247679640031159012e-03
4.684307143036116339e-05
3.474177183283798896e-03
5.794504123893687644e-03
6.620245836800268263e-03
5.433762123257414658e-03
1.842937488644539983e-03
-4.060016597078280540e-03
-1.144795609969528200e-02
-1.877994622382707368e-02
-2.412193982405871559e-02
-2.565715407064830117e-02
-2.220872781749622105e-02
-1.361604631270564580e-02
-8.807038652771104204e-04
1.392465622030467434e-02
2.796159345924728243e-02
3.813844626798920667e-02
4.181625811865321424e-02
3.760552223839733199e-02
2.601841062817533690e-02
9.670173210732548388e-03
-7.196555369810623409e-03
-1.984927501149619244e-02
-2.454197702930773634e-02
-1.980114125326522603e-02
-7.019557822399439401e-03
9.885827883562365442e-03
2.564229661592701270e-02
3.522525104216389646e-02
3.538893356470172724e-02
2.564761682290612327e-02
8.378284093333472626e-03
-1.201877703789954940e-02
-3.061481501392723098e-02
-4.353699837437617626e-02
-4.904987801984432572e-02
-4.778882914942558791e-02
-4.216202210653016702e-02
-3.523028081451334143e-02
-2.951272043842018133e-02
-2.614312929405512506e-02
-2.463747639878989884e-02
-2.328681773479952463e-02
-1.997114845990508730e-02
-1.308790731050130454e-02
-2.304866453263748616e-03
1.108273036898395000e-02
2.432849698412254888e-02
3.396791950353332534e-02
3.695958933300425020e-02
3.189560743522035918e-02
1.982706518596245512e-02
4.302491398714193907e-03
-9.534940074919966493e-03
-1.657455688617286149e-02
-1.353696349037106575e-02
-2.552759699773234081e-04
2.010423038393711198e-02
4.203219421013686119e-02
5.953586809041236383e-02
6.815641140104566897e-02
6.636550235316343582e-02
5.583233977734649439e-02
4.052212068040693393e-02
2.505372852326123723e-02
1.302062606078796189e-02
5.942757884750689279e-03
3.177252847151652848e-03
2.653450848867687853e-03
1.973898582103646507e-03
-6.212026269456199373e-04
-5.756811292996152213e-03
-1.297941795244022395e-02
-2.122617995588913647e-02
-2.941409614810384932e-02
-3.684418214404822089e-02
-4.325724186291562273e-02
-4.859485789159023739e-02
-5.268571762011671489e-02
-5.509813131784629947e-02
-5.527091705679136602e-02
-5.285059606892313078e-02
-4.804063838578791906e-02
-4.176094272995132389e-02
-3.549756840475210701e-02
-3.084263022692282363e-02
-2.884654803204785706e-02
-2.940678440039903169e-02
-3.096461548147948217e-02
-3.072798974078178730e-02
-2.546466016082745906e-02
-1.266251380706014465e-02
8.354759687295546661e-03
3.581248092149848933e-02
6.565169236942905440e-02
9.244767343156068407e-02
1.107720552986800333e-01
1.165794331029370579e-01
1.082616654913167442e-01
8.714354582927527626e-02
5.729705433132879777e-02
2.465266477537580297e-02
-4.433480514077339785e-03
-2.477387834096238597e-02
-3.361784275080810513e-02
-3.121849226591319471e-02
-2.057825229102821715e-02
-6.498782075144676762e-03
5.788825711452916592e-03
1.207147551819924731e-02
1.030553688704459112e-02
1.116910316402543527e-03
-1.255336932430014055e-02
-2.655445038740637462e-02
-3.695841582403958797e-02
-4.126757650723847370e-02
-3.898788342916086058e-02
-3.147746082767149262e-02
-2.127885024988490290e-02
-1.127623946563395887e-02
-3.952050815098116093e-03
-8.459263241453081339e-04
-2.203926845898372330e-03
-6.837113536196979743e-03
-1.231071777740078317e-02
-1.558366310967542259e-02
-1.402778295811459887e-02
-6.490644558066322595e-03
6.064357217063755245e-03
2.069408630577199842e-02
3.343540193248902698e-02
4.076534955536847971e-02
4.096598020510476557e-02
3.478933552772109361e-02
2.512309615667524670e-02
1.581627905781239282e-02
1.017481254661651777e-02
9.723844676375097140e-03
1.367526664746332096e-02
1.923682947496142825e-02
2.258176689120673652e-02
2.010600554468151835e-02
9.602134411152405541e-03
-8.905104136395683434e-03
-3.283061556431727396e-02
-5.735391235790261028e-02
-7.647419508156053092e-02
-8.465978373888249919e-02
-7.866278772069551506e-02
-5.887609020379444558e-02
-2.965587269786657681e-02
1.663148867576944023e-03
2.686300854691037188e-02
3.938434680239531749e-02
3.639483789369285516e-02
1.959181791235522704e-02
-5.543296787544041773e-03
-3.167795397816555725e-02
-5.195806071130199683e-02
-6.190951925482511553e-02
-6.037717153106363088e-02
-4.937767117015347956e-02
-3.308724364083662911e-02
-1.636725857935444894e-02
-3.260034987905216161e-03
4.166681255950249047e-03
6.332703559747472621e-03
5.844404302133756474e-03
6.416441800367187615e-03
1.134486756328614322e-02
2.210627190024268274e-02
3.767216170135889719e-02
5.484583333116947734e-02
6.948084970619403111e-02
7.805822636944505233e-02
7.897041862592785177e-02
7.302556495615307453e-02
6.303618281534924261e-02
5.272029226457110307e-02
4.537798171971173244e-02
4.283878483247700875e-02
4.501523434515919408e-02
5.014357222667388536e-02
5.556572827034927942e-02
5.876284949559329451e-02
5.828125669811294596e-02
5.420791120891579190e-02
4.800115369146962241e-02
4.174942071038982572e-02
3.718604023631043309e-02
3.488466137241504061e-02
3.396069686817741740e-02
3.238430387824112189e-02
2.777150343534008983e-02
1.834290389859253440e-02
3.680988650137021097e-03
-1.500273371068840123e-02
-3.519177742838568851e-02
-5.386040787549346148e-02
-6.845489861429995826e-02
-7.771793708011320856e-02
-8.207112922372386543e-02
-8.341677701474321804e-02
-8.442119698969063890e-02
-8.753046942908063177e-02
-9.406164350144116670e-02
-1.036839481774732147e-01
-1.145015313913008009e-01
-1.237968055980748078e-01
-1.292543342856122546e-01
-1.301729879435899739e-01
-1.279829970021596763e-01
-1.255887046751791580e-01
-1.256964740448369422e-01
-1.289971376514905954e-01
-1.333250169087752679e-01
-1.344508281547788786e-01
-1.282192356006850442e-01
-1.128992676371403658e-01
-9.042432931237237570e-02
-6.579551893367072135e-02
-4.493804215617457770e-02
-3.211606173966651684e-02
-2.817250692913318005e-02
-3.033931602283299056e-02
-3.351484484613921622e-02
-3.222400313889455664e-02
-2.232006262763848448e-02
-1.868200227817543024e-03
2.876580577909311487e-02
6.724856611414584129e-02
1.097418797039494964e-01
1.515272418531947718e-01
1.880052243690086000e-01
2.160933924511577175e-01
2.356062319642015512e-01
2.498792248988489784e-01
2.650234175152954008e-01
2.877733675676092950e-01
3.226008017562287944e-01
3.692305372123152463e-01
4.216943393107412952e-01
4.695483207770265732e-01
5.009954984731800343e-01
5.067575932735359778e-01
4.831106876109376724e-01
4.328302096993473236e-01
3.637283575289905202e-01
2.855050563007186515e-01
2.062736243711774109e-01
1.301347617298242443e-01
5.661831275742962299e-02
-1.802852560618942168e-02
-9.847194801269865128e-02
-1.879475500179035863e-01
-2.868980848933123662e-01
-3.930397281606631266e-01
-5.026662665290011489e-01
-6.124448197853176179e-01
-7.206402680283040540e-01
-8.267793713478098772e-01
-9.293480953701412917e-01
-1.022154241533681063e+00
-1.091130614606607541e+00
-1.113969479617192171e+00
-1.064399884899177806e+00
-9.209230441097022712e-01
-6.771144316417863074e-01
-3.487796233652170619e-01
2.617382788153777007e-02
