-0.00651
-0.01857
-0.03046
-0.04194
-0.05279
-0.06278
-0.07169
-0.07931
-0.08546
-0.08996
-0.09269
-0.09352
-0.09239
-0.08925
-0.08409
-0.07700
-0.06802
-0.05733
-0.04511
-0.03158
-0.01703
-0.00176
0.01386
0.02948
0.04471
0.05913
0.07237
0.08403
0.09377
0.10124
0.10620
0.10841
0.10771
0.10402
0.09732
0.08769
0.07526
0.06025
0.04296
0.02372
0.00298
-0.01882
-0.04118
-0.06357
-0.08544
-0.10627
-0.12553
-0.14272
-0.15739
-0.16914
-0.17762
-0.18257
-0.18379
-0.18119
-0.17472
-0.16447
-0.15059
-0.13331
-0.11298
-0.08995
-0.06472
-0.03779
-0.00972
0.01890
0.04744
0.07531
0.10187
0.12653
0.14877
0.16804
0.18392
0.19605
0.20410
0.20790
0.20732
0.20235
0.19310
0.17970
0.16249
0.14178
0.11804
0.09178
0.06356
0.03402
0.00379
-0.02647
-0.05607
-0.08436
-0.11072
-0.13455
-0.15532
-0.17257
-0.18587
-0.19494
-0.19954
-0.19954
-0.19492
-0.18573
-0.17217
-0.15448
-0.13302
-0.10826
-0.08067
-0.05086
-0.01946
0.01287
0.04542
0.07749
0.10840
0.13748
0.16410
0.18771
0.20779
0.22396
0.23589
0.24333
0.24622
0.24450
0.23829
0.22779
0.21325
0.19506
0.17365
0.14949
0.12314
0.09514
0.06605
0.03646
0.00690
-0.02209
-0.05001
-0.07643
-0.10093
-0.12316
-0.14285
-0.15972
-0.17362
-0.18439
-0.19195
-0.19628
-0.19737
-0.19528
-0.19008
-0.18190
-0.17090
-0.15725
-0.14118
-0.12293
-0.10277
-0.08101
-0.05799
-0.03405
-0.00959
0.01498
0.03923
0.06272
0.08499
0.10556
0.12399
0.13984
0.15267
0.16212
0.16784
0.16955
0.16706
0.16021
0.14899
0.13345
0.11373
0.09014
0.06300
0.03283
0.00017
-0.03431
-0.06987
-0.10573
-0.14105
-0.17497
-0.20665
-0.23524
-0.25995
-0.28008
-0.29498
-0.30412
-0.30714
-0.30374
-0.29384
-0.27750
-0.25489
-0.22644
-0.19263
-0.15413
-0.11175
-0.06636
-0.01896
0.02943
0.07774
0.12489
0.16985
0.21164
0.24935
0.28218
0.30948
0.33068
0.34545
0.35355
0.35491
0.34968
0.33808
0.32052
0.29755
0.26978
0.23796
0.20287
0.16537
0.12634
0.08663
0.04709
0.00857
-0.02822
-0.06256
-0.09386
-0.12163
-0.14544
-0.16501
-0.18014
-0.19073
-0.19683
-0.19851
-0.19598
-0.18952
-0.17945
-0.16618
-0.15013
-0.13177
-0.11159
-0.09008
-0.06773
-0.04504
-0.02248
-0.00047
0.02056
0.04023
0.05820
0.07417
0.08788
0.09912
0.10772
0.11356
0.11655
0.11668
0.11393
0.10839
0.10013
0.08929
0.07605
0.06063
0.04328
0.02427
0.00393
-0.01740
-0.03935
-0.06153
-0.08352
-0.10490
-0.12523
-0.14409
-0.16104
-0.17566
-0.18755
-0.19634
-0.20168
-0.20329
-0.20093
-0.19442
-0.18368
-0.16866
-0.14945
-0.12621
-0.09918
-0.06874
-0.03533
0.00049
0.03806
0.07669
0.11555
0.15381
0.19059
0.22498
0.25611
0.28312
0.30520
0.32165
0.33186
0.33534
0.33180
0.32106
0.30315
0.27832
0.24690
0.20956
0.16702
0.12018
0.07012
0.01795
-0.03508
-0.08773
-0.13875
-0.18693
-0.23107
-0.27018
-0.30330
-0.32968
-0.34877
-0.36011
-0.36358
-0.35917
-0.34706
-0.32774
-0.30174
-0.26983
-0.23290
-0.19193
-0.14800
-0.10223
-0.05574
-0.00965
0.03497
0.07714
0.11594
0.15063
0.18054
0.20517
0.22420
0.23740
0.24475
0.24638
0.24247
0.23345
0.21975
0.20196
0.18072
0.15673
0.13071
0.10343
0.07562
0.04801
0.02130
-0.00390
-0.02701
-0.04753
-0.06509
-0.07935
-0.09013
-0.09731
-0.10089
-0.10099
-0.09775
-0.09147
-0.08250
-0.07124
-0.05816
-0.04376
-0.02856
-0.01309
0.00213
0.01659
0.02981
0.04139
0.05095
0.05820
0.06293
0.06498
0.06431
0.06096
0.05503
0.04674
0.03635
0.02421
0.01073
-0.00365
-0.01844
-0.03315
-0.04730
-0.06039
-0.07199
-0.08171
-0.08920
-0.09423
-0.09662
-0.09629
-0.09328
-0.08770
-0.07976
-0.06978
-0.05810
-0.04519
-0.03150
-0.01754
-0.00380
0.00923
0.02113
0.03152
0.04009
0.04666
0.05107
0.05334
0.05356
0.05187
0.04858
0.04396
0.03841
0.03233
0.02612
0.02015
0.01481
0.01036
0.00706
0.00505
0.00438
0.00504
0.00688
0.00970
0.01322
0.01709
0.02092
0.02429
0.02677
0.02797
0.02753
0.02511
0.02052
0.01361
0.00433
-0.00719
-0.02078
-0.03611
-0.05272
-0.07013
-0.08767
-0.10467
-0.12041
-0.13413
-0.14509
-0.15261
-0.15604
-0.15486
-0.14868
-0.13717
-0.12030
-0.09810
-0.07084
-0.03899
-0.00311
0.03593
0.07721
0.11967
0.16210
0.20328
0.24194
0.27683
0.30677
0.33068
0.34759
0.35680
0.35774
0.35008
0.33387
0.30924
0.27675
0.23714
0.19136
0.14064
0.08629
0.02978
-0.02734
-0.08355
-0.13737
-0.18734
-0.23225
-0.27101
-0.30269
-0.32678
-0.34281
-0.35072
-0.35070
-0.34305
-0.32848
-0.30774
-0.28178
-0.25168
-0.21856
-0.18355
-0.14780
-0.11235
-0.07818
-0.04616
-0.01695
0.00889
0.03100
0.04921
0.06346
0.07392
0.08086
0.08466
0.08584
0.08494
0.08256
0.07933
0.07584
0.07264
0.07025
0.06903
0.06933
0.07133
0.07507
0.08056
0.08760
0.09590
0.10512
0.11475
0.12428
0.13316
0.14078
0.14657
0.15004
0.15067
0.14813
0.14215
0.13258
0.11948
0.10294
0.08328
0.06095
0.03645
0.01046
-0.01633
-0.04316
-0.06925
-0.09385
-0.11626
-0.13581
-0.15200
-0.16441
-0.17271
-0.17680
-0.17664
-0.17239
-0.16433
-0.15284
-0.13843
-0.12170
-0.10328
-0.08386
-0.06415
-0.04481
-0.02650
-0.00980
0.00480
0.01686
0.02610
0.03233
0.03544
0.03551
0.03264
0.02711
0.01925
0.00944
-0.00184
-0.01410
-0.02683
-0.03950
-0.05162
-0.06274
-0.07242
-0.08032
-0.08613
-0.08962
-0.09066
-0.08914
-0.08508
-0.07852
-0.06958
-0.05842
-0.04524
-0.03029
-0.01385
0.00382
0.02240
0.04161
0.06113
0.08068
0.09998
0.11875
0.13673
0.15367
0.16936
0.18358
0.19612
0.20682
0.21549
0.22200
0.22621
0.22802
0.22733
0.22409
0.21826
0.20983
0.19884
0.18534
0.16944
0.15128
0.13102
0.10891
0.08519
0.06017
0.03419
0.00762
-0.01914
-0.04566
-0.07149
-0.09619
-0.11931
-0.14042
-0.15910
-0.17498
-0.18776
-0.19713
-0.20293
-0.20504
-0.20339
-0.19808
-0.18921
-0.17702
-0.16185
-0.14407
-0.12416
-0.10265
-0.08010
-0.05713
-0.03437
-0.01243
0.00807
0.02656
0.04253
0.05550
0.06512
0.07108
0.07319
0.07138
0.06563
0.05609
0.04297
0.02657
0.00731
-0.01434
-0.03783
-0.06256
-0.08791
-0.11322
-0.13783
-0.16110
-0.18239
-0.20112
-0.21677
-0.22886
-0.23700
-0.24087
-0.24023
-0.23498
-0.22502
-0.21044
-0.19137
-0.16802
-0.14074
-0.10989
-0.07595
-0.03945
-0.00097
0.03886
0.07937
0.11988
0.15968
0.19807
0.23436
0.26786
0.29795
0.32404
0.34558
0.36212
0.37326
0.37869
0.37821
0.37170
0.35918
0.34074
0.31661
0.28716
0.25279
0.21410
0.17174
0.12646
0.07911
0.03056
-0.01822
-0.06627
-0.11259
-0.15622
-0.19621
-0.23173
-0.26195
-0.28620
-0.30396
-0.31476
-0.31840
-0.31477
-0.30393
-0.28619
-0.26192
-0.23174
-0.19636
-0.15663
-0.11353
-0.06809
-0.02139
0.02542
0.07123
0.11497
0.15558
0.19213
0.22380
0.24983
0.26973
0.28302
0.28952
0.28916
0.28199
0.26835
0.24863
0.22339
0.19337
0.15932
0.12217
0.08285
0.04235
0.00168
-0.03817
-0.07628
-0.11173
-0.14373
-0.17159
-0.19469
-0.21262
-0.22502
-0.23175
-0.23280
-0.22826
-0.21845
-0.20376
-0.18470
-0.16194
-0.13618
-0.10824
-0.07897
-0.04924
-0.01994
0.00805
0.03392
0.05688
0.07625
0.09145
0.10198
0.10754
0.10790
0.10299
0.09295
0.07799
0.05852
0.03510
0.00835
-0.02092
-0.05187
-0.08354
-0.11497
-0.14514
-0.17310
-0.19787
-0.21861
-0.23455
-0.24501
-0.24957
-0.24783
-0.23969
-0.22522
-0.20460
-0.17832
-0.14694
-0.11124
-0.07212
-0.03056
0.01235
0.05549
0.09777
0.13811
0.17548
0.20903
0.23794
0.26162
0.27965
0.29170
0.29775
0.29786
0.29227
0.28143
0.26582
0.24609
0.22294
0.19710
0.16936
0.14048
0.11117
0.08212
0.05395
0.02716
0.00221
-0.02056
-0.04091
-0.05867
-0.07381
-0.08632
-0.09630
-0.10390
-0.10929
-0.11271
-0.11441
-0.11462
-0.11358
-0.11153
-0.10866
-0.10514
-0.10110
-0.09663
-0.09179
-0.08658
-0.08099
-0.07495
-0.06839
-0.06122
-0.05333
-0.04461
-0.03497
-0.02433
-0.01263
0.00013
0.01394
0.02875
0.04441
0.06079
0.07765
0.09474
0.11174
0.12831
0.14407
0.15863
0.17156
0.18247
0.19097
0.19667
0.19926
0.19847
0.19408
0.18598
0.17408
0.15847
0.13928
0.11672
0.09116
0.06301
0.03278
0.00107
-0.03149
-0.06420
-0.09633
-0.12716
-0.15596
-0.18204
-0.20476
-0.22352
-0.23786
-0.24738
-0.25178
-0.25096
-0.24488
-0.23367
-0.21763
-0.19712
-0.17272
-0.14508
-0.11496
-0.08323
-0.05081
-0.01866
0.01222
0.04086
0.06634
0.08777
0.10441
0.11558
0.12080
0.11977
0.11228
0.09846
0.07852
0.05291
0.02234
-0.01241
-0.05030
-0.09019
-0.13087
-0.17098
-0.20918
-0.24414
-0.27456
-0.29923
-0.31713
-0.32730
-0.32912
-0.32213
-0.30609
-0.28115
-0.24757
-0.20603
-0.15740
-0.10271
-0.04335
0.01928
0.08359
0.14792
0.21063
0.27011
0.32481
0.37337
0.41460
0.44746
0.47130
0.48558
0.49014
0.48509
0.47071
0.44768
0.41678
0.37902
0.33561
0.28778
0.23693
0.18444
0.13168
0.07997
0.03059
-0.01542
-0.05704
-0.09348
-0.12419
-0.14870
-0.16688
-0.17869
-0.18431
-0.18417
-0.17873
-0.16868
-0.15479
-0.13787
-0.11882
-0.09853
-0.07786
-0.05764
-0.03863
-0.02147
-0.00673
0.00518
0.01400
0.01953
0.02180
0.02091
0.01709
0.01070
0.00212
-0.00813
-0.01951
-0.03150
-0.04354
-0.05508
-0.06569
-0.07491
-0.08242
-0.08798
-0.09143
-0.09274
-0.09194
-0.08919
-0.08473
-0.07885
-0.07194
-0.06439
-0.05664
-0.04913
-0.04228
-0.03650
-0.03212
-0.02945
-0.02868
-0.02998
-0.03335
-0.03878
-0.04614
-0.05517
-0.06560
-0.07704
-0.08905
-0.10115
-0.11281
-0.12351
-0.13270
-0.13986
-0.14452
-0.14625
-0.14467
-0.13952
-0.13062
-0.11787
-0.10133
-0.08112
-0.05753
-0.03093
-0.00178
0.02930
0.06167
0.09461
0.12733
0.15905
0.18898
0.21634
0.24043
0.26060
0.27629
0.28710
0.29268
0.29287
0.28768
0.27717
0.26165
0.24149
0.21722
0.18948
0.15896
0.12646
0.09280
0.05881
0.02534
-0.00679
-0.03681
-0.06402
-0.08778
-0.10757
-0.12291
-0.13353
-0.13917
-0.13973
-0.13525
-0.12582
-0.11168
-0.09317
-0.07071
-0.04485
-0.01616
0.01466
0.04686
0.07965
0.11218
0.14357
0.17293
0.19938
0.22201
0.24001
0.25255
0.25892
0.25847
0.25065
0.23510
0.21149
0.17975
0.13997
0.09234
0.03738
-0.02430
-0.09185
-0.16420
-0.24017
-0.31831
-0.39710
-0.47487
-0.54982
-0.62016
-0.68402
-0.73956
-0.78504
-0.81882
-0.83935
-0.84544
-0.83599
-0.81027
-0.76793
-0.70878
-0.63326
-0.54201
-0.43611
-0.31713
-0.18679
-0.04737
0.09865
0.24857
0.39939
0.54807
0.69148
0.82647
0.95000
1.05928
1.15157
1.22469
1.27669
1.30603
1.31189
1.29365
1.25151
1.18612
1.09854
0.99065
0.86447
0.72265
0.56818
0.40420
0.23422
0.06176
-0.10964
-0.27644
-0.43525
-0.58303
-0.71683
-0.83421
-0.93316
-1.01190
-1.06949
-1.10515
-1.11877
-1.11080
-1.08193
-1.03358
-0.96740
-0.88541
-0.79006
-0.68388
-0.56967
-0.45033
-0.32875
-0.20779
-0.09027
0.02131
0.12455
0.21738
0.29818
0.36545
0.41834
0.45626
0.47900
0.48691
0.48050
0.46081
0.42913
0.38696
0.33615
0.27861
0.21641
0.15170
0.08659
0.02314
-0.03665
-0.09102
-0.13836
-0.17725
-0.20673
-0.22589
-0.23433
-0.23189
-0.21867
-0.19522
-0.16223
-0.12073
-0.07199
-0.01737
0.04151
0.10298
0.16534
0.22685
0.28582
0.34068
0.38993
0.43228
0.46668
0.49215
0.50816
0.51427
0.51034
0.49658
0.47326
0.44104
0.40070
0.35319
0.29965
0.24126
0.17930
0.11510
0.04995
-0.01492
-0.07828
-0.13908
-0.19634
-0.24920
-0.29702
-0.33921
-0.37540
-0.40534
-0.42888
-0.44604
-0.45691
-0.46166
-0.46057
-0.45391
-0.44204
-0.42532
-0.40412
-0.37883
-0.34982
-0.31748
-0.28218
-0.24431
-0.20424
-0.16238
-0.11915
-0.07500
-0.03041
0.01411
0.05801
0.10068
0.14151
0.17987
0.21508
0.24650
0.27350
0.29548
0.31191
0.32236
0.32646
0.32402
0.31495
0.29931
0.27737
0.24947
0.21620
0.17826
0.13644
0.09172
0.04509
-0.00238
-0.04959
-0.09546
-0.13896
-0.17909
-0.21503
-0.24600
-0.27138
-0.29075
-0.30376
-0.31030
-0.31041
-0.30421
-0.29207
-0.27441
-0.25179
-0.22488
-0.19438
-0.16109
-0.12582
-0.08937
-0.05257
-0.01620
0.01903
0.05241
0.08336
0.11137
0.13600
0.15694
0.17397
0.18696
0.19591
0.20087
0.20203
0.19962
0.19397
0.18547
0.17453
0.16164
0.14728
0.13195
0.11617
0.10042
0.08516
0.07084
0.05783
0.04647
0.03706
0.02980
0.02483
0.02225
0.02207
0.02424
0.02863
0.03508
0.04336
0.05317
0.06421
0.07612
0.08851
0.10099
0.11317
0.12463
0.13500
0.14390
0.15100
0.15600
0.15864
0.15870
0.15604
0.15053
0.14215
0.13089
0.11683
0.10009
0.08084
0.05932
0.03579
0.01058
-0.01597
-0.04349
-0.07156
-0.09979
-0.12773
-0.15498
-0.18110
-0.20570
-0.22836
-0.24874
-0.26650
-0.28133
-0.29299
-0.30125
-0.30596
-0.30701
-0.30435
-0.29799
-0.28800
-0.27451
-0.25772
-0.23787
-0.21526
-0.19024
-0.16321
-0.13459
-0.10484
-0.07444
-0.04388
-0.01363
0.01582
0.04401
0.07053
0.09498
0.11700
0.13632
0.15269
0.16592
0.17591
0.18257
0.18591
0.18597
0.18285
0.17669
0.16767
0.15600
0.14192
0.12568
0.10756
0.08783
0.06679
0.04472
0.02191
-0.00136
-0.02480
-0.04813
-0.07107
-0.09334
-0.11465
-0.13471
-0.15324
-0.16993
-0.18448
-0.19658
-0.20592
-0.21219
-0.21512
-0.21441
-0.20985
-0.20121
-0.18836
-0.17120
-0.14972
-0.12401
-0.09421
-0.06062
-0.02360
0.01638
0.05868
0.10266
0.14751
0.19238
0.23638
0.27855
0.31795
0.35365
0.38479
0.41053
0.43024
0.44329
0.44932
0.44810
0.43950
0.42372
0.40103
0.37191
0.33705
0.29720
0.25331
0.20639
0.15751
0.10782
0.05843
0.01043
-0.03510
-0.07722
-0.11509
-0.14796
-0.17530
-0.19668
-0.21186
-0.22084
-0.22367
-0.22070
-0.21237
-0.19928
-0.18218
-0.16188
-0.13933
-0.11551
-0.09141
-0.06806
-0.04644
-0.02745
-0.01196
-0.00072
0.00572
0.00683
0.00236
-0.00783
-0.02373
-0.04503
-0.07140
-0.10222
-0.13677
-0.17419
-0.21347
-0.25355
-0.29326
-0.33142
-0.36683
-0.39834
-0.42481
-0.44524
-0.45873
-0.46448
-0.46198
-0.45077
-0.43070
-0.40183
-0.36436
-0.31885
-0.26598
-0.20665
-0.14201
-0.07327
-0.00186
0.07073
0.14300
0.21339
0.28036
0.34253
0.39855
0.44728
0.48781
0.51929
0.54131
0.55356
0.55600
0.54891
0.53266
0.50794
0.47558
0.43652
0.39188
0.34282
0.29054
0.23628
0.18123
0.12654
0.07331
0.02248
-0.02506
-0.06854
-0.10739
-0.14108
-0.16926
-0.19171
-0.20828
-0.21897
-0.22386
-0.22310
-0.21697
-0.20575
-0.18983
-0.16963
-0.14562
-0.11832
-0.08829
-0.05613
-0.02246
0.01205
0.04670
0.08077
0.11352
0.14418
0.17201
0.19627
0.21623
0.23124
0.24068
0.24406
0.24101
0.23120
0.21461
0.19126
0.16139
0.12550
0.08415
0.03821
-0.01135
-0.06343
-0.11674
-0.17000
-0.22185
-0.27091
-0.31590
-0.35563
-0.38898
-0.41510
-0.43328
-0.44301
-0.44414
-0.43658
-0.42064
-0.39679
-0.36566
-0.32816
-0.28527
-0.23809
-0.18781
-0.13562
-0.08272
-0.03026
0.02069
0.06916
0.11428
0.15538
0.19185
0.22328
0.24941
0.27006
0.28526
0.29510
0.29975
0.29953
0.29474
0.28580
0.27311
0.25711
0.23823
0.21691
0.19354
0.16852
0.14220
0.11490
0.08694
0.05859
0.03010
0.00171
-0.02635
-0.05385
-0.08056
-0.10623
-0.13061
-0.15343
-0.17439
-0.19319
-0.20950
-0.22298
-0.23331
-0.24015
-0.24319
-0.24216
-0.23681
-0.22698
-0.21253
-0.19347
-0.16985
-0.14183
-0.10971
-0.07385
-0.03476
0.00695
0.05060
0.09540
0.14050
0.18502
0.22803
0.26861
0.30590
0.33904
0.36730
0.39004
0.40672
0.41702
0.42069
0.41768
0.40815
0.39229
0.37059
0.34354
0.31180
0.27610
0.23721
0.19592
0.15304
0.10933
0.06550
0.02220
-0.02004
-0.06075
-0.09958
-0.13632
-0.17078
-0.20293
-0.23278
-0.26040
-0.28591
-0.30944
-0.33109
-0.35099
-0.36919
-0.38568
-0.40041
-0.41322
-0.42391
-0.43219
-0.43770
-0.44002
-0.43873
-0.43335
-0.42343
-0.40859
-0.38843
-0.36272
-0.33131
-0.29415
-0.25143
-0.20342
-0.15058
-0.09361
-0.03323
0.02952
0.09359
0.15779
0.22083
0.28141
0.33822
0.38996
0.43544
0.47357
0.50334
0.52407
0.53513
0.53619
0.52721
0.50826
0.47986
0.44263
0.39746
0.34552
0.28805
0.22652
0.16248
0.09751
0.03323
-0.02878
-0.08706
-0.14025
-0.18715
-0.22685
-0.25853
-0.28175
-0.29627
-0.30206
-0.29949
-0.28898
-0.27128
-0.24731
-0.21806
-0.18473
-0.14852
-0.11067
-0.07244
-0.03504
0.00045
0.03297
0.06164
0.08573
0.10460
0.11790
0.12534
0.12685
0.12254
0.11262
0.09754
0.07779
0.05401
0.02698
-0.00253
-0.03361
-0.06536
-0.09686
-0.12719
-0.15544
-0.18079
-0.20243
-0.21966
-0.23189
-0.23858
-0.23939
-0.23405
-0.22243
-0.20461
-0.18072
-0.15111
-0.11625
-0.07673
-0.03332
0.01316
0.06175
0.11141
0.16105
0.20954
0.25572
0.29849
0.33676
0.36951
0.39589
0.41507
0.42647
0.42968
0.42440
0.41067
0.38862
0.35865
0.32139
0.27757
0.22821
0.17438
0.11728
0.05823
-0.00146
-0.06047
-0.11748
-0.17128
-0.22077
-0.26492
-0.30295
-0.33417
-0.35811
-0.37454
-0.38331
-0.38456
-0.37855
-0.36568
-0.34654
-0.32177
-0.29212
-0.25840
-0.22144
-0.18208
-0.14113
-0.09936
-0.05749
-0.01617
0.02405
0.06267
0.09932
0.13370
0.16556
0.19476
0.22119
0.24476
0.26546
0.28325
0.29808
0.30992
0.31868
0.32425
0.32649
0.32521
0.32021
0.31125
0.29809
0.28050
0.25828
0.23128
0.19940
0.16266
0.12114
0.07512
0.02493
-0.02891
-0.08572
-0.14474
-0.20499
-0.26544
-0.32494
-0.38225
-0.43614
-0.48535
-0.52864
-0.56488
-0.59305
-0.61223
-0.62179
-0.62122
-0.61027
-0.58903
-0.55769
-0.51688
-0.46738
-0.41022
-0.34670
-0.27821
-0.20633
-0.13275
-0.05912
0.01286
0.08156
0.14553
0.20343
0.25411
0.29677
0.33070
0.35564
0.37154
0.37855
0.37729
0.36840
0.35287
0.33184
0.30655
0.27836
0.24867
0.21884
0.19021
0.16404
0.14137
0.12317
0.11014
0.10273
0.10128
0.10569
0.11580
0.13111
0.15091
0.17436
0.20038
0.22780
0.25541
0.28188
0.30593
0.32635
0.34195
0.35174
0.35491
0.35075
0.33891
0.31921
0.29171
0.25682
0.21505
0.16729
0.11459
0.05810
-0.00076
-0.06055
-0.11978
-0.17692
-0.23049
-0.27916
-0.32161
-0.35683
-0.38394
-0.40225
-0.41145
-0.41135
-0.40210
-0.38411
-0.35794
-0.32451
-0.28481
-0.24004
-0.19154
-0.14069
-0.08894
-0.03774
0.01151
0.05749
0.09893
0.13483
0.16421
0.18637
0.20079
0.20710
0.20524
0.19528
0.17749
0.15240
0.12059
0.08291
0.04026
-0.00632
-0.05571
-0.10676
-0.15824
-0.20896
-0.25770
-0.30333
-0.34471
-0.38085
-0.41082
-0.43378
-0.44910
-0.45620
-0.45474
-0.44452
-0.42548
-0.39786
-0.36192
-0.31827
-0.26763
-0.21085
-0.14904
-0.08338
-0.01520
0.05409
0.12301
0.19007
0.25376
0.31268
0.36549
0.41094
0.44806
0.47597
0.49410
0.50212
0.49988
0.48766
0.46585
0.43516
0.39657
0.35115
0.30028
0.24538
0.18797
0.12963
0.07195
0.01642
-0.03550
-0.08251
-0.12350
-0.15746
-0.18374
-0.20182
-0.21143
-0.21265
-0.20564
-0.19095
-0.16926
-0.14144
-0.10860
-0.07186
-0.03253
0.00805
0.04854
0.08763
0.12400
0.15653
0.18415
0.20595
0.22129
0.22958
0.23058
0.22421
0.21056
0.19004
0.16315
0.13062
0.09336
0.05231
0.00860
-0.03662
-0.08219
-0.12693
-0.16970
-0.20950
-0.24533
-0.27639
-0.30202
-0.32164
-0.33495
-0.34173
-0.34194
-0.33577
-0.32344
-0.30543
-0.28224
-0.25452
-0.22300
-0.18843
-0.15163
-0.11340
-0.07457
-0.03588
0.00189
0.03811
0.07216
0.10352
0.13178
0.15658
0.17770
0.19499
0.20836
0.21786
0.22357
0.22566
0.22434
0.21988
0.21257
0.20273
0.19068
0.17676
0.16129
0.14456
0.12688
0.10848
0.08959
0.07042
0.05110
0.03180
0.01260
-0.00639
-0.02510
-0.04346
-0.06139
-0.07878
-0.09554
-0.11153
-0.12656
-0.14044
-0.15291
-0.16369
-0.17247
-0.17891
-0.18265
-0.18333
-0.18061
-0.17417
-0.16375
-0.14913
-0.13018
-0.10692
-0.07938
-0.04782
-0.01258
0.02588
0.06688
0.10973
0.15353
0.19732
0.24008
0.28074
0.31818
0.35138
0.37931
0.40104
0.41585
0.42302
0.42217
0.41303
0.39552
0.36988
0.33642
0.29579
0.24876
0.19626
0.13943
0.07947
0.01768
-0.04456
-0.10588
-0.16493
-0.22038
-0.27102
-0.31573
-0.35352
-0.38364
-0.40541
-0.41844
-0.42255
-0.41770
-0.40418
-0.38241
-0.35305
-0.31698
-0.27518
-0.22885
-0.17929
-0.12784
-0.07597
-0.02512
0.02330
0.06791
0.10745
0.14084
0.16706
0.18543
0.19540
0.19667
0.18929
0.17342
0.14961
0.11858
0.08126
0.03884
-0.00743
-0.05614
-0.10580
-0.15494
-0.20214
-0.24599
-0.28531
-0.31901
-0.34620
-0.36633
-0.37894
-0.38396
-0.38153
-0.37199
-0.35605
-0.33449
-0.30834
-0.27880
-0.24707
-0.21449
-0.18238
-0.15199
-0.12451
-0.10102
-0.08233
-0.06915
-0.06191
-0.06074
-0.06565
-0.07620
-0.09183
-0.11173
-0.13477
-0.15979
-0.18538
-0.21006
-0.23233
-0.25068
-0.26361
-0.26984
-0.26812
-0.25745
-0.23714
-0.20661
-0.16573
-0.11458
-0.05352
0.01664
0.09504
0.18037
0.27118
0.36587
0.46263
0.55963
0.65500
0.74686
0.83341
0.91301
0.98408
1.04534
1.09569
1.13423
1.16047
1.17402
1.17487
1.16330
1.13970
1.10488
1.05971
1.00528
0.94285
0.87370
0.79923
0.72085
0.63992
0.55774
0.47558
0.39451
0.31555
0.23950
0.16701
0.09865
0.03469
-0.02463
-0.07925
-0.12924
-0.17471
-0.21590
-0.25307
-0.28647
-0.31638
-0.34307
-0.36673
-0.38753
-0.40559
-0.42094
-0.43360
-0.44350
-0.45057
-0.45472
-0.45585
-0.45387
-0.44880
-0.44065
-0.42954
-0.41571
-0.39946
-0.38124
-0.36160
-0.34117
-0.32072
-0.30103
-0.28296
-0.26740
-0.25518
-0.24710
-0.24391
-0.24620
-0.25442
-0.26891
-0.28974
-0.31686
-0.34999
-0.38864
-0.43221
-0.47985
-0.53062
-0.58350
-0.63733
-0.69097
-0.74326
-0.79304
-0.83929
-0.88106
-0.91747
-0.94792
-0.97187
-0.98898
-0.99919
-1.00246
-0.99908
-0.98943
-0.97401
-0.95350
-0.92863
-0.90018
-0.86898
-0.83585
-0.80155
-0.76680
-0.73220
-0.69825
-0.66533
-0.63361
-0.60323
-0.57407
-0.54590
-0.51840
-0.49107
-0.46336
-0.43463
-0.40419
-0.37135
-0.33540
-0.29566
-0.25156
-0.20257
-0.14824
-0.08834
-0.02267
0.04874
0.12571
0.20795
0.29493
0.38603
0.48045
0.57727
0.67550
0.77399
0.87160
0.96715
1.05945
1.14734
1.22979
1.30578
1.37448
1.43523
1.48743
1.53083
1.56527
1.59079
1.60775
1.61656
1.61793
1.61268
1.60178
1.58635
1.56754
1.54657
1.52469
1.50307
1.48282
1.46499
1.45039
1.43971
1.43345
1.43178
1.43478
1.44214
1.45337
1.46780
1.48440
1.50209
1.51959
1.53548
1.54834
1.55669
1.55907
1.55420
1.54088
1.51803
1.48497
1.44109
1.38618
1.32036
1.24388
1.15754
1.06221
0.95913
0.84978
0.73573
0.61878
0.50077
0.38354
0.26891
0.15862
0.05415
-0.04310
-0.13206
-0.21203
-0.28245
-0.34334
-0.39490
-0.43772
-0.47283
-0.50136
-0.52492
-0.54523
-0.56417
-0.58380
-0.60621
-0.63343
-0.66751
-0.71032
-0.76349
-0.82859
-0.90674
-0.99883
-1.10551
-1.22690
-1.36298
-1.51325
-1.67690
-1.85293
-2.03988
-2.23619
-2.44004
-2.64941
-2.86222
-3.07627
-3.28931
-3.49915
-3.70358
-3.90048
-4.08790
-4.26391
-4.42683
-4.57512
-4.70737
-4.82247
-4.91939
-4.99735
-5.05576
-5.09414
-5.11230
-5.11011
-5.08760
-5.04499
-4.98255
-4.90072
-4.79998
-4.68092
-4.54423
-4.39059
-4.22083
-4.03576
-3.83626
-3.62328
-3.39775
-3.16068
-2.91310
-2.65603
-2.39053
-2.11764
-1.83838
-1.55377
-1.26475
-0.97220
-0.67693
-0.37963
-0.08086
0.21890
0.51942
0.82052
1.12224
1.42478
1.72841
2.03362
2.34092
2.65093
2.96431
3.28168
3.60361
3.93063
4.26303
4.60096
4.94440
5.29288
5.64584
6.00225
6.36072
6.71968
7.07698
7.43032
7.77703
8.11413
8.43854
8.74693
9.03592
9.30214
9.54231
9.75321
9.93208
10.07627
10.18363
10.25266
10.28205
10.27146
10.22095
10.13117
10.00368
9.84025
9.64347
9.41633
9.16205
8.88433
8.58687
8.27331
7.94727
7.61199
7.27006
6.92385
6.57450
6.22248
5.86747
5.50744
5.14000
4.76105
4.36544
3.94736
3.49941
3.01388
2.48224
1.89539
1.24435
0.52038
-0.28512
-1.17968
-2.17002
-3.26152
-4.45515
-5.75093
-7.14888
-8.64903
