51.63
51.70
51.74
51.84
51.81
51.85
51.89
51.84
51.90
51.75
51.67
51.70
51.77
51.84
51.78
51.74
51.82
51.88
51.91
51.82
51.78
51.84
51.91
51.94
51.72
51.58
51.65
51.56
51.61
51.51
51.51
51.60
51.61
51.62
51.55
51.55
51.63
51.70
51.78
51.78
51.70
51.72
51.67
51.68
51.61
51.63
51.74
51.73
51.83
51.76
51.77
51.87
51.85
51.93
51.89
51.83
51.84
51.78
51.71
51.58
51.63
51.73
51.72
51.76
51.66
51.69
51.77
51.82
51.83
51.81
51.87
51.87
51.82
51.79
51.66
51.65
51.79
51.77
51.79
51.71
51.73
51.83
51.87
51.88
51.86
51.94
51.98
51.88
51.81
51.70
51.64
51.72
51.70
51.68
51.60
51.55
51.63
51.60
51.61
51.53
51.56
51.69
51.56
51.51
51.36
51.26
51.35
51.33
51.33
51.34
51.40
51.51
51.52
51.60
51.59
51.67
51.80
51.73
51.63
51.47
51.44
51.51
51.49
51.45
51.41
51.42
51.50
51.48
51.47
51.42
51.48
51.62
51.61
51.51
51.42
51.36
51.41
51.39
51.37
51.40
51.46
51.57
51.56
51.53
51.51
51.55
51.69
51.71
51.60
51.41
51.31
51.33
51.22
51.19
51.19
51.22
51.33
51.26
51.17
51.16
51.20
51.41
51.39
51.36
51.28
51.25
51.30
51.23
51.20
51.22
51.30
51.46
51.38
51.34
51.36
51.44
51.55
51.56
51.54
51.46
51.44
51.47
51.40
51.40
51.40
51.47
51.58
51.54
51.49
51.53
51.56
51.69
51.68
51.64
51.61
51.56
51.60
51.54
51.46
51.54
51.61
51.77
51.72
51.72
51.77
51.87
52.00
52.01
52.04
52.05
52.01
51.97
51.68
51.44
51.46
51.56
51.72
51.72
51.72
51.81
51.83
51.82
51.74
51.79
51.87
51.90
51.88
51.73
51.59
51.64
51.66
51.73
51.66
51.64
51.71
51.76
51.90
51.94
51.98
52.14
52.16
52.18
52.03
51.94
51.90
51.88
51.79
51.56
51.39
51.26
51.22
51.19
51.05
50.99
51.08
51.10
51.12
50.97
50.96
50.98
51.07
51.14
51.14
51.13
51.23
51.27
51.37
51.33
51.32
51.51
51.51
51.47
51.38
51.33
51.41
51.46
51.53
51.50
51.48
51.65
51.72
51.80
51.76
51.78
51.85
51.75
51.73
51.58
51.57
51.71
51.74
51.79
51.69
51.67
51.77
51.78
51.84
51.84
51.78
51.73
51.67
51.63
51.53
51.52
51.71
51.72
51.74
51.69
51.65
51.78
51.84
51.83
51.67
51.61
51.69
51.67
51.74
51.67
51.68
51.81
51.81
51.84
51.80
51.85
51.97
51.88
51.75
51.58
51.51
51.67
51.71
51.77
51.73
51.76
51.85
51.87
51.89
51.86
51.88
51.93
51.85
51.78
51.68
51.70
51.80
51.79
51.81
51.70
51.69
51.76
51.70
51.72
51.62
51.58
51.63
51.57
51.58
51.55
51.54
51.73
51.80
51.86
51.87
51.91
52.05
52.08
52.17
52.03
51.99
52.02
51.95
51.90
51.86
51.92
52.04
52.04
52.04
51.96
51.99
52.12
52.11
52.14
52.06
52.02
52.04
51.93
51.94
51.92
51.93
51.99
51.93
51.91
51.85
51.86
52.01
52.02
52.02
51.95
51.89
51.89
51.82
51.81
51.88
51.96
52.06
52.03
52.02
51.93
51.98
52.12
52.11
52.11
52.04
51.98
52.01
51.87
51.82
51.80
51.79
51.94
51.90
51.86
51.85
51.93
52.06
52.04
52.01
51.93
51.90
52.04
51.96
51.95
52.00
52.05
52.13
52.09
52.06
52.06
52.08
52.20
52.20
52.06
52.00
51.94
52.01
51.94
51.93
52.00
51.99
52.05
52.01
51.93
51.98
52.07
52.19
52.10
51.96
51.93
51.93
52.00
52.00
51.98
52.06
52.07
52.16
52.12
52.09
52.20
52.24
52.27
52.15
52.02
52.05
52.03
52.15
52.09
52.03
52.04
52.09
52.14
52.07
52.06
52.19
52.22
52.17
52.03
51.92
51.94
51.98
52.08
52.02
51.98
52.05
52.09
52.14
52.11
52.09
52.20
52.12
52.06
51.93
51.87
51.94
51.97
52.06
52.01
51.92
52.00
52.02
52.12
52.11
52.08
52.06
51.92
51.94
51.82
51.80
51.89
51.91
51.94
51.85
51.78
51.88
51.91
51.97
51.92
51.78
51.74
51.67
51.68
51.65
51.70
51.81
51.83
51.88
51.84
51.84
51.98
52.07
52.14
52.01
51.94
52.02
52.02
52.11
52.08
52.13
52.20
52.23
52.24
52.18
52.21
52.38
52.30
52.24
52.09
52.03
52.16
52.15
52.21
52.11
52.15
52.26
52.22
52.28
52.28
52.25
52.28
52.23
52.17
52.11
52.11
52.29
52.27
52.27
52.21
52.22
52.32
52.39
52.44
52.29
52.22
52.24
52.20
52.19
52.16
52.16
52.21
52.13
52.11
51.98
51.98
52.06
51.99
51.82
51.64
51.52
51.58
51.54
51.53
51.45
51.45
51.53
51.46
51.39
51.34
51.36
51.42
51.33
51.31
51.23
51.29
51.51
51.55
51.52
51.43
51.37
51.44
51.37
51.52
51.68
51.79
51.90
51.87
51.84
51.80
51.92
52.10
52.13
52.14
52.10
52.09
52.21
52.28
52.29
52.16
52.13
52.17
52.04
51.98
51.95
51.96
51.97
51.91
51.87
51.86
51.93
52.09
52.00
51.91
51.82
51.86
52.00
51.98
51.95
51.96
51.94
52.04
51.92
51.92
51.99
52.02
52.01
51.92
51.82
51.78
51.81
51.93
51.91
51.85
51.89
51.90
51.98
52.12
52.16
52.12
52.08
52.12
52.03
51.95
51.99
52.04
52.13
52.10
52.05
52.08
52.13
52.24
52.21
52.07
52.05
52.03
52.07
52.00
52.02
52.10
52.17
52.19
52.13
52.08
52.18
52.26
52.38
52.24
52.08
52.05
52.03
52.06
52.01
51.98
52.06
52.05
52.12
52.08
52.00
52.13
52.18
52.20
52.04
52.00
52.05
52.09
52.17
52.16
52.16
52.22
52.29
52.40
52.32
52.35
52.44
52.38
52.38
52.23
52.21
52.33
52.31
52.34
52.30
52.28
52.36
52.38
52.46
52.43
52.30
52.30
52.27
52.25
52.13
52.14
52.24
52.25
52.34
52.26
52.23
52.32
52.37
52.40
52.23
52.08
52.06
51.96
52.02
51.93
51.87
51.97
51.98
52.01
51.93
51.91
52.10
52.05
51.99
51.82
51.76
51.84
51.86
51.91
51.88
51.86
51.97
51.97
51.99
51.99
51.95
51.98
51.87
51.86
51.79
51.83
51.97
51.99
52.04
51.98
51.97
52.08
52.11
52.19
52.10
51.96
52.00
51.96
51.95
51.89
51.86
51.97
51.93
51.94
51.85
51.89
52.03
52.05
51.96
51.84
51.77
51.79
51.79
51.81
51.75
51.78
51.87
51.88
51.87
51.86
51.89
52.04
51.99
51.91
51.76
51.74
51.83
51.82
51.85
51.80
51.88
52.00
52.01
52.00
51.97
52.01
52.18
52.19
52.09
51.93
51.92
51.97
51.95
51.94
51.88
51.87
51.95
51.96
51.89
51.95
51.96
52.15
52.10
52.03
51.93
51.85
51.98
51.94
51.94
51.94
51.99
52.10
52.08
52.06
52.07
52.14
52.28
52.26
52.14
51.99
51.96
52.01
52.00
51.99
51.99
52.06
52.15
52.10
52.05
52.09
52.09
52.25
52.18
52.06
51.96
51.94
51.97
51.93
51.90
51.93
51.97
52.06
51.99
52.00
52.05
52.08
52.22
52.17
52.07
52.04
52.04
52.05
51.98
51.94
52.02
52.07
52.14
51.98
51.89
51.92
51.92
52.04
52.00
51.88
51.86
51.86
51.89
51.86
51.83
51.95
51.99
52.08
52.03
51.98
52.06
52.14
52.22
52.07
51.93
51.96
51.98
52.03
52.02
51.95
52.08
52.14
52.18
52.15
52.11
52.23
52.23
52.17
51.99
51.91
51.95
51.99
52.06
52.01
51.95
52.04
52.03
52.11
52.06
52.07
52.15
52.03
52.02
51.91
51.87
51.98
52.05
52.09
52.01
51.97
52.10
52.09
52.15
52.14
52.04
52.04
51.98
51.98
51.89
51.87
51.98
52.00
52.00
51.98
51.95
52.08
52.13
52.22
52.06
52.02
52.08
52.03
52.10
52.04
52.07
52.12
52.12
52.18
52.10
52.07
52.17
52.19
52.17
51.99
51.92
51.96
51.95
52.00
51.97
51.93
52.07
52.06
52.05
52.02
52.06
52.23
52.24
52.22
52.09
52.04
52.10
52.05
52.08
52.07
52.07
52.14
52.14
52.17
52.07
52.16
52.26
52.29
52.30
52.17
52.11
52.13
52.06
52.07
52.04
52.05
52.15
52.11
52.09
52.05
52.06
52.19
52.13
52.09
52.09
52.05
52.03
51.94
51.89
51.79
51.79
51.91
51.86
51.87
51.83
51.85
52.02
52.01
52.05
52.06
52.13
52.23
52.10
52.07
52.01
52.02
52.18
52.16
52.15
52.09
52.17
52.24
52.19
52.20
52.19
52.24
52.35
52.27
52.30
52.36
52.30
52.32
52.24
52.20
52.14
52.15
52.15
52.05
51.98
51.94
51.94
51.96
51.59
51.19
50.93
50.81
50.89
50.86
50.83
50.83
50.90
51.00
50.98
51.01
51.04
51.12
51.30
51.29
51.15
51.18
51.22
51.32
51.33
51.36
51.39
51.37
51.48
51.44
51.44
51.49
51.54
51.68
51.64
51.53
51.51
51.52
51.61
51.52
51.52
51.59
51.60
51.74
51.70
51.67
51.76
51.83
52.00
51.91
51.81
51.80
51.83
51.96
51.95
51.94
51.97
52.00
52.12
52.06
52.07
52.13
52.19
52.28
52.10
51.96
51.95
51.94
52.02
51.93
51.88
51.97
51.96
52.05
52.00
51.94
52.04
52.09
52.18
52.02
51.90
51.92
51.88
51.91
51.85
51.85
51.93
51.93
52.00
51.95
51.95
52.05
52.11
52.24
52.08
51.91
51.96
51.96
52.00
51.96
51.97
52.05
52.05
52.12
52.03
52.05
52.10
52.08
52.17
52.05
51.88
51.87
51.82
51.81
51.73
51.71
51.82
51.82
51.85
51.81
51.79
51.95
51.98
52.04
52.05
52.02
52.03
51.92
51.93
51.84
51.88
51.97
51.98
52.03
51.95
51.97
52.10
52.12
52.20
52.15
52.16
52.21
52.09
52.04
51.96
51.93
52.03
52.06
52.06
52.03
52.00
52.15
52.17
52.17
52.13
52.20
52.33
52.24
52.18
52.05
52.00
52.14
52.15
52.20
52.14
52.17
52.27
52.32
52.32
52.28
52.28
52.44
52.47
52.40
52.25
52.23
52.31
52.30
52.34
52.28
52.31
52.38
52.36
52.34
52.29
52.33
52.43
52.42
52.42
52.38
52.36
52.37
52.36
52.33
52.27
52.34
52.44
52.44
52.42
52.37
52.43
52.57
52.56
52.58
52.56
52.64
52.67
52.53
52.47
52.39
52.40
52.49
52.44
52.43
52.40
52.41
52.51
52.50
52.50
52.45
52.49
52.61
52.54
52.40
52.28
52.24
52.27
52.20
52.20
52.17
52.15
52.20
52.04
51.97
51.97
52.01
52.09
52.05
52.01
51.99
51.98
52.07
52.00
51.96
51.96
52.03
52.13
52.05
52.06
52.07
52.16
52.26
52.21
52.14
52.12
52.18
52.14
51.98
51.82
51.78
51.74
51.83
51.80
51.71
51.71
51.70
51.79
51.73
51.68
51.69
51.65
51.65
51.45
51.23
51.11
51.16
51.27
51.25
51.24
51.33
51.40
51.47
51.41
51.37
51.41
51.46
51.61
51.53
51.46
51.41
51.39
51.47
51.42
51.45
51.53
51.56
51.70
51.69
51.66
51.76
51.88
52.01
51.99
51.91
51.94
51.90
51.97
51.90
51.88
51.95
52.03
52.06
52.07
52.03
52.16
52.23
52.30
52.28
52.25
52.30
52.26
52.31
52.21
52.16
52.27
52.31
52.38
52.31
52.28
52.33
52.33
52.34
52.26
52.17
52.10
51.88
51.77
51.64
51.53
51.61
51.60
51.68
51.61
51.60
51.72
51.77
51.87
51.85
51.83
51.85
51.80
51.85
51.75
51.76
51.83
51.86
51.91
51.87
51.85
51.98
52.01
52.01
51.98
51.99
52.04
51.95
51.85
51.74
51.69
51.81
51.80
51.85
51.77
51.71
51.85
51.87
51.96
51.91
51.93
52.04
51.99
51.89
51.75
51.69
51.76
51.79
51.86
51.75
51.73
51.85
51.84
51.87
51.82
51.87
51.98
51.99
51.96
51.75
51.69
51.76
51.71
51.74
51.62
51.56
51.59
51.51
51.48
51.39
51.38
51.53
51.49
51.55
51.50
51.44
51.46
51.41
51.37
51.31
51.34
51.49
51.53
51.55
51.49
51.57
51.74
51.81
51.88
51.88
51.96
51.95
51.85
51.81
51.72
51.74
51.89
51.86
51.89
51.79
51.82
51.93
51.96
51.94
51.92
51.98
52.04
51.89
51.82
51.71
51.74
51.85
51.88
51.88
51.81
51.82
51.97
51.96
51.99
51.93
51.97
52.11
52.01
51.96
51.82
51.77
51.88
51.80
51.70
51.63
51.68
51.77
51.72
51.72
51.71
51.76
51.89
51.80
51.69
51.61
51.56
51.64
51.62
51.66
51.69
51.77
51.86
51.87
51.89
51.93
52.00
52.15
52.11
51.99
51.89
51.90
52.01
51.97
51.93
51.92
51.92
51.90
51.82
51.77
51.77
51.81
51.95
51.90
51.87
51.78
51.75
51.77
51.66
51.63
51.65
51.66
51.72
51.70
51.67
51.75
51.84
52.06
52.12
52.06
52.00
51.81
51.65
51.36
51.14
51.00
50.96
50.96
50.91
50.69
50.51
50.40
50.43
50.42
50.47
50.62
50.76
50.80
50.74
50.72
50.73
50.83
50.97
50.97
50.96
51.06
51.14
51.23
51.21
51.20
51.28
51.41
51.50
51.36
51.32
51.34
51.40
51.56
51.53
51.48
51.57
51.59
51.71
51.64
51.65
51.68
51.79
51.85
51.67
51.53
51.52
51.50
51.57
51.50
51.46
51.52
51.59
51.71
51.63
51.63
51.66
51.70
51.84
51.76
51.62
51.60
51.56
51.62
51.52
51.46
51.55
51.55
51.68
51.63
51.59
51.68
51.73
51.80
51.78
51.80
51.85
51.80
51.81
51.68
51.59
51.65
51.67
51.74
51.68
51.60
51.62
51.59
51.64
51.54
51.49
51.63
51.68
51.74
51.57
51.44
51.39
51.35
51.36
51.31
51.27
51.32
51.37
51.44
51.36
51.36
51.46
51.53
51.62
51.63
51.56
51.58
51.55
51.58
51.52
51.52
51.61
51.62
51.70
51.62
51.61
51.75
51.75
51.85
51.80
51.78
51.86
51.73
51.72
51.65
51.58
51.68
51.68
51.79
51.68
51.63
51.72
51.74
51.84
51.77
51.77
51.83
51.73
51.68
51.54
51.47
51.54
51.58
51.63
51.56
51.51
51.61
51.61
51.66
51.62
51.59
51.72
51.64
51.62
51.47
51.36
51.46
51.47
51.55
51.45
51.40
51.48
51.45
51.49
51.43
51.36
51.48
51.46
51.40
51.21
51.13
51.17
51.14
51.17
51.10
51.05
51.14
51.14
51.19
51.11
51.11
51.23
51.24
51.17
51.00
50.85
50.91
50.87
50.94
50.88
50.88
51.01
51.06
51.09
51.03
51.05
51.12
51.19
51.18
51.01
50.90
50.93
50.89
50.93
50.87
50.85
50.95
50.93
50.99
50.90
50.91
51.05
51.05
51.14
51.05
50.91
50.96
50.91
50.93
50.87
50.89
51.03
51.02
51.11
51.03
51.01
51.17
51.16
51.22
51.21
51.19
51.21
51.11
51.11
51.01
51.01
51.13
51.13
51.11
51.03
51.03
51.10
51.08
51.09
51.01
50.99
51.14
51.10
51.00
50.77
50.66
50.68
50.66
50.67
50.61
