105.86
106.04
106.07
105.99
105.95
106.10
106.26
106.15
106.05
105.91
105.95
106.09
106.04
105.98
105.90
106.03
106.17
106.15
106.02
105.94
106.00
106.22
106.22
106.03
105.82
105.80
105.92
105.80
105.71
105.65
105.86
106.02
106.00
105.87
105.80
105.91
106.11
106.13
106.08
106.17
106.19
106.29
106.14
106.01
106.00
106.18
106.38
106.30
106.25
106.27
106.36
106.49
106.39
106.34
106.39
106.44
106.47
106.24
105.97
105.91
106.11
106.21
106.08
105.96
105.91
106.08
106.16
106.09
105.98
106.03
106.23
106.20
106.03
105.83
105.80
105.89
106.04
105.98
105.86
105.88
106.01
106.06
106.06
105.93
105.98
106.20
106.20
105.98
105.74
105.78
105.78
105.89
105.76
105.60
105.67
105.71
105.79
105.67
105.59
105.62
105.79
105.91
105.63
105.46
105.40
105.32
105.39
105.25
105.18
105.44
105.66
105.77
105.69
105.75
105.88
106.13
106.23
106.00
105.81
105.80
105.83
105.87
105.62
105.51
105.63
105.75
105.76
105.55
105.45
105.57
105.72
105.81
105.70
105.59
105.58
105.62
105.57
105.39
105.43
105.57
105.78
105.85
105.68
105.66
105.80
105.95
105.97
105.87
105.72
105.67
105.56
105.43
105.25
105.28
105.44
105.54
105.58
105.36
105.27
105.46
105.58
105.66
105.57
105.58
105.63
105.65
105.62
105.42
105.43
105.71
105.88
105.87
105.69
105.63
105.84
105.93
105.96
105.88
105.90
105.92
105.91
105.76
105.59
105.62
105.78
105.93
105.87
105.71
105.72
105.85
105.94
105.89
105.79
105.81
105.90
105.88
105.69
105.54
105.53
105.76
105.94
105.90
105.78
105.90
106.12
106.26
106.28
106.28
106.43
106.57
106.55
106.30
105.67
105.23
105.46
105.70
105.74
105.72
105.85
106.17
106.14
105.92
105.80
105.97
106.25
106.28
106.11
105.89
105.76
105.97
105.97
105.91
105.82
105.92
106.11
106.13
106.22
106.30
106.55
106.90
106.90
106.77
106.59
106.53
106.53
106.43
106.03
105.75
105.60
105.47
105.22
104.90
104.67
104.73
104.90
104.85
104.62
104.50
104.61
104.74
104.81
104.76
104.83
105.02
105.19
105.20
105.12
105.13
105.29
105.61
105.55
105.34
105.26
105.35
105.54
105.52
105.51
105.51
105.66
105.95
106.05
105.94
105.96
106.13
106.25
106.05
105.86
105.68
105.84
106.06
106.00
105.87
105.80
105.95
106.13
106.08
105.96
106.10
106.14
106.14
105.96
105.74
105.74
105.93
106.20
106.17
106.07
106.08
106.21
106.42
106.35
106.22
106.15
106.24
106.36
106.22
106.20
106.26
106.41
106.57
106.50
106.40
106.45
106.68
106.78
106.51
106.21
106.06
106.08
106.29
106.20
106.20
106.31
106.43
106.56
106.46
106.37
106.46
106.62
106.60
106.35
106.12
106.07
106.24
106.33
106.15
106.10
106.08
106.11
106.02
105.77
105.69
105.59
105.74
105.70
105.53
105.45
105.59
105.81
105.99
105.99
105.97
106.14
106.31
106.40
106.40
106.39
106.38
106.44
106.34
106.14
106.02
106.10
106.27
106.33
106.24
106.17
106.26
106.43
106.50
106.39
106.44
106.51
106.49
106.42
106.13
106.10
106.23
106.24
106.22
106.02
105.98
106.07
106.19
106.27
106.21
106.24
106.28
106.28
106.20
106.02
106.03
106.34
106.58
106.53
106.37
106.32
106.40
106.49
106.53
106.44
106.41
106.53
106.50
106.38
105.96
105.92
106.08
106.09
106.16
106.01
105.94
106.09
106.21
106.25
106.16
106.16
106.27
106.28
106.29
106.14
106.24
106.45
106.50
106.45
106.31
106.31
106.50
106.49
106.53
106.41
106.31
106.38
106.41
106.31
106.16
106.20
106.46
106.48
106.35
106.20
106.28
106.48
106.61
106.58
106.42
106.35
106.49
106.49
106.44
106.39
106.48
106.72
106.77
106.71
106.60
106.63
106.92
106.92
106.82
106.57
106.47
106.61
106.57
106.52
106.42
106.44
106.55
106.50
106.36
106.26
106.33
106.58
106.50
106.25
106.07
106.07
106.20
106.21
106.15
106.07
106.13
106.29
106.32
106.19
106.13
106.24
106.48
106.38
106.12
105.94
105.98
106.22
106.16
106.11
106.05
106.11
106.27
106.19
106.11
106.17
106.25
106.31
106.08
105.98
105.85
105.99
106.20
106.17
106.03
105.89
105.95
106.11
106.09
106.04
105.94
105.97
105.98
105.85
105.73
105.73
105.95
106.22
106.12
106.05
106.06
106.18
106.40
106.48
106.42
106.34
106.38
106.50
106.41
106.33
106.36
106.52
106.63
106.54
106.42
106.42
106.63
106.75
106.59
106.40
106.34
106.38
106.57
106.46
106.40
106.43
106.58
106.71
106.56
106.52
106.61
106.69
106.73
106.56
106.39
106.38
106.56
106.75
106.65
106.58
106.60
106.72
106.79
106.78
106.72
106.60
106.68
106.63
106.45
106.34
106.45
106.59
106.56
106.35
106.23
106.19
106.31
106.41
106.18
105.78
105.52
105.40
105.32
105.18
105.05
105.06
105.12
105.05
104.76
104.57
104.58
104.73
104.72
104.51
104.48
104.60
104.92
105.10
105.02
104.82
104.77
104.70
104.61
104.34
104.59
105.08
105.33
105.45
105.33
105.25
105.34
105.60
105.82
105.77
105.77
105.91
105.93
106.00
105.96
106.00
106.08
106.12
106.02
105.75
105.75
105.89
105.98
105.88
105.66
105.60
105.78
105.98
106.06
105.93
105.76
105.86
105.97
106.07
105.97
105.96
106.15
106.21
106.16
105.91
105.84
106.03
106.11
105.96
105.72
105.59
105.74
105.82
105.81
105.69
105.66
105.87
105.93
105.87
106.01
106.15
106.32
106.29
106.21
105.98
105.93
106.21
106.26
106.25
106.11
106.10
106.29
106.38
106.35
106.27
106.11
106.27
106.28
106.17
106.06
106.13
106.47
106.55
106.37
106.25
106.26
106.49
106.65
106.64
106.46
106.33
106.31
106.21
106.07
106.00
106.05
106.25
106.22
106.13
106.02
106.04
106.29
106.35
106.15
105.98
106.06
106.23
106.29
106.25
106.20
106.33
106.54
106.58
106.50
106.47
106.67
106.80
106.73
106.55
106.34
106.40
106.64
106.59
106.42
106.33
106.38
106.57
106.54
106.44
106.42
106.41
106.45
106.35
106.20
106.09
106.19
106.35
106.39
106.31
106.21
106.27
106.49
106.47
106.27
106.12
106.06
106.07
105.91
105.78
105.72
105.84
105.99
105.95
105.86
105.83
105.97
106.28
106.10
105.89
105.77
105.85
106.01
105.93
105.87
106.00
106.13
106.26
106.12
106.00
106.02
106.17
106.21
105.95
105.83
105.84
106.09
106.29
106.27
106.14
106.19
106.34
106.47
106.40
106.36
106.32
106.34
106.37
106.20
106.03
106.08
106.22
106.26
106.10
105.99
105.98
106.14
106.32
106.21
105.97
105.95
106.03
106.00
105.90
105.81
105.87
106.05
106.12
105.99
105.85
106.00
106.19
106.32
106.14
105.94
105.89
105.98
106.05
105.92
105.93
106.05
106.24
106.34
106.24
106.16
106.30
106.42
106.56
106.46
106.25
106.25
106.35
106.34
106.25
106.20
106.28
106.41
106.39
106.28
106.22
106.43
106.55
106.65
106.54
106.45
106.49
106.52
106.50
106.39
106.33
106.54
106.69
106.73
106.54
106.57
106.74
106.90
106.94
106.80
106.62
106.58
106.52
106.45
106.36
106.35
106.52
106.62
106.59
106.45
106.36
106.55
106.63
106.66
106.44
106.33
106.36
106.39
106.26
106.12
106.16
106.33
106.39
106.30
106.18
106.22
106.47
106.47
106.52
106.42
106.39
106.45
106.44
106.29
106.15
106.20
106.44
106.52
106.37
106.11
106.08
106.25
106.24
106.29
106.20
106.15
106.31
106.28
106.15
106.10
106.19
106.46
106.49
106.39
106.37
106.41
106.65
106.74
106.66
106.41
106.39
106.49
106.47
106.37
106.31
106.34
106.62
106.61
106.51
106.48
106.59
106.75
106.69
106.46
106.25
106.26
106.42
106.43
106.35
106.29
106.34
106.53
106.49
106.38
106.31
106.46
106.63
106.41
106.20
106.11
106.20
106.43
106.44
106.31
106.32
106.38
106.56
106.52
106.46
106.46
106.52
106.59
106.41
106.25
106.22
106.43
106.57
106.53
106.37
106.39
106.50
106.70
106.69
106.65
106.58
106.67
106.79
106.69
106.54
106.61
106.73
106.85
106.79
106.61
106.64
106.74
106.86
106.72
106.50
106.38
106.38
106.44
106.32
106.25
106.26
106.42
106.55
106.41
106.34
106.37
106.58
106.75
106.68
106.52
106.48
106.54
106.62
106.44
106.32
106.50
106.59
106.69
106.55
106.45
106.50
106.67
106.79
106.65
106.64
106.57
106.63
106.59
106.38
106.32
106.43
106.58
106.61
106.42
106.29
106.40
106.52
106.60
106.38
106.30
106.43
106.56
106.45
106.23
106.07
106.14
106.27
106.30
106.18
106.08
106.25
106.35
106.47
106.37
106.35
106.52
106.69
106.69
106.47
106.38
106.49
106.63
106.70
106.62
106.53
106.62
106.77
106.66
106.48
106.43
106.53
106.70
106.68
106.49
106.66
106.85
106.94
106.84
106.58
106.54
106.62
106.69
106.55
106.32
106.20
106.29
106.30
106.11
105.43
104.76
104.52
104.40
104.32
104.25
104.21
104.39
104.49
104.52
104.47
104.52
104.70
104.88
104.99
104.90
104.77
105.00
105.07
105.10
105.05
105.15
105.38
105.36
105.34
105.21
105.26
105.49
105.58
105.58
105.48
105.45
105.60
105.65
105.59
105.44
105.57
105.76
105.85
105.82
105.76
105.77
106.03
106.20
106.24
106.07
106.08
106.21
106.27
106.27
106.26
106.35
106.59
106.54
106.52
106.39
106.51
106.77
106.84
106.69
106.39
106.31
106.43
106.35
106.29
106.16
106.25
106.42
106.37
106.26
106.15
106.24
106.45
106.50
106.41
106.19
106.18
106.23
106.12
106.01
105.99
106.09
106.27
106.22
106.14
106.10
106.19
106.44
106.49
106.44
106.24
106.25
106.35
106.30
106.12
106.15
106.33
106.52
106.46
106.34
106.28
106.41
106.58
106.47
106.36
106.31
106.23
106.31
106.18
106.00
105.96
106.09
106.31
106.18
106.09
106.07
106.24
106.48
106.40
106.34
106.42
106.57
106.64
106.41
106.26
106.27
106.43
106.59
106.49
106.44
106.41
106.58
106.76
106.69
106.60
106.69
106.82
106.88
106.68
106.39
106.37
106.48
106.61
106.50
106.36
106.37
106.53
106.74
106.62
106.51
106.59
106.81
106.92
106.70
106.47
106.42
106.51
106.67
106.62
106.54
106.62
106.77
106.89
106.79
106.73
106.76
106.91
107.04
106.94
106.74
106.68
106.78
106.83
106.70
106.70
106.77
106.91
106.98
106.77
106.69
106.80
106.94
106.98
106.82
106.80
106.86
106.97
106.90
106.76
106.68
106.85
107.01
107.10
106.96
106.89
106.97
107.13
107.25
107.13
107.09
107.27
107.45
107.36
107.09
106.88
106.98
107.07
107.14
106.93
106.85
106.97
107.01
107.03
106.90
106.87
106.92
107.08
107.07
106.89
106.66
106.64
106.66
106.61
106.44
106.38
106.48
106.60
106.47
106.08
105.90
106.05
106.24
106.19
105.91
105.78
105.89
106.00
106.07
105.93
105.94
106.15
106.29
106.33
106.14
106.11
106.41
106.59
106.58
106.37
106.28
106.36
106.52
106.30
106.01
105.88
105.96
106.00
105.96
105.86
105.81
105.99
105.96
105.91
105.73
105.78
105.97
105.93
105.76
105.38
105.11
105.12
105.18
105.21
105.13
105.21
105.46
105.58
105.48
105.25
105.22
105.36
105.44
105.43
105.26
105.19
105.31
105.26
105.16
105.12
105.28
105.58
105.61
105.61
105.53
105.70
105.97
106.13
106.13
106.05
106.02
106.15
106.14
106.04
105.92
106.02
106.21
106.27
106.15
106.11
106.23
106.47
106.50
106.44
106.41
106.48
106.61
106.56
106.40
106.28
106.33
106.54
106.58
106.48
106.40
106.47
106.58
106.53
106.34
106.25
106.23
106.15
105.74
105.29
105.10
105.18
105.33
105.27
105.21
105.17
105.28
105.52
105.50
105.44
105.51
105.60
105.72
105.63
105.50
105.42
105.58
105.80
105.74
105.70
105.66
105.77
106.05
105.97
105.83
105.82
105.92
106.04
105.83
105.58
105.47
105.51
105.72
105.66
105.58
105.54
105.62
105.81
105.75
105.71
105.80
105.98
106.13
105.94
105.68
105.57
105.64
105.79
105.73
105.70
105.63
105.77
105.92
105.85
105.73
105.82
105.93
106.10
106.01
105.85
105.73
105.78
105.85
105.69
105.60
105.59
105.60
105.58
105.36
105.18
105.16
105.30
105.48
105.37
105.36
105.37
105.50
105.54
105.39
105.21
105.29
105.45
105.62
105.60
105.54
105.61
105.86
106.08
106.05
106.10
106.26
106.44
106.39
106.21
106.03
106.04
106.20
106.34
106.16
106.11
106.12
106.27
106.33
106.18
106.12
106.24
106.42
106.41
106.08
105.90
105.90
106.07
106.17
106.10
106.00
106.06
106.18
106.22
106.13
106.09
106.18
106.38
106.43
106.15
106.00
106.06
106.04
106.07
105.81
105.73
105.73
105.86
105.89
105.77
105.72
105.85
106.00
106.06
105.81
105.64
105.67
105.72
105.72
105.61
105.63
105.82
105.99
106.06
105.94
105.99
106.17
106.39
106.43
106.28
106.07
106.11
106.17
106.17
106.01
105.97
106.08
106.12
105.86
105.57
105.49
105.61
105.71
105.74
105.59
105.53
105.54
105.57
105.42
105.17
105.07
105.19
105.21
105.15
105.02
104.99
105.31
105.52
105.78
105.77
105.77
105.74
105.42
104.91
104.35
103.94
103.93
103.91
103.85
103.71
103.47
103.35
103.27
103.14
103.05
103.21
103.60
103.88
103.79
103.72
103.78
103.99
104.18
104.24
104.21
104.28
104.57
104.67
104.65
104.56
104.61
104.90
105.06
105.04
104.84
104.85
105.03
105.17
105.18
105.13
105.19
105.37
105.48
105.42
105.29
105.38
105.57
105.75
105.63
105.37
105.29
105.43
105.38
105.28
105.14
105.23
105.43
105.51
105.45
105.32
105.45
105.64
105.67
105.68
105.54
105.41
105.47
105.46
105.35
105.23
105.27
105.53
105.52
105.48
105.41
105.46
105.71
105.74
105.69
105.60
105.71
105.91
105.82
105.68
105.48
105.44
105.63
105.66
105.60
105.40
105.44
105.56
105.45
105.27
105.16
105.22
105.50
105.56
105.43
105.24
105.15
105.20
105.09
104.93
104.78
104.82
105.03
105.04
104.95
104.88
105.00
105.25
105.29
105.29
105.28
105.34
105.49
105.42
105.26
105.18
105.35
105.58
105.57
105.45
105.35
105.48
105.70
105.70
105.62
105.61
105.72
105.83
105.63
105.41
105.28
105.39
105.53
105.53
105.47
105.34
105.41
105.59
105.52
105.47
105.40
105.53
105.67
105.49
105.25
105.08
105.09
105.27
105.30
105.18
105.08
105.18
105.37
105.33
105.22
105.20
105.34
105.53
105.38
105.14
104.97
105.00
105.14
105.11
105.04
104.96
105.03
105.22
105.06
104.91
104.89
104.96
105.16
105.07
104.83
104.65
104.67
104.79
104.67
104.57
104.52
104.61
104.80
104.66
104.58
104.52
104.63
104.90
104.82
104.59
104.37
104.35
104.43
104.31
104.24
104.27
104.45
104.64
104.60
104.53
104.47
104.65
104.78
104.82
104.64
104.46
104.45
104.54
104.43
104.25
104.29
104.40
104.56
104.48
104.37
104.35
104.51
104.73
104.65
104.59
104.57
104.55
104.63
104.45
104.35
104.35
104.52
104.71
104.65
104.57
104.57
104.69
104.90
104.83
104.73
104.82
104.94
104.98
104.80
104.63
104.59
104.67
104.87
104.77
104.62
104.66
104.79
104.89
104.74
104.63
104.63
104.73
104.96
104.75
104.49
104.31
104.28
104.28
104.18
104.06
104.11
