1.034355101767242360e+02
9.982338797397096641e+01
1.006038691677985355e+02
1.017515024307984817e+02
1.024510114274781216e+02
1.046514494932522013e+02
1.071265501946229648e+02
1.074736737424510835e+02
1.068577925798596198e+02
1.059635575761881086e+02
1.041974160475225659e+02
1.043412643860483939e+02
1.036428142231019365e+02
1.027462494490965241e+02
1.027250453720508148e+02
1.029416530145642383e+02
1.025309761311008145e+02
1.029247052518756647e+02
1.033596385216183506e+02
1.038588534240064405e+02
1.036410367953597955e+02
1.038919236257880527e+02
1.037435957274930445e+02
1.041994831382969124e+02
1.032532680030757746e+02
1.037577641990663295e+02
1.035361751563896320e+02
1.037073908658694847e+02
1.035662538644364616e+02
1.033170106787070779e+02
1.032092387419585435e+02
1.034412000071132667e+02
1.031171935780465390e+02
1.033745003641789850e+02
1.034164588528678337e+02
1.037291361639824316e+02
1.037196979142546809e+02
1.036245882477951454e+02
1.036330667887840065e+02
1.042852182628461009e+02
1.035172572074219204e+02
1.040932291108969423e+02
1.037368765360066476e+02
1.033232328555368156e+02
1.033360318136628422e+02
1.029851588739031740e+02
1.039284308463052326e+02
1.036773265621393278e+02
1.037515118390662821e+02
1.034011832260309660e+02
1.038183716441481010e+02
1.035176611143816814e+02
1.040266388776993409e+02
1.041748431860391833e+02
1.042118133802816971e+02
1.042189825867153559e+02
1.045659911459160156e+02
1.045539806783724686e+02
1.043029743373260914e+02
1.046540231709252566e+02
1.043309137037950620e+02
1.040017661047772322e+02
1.043064776759054268e+02
1.040438160565549168e+02
1.042606931112365771e+02
1.044475819309123210e+02
1.045292118009687385e+02
1.044241171191779074e+02
1.044746010240529301e+02
1.039359816095156930e+02
1.039069609092655071e+02
1.043241537978875471e+02
1.046368940832215770e+02
1.048955239562902904e+02
1.039841264339929978e+02
1.041282250543984986e+02
1.041431008372643561e+02
1.041465668478921742e+02
1.042828859235546872e+02
1.042419657086814198e+02
1.042167980381853312e+02
1.058568316439515371e+02
1.056057124391863908e+02
1.056198776922938833e+02
1.057988583854308189e+02
1.056707250886460656e+02
1.056805209248928037e+02
1.051364629205566246e+02
1.057516546864991795e+02
1.059333993339933500e+02
1.054657655381505919e+02
1.042360178369956429e+02
1.046732489514123330e+02
1.044020530367835846e+02
1.049854748393400712e+02
1.046466438884602610e+02
1.049015752328288755e+02
1.052708749863680850e+02
1.060008366830971767e+02
1.054532205152107309e+02
1.050666736628537450e+02
1.055885139656933518e+02
1.052689268909333578e+02
1.055131086800006983e+02
1.056467953503252772e+02
1.055252686739497392e+02
1.058483283645655888e+02
1.058607727733423474e+02
1.063779896544887578e+02
1.060080402913931152e+02
1.056598131844535118e+02
1.056473386062419735e+02
1.056472278896478230e+02
1.056809885863855811e+02
1.058965868841901852e+02
1.053095786526808268e+02
1.049821315734044873e+02
1.043631437721803934e+02
1.046390651143335191e+02
1.052404495968097677e+02
1.050691791883162551e+02
1.059826653773145608e+02
1.058622985159412195e+02
1.051262249960554698e+02
1.047243355001489249e+02
1.043380897623527801e+02
1.038749138881234586e+02
1.030846238844028875e+02
1.036205642590007301e+02
1.035490155332744706e+02
1.036663961879769431e+02
1.044600476264970155e+02
1.042694644793692902e+02
1.039202640760758101e+02
1.041655685658689805e+02
1.051530839689339416e+02
1.053250843644544403e+02
1.049685537828100905e+02
1.047066335640315060e+02
1.048230833603743548e+02
1.047168663373951034e+02
1.053028995512599124e+02
1.046976020783127410e+02
1.050988183084782577e+02
1.049824815754500378e+02
1.052511178897015611e+02
1.049478724318748277e+02
1.051762722941712696e+02
1.048981715652768258e+02
1.050927499267582164e+02
1.052015894085400589e+02
1.051763595814033181e+02
1.055002915551896763e+02
1.056943895183892437e+02
1.053580559139785038e+02
1.055045987563438530e+02
1.045217826825127361e+02
1.054214915991780401e+02
1.055270099305038087e+02
1.048188784694245044e+02
1.051480581687859797e+02
1.056194996282656433e+02
1.055525348629525411e+02
1.052820912124582833e+02
1.061479635406681865e+02
1.070862572837292674e+02
1.073391045097792613e+02
1.072240745720175710e+02
1.072057697810845696e+02
1.067577802307363584e+02
1.064462293223761122e+02
1.066041799278591213e+02
1.063721228295029704e+02
1.065704978488014802e+02
1.067654390834674132e+02
1.067850036227401915e+02
1.062121011794996690e+02
1.056699131760913701e+02
1.054177388116483485e+02
1.053917522197558299e+02
1.057167278228962033e+02
1.056834257014201626e+02
1.061532989038785786e+02
1.063101171985315005e+02
1.062172293200709987e+02
1.058500434858236190e+02
1.060003127823729727e+02
1.060751862644169563e+02
1.061818641908518117e+02
1.056953296181915505e+02
1.074609328872269174e+02
1.083854576592333387e+02
1.083571010784134501e+02
1.074408370573771947e+02
1.068736027668336561e+02
1.066925511154867223e+02
1.064196217700879998e+02
1.063984453971905566e+02
1.064364538560995044e+02
1.063008332602403243e+02
1.065014447302582852e+02
1.063213487071977568e+02
1.058582563710853321e+02
1.065683941926968856e+02
1.056395472170541296e+02
1.054365028496197567e+02
1.044382959960655910e+02
1.045373479629157032e+02
1.043738876435024849e+02
1.046926087404304866e+02
1.047105802518041457e+02
1.046017882175949723e+02
1.048533110816716345e+02
1.048420852687744969e+02
1.042248449552474767e+02
1.041496771099196650e+02
1.045730352631761093e+02
1.051294840294840327e+02
1.054560055004142924e+02
1.047912389612660604e+02
1.039538158120390960e+02
1.046704231194690209e+02
1.052272598969726971e+02
1.053013309327120055e+02
1.045633300262823582e+02
1.055278327560613434e+02
1.057690022808041164e+02
1.049893982458281840e+02
1.050889402454610604e+02
1.053776962634045162e+02
1.047963841807909660e+02
1.045430898808391476e+02
1.045033748209014419e+02
1.045329909875756158e+02
1.046082399586278200e+02
1.045979875254143963e+02
1.042510472314084780e+02
1.051707715288150951e+02
1.048220660188822393e+02
1.048171570401778752e+02
1.051980253288211316e+02
1.051959037520109348e+02
1.049697766097240503e+02
1.053620340285784067e+02
1.048352304372041175e+02
1.044437936084072760e+02
1.047612033518971515e+02
1.046482020026120949e+02
1.044380858325969825e+02
1.044018219677251409e+02
1.040865984009946317e+02
1.043670149382609509e+02
1.045388809780154844e+02
1.042880509879784370e+02
1.043916475813727516e+02
1.043788279185450136e+02
1.040695378402888309e+02
1.040306236175648422e+02
1.040529978862710720e+02
1.043281848596737547e+02
1.038770269806986875e+02
1.034689808102345410e+02
1.031145222022456522e+02
1.027836827866080540e+02
1.024232088833302328e+02
1.026821858893402037e+02
1.052358652812611979e+02
1.067999811587376513e+02
1.072668973115058293e+02
1.057397008314408424e+02
1.047654739142310945e+02
1.043281967329798334e+02
1.034966310715479381e+02
1.029790620641562100e+02
1.030657607079769917e+02
1.028565381734571247e+02
1.031229245761674065e+02
1.031916975330211699e+02
1.035572230014025337e+02
1.037200660031246287e+02
1.035484715242881038e+02
1.034645682893964107e+02
1.032184918961882687e+02
1.030288566337387408e+02
1.025314507540623055e+02
1.023540971768508570e+02
1.024471896654974614e+02
1.022205180815593764e+02
1.023318981783251616e+02
1.021082420493190028e+02
1.026251228384738567e+02
1.024866453630444880e+02
1.027445528902329954e+02
1.028553638203712097e+02
1.030863438557712186e+02
1.029696792902860523e+02
1.030033245814437066e+02
1.033382650437167740e+02
1.026889923108053466e+02
1.039107093616434554e+02
1.027190167522518607e+02
1.041477025382624788e+02
1.034400794526594467e+02
1.039598904090940010e+02
1.039637295989641785e+02
1.043845995187349729e+02
1.038722329039832601e+02
1.044700637603027218e+02
1.037831636139967202e+02
1.036795338550527390e+02
1.039041541199014489e+02
1.038471537503624944e+02
1.043275651290528003e+02
1.029922478018659007e+02
1.041741186586414472e+02
1.032580366956962905e+02
1.043307635766909840e+02
1.037591877032018601e+02
1.043816095094958314e+02
1.034636208958743993e+02
1.044476844792434065e+02
1.044589282371560301e+02
1.040901081838281215e+02
1.045764623813250864e+02
1.044844042632887238e+02
1.042817849651532498e+02
1.050819284487011629e+02
1.071719174937308026e+02
1.080862097199730698e+02
1.079996357145459172e+02
1.070781935948182877e+02
1.070257816982214507e+02
1.074487100514530198e+02
1.069417326768001288e+02
1.068696831287468001e+02
1.060586230521933118e+02
1.050361296751249824e+02
1.038277056568238521e+02
1.048863349373741443e+02
1.042843163857137938e+02
1.049431628160939027e+02
1.050942302116555567e+02
1.047249872859806885e+02
1.055815400481265129e+02
1.042651281879643932e+02
1.055078012012318567e+02
1.049842025572005326e+02
1.056496895466530503e+02
1.051916023328725913e+02
1.056734258993049167e+02
1.058051000888160189e+02
1.058545953360768124e+02
1.051390233687913423e+02
1.059548018735683286e+02
1.044701507470651052e+02
1.062390976412506944e+02
1.045157074141648650e+02
1.057322382139042958e+02
1.053918190697517900e+02
1.050981040823523500e+02
1.051028883291351974e+02
1.055024135901101658e+02
1.057619015372113438e+02
1.049471694971694973e+02
1.058128684692010637e+02
1.054666990681772489e+02
1.061806593779133863e+02
1.057857154894922331e+02
1.060329920940604040e+02
1.062411361976113966e+02
1.060521883544983268e+02
1.067746184438628205e+02
1.068124333564646378e+02
1.057271746168789122e+02
1.064455564587143499e+02
1.044827084332567040e+02
1.057054207908097823e+02
1.051183204798628879e+02
1.049638575002156387e+02
1.046136132512883989e+02
1.048441006401872357e+02
1.056890841264860796e+02
1.051683103107613988e+02
1.044439037669718005e+02
1.049959555280187118e+02
1.050220511145867306e+02
1.049555997011681541e+02
1.052401352297368788e+02
1.053426556669975724e+02
1.049529513711897266e+02
1.057319148204802133e+02
1.053893305368559794e+02
1.058297745233584237e+02
1.086496936593779736e+02
1.091424696931085947e+02
1.097342222222222148e+02
1.090292745784860102e+02
1.090257244720723975e+02
1.072245030668377410e+02
1.065445157689087381e+02
1.048652221998793550e+02
1.057661688157044040e+02
1.044072282726529863e+02
1.051620351588911433e+02
1.044917298530497334e+02
1.048640126797848353e+02
1.054649418949868647e+02
1.046198381790102729e+02
1.050430767669592598e+02
1.051104079595255456e+02
1.051427531816950989e+02
1.053030930263866480e+02
1.055287364130434753e+02
1.051742494479375551e+02
1.053889864864864876e+02
1.054545684338242779e+02
1.059420594314369879e+02
1.052075743852940093e+02
1.053449693375564351e+02
1.044023236873161267e+02
1.050161612063427583e+02
1.051696418036241027e+02
1.045286466605366655e+02
1.051881283967391312e+02
1.039660890101117587e+02
1.049604840617922434e+02
1.044185654712260174e+02
1.052363698049194340e+02
1.044382785199551904e+02
1.046975905836588936e+02
1.049313358092325359e+02
1.051095107645249698e+02
1.049689995302959176e+02
1.051873704084557062e+02
1.049568240458398947e+02
1.054589230354495157e+02
1.053913415124698361e+02
1.059314657582998649e+02
1.055100901022508850e+02
1.055639861615053547e+02
1.058604085106383081e+02
1.082940006746799639e+02
1.089890936991907182e+02
1.082478138861229269e+02
1.072582718316324843e+02
1.064075503180727935e+02
1.049513575794008631e+02
1.056359098857443541e+02
1.053414962551544107e+02
1.051566589749204184e+02
1.053205602935509262e+02
1.059225144955875493e+02
1.055146600020128034e+02
1.054069207994078425e+02
1.058329369697583076e+02
1.054107881732138310e+02
1.059392660828052328e+02
1.059268789680200769e+02
1.060165951262378741e+02
1.056526079903674145e+02
1.060178096488570247e+02
1.056448133886749616e+02
1.059959236612933040e+02
1.052234487818706441e+02
1.058159424441037118e+02
1.058997675280482582e+02
1.056258872929649755e+02
1.054704507122221600e+02
1.063334238899736732e+02
1.058539102283074271e+02
1.059349152427791552e+02
1.062904202698610305e+02
1.058082618079606476e+02
1.064324237505917381e+02
1.056405517655496880e+02
1.065376510847760585e+02
1.059107136910114235e+02
1.069691715163134802e+02
1.061239893083862285e+02
1.069036618292271186e+02
1.059066306938559308e+02
1.075087647778230746e+02
1.056933583774076055e+02
1.070256049378529184e+02
1.060851258657431941e+02
1.068578291724963236e+02
1.066242508222174052e+02
1.056029903371197491e+02
1.055866791905046540e+02
1.049127693385506461e+02
1.057087375228454960e+02
1.055638381957739682e+02
1.055132467806628682e+02
1.054573425832759597e+02
1.054077683615819296e+02
1.058437719915552435e+02
1.063867197083873606e+02
1.067031457764714162e+02
1.080172341024198204e+02
1.073603597453794691e+02
1.078338647851012553e+02
1.079084905660377416e+02
1.070892561983471154e+02
1.082275134076785577e+02
1.069297860669226594e+02
1.063708997769148112e+02
1.066884168015619991e+02
1.064903710662282776e+02
1.063289305424686972e+02
1.060839953075247166e+02
1.064404507251014849e+02
1.073197207084468658e+02
1.067021605456805844e+02
1.081449195275264117e+02
1.063704958320879399e+02
1.082751414366535130e+02
1.065278551994160239e+02
1.078159845039582336e+02
1.066702837925150362e+02
1.075174043977859526e+02
1.070997044433683385e+02
1.072704217341117783e+02
1.070859679986596262e+02
1.070127134279292846e+02
1.067117745442381676e+02
1.065573904758720971e+02
1.074149585991583962e+02
1.068010549229738757e+02
1.071997435940689201e+02
1.066888047124000849e+02
1.081048029724570512e+02
1.071595415014494819e+02
1.077578788546628914e+02
1.070285446731659960e+02
1.073208571525217394e+02
1.073536554515557810e+02
1.076871955049313385e+02
1.078509374197414701e+02
1.075212458286985537e+02
1.066166192164893545e+02
1.075265846768054416e+02
1.072624905660377408e+02
1.080335770146208887e+02
1.075465235950127294e+02
1.081183934867401319e+02
1.081244633730834721e+02
1.081732432570755833e+02
1.084391059334447647e+02
1.080399068668572653e+02
1.066450868983957179e+02
1.072977535692536719e+02
1.076888103489688717e+02
1.075469248995570268e+02
1.069708765957446843e+02
1.063131477717491720e+02
1.065143125608241945e+02
1.069180679724865257e+02
1.064094634685975791e+02
1.055855682005607719e+02
1.074817919519232419e+02
1.063910657520495135e+02
1.069371760350050380e+02
1.086099448280648261e+02
1.094194951059784557e+02
1.112187597611391823e+02
1.109886115329061909e+02
1.106695454797098961e+02
1.101214605340375670e+02
1.099543931976294857e+02
1.094005418665104514e+02
1.088031939793309704e+02
1.082035338810849083e+02
1.072441842391585851e+02
1.065787838663678997e+02
1.071585809633858162e+02
1.070078227973775711e+02
1.067371991655501233e+02
1.066445351011388709e+02
1.068369227087820121e+02
1.063386094699598772e+02
1.074417246799910259e+02
1.090970323500579298e+02
1.104991068105694012e+02
1.098521871952005000e+02
1.096870276616039348e+02
1.096593049572899332e+02
1.100057480732970845e+02
1.097519109856469868e+02
1.086175826935495508e+02
1.074676468014352082e+02
1.066689258113037937e+02
1.065592572364827930e+02
1.062398854766692722e+02
1.061689828153069186e+02
1.059353897810714074e+02
1.060026300607459149e+02
1.063689562678256237e+02
1.066176883321354012e+02
1.053107898035938206e+02
1.059589011100068916e+02
1.060290151412734900e+02
1.063091564918460392e+02
1.064549708995609336e+02
1.057992315081652350e+02
1.059926027027937749e+02
1.058386550109901236e+02
1.063535817679929920e+02
1.057850798993551535e+02
1.054536368035508644e+02
1.054727814314640995e+02
1.051151134171489474e+02
1.053030237183880189e+02
1.053736768825591810e+02
1.053376802107983963e+02
1.050389011830086048e+02
1.053194027849925334e+02
1.059266503667481629e+02
1.058939544940119220e+02
1.064547726731730535e+02
1.056407607143457170e+02
1.067761541357243118e+02
1.066482023022701497e+02
1.090420634920634768e+02
1.101507987454835700e+02
1.097764836081931890e+02
1.099108662903606302e+02
1.103088667058132728e+02
1.095044152918090106e+02
1.085462037649498654e+02
1.078062641947921634e+02
1.069703153988868252e+02
1.064624241297107119e+02
1.065603732535608685e+02
1.065724113269875915e+02
1.065185722329335221e+02
1.069432945457041910e+02
1.069678635394456165e+02
1.071054298332705628e+02
1.072072885495133079e+02
1.069399104062612622e+02
1.073990082473871723e+02
1.073515567246032987e+02
1.073465169773749324e+02
1.076161122768394591e+02
1.072710768807591677e+02
1.072616787065703505e+02
1.076553288767275092e+02
1.065430874358843312e+02
1.065144195302715815e+02
1.060130169630502905e+02
1.062704416566420349e+02
1.062244666792524015e+02
1.062300051555250064e+02
1.063917625015041324e+02
1.056201508162118898e+02
1.058713528305113698e+02
1.053565775872295092e+02
1.057841110404017826e+02
1.060550915014557063e+02
1.054657407407407419e+02
1.061242343495864588e+02
1.062053536168678392e+02
1.062286295326071865e+02
1.064106518503132861e+02
1.058214425815694852e+02
1.060039232482439502e+02
1.068773855708842859e+02
1.066190985619081033e+02
1.064814548263090472e+02
1.070806727128643132e+02
1.077670999964577874e+02
1.078116167895354351e+02
1.068378299120234658e+02
1.067282822823869992e+02
1.065675404820929373e+02
1.067032026455868561e+02
1.069694266168277039e+02
1.067771546116248800e+02
1.076691512639424957e+02
1.075657723272461084e+02
1.068595227689887111e+02
1.067991148013449418e+02
1.073070334177826055e+02
1.091957812055729278e+02
1.098317068779258250e+02
1.103831577034883651e+02
1.105739227002130178e+02
1.103632167680277973e+02
1.104953175486956809e+02
1.100809580794894202e+02
1.094925108217267677e+02
1.092237314711834699e+02
1.095704648505179222e+02
1.076688970429527359e+02
1.075970958617832025e+02
1.068933432979234652e+02
1.069786494006849296e+02
1.070392345692222733e+02
1.067225348362474620e+02
1.059571005401637933e+02
1.060911711774675439e+02
1.066952421097001888e+02
1.065304243535927213e+02
1.065196549097415328e+02
1.059890219212510374e+02
1.049835916603799433e+02
1.050628990950998798e+02
1.057034317554548721e+02
1.044844407351262845e+02
1.052823503104735465e+02
1.044877941425427395e+02
1.055619215137129032e+02
1.048885933555830263e+02
1.051228757728301701e+02
1.052408304851298197e+02
1.054020928287328616e+02
1.060899932956284033e+02
1.051275335257171974e+02
1.053800812662574913e+02
1.059539483851027768e+02
1.057749854983451030e+02
1.060097856077873644e+02
1.063218122533035910e+02
1.064236598954908857e+02
1.062147922475816699e+02
1.063375211695987446e+02
1.059567569424170159e+02
1.055755750085822058e+02
1.054862802514856526e+02
1.056911435170820823e+02
1.050151719200150069e+02
1.055894930274095032e+02
1.050273638673350263e+02
1.052923092955398232e+02
1.049510451139422855e+02
1.045484068836258302e+02
1.044652866080056981e+02
1.047198709853578720e+02
1.042904379512787756e+02
1.048977288274729744e+02
1.048016063577950661e+02
1.057442497448111567e+02
1.055363844393592814e+02
1.050751232148564327e+02
1.047905226085360084e+02
1.040873905139646212e+02
1.048832386650085766e+02
1.040375942352177532e+02
1.048686077020736320e+02
1.043456204990788763e+02
1.049672409115572407e+02
1.044984202343736968e+02
1.057840564047141214e+02
1.043230420548980106e+02
1.049757235755921698e+02
1.047000551277125311e+02
1.056720084022225166e+02
1.053074859995951726e+02
1.054162174037957840e+02
1.053641795075188696e+02
1.061017458136102363e+02
1.058109190662919303e+02
1.060710595409502872e+02
1.089174779786740999e+02
1.089433280609677155e+02
1.094860821092005239e+02
1.090893427044859720e+02
1.091395310825781308e+02
1.087709640460472400e+02
1.080948368784133322e+02
1.072680482686253924e+02
1.061783246829134271e+02
1.052870972646944523e+02
1.057755771629727235e+02
1.049165783675597510e+02
1.054172524823412402e+02
1.048901943139019437e+02
1.063608584690748984e+02
1.047253911996790094e+02
1.057435014252748715e+02
1.052295319177575266e+02
1.055609050294456068e+02
1.058445149514695629e+02
1.049692527768428079e+02
1.052140322417114504e+02
1.054855839354160310e+02
1.055997598592978477e+02
1.053232973457009081e+02
1.053656693711967591e+02
1.056278422116184714e+02
1.054668834357906064e+02
1.054606309180211667e+02
1.049845801730762815e+02
1.055070674962802570e+02
1.072745551230362793e+02
1.081973836022507385e+02
1.084017850767583155e+02
1.073563941667250958e+02
1.065909812584130094e+02
1.061879584561595919e+02
1.063065490492208340e+02
1.061633281972265053e+02
1.061808465009350329e+02
1.058197823194240641e+02
1.061040189125295399e+02
1.060745867170607966e+02
1.062406084430011930e+02
1.059120095530535650e+02
1.060736951769367380e+02
1.057728329684131978e+02
1.061885549329257969e+02
1.068120658826765634e+02
1.060680591848508385e+02
1.062882965843010936e+02
1.059328428725702054e+02
1.061522557028098817e+02
1.062413910093299449e+02
1.058346179851250781e+02
1.047704975531541720e+02
1.047466800133466904e+02
1.049053480758952333e+02
1.053289362990880704e+02
1.053088645704717266e+02
1.050123921595110659e+02
1.052572827044238153e+02
1.051062315041853452e+02
1.057109713272646587e+02
1.050780486154574760e+02
1.055017057315976103e+02
1.070083256244218290e+02
1.086121350660570783e+02
1.090237178076161086e+02
1.091085384303162300e+02
1.085681487675416292e+02
1.078499055224785224e+02
1.073708252683441913e+02
1.068310025537237351e+02
1.066038256074444348e+02
1.057665826750204303e+02
1.057066113595022330e+02
1.056777235110568398e+02
1.059921865670368675e+02
1.058065577122991243e+02
1.057673057620659876e+02
1.060417843509817146e+02
1.059546367877941577e+02
1.064867640976147669e+02
1.058506511169290292e+02
1.062018257658643279e+02
1.061193029034344306e+02
1.063634859160936941e+02
1.062589523728669576e+02
1.064189632209814533e+02
1.060743476120137956e+02
1.061242753008984607e+02
1.062888976229942557e+02
1.062842036932643310e+02
1.058461486095510367e+02
1.058994794501905403e+02
1.064282175663123127e+02
1.059914615856568361e+02
1.063750128113149600e+02
1.062232095558707528e+02
1.063755099242398217e+02
1.063225166695161619e+02
1.065360895425172743e+02
1.065182681364971984e+02
1.061402255257187477e+02
1.069782657212999339e+02
1.068013739393630175e+02
1.070854719928587429e+02
1.066910153149958660e+02
1.071590137939265759e+02
1.067078531543305218e+02
1.073617899405750649e+02
1.072937643314281786e+02
1.070892723436117251e+02
1.067265245043022759e+02
1.074588172358453164e+02
1.074430684140916128e+02
1.078915343915343925e+02
1.081384467881112244e+02
1.074344455331511199e+02
1.074165351087926439e+02
1.080530246710810616e+02
1.078472071700125667e+02
1.077550329835594880e+02
1.079983959986202251e+02
1.074174372073222656e+02
1.076944216990788163e+02
1.082561385459533625e+02
1.081609330538942544e+02
1.081739614370355156e+02
1.083888668813833789e+02
1.082093945322644970e+02
1.085453912680320769e+02
1.079647561960050268e+02
1.088224197669128159e+02
1.093427514713988558e+02
1.090683519101203558e+02
1.087793484614975910e+02
1.095349233390119252e+02
1.084580661430938875e+02
1.074395196545509776e+02
1.066011711805918623e+02
1.057890639800223909e+02
1.048003931803545328e+02
1.049744539249146698e+02
1.052142599495010131e+02
1.051384549429820936e+02
1.055606637602743376e+02
1.059471375528883499e+02
1.047009090909090787e+02
1.051199668263290619e+02
1.056038989961284074e+02
1.056335514676834748e+02
1.052175007226784942e+02
1.050565168025216565e+02
1.054789774868930579e+02
1.056313877369160537e+02
1.051549123936693064e+02
1.050756890305994773e+02
1.050268342278075977e+02
1.056706222962850603e+02
1.057422458815429280e+02
1.054343380516236408e+02
1.060596562015439162e+02
1.059569449081803043e+02
1.054964677788464797e+02
1.061035081277746315e+02
1.054187477439044329e+02
1.055328020422523849e+02
1.063365782347957520e+02
1.064258977076984110e+02
1.070762548424424523e+02
1.076266434582755949e+02
1.082683231728200468e+02
1.084140143914758312e+02
1.085783084265161875e+02
1.084079390578846471e+02
1.081453992160098920e+02
1.094932006341377502e+02
1.094495155124900094e+02
1.090944852811873602e+02
1.092687859736119691e+02
1.095098535429679032e+02
1.079480363080794376e+02
1.062572008187733132e+02
1.053739618578898813e+02
1.042496534544066549e+02
1.013625988607957993e+02
9.910723843091180640e+01
9.697729758689197865e+01
9.506299392444383045e+01
9.389654173806019344e+01
9.163650273746623043e+01
8.966762520968129024e+01
8.769843862599087458e+01
8.712940979769268779e+01
8.836329373598587722e+01
9.154069269083747429e+01
9.491123977015497815e+01
9.800004009140840822e+01
1.003526414329556644e+02
1.009141266553229173e+02
1.014604266656933902e+02
1.023907389787504059e+02
1.012711487250574578e+02
1.008162138117655644e+02
9.975399504839072051e+01
9.975013368983957207e+01
9.987381243807192277e+01
9.914283310901748791e+01
9.988438376659809137e+01
1.015159357327440830e+02
1.018963235159692147e+02
1.026923830961370925e+02
1.042177982413103337e+02
1.037034029029680084e+02
1.039208308248043409e+02
1.037890255794764158e+02
1.036101637556637627e+02
1.040512040933612639e+02
1.050192293671624526e+02
1.056602675143311103e+02
1.064510435386011551e+02
1.065024839198870410e+02
1.075394352656316670e+02
1.082190835696353304e+02
1.074051573270473909e+02
1.070055249590906783e+02
1.082508457313302586e+02
1.074821028079303886e+02
1.076893020895630713e+02
1.079588517271662766e+02
1.072632588437528227e+02
1.056406401466415304e+02
1.052985582488511653e+02
1.051930099385584896e+02
1.045007530893780228e+02
1.044843960160040837e+02
1.044203174064330000e+02
1.038321345355080609e+02
1.033805232509355676e+02
1.039576540620983565e+02
1.043259843592932725e+02
1.044650286454780996e+02
1.040298310318209190e+02
1.040516010292939768e+02
1.049584370677731613e+02
1.052340090289457493e+02
1.046266025928383101e+02
1.055131379577959194e+02
1.049960762127240201e+02
1.058342600281618928e+02
1.059115931887100572e+02
1.061930912948877079e+02
1.053756541725601039e+02
1.038244951027130014e+02
1.041867274712117535e+02
1.041465530868534302e+02
1.038622614111513514e+02
1.038371376018218371e+02
1.034823716563207938e+02
1.037931518967580757e+02
1.045314768493414164e+02
1.041465630170987424e+02
1.038784916441491788e+02
1.046296895663673752e+02
1.045829631925076626e+02
1.043691797902503993e+02
1.044389655290452907e+02
1.039861954346572475e+02
1.039952188116790381e+02
1.043741746775683339e+02
1.038631943271990536e+02
1.042426222275018262e+02
1.043522551612792313e+02
1.042222412875993030e+02
1.043265540205091355e+02
1.043314082629942163e+02
1.041880229500358581e+02
1.045045831892078922e+02
1.046433498561475375e+02
1.045093575083273265e+02
1.045460407531596445e+02
1.043861641270550109e+02
1.041476294399670195e+02
1.037543212406914108e+02
1.039999313422588330e+02
1.042513089005235543e+02
1.042751009234714132e+02
1.041306420300908258e+02
1.037050573442033965e+02
1.040288080101165775e+02
1.038120612030153040e+02
1.037383171118934229e+02
1.037751901798063585e+02
1.035658049150904247e+02
1.036197275279447609e+02
1.033437349646023762e+02
1.038083613379533716e+02
1.029232979968334831e+02
1.032622755730325395e+02
1.035955942676604593e+02
1.031590405648622522e+02
1.036336128008924362e+02
1.026096453657700778e+02
1.036500786300891122e+02
1.034310482610055288e+02
1.037107413434115557e+02
1.032930556518123240e+02
1.034677469724834395e+02
1.040640944549863036e+02
1.042570450956308150e+02
1.039816382704435398e+02
1.040962465743920689e+02
1.042599329070133081e+02
1.041209168652740829e+02
1.046258752331022777e+02
1.055453591080219979e+02
1.054662069215175109e+02
1.050132257422518194e+02
1.045761481082052597e+02
1.038522428372199755e+02
1.034191736863217130e+02
1.028986548324152466e+02
1.024723428355672894e+02
1.030526306698448877e+02
1.031349732325753479e+02
1.036972954169927874e+02
1.026053820097854725e+02
1.027965613095850870e+02
1.033946663419386311e+02
1.024574662722500591e+02
1.030655188572817167e+02
1.024448863441560604e+02
1.024705446142172320e+02
1.025103026956131629e+02
1.028961739190543767e+02
1.023979192862187233e+02
1.028810848280045036e+02
1.019617992534502235e+02
1.024512779964590834e+02
1.028549547057603206e+02
1.029613863447127500e+02
1.026166021505376449e+02
1.023174228830214503e+02
1.025867802454804689e+02
1.026967911607493704e+02
1.024525077674212099e+02
1.022557510612077181e+02
1.021838374856791063e+02
1.025793712383810146e+02
1.023125767918088798e+02
1.025634104174868639e+02
1.025616650599091173e+02
1.020490194408001372e+02
1.024731446400713253e+02
1.022524686007580073e+02
1.023848284063880385e+02
1.028462806511436298e+02
1.025954438334642731e+02
1.021585556234303880e+02
1.029462205111680220e+02
1.028019944484424855e+02
1.030401574531266249e+02
1.020835885395399458e+02
1.033761124613151878e+02
1.026938205636473356e+02
1.026556535657741449e+02
1.018160168268812953e+02
1.021304951818245854e+02
1.022044080049369654e+02
1.030312881892027832e+02
1.029687771503040778e+02
1.025004749359284659e+02
1.016234427491601338e+02
1.026504268943436529e+02
1.025766401520484266e+02
1.045571598529093649e+02
1.042162557273002790e+02
1.043091480977540471e+02
1.043342730284022934e+02
1.041027870245768128e+02
1.036053973650658691e+02
1.028525467757222742e+02
1.024344775303679427e+02
1.028450398781252773e+02
1.029969819455672422e+02
1.029180324935585418e+02
1.034681367301791255e+02
1.037330184923822998e+02
1.039430025719886999e+02
1.041564755573773340e+02
1.042202740114999671e+02
1.044333491419437507e+02
1.043401755968906315e+02
1.043224954698420959e+02
1.041336892011733397e+02
1.049669981916817250e+02
1.048939633732760655e+02
1.043308947278035248e+02
1.050099896658629035e+02
1.056656700941847333e+02
1.051388539639344941e+02
1.055005440132635641e+02
1.060366235629669802e+02
1.055967946956163388e+02
1.057068694463431200e+02
1.061058116024677247e+02
1.076554402757192150e+02
1.063717413881114595e+02
1.057648378011891168e+02
1.055132823591796267e+02
1.052618938428874600e+02
1.049180294323277991e+02
1.043041856540084353e+02
1.047727210745210442e+02
1.051160476884810038e+02
1.047484816861409911e+02
1.045966448347213458e+02
1.044515738911221518e+02
1.048372629420809830e+02
1.050494494255616615e+02
1.048391371392743849e+02
1.049404915254237238e+02
1.053705066128287058e+02
1.049353865450785719e+02
1.055721377757305817e+02
1.054705108266538929e+02
1.053275782649492527e+02
1.050421765697070811e+02
1.050296960857472470e+02
1.052469003338101885e+02
1.047842686758793036e+02
1.052470088241820179e+02
1.051172643442622956e+02
1.049823869121208446e+02
1.049815057668381542e+02
1.050990454461574473e+02
1.054054501249409128e+02
1.065653367401550184e+02
1.065726516297620634e+02
1.073222337482710884e+02
1.077229308810441921e+02
1.078872497914929198e+02
1.077553119759340206e+02
1.075087241848528237e+02
1.077373037302010488e+02
1.069930448088191781e+02
1.055892362485160305e+02
1.043665255344728422e+02
1.033969313922064259e+02
1.035757980358742714e+02
1.034612759389469971e+02
1.060109099881911305e+02
1.094128805318698312e+02
1.106906311350250860e+02
1.112647215041960322e+02
1.122970603312651434e+02
1.130269822526920649e+02
1.126722531955398381e+02
1.129785620217713813e+02
1.126013070835495569e+02
1.113083521231138064e+02
1.115750390458611463e+02
1.105079369986243734e+02
1.111572956083468142e+02
1.111808349116408579e+02
1.106195669107337665e+02
1.116630745650765562e+02
1.120890087338328556e+02
1.120773719610119059e+02
1.123068743542875154e+02
1.119120747333207078e+02
1.112907908758165973e+02
1.120506864773368392e+02
1.112568017554897324e+02
1.126295106626345586e+02
1.116363299694472744e+02
1.127872617460192970e+02
1.119937194696440912e+02
1.124474176646706525e+02
1.127783697887455503e+02
1.134895813510941878e+02
1.125859202899682714e+02
