-0.03313
-0.04704
-0.05837
-0.06931
-0.08175
-0.09564
-0.10963
-0.12312
-0.13685
-0.15148
-0.16651
-0.18156
-0.19573
-0.20924
-0.22206
-0.23327
-0.24287
-0.24975
-0.25389
-0.25496
-0.25212
-0.24554
-0.23439
-0.21878
-0.19860
-0.17360
-0.14423
-0.11058
-0.07302
-0.03225
0.01117
0.05648
0.10249
0.14868
0.19354
0.23615
0.27558
0.31025
0.34000
0.36320
0.37943
0.38820
0.38870
0.38152
0.36599
0.34282
0.31240
0.27533
0.23288
0.18570
0.13529
0.08273
0.02945
-0.02329
-0.07416
-0.12198
-0.16566
-0.20413
-0.23682
-0.26277
-0.28192
-0.29369
-0.29820
-0.29569
-0.28612
-0.27058
-0.24907
-0.22278
-0.19243
-0.15878
-0.12327
-0.08634
-0.04944
-0.01325
0.02123
0.05307
0.08169
0.10628
0.12646
0.14169
0.15196
0.15687
0.15669
0.15142
0.14136
0.12716
0.10895
0.08777
0.06391
0.03837
0.01189
-0.01490
-0.04091
-0.06573
-0.08833
-0.10828
-0.12491
-0.13770
-0.14640
-0.15058
-0.15033
-0.14544
-0.13621
-0.12275
-0.10549
-0.08491
-0.06145
-0.03594
-0.00883
0.01895
0.04685
0.07401
0.09976
0.12350
0.14447
0.16233
0.17642
0.18664
0.19256
0.19412
0.19135
0.18418
0.17315
0.15823
0.14005
0.11898
0.09557
0.07054
0.04434
0.01778
-0.00863
-0.03417
-0.05832
-0.08050
-0.10027
-0.11722
-0.13097
-0.14145
-0.14828
-0.15168
-0.15146
-0.14779
-0.14101
-0.13109
-0.11872
-0.10393
-0.08731
-0.06929
-0.05018
-0.03066
-0.01094
0.00840
0.02704
0.04455
0.06065
0.07502
0.08741
0.09769
0.10555
0.11120
0.11426
0.11494
0.11325
0.10909
0.10299
0.09466
0.08459
0.07289
0.05970
0.04556
0.03042
0.01480
-0.00113
-0.01709
-0.03272
-0.04783
-0.06215
-0.07544
-0.08749
-0.09819
-0.10726
-0.11478
-0.12048
-0.12438
-0.12655
-0.12677
-0.12538
-0.12218
-0.11734
-0.11105
-0.10322
-0.09426
-0.08409
-0.07295
-0.06107
-0.04848
-0.03554
-0.02232
-0.00902
0.00410
0.01692
0.02923
0.04080
0.05160
0.06134
0.06997
0.07745
0.08355
0.08842
0.09189
0.09402
0.09496
0.09459
0.09321
0.09077
0.08744
0.08345
0.07877
0.07372
0.06832
0.06272
0.05709
0.05144
0.04593
0.04059
0.03544
0.03054
0.02588
0.02141
0.01720
0.01313
0.00922
0.00549
0.00176
-0.00179
-0.00529
-0.00867
-0.01186
-0.01498
-0.01776
-0.02027
-0.02237
-0.02397
-0.02506
-0.02545
-0.02519
-0.02412
-0.02234
-0.01975
-0.01645
-0.01254
-0.00804
-0.00326
0.00182
0.00681
0.01156
0.01586
0.01933
0.02190
0.02321
0.02310
0.02143
0.01804
0.01288
0.00597
-0.00267
-0.01290
-0.02445
-0.03723
-0.05066
-0.06462
-0.07857
-0.09195
-0.10456
-0.11558
-0.12487
-0.13182
-0.13596
-0.13717
-0.13492
-0.12923
-0.11990
-0.10693
-0.09044
-0.07073
-0.04795
-0.02273
0.00447
0.03315
0.06222
0.09152
0.11969
0.14618
0.17025
0.19070
0.20744
0.21919
0.22575
0.22659
0.22118
0.20973
0.19188
0.16803
0.13835
0.10348
0.06391
0.02069
-0.02543
-0.07333
-0.12157
-0.16946
-0.21500
-0.25766
-0.29572
-0.32790
-0.35367
-0.37122
-0.38078
-0.38096
-0.37162
-0.35281
-0.32418
-0.28676
-0.24058
-0.18685
-0.12653
-0.06102
0.00821
0.07952
0.15107
0.22130
0.28800
0.35000
0.40510
0.45220
0.48994
0.51700
0.53329
0.53758
0.53051
0.51177
0.48196
0.44230
0.39320
0.33680
0.27391
0.20651
0.13634
0.06488
-0.00575
-0.07426
-0.13894
-0.19851
-0.25169
-0.29778
-0.33572
-0.36530
-0.38616
-0.39802
-0.40190
-0.39717
-0.38521
-0.36631
-0.34118
-0.31154
-0.27729
-0.24033
-0.20112
-0.16069
-0.12037
-0.08041
-0.04206
-0.00571
0.02800
0.05856
0.08564
0.10911
0.12859
0.14416
0.15593
0.16361
0.16797
0.16856
0.16601
0.16061
0.15224
0.14196
0.12936
0.11520
0.09977
0.08314
0.06614
0.04859
0.03111
0.01390
-0.00281
-0.01864
-0.03345
-0.04700
-0.05909
-0.06951
-0.07831
-0.08514
-0.09014
-0.09314
-0.09411
-0.09331
-0.09046
-0.08596
-0.07973
-0.07197
-0.06298
-0.05278
-0.04180
-0.03012
-0.01810
-0.00599
0.00598
0.01749
0.02833
0.03822
0.04700
0.05440
0.06036
0.06468
0.06730
0.06820
0.06731
0.06482
0.06064
0.05504
0.04809
0.04001
0.03108
0.02143
0.01146
0.00132
-0.00863
-0.01817
-0.02703
-0.03493
-0.04172
-0.04710
-0.05106
-0.05335
-0.05394
-0.05282
-0.04993
-0.04544
-0.03931
-0.03180
-0.02300
-0.01315
-0.00250
0.00873
0.02020
0.03172
0.04289
0.05354
0.06330
0.07196
0.07928
0.08499
0.08904
0.09115
0.09137
0.08956
0.08573
0.08000
0.07236
0.06310
0.05228
0.04021
0.02712
0.01332
-0.00089
-0.01518
-0.02920
-0.04267
-0.05517
-0.06655
-0.07642
-0.08460
-0.09091
-0.09510
-0.09728
-0.09718
-0.09496
-0.09062
-0.08423
-0.07605
-0.06615
-0.05489
-0.04242
-0.02912
-0.01526
-0.00117
0.01279
0.02636
0.03912
0.05092
0.06131
0.07021
0.07732
0.08246
0.08563
0.08655
0.08544
0.08212
0.07673
0.06944
0.06026
0.04960
0.03750
0.02435
0.01038
-0.00408
-0.01869
-0.03316
-0.04712
-0.06031
-0.07234
-0.08308
-0.09215
-0.09940
-0.10469
-0.10776
-0.10876
-0.10742
-0.10392
-0.09825
-0.09049
-0.08093
-0.06961
-0.05690
-0.04299
-0.02819
-0.01285
0.00275
0.01823
0.03331
0.04761
0.06091
0.07281
0.08320
0.09176
0.09834
0.10288
0.10514
0.10533
0.10324
0.09906
0.09290
0.08482
0.07522
0.06413
0.05196
0.03892
0.02534
0.01157
-0.00214
-0.01542
-0.02803
-0.03960
-0.05001
-0.05891
-0.06620
-0.07169
-0.07525
-0.07695
-0.07660
-0.07441
-0.07033
-0.06453
-0.05722
-0.04849
-0.03872
-0.02800
-0.01671
-0.00511
0.00655
0.01791
0.02876
0.03877
0.04775
0.05542
0.06166
0.06628
0.06918
0.07033
0.06966
0.06731
0.06325
0.05768
0.05074
0.04259
0.03357
0.02381
0.01367
0.00335
-0.00682
-0.01658
-0.02570
-0.03390
-0.04102
-0.04685
-0.05131
-0.05426
-0.05568
-0.05555
-0.05391
-0.05087
-0.04649
-0.04099
-0.03446
-0.02718
-0.01929
-0.01104
-0.00270
0.00561
0.01353
0.02099
0.02768
0.03348
0.03824
0.04176
0.04404
0.04487
0.04435
0.04237
0.03896
0.03422
0.02814
0.02097
0.01274
0.00369
-0.00603
-0.01615
-0.02646
-0.03673
-0.04666
-0.05609
-0.06465
-0.07230
-0.07868
-0.08369
-0.08724
-0.08906
-0.08933
-0.08778
-0.08454
-0.07965
-0.07305
-0.06505
-0.05557
-0.04490
-0.03316
-0.02048
-0.00718
0.00663
0.02069
0.03478
0.04868
0.06220
0.07504
0.08714
0.09816
0.10796
0.11646
0.12328
0.12862
0.13208
0.13367
0.13343
0.13107
0.12696
0.12081
0.11282
0.10310
0.09164
0.07880
0.06459
0.04927
0.03309
0.01627
-0.00093
-0.01819
-0.03528
-0.05188
-0.06762
-0.08243
-0.09575
-0.10756
-0.11749
-0.12530
-0.13101
-0.13418
-0.13502
-0.13325
-0.12892
-0.12217
-0.11293
-0.10155
-0.08806
-0.07283
-0.05611
-0.03825
-0.01966
-0.00070
0.01811
0.03648
0.05378
0.06984
0.08405
0.09612
0.10581
0.11265
0.11680
0.11777
0.11570
0.11057
0.10239
0.09152
0.07798
0.06226
0.04458
0.02548
0.00535
-0.01532
-0.03593
-0.05611
-0.07514
-0.09276
-0.10828
-0.12139
-0.13171
-0.13879
-0.14260
-0.14272
-0.13927
-0.13212
-0.12141
-0.10731
-0.09010
-0.07020
-0.04794
-0.02404
0.00117
0.02678
0.05232
0.07702
0.10004
0.12099
0.13884
0.15339
0.16383
0.16978
0.17102
0.16714
0.15834
0.14443
0.12581
0.10267
0.07569
0.04532
0.01241
-0.02212
-0.05759
-0.09258
-0.12660
-0.15818
-0.18648
-0.21070
-0.22957
-0.24292
-0.24963
-0.24958
-0.24242
-0.22797
-0.20665
-0.17852
-0.14442
-0.10487
-0.06097
-0.01367
0.03573
0.08596
0.13576
0.18356
0.22836
0.26853
0.30335
0.33155
0.35236
0.36541
0.36990
0.36638
0.35436
0.33453
0.30741
0.27358
0.23449
0.19063
0.14360
0.09441
0.04431
-0.00528
-0.05346
-0.09895
-0.14089
-0.17842
-0.21093
-0.23777
-0.25885
-0.27373
-0.28255
-0.28558
-0.28274
-0.27502
-0.26236
-0.24569
-0.22570
-0.20272
-0.17810
-0.15191
-0.12520
-0.09859
-0.07243
-0.04763
-0.02430
-0.00295
0.01612
0.03278
0.04692
0.05839
0.06743
0.07395
0.07813
0.08044
0.08064
0.07946
0.07682
0.07304
0.06870
0.06352
0.05820
0.05263
0.04702
0.04174
0.03653
0.03178
0.02733
0.02320
0.01951
0.01605
0.01286
0.00985
0.00690
0.00397
0.00101
-0.00215
-0.00542
-0.00891
-0.01264
-0.01646
-0.02054
-0.02460
-0.02862
-0.03256
-0.03609
-0.03932
-0.04188
-0.04369
-0.04468
-0.04453
-0.04336
-0.04092
-0.03720
-0.03225
-0.02598
-0.01859
-0.01012
-0.00072
0.00940
0.02003
0.03095
0.04187
0.05256
0.06277
0.07218
0.08067
0.08790
0.09377
0.09812
0.10078
0.10179
0.10101
0.09855
0.09442
0.08871
0.08161
0.07320
0.06376
0.05343
0.04247
0.03109
0.01955
0.00805
-0.00315
-0.01385
-0.02385
-0.03294
-0.04104
-0.04790
-0.05349
-0.05769
-0.06041
-0.06174
-0.06152
-0.05993
-0.05690
-0.05262
-0.04719
-0.04072
-0.03348
-0.02555
-0.01731
-0.00887
-0.00056
0.00732
0.01460
0.02089
0.02610
0.02989
0.03214
0.03270
0.03142
0.02838
0.02344
0.01680
0.00851
-0.00124
-0.01219
-0.02411
-0.03662
-0.04946
-0.06219
-0.07451
-0.08602
-0.09640
-0.10534
-0.11253
-0.11782
-0.12094
-0.12191
-0.12060
-0.11706
-0.11141
-0.10371
-0.09431
-0.08332
-0.07111
-0.05800
-0.04424
-0.03034
-0.01649
-0.00308
0.00956
0.02128
0.03169
0.04075
0.04835
0.05432
0.05888
0.06190
0.06361
0.06426
0.06389
0.06298
0.06165
0.06022
0.05909
0.05833
0.05835
0.05924
0.06109
0.06414
0.06819
0.07325
0.07922
0.08573
0.09270
0.09968
0.10630
0.11231
0.11718
0.12069
0.12250
0.12226
0.11994
0.11528
0.10837
0.09926
0.08802
0.07503
0.06047
0.04480
0.02839
0.01163
-0.00495
-0.02107
-0.03623
-0.05016
-0.06262
-0.07331
-0.08223
-0.08923
-0.09435
-0.09778
-0.09949
-0.09983
-0.09894
-0.09702
-0.09452
-0.09143
-0.08816
-0.08488
-0.08163
-0.07879
-0.07621
-0.07403
-0.07229
-0.07078
-0.06964
-0.06859
-0.06750
-0.06633
-0.06476
-0.06276
-0.06014
-0.05668
-0.05243
-0.04718
-0.04091
-0.03372
-0.02546
-0.01639
-0.00654
0.00399
0.01485
0.02601
0.03709
0.04786
0.05817
0.06756
0.07599
0.08310
0.08869
0.09270
0.09485
0.09522
0.09366
0.09021
0.08500
0.07803
0.06959
0.05976
0.04884
0.03707
0.02473
0.01213
-0.00046
-0.01270
-0.02436
-0.03507
-0.04474
-0.05300
-0.05975
-0.06484
-0.06810
-0.06965
-0.06927
-0.06714
-0.06327
-0.05776
-0.05088
-0.04265
-0.03345
-0.02340
-0.01281
-0.00197
0.00891
0.01948
0.02958
0.03887
0.04722
0.05438
0.06023
0.06463
0.06747
0.06877
0.06840
0.06655
0.06314
0.05833
0.05227
0.04503
0.03693
0.02803
0.01863
0.00890
-0.00092
-0.01062
-0.02000
-0.02885
-0.03704
-0.04434
-0.05074
-0.05602
-0.06016
-0.06311
-0.06475
-0.06524
-0.06441
-0.06241
-0.05924
-0.05492
-0.04968
-0.04341
-0.03637
-0.02858
-0.02016
-0.01130
-0.00206
0.00737
0.01687
0.02625
0.03541
0.04412
0.05230
0.05973
0.06626
0.07183
0.07616
0.07933
0.08108
0.08140
0.08030
0.07760
0.07353
0.06795
0.06099
0.05278
0.04336
0.03302
0.02182
0.01003
-0.00214
-0.01445
-0.02668
-0.03854
-0.04983
-0.06031
-0.06969
-0.07792
-0.08465
-0.08986
-0.09339
-0.09510
-0.09510
-0.09320
-0.08959
-0.08423
-0.07727
-0.06892
-0.05924
-0.04857
-0.03706
-0.02501
-0.01270
-0.00038
0.01164
0.02311
0.03375
0.04335
0.05165
0.05858
0.06389
0.06756
0.06955
0.06977
0.06846
0.06550
0.06116
0.05557
0.04883
0.04138
0.03320
0.02468
0.01600
0.00732
-0.00101
-0.00896
-0.01631
-0.02294
-0.02879
-0.03379
-0.03791
-0.04121
-0.04369
-0.04540
-0.04655
-0.04703
-0.04718
-0.04695
-0.04640
-0.04584
-0.04500
-0.04422
-0.04332
-0.04220
-0.04107
-0.03948
-0.03762
-0.03517
-0.03191
-0.02788
-0.02267
-0.01627
-0.00852
0.00076
0.01154
0.02378
0.03761
0.05265
0.06879
0.08581
0.10305
0.12055
0.13737
0.15316
0.16747
0.17934
0.18881
0.19486
0.19724
0.19566
0.18957
0.17921
0.16422
0.14487
0.12142
0.09415
0.06370
0.03062
-0.00438
-0.04046
-0.07677
-0.11254
-0.14673
-0.17874
-0.20760
-0.23264
-0.25340
-0.26911
-0.27980
-0.28489
-0.28448
-0.27861
-0.26732
-0.25129
-0.23057
-0.20600
-0.17809
-0.14758
-0.11540
-0.08214
-0.04886
-0.01622
0.01489
0.04374
0.06966
0.09207
0.11042
0.12443
0.13381
0.13842
0.13850
0.13391
0.12538
0.11307
0.09765
0.08005
0.06059
0.04065
0.02063
0.00162
-0.01545
-0.03012
-0.04130
-0.04877
-0.05188
-0.05033
-0.04408
-0.03307
-0.01746
0.00228
0.02580
0.05242
0.08122
0.11173
0.14250
0.17310
0.20225
0.22880
0.25235
0.27129
0.28560
0.29412
0.29628
0.29209
0.28072
0.26274
0.23781
0.20633
0.16885
0.12581
0.07810
0.02660
-0.02773
-0.08377
-0.14014
-0.19604
-0.24968
-0.30028
-0.34643
-0.38675
-0.42086
-0.44698
-0.46517
-0.47429
-0.47395
-0.46439
-0.44491
-0.41660
-0.37924
-0.33382
-0.28126
-0.22243
-0.15896
-0.09190
-0.02301
0.04632
0.11424
0.17952
0.24029
0.29529
0.34330
0.38286
0.41386
0.43481
0.44599
0.44698
0.43778
0.41955
0.39198
0.35683
0.31456
0.26653
0.21438
0.15888
0.10207
0.04481
-0.01131
-0.06512
-0.11553
-0.16152
-0.20228
-0.23709
-0.26562
-0.28718
-0.30219
-0.31004
-0.31121
-0.30601
-0.29436
-0.27765
-0.25551
-0.22918
-0.19918
-0.16601
-0.13107
-0.09440
-0.05727
-0.02017
0.01611
0.05081
0.08340
0.11322
0.13980
0.16258
0.18146
0.19578
0.20571
0.21088
0.21132
0.20738
0.19879
0.18633
0.16993
0.15024
0.12784
0.10304
0.07685
0.04957
0.02214
-0.00487
-0.03078
-0.05486
-0.07662
-0.09543
-0.11094
-0.12266
-0.13052
-0.13418
-0.13377
-0.12929
-0.12094
-0.10923
-0.09427
-0.07690
-0.05744
-0.03666
-0.01532
0.00611
0.02665
0.04592
0.06310
0.07774
0.08939
0.09762
0.10226
0.10313
0.10026
0.09371
0.08380
0.07071
0.05506
0.03720
0.01777
-0.00251
-0.02321
-0.04339
-0.06263
-0.08018
-0.09545
-0.10806
-0.11739
-0.12326
-0.12535
-0.12355
-0.11784
-0.10835
-0.09522
-0.07887
-0.05965
-0.03805
-0.01486
0.00959
0.03421
0.05860
0.08185
0.10311
0.12200
0.13743
0.14926
0.15672
0.15945
0.15728
0.14994
0.13758
0.12022
0.09825
0.07198
0.04219
0.00933
-0.02558
-0.06164
-0.09807
-0.13339
-0.16712
-0.19770
-0.22438
-0.24626
-0.26219
-0.27201
-0.27464
-0.27016
-0.25820
-0.23881
-0.21246
-0.17939
-0.14060
-0.09672
-0.04900
0.00150
0.05337
0.10531
0.15595
0.20380
0.24780
0.28642
0.31908
0.34453
0.36229
0.37200
0.37319
0.36650
0.35160
0.32946
0.30059
0.26578
0.22650
0.18330
0.13785
0.09105
0.04416
-0.00151
-0.04519
-0.08572
-0.12240
-0.15460
-0.18180
-0.20363
-0.22016
-0.23109
-0.23682
-0.23760
-0.23359
-0.22583
-0.21423
-0.19987
-0.18326
-0.16477
-0.14565
-0.12580
-0.10619
-0.08720
-0.06901
-0.05240
-0.03718
-0.02369
-0.01207
-0.00215
0.00599
0.01247
0.01762
0.02140
0.02419
0.02630
0.02770
0.02900
0.03005
0.03119
0.03272
0.03439
0.03667
0.03926
0.04223
0.04568
0.04919
0.05293
0.05656
0.05988
0.06291
0.06520
0.06680
0.06746
0.06697
0.06542
0.06253
0.05841
0.05302
0.04630
0.03848
0.02952
0.01961
0.00892
-0.00245
-0.01426
-0.02629
-0.03847
-0.05044
-0.06210
-0.07328
-0.08362
-0.09326
-0.10172
-0.10899
-0.11498
-0.11927
-0.12222
-0.12324
-0.12250
-0.11990
-0.11514
-0.10860
-0.09985
-0.08912
-0.07640
-0.06163
-0.04512
-0.02683
-0.00700
0.01412
0.03630
0.05924
0.08246
0.10577
0.12855
0.15033
0.17084
0.18920
0.20540
0.21859
0.22843
0.23470
0.23673
0.23477
0.22827
0.21735
0.20217
0.18272
0.15965
0.13312
0.10381
0.07235
0.03942
0.00582
-0.02765
-0.06024
-0.09115
-0.11962
-0.14514
-0.16695
-0.18483
-0.19827
-0.20713
-0.21146
-0.21107
-0.20650
-0.19771
-0.18531
-0.16980
-0.15153
-0.13147
-0.10988
-0.08766
-0.06535
-0.04347
-0.02278
-0.00357
0.01364
0.02851
0.04082
0.05040
0.05712
0.06110
0.06229
0.06094
0.05737
0.05165
0.04443
0.03577
0.02628
0.01637
0.00629
-0.00329
-0.01228
-0.02011
-0.02655
-0.03140
-0.03430
-0.03526
-0.03408
-0.03077
-0.02539
-0.01799
-0.00875
0.00206
0.01429
0.02750
0.04138
0.05561
0.06960
0.08319
0.09573
0.10693
0.11643
0.12371
0.12871
0.13092
0.13033
0.12674
0.12003
0.11034
0.09766
0.08225
0.06432
0.04424
0.02234
-0.00076
-0.02477
-0.04896
-0.07276
-0.09571
-0.11693
-0.13625
-0.15277
-0.16613
-0.17595
-0.18165
-0.18328
-0.18036
-0.17302
-0.16119
-0.14510
-0.12497
-0.10123
-0.07442
-0.04499
-0.01395
0.01837
0.05069
0.08243
0.11266
0.14018
0.16468
0.18473
0.20007
0.20981
0.21334
0.21056
0.20090
0.18465
0.16168
0.13250
0.09745
0.05748
0.01324
-0.03412
-0.08320
-0.13320
-0.18199
-0.22900
-0.27218
-0.31018
-0.34210
-0.36599
-0.38176
-0.38780
-0.38385
-0.36962
-0.34476
-0.31002
-0.26549
-0.21237
-0.15157
-0.08468
-0.01319
0.06103
0.13602
0.20997
0.28053
0.34628
0.40487
0.45514
0.49545
0.52459
0.54222
0.54723
0.54035
0.52113
0.49051
0.44947
0.39878
0.34066
0.27591
0.20681
0.13498
0.06216
-0.00948
-0.07865
-0.14352
-0.20283
-0.25528
-0.30015
-0.33644
-0.36406
-0.38256
-0.39200
-0.39315
-0.38574
-0.37132
-0.35002
-0.32301
-0.29172
-0.25641
-0.21910
-0.18007
-0.14065
-0.10199
-0.06440
-0.02918
0.00344
0.03291
0.05874
0.08086
0.09922
0.11363
0.12450
0.13186
0.13591
0.13749
0.13629
0.13327
0.12858
0.12240
0.11579
0.10824
0.10059
0.09286
0.08502
0.07776
0.07051
0.06364
0.05705
0.05051
0.04422
0.03782
0.03124
0.02447
0.01728
0.00960
0.00150
-0.00725
-0.01644
-0.02604
-0.03612
-0.04621
-0.05647
-0.06642
-0.07583
-0.08463
-0.09219
-0.09856
-0.10324
-0.10596
-0.10665
-0.10491
-0.10079
-0.09409
-0.08486
-0.07313
-0.05916
-0.04302
-0.02515
-0.00598
0.01426
0.03464
0.05513
0.07472
0.09285
0.10915
0.12257
0.13311
0.13983
0.14245
0.14069
0.13418
0.12301
0.10707
0.08663
0.06189
0.03355
0.00189
-0.03204
-0.06753
-0.10376
-0.13926
-0.17363
-0.20515
-0.23313
-0.25651
-0.27399
-0.28536
-0.28930
-0.28581
-0.27433
-0.25475
-0.22742
-0.19251
-0.15088
-0.10319
-0.05068
0.00558
0.06394
0.12314
0.18145
0.23717
0.28906
0.33511
0.37465
0.40596
0.42830
0.44108
0.44351
0.43612
0.41844
0.39137
0.35545
0.31162
0.26141
0.20574
0.14655
0.08507
0.02310
-0.03781
-0.09621
-0.15060
-0.19983
-0.24271
-0.27856
-0.30648
-0.32646
-0.33793
-0.34123
-0.33665
-0.32436
-0.30573
-0.28079
-0.25105
-0.21733
-0.18051
-0.14231
-0.10306
-0.06438
-0.02693
0.00838
0.04056
0.06927
0.09380
0.11388
0.12922
0.13990
0.14571
0.14713
0.14418
0.13730
0.12720
0.11392
0.09857
0.08123
0.06276
0.04380
0.02460
0.00612
-0.01156
-0.02777
-0.04221
-0.05462
-0.06468
-0.07233
-0.07737
-0.07988
-0.07977
-0.07732
-0.07249
-0.06558
-0.05684
-0.04640
-0.03481
-0.02210
-0.00878
0.00491
0.01866
0.03206
0.04496
0.05696
0.06792
0.07752
0.08568
0.09216
0.09687
0.09977
0.10068
0.09980
0.09694
0.09227
0.08584
0.07771
0.06817
0.05723
0.04522
0.03230
0.01870
0.00477
-0.00932
-0.02320
-0.03663
-0.04933
-0.06100
-0.07142
-0.08039
-0.08765
-0.09316
-0.09671
-0.09832
-0.09803
-0.09579
-0.09191
-0.08641
-0.07963
-0.07188
-0.06337
-0.05463
-0.04588
-0.03755
-0.03007
-0.02364
-0.01866
-0.01534
-0.01374
-0.01417
-0.01646
-0.02054
-0.02641
-0.03350
-0.04187
-0.05085
-0.05998
-0.06899
-0.07696
-0.08379
-0.08868
-0.09117
-0.09103
-0.08761
-0.08096
-0.07078
-0.05704
-0.03996
-0.01966
0.00343
0.02879
0.05593
0.08407
0.11246
0.14041
0.16692
0.19142
0.21301
0.23101
0.24499
0.25425
0.25879
0.25821
0.25258
0.24213
0.22697
0.20787
0.18506
0.15938
0.13153
0.10214
0.07223
0.04233
0.01326
-0.01429
-0.03989
-0.06289
-0.08304
-0.10014
-0.11389
-0.12448
-0.13192
-0.13631
-0.13821
-0.13759
-0.13511
-0.13116
-0.12591
-0.12024
-0.11405
-0.10793
-0.10223
-0.09685
-0.09241
-0.08859
-0.08551
-0.08324
-0.08135
-0.07998
-0.07871
-0.07721
-0.07544
-0.07288
-0.06939
-0.06478
-0.05868
-0.05116
-0.04206
-0.03125
-0.01905
-0.00534
0.00952
0.02520
0.04167
0.05817
0.07455
0.09029
0.10478
0.11795
0.12897
0.13773
0.14379
0.14678
0.14674
0.14329
0.13659
0.12660
0.11347
0.09749
0.07894
0.05826
0.03587
0.01239
-0.01173
-0.03576
-0.05921
-0.08142
-0.10174
-0.11979
-0.13486
-0.14678
-0.15500
-0.15937
-0.15974
-0.15599
-0.14837
-0.13684
-0.12189
-0.10369
-0.08292
-0.06001
-0.03558
-0.01046
0.01492
0.03947
0.06283
0.08407
0.10255
0.11780
0.12908
0.13623
0.13870
0.13644
0.12929
0.11739
0.10089
0.08015
0.05572
0.02802
-0.00192
-0.03368
-0.06598
-0.09811
-0.12909
-0.15763
-0.18328
-0.20458
-0.22118
-0.23216
-0.23682
-0.23511
-0.22635
-0.21099
-0.18882
-0.16035
-0.12613
-0.08682
-0.04350
0.00298
0.05128
0.10035
0.14869
0.19523
0.23858
0.27760
0.31134
0.33866
0.35924
0.37214
0.37741
0.37481
0.36441
0.34694
0.32249
0.29229
0.25687
0.21733
0.17493
0.13044
0.08538
0.04053
-0.00300
-0.04419
-0.08238
-0.11680
-0.14690
-0.17241
-0.19300
-0.20855
-0.21943
-0.22534
-0.22704
-0.22462
-0.21845
-0.20960
-0.19784
-0.18431
-0.16922
-0.15302
-0.13663
-0.11988
-0.10358
-0.08779
-0.07274
-0.05882
-0.04591
-0.03418
-0.02367
-0.01430
-0.00602
0.00110
0.00740
0.01269
0.01720
0.02109
0.02414
0.02684
0.02882
0.03030
0.03137
0.03173
0.03179
0.03114
0.02993
0.02817
0.02563
0.02255
0.01871
0.01420
0.00903
0.00323
-0.00314
-0.01000
-0.01722
-0.02475
-0.03230
-0.03993
-0.04726
-0.05416
-0.06052
-0.06591
-0.07048
-0.07372
-0.07558
-0.07596
-0.07449
-0.07141
-0.06634
-0.05939
-0.05058
-0.03984
-0.02743
-0.01338
0.00208
0.01870
0.03619
0.05429
0.07253
0.09066
0.10819
0.12468
0.13988
0.15315
0.16441
0.17311
0.17900
0.18198
0.18165
0.17821
0.17141
0.16139
0.14835
0.13238
0.11394
0.09327
0.07085
0.04714
0.02268
-0.00205
-0.02642
-0.04995
-0.07210
-0.09227
-0.11024
-0.12535
-0.13748
-0.14627
-0.15152
-0.15333
-0.15142
-0.14620
-0.13757
-0.12594
-0.11166
-0.09498
-0.07659
-0.05674
-0.03617
-0.01529
0.00531
0.02504
0.04350
0.06010
0.07456
0.08639
0.09546
0.10146
0.10431
0.10401
0.10051
0.09416
0.08492
0.07329
0.05948
0.04391
0.02717
0.00951
-0.00836
-0.02612
-0.04316
-0.05907
-0.07342
-0.08576
-0.09587
-0.10335
-0.10814
-0.11000
-0.10897
-0.10503
-0.09832
-0.08905
-0.07743
-0.06389
-0.04867
-0.03235
-0.01526
0.00206
0.01910
0.03547
0.05058
0.06416
0.07569
0.08496
0.09165
0.09555
0.09664
0.09472
0.09006
0.08258
0.07258
0.06029
0.04599
0.03019
0.01312
-0.00461
-0.02269
-0.04052
-0.05777
-0.07394
-0.08859
-0.10148
-0.11207
-0.12038
-0.12596
-0.12877
-0.12875
-0.12572
-0.12001
-0.11143
-0.10036
-0.08691
-0.07132
-0.05403
-0.03522
-0.01539
0.00515
0.02595
0.04665
0.06677
0.08600
0.10390
0.12009
0.13436
0.14621
0.15567
0.16231
0.16607
0.16694
0.16466
0.15964
0.15162
0.14093
0.12779
0.11232
0.09509
0.07621
0.05620
0.03542
0.01430
-0.00671
-0.02719
-0.04674
-0.06496
-0.08144
-0.09602
-0.10822
-0.11803
-0.12515
-0.12948
-0.13116
-0.12995
-0.12624
-0.11992
-0.11130
-0.10070
-0.08821
-0.07443
-0.05947
-0.04382
-0.02786
-0.01189
0.00359
0.01836
0.03203
0.04434
0.05503
0.06396
0.07092
0.07592
0.07887
0.07979
0.07894
0.07622
0.07203
0.06647
0.05976
0.05242
0.04442
0.03628
0.02817
0.02029
0.01309
0.00648
0.00078
-0.00395
-0.00777
-0.01050
-0.01237
-0.01344
-0.01380
-0.01377
-0.01344
-0.01308
-0.01301
-0.01333
-0.01434
-0.01625
-0.01904
-0.02303
-0.02804
-0.03407
-0.04112
-0.04877
-0.05702
-0.06539
-0.07348
-0.08106
-0.08749
-0.09250
-0.09564
-0.09650
-0.09482
-0.09042
-0.08302
-0.07277
-0.05973
-0.04404
-0.02631
-0.00667
0.01400
0.03510
0.05598
0.07563
0.09352
0.10870
0.12050
0.12832
0.13167
0.13014
0.12367
0.11220
0.09589
0.07543
0.05098
0.02376
-0.00554
-0.03593
-0.06587
-0.09478
-0.12094
-0.14352
-0.16146
-0.17357
-0.17949
-0.17835
-0.16999
-0.15428
-0.13140
-0.10167
-0.06599
-0.02494
0.02018
0.06794
0.11742
0.16636
0.21402
0.25828
0.29761
0.33108
0.35664
0.37413
0.38202
0.37991
0.36767
0.34489
0.31235
0.27019
0.21951
0.16124
0.09687
0.02770
-0.04442
-0.11781
-0.19079
-0.26109
-0.32763
-0.38791
-0.44099
-0.48517
-0.51899
-0.54215
-0.55301
-0.55211
-0.53858
-0.51277
-0.47539
-0.42662
-0.36831
-0.30095
-0.22657
-0.14661
-0.06302
0.02214
0.10703
0.18937
0.26748
0.33903
0.40291
0.45698
0.50036
0.53195
0.55080
0.55735
0.55065
0.53194
0.50130
0.45991
0.40946
0.35070
0.28622
0.21706
0.14556
0.07361
0.00278
-0.06474
-0.12774
-0.18455
-0.23408
-0.27530
-0.30773
-0.33067
-0.34426
-0.34852
-0.34364
-0.33089
-0.31022
-0.28335
-0.25098
-0.21425
-0.17511
-0.13391
-0.09273
-0.05226
-0.01377
0.02144
0.05296
0.07969
0.10131
0.11738
0.12774
0.13234
0.13151
0.12538
0.11456
0.09974
0.08133
0.06057
0.03778
0.01416
-0.00953
-0.03268
-0.05413
-0.07367
-0.09038
-0.10394
-0.11402
-0.12023
-0.12265
-0.12113
-0.11590
-0.10712
-0.09520
-0.08043
-0.06340
-0.04455
-0.02443
-0.00375
0.01712
0.03741
0.05676
0.07458
0.09045
0.10403
0.11497
0.12311
0.12823
0.13038
0.12947
0.12569
0.11914
0.11006
0.09885
0.08569
0.07112
0.05539
0.03904
0.02244
0.00599
-0.00983
-0.02477
-0.03834
-0.05042
-0.06059
-0.06878
-0.07480
-0.07850
-0.08000
-0.07910
-0.07613
-0.07096
-0.06385
-0.05504
-0.04457
-0.03293
-0.02014
-0.00661
0.00743
0.02171
0.03589
0.04980
0.06307
0.07557
0.08690
0.09707
0.10570
0.11267
0.11790
0.12105
0.12237
0.12146
0.11844
0.11331
0.10594
0.09666
0.08531
0.07218
0.05739
0.04111
0.02365
0.00523
-0.01385
-0.03325
-0.05258
-0.07161
-0.08977
-0.10689
-0.12246
-0.13609
-0.14761
-0.15644
-0.16259
-0.16562
-0.16543
-0.16193
-0.15503
-0.14486
-0.13145
-0.11517
-0.09610
-0.07494
-0.05186
-0.02760
-0.00288
0.02194
0.04565
0.06809
0.08808
0.10500
0.11835
0.12719
0.13144
0.13037
0.12388
0.11178
0.09423
0.07133
0.04360
0.01163
-0.02405
-0.06204
-0.10200
-0.14213
-0.18152
-0.21900
-0.25267
-0.28218
-0.30543
-0.32194
-0.33061
-0.33032
-0.32119
-0.30224
-0.27399
-0.23639
-0.18998
-0.13567
-0.07446
-0.00770
0.06312
0.13616
0.20989
0.28190
0.35094
0.41460
0.47122
0.51949
0.55733
0.58462
0.59959
0.60223
0.59233
0.56967
0.53561
0.49010
0.43494
0.37116
0.30035
0.22461
0.14530
0.06474
-0.01549
-0.09345
-0.16747
-0.23595
-0.29773
-0.35144
-0.39633
-0.43187
-0.45724
-0.47314
-0.47880
-0.47516
-0.46267
-0.44161
-0.41395
-0.37948
-0.34016
-0.29683
-0.25042
-0.20293
-0.15456
-0.10702
-0.06104
-0.01748
0.02268
0.05899
0.09093
0.11804
0.14012
0.15730
0.16917
0.17643
0.17882
0.17689
0.17132
0.16195
0.15007
0.13553
0.11922
0.10180
0.08336
0.06502
0.04669
0.02911
0.01263
-0.00259
-0.01605
-0.02775
-0.03742
-0.04505
-0.05053
-0.05403
-0.05544
-0.05499
-0.05283
-0.04897
-0.04396
-0.03763
-0.03044
-0.02253
-0.01400
-0.00536
0.00354
0.01233
0.02094
0.02924
0.03707
0.04440
0.05111
0.05718
0.06247
0.06711
0.07088
0.07387
0.07603
0.07720
0.07761
0.07694
0.07534
0.07270
0.06889
0.06410
0.05804
0.05087
0.04253
0.03299
0.02238
0.01073
-0.00190
-0.01530
-0.02932
-0.04384
-0.05840
-0.07305
-0.08724
-0.10068
-0.11324
-0.12418
-0.13369
-0.14102
-0.14595
-0.14838
-0.14769
-0.14417
-0.13730
-0.12713
-0.11371
-0.09702
-0.07731
-0.05479
-0.02979
-0.00267
0.02584
0.05560
0.08551
0.11516
0.14384
0.17038
0.19477
0.21546
0.23230
0.24446
0.25106
0.25225
0.24698
0.23555
0.21759
0.19316
0.16269
0.12639
0.08496
0.03905
-0.01029
-0.06234
-0.11548
-0.16905
-0.22135
-0.27097
-0.31712
-0.35757
-0.39228
-0.41918
-0.43755
-0.44691
-0.44589
-0.43520
-0.41375
-0.38214
-0.34072
-0.28993
-0.23115
-0.16511
-0.09354
-0.01780
0.06013
0.13865
0.21559
0.28921
0.35765
0.41887
0.47186
0.51455
0.54651
0.56647
0.57397
0.56929
0.55190
0.52326
0.48340
0.43387
0.37610
0.31127
0.24182
0.16886
0.09471
0.02103
-0.05045
-0.11793
-0.18009
-0.23560
-0.28343
-0.32265
-0.35316
-0.37409
-0.38599
-0.38868
-0.38263
-0.36904
-0.34785
-0.32093
-0.28863
-0.25235
-0.21360
-0.17284
-0.13201
-0.09153
-0.05271
-0.01651
0.01659
0.04568
0.07046
0.09056
0.10580
0.11609
0.12177
0.12272
0.11960
0.11271
0.10242
0.08980
0.07482
0.05864
0.04160
0.02428
0.00765
-0.00832
-0.02269
-0.03537
-0.04593
-0.05405
-0.05974
-0.06277
-0.06325
-0.06117
-0.05676
-0.05012
-0.04159
-0.03138
-0.01982
-0.00734
0.00588
0.01932
0.03279
0.04585
0.05825
0.06972
0.07996
0.08885
0.09607
0.10165
0.10532
0.10714
0.10703
0.10492
0.10103
0.09519
0.08773
0.07863
0.06805
0.05625
0.04328
0.02950
0.01502
0.00011
-0.01499
-0.03001
-0.04477
-0.05894
-0.07230
-0.08467
-0.09564
-0.10531
-0.11318
-0.11924
-0.12333
-0.12520
-0.12507
-0.12258
-0.11793
-0.11108
-0.10207
-0.09118
-0.07840
-0.06408
-0.04839
-0.03169
-0.01423
0.00355
0.02133
0.03873
0.05526
0.07072
0.08451
0.09649
0.10622
0.11342
0.11802
0.11962
0.11841
0.11413
0.10694
0.09695
0.08432
0.06942
0.05245
0.03396
0.01424
-0.00603
-0.02650
-0.04654
-0.06552
-0.08313
-0.09852
-0.11162
-0.12169
-0.12849
-0.13182
-0.13126
-0.12706
-0.11890
-0.10710
-0.09178
-0.07324
-0.05197
-0.02834
-0.00304
0.02346
0.05035
0.07710
0.10289
0.12713
0.14921
0.16839
0.18444
0.19660
0.20486
0.20881
0.20830
0.20358
0.19440
0.18141
0.16458
0.14443
0.12153
0.09615
0.06921
0.04098
0.01219
-0.01660
-0.04488
-0.07208
-0.09775
-0.12150
-0.14295
-0.16171
-0.17780
-0.19071
-0.20060
-0.20726
-0.21060
-0.21105
-0.20818
-0.20256
-0.19412
-0.18300
-0.16976
-0.15421
-0.13699
-0.11816
-0.09803
-0.07706
-0.05537
-0.03338
-0.01140
0.01031
0.03141
0.05154
0.07063
0.08816
0.10404
0.11807
0.12982
0.13958
0.14674
0.15150
0.15375
0.15325
0.15050
0.14505
0.13731
0.12734
0.11521
0.10143
0.08594
0.06922
0.05150
0.03313
0.01447
-0.00413
-0.02232
-0.03975
-0.05599
-0.07091
-0.08395
-0.09506
-0.10389
-0.11019
-0.11405
-0.11506
-0.11352
-0.10922
-0.10232
-0.09306
-0.08146
-0.06800
-0.05279
-0.03629
-0.01883
-0.00083
0.01728
0.03514
0.05221
0.06825
0.08268
0.09537
0.10585
0.11388
0.11935
0.12191
0.12179
0.11868
0.11277
0.10416
0.09294
0.07955
0.06407
0.04701
0.02866
0.00949
-0.01004
-0.02950
-0.04838
-0.06629
-0.08269
-0.09734
-0.10972
-0.11966
-0.12686
-0.13112
-0.13249
-0.13074
-0.12617
-0.11872
-0.10867
-0.09634
-0.08193
-0.06599
-0.04874
-0.03077
-0.01244
0.00577
0.02341
0.04009
0.05538
0.06901
0.08057
0.08998
0.09691
0.10134
0.10318
0.10238
0.09921
0.09355
0.08579
0.07604
0.06460
0.05188
0.03806
0.02368
0.00894
-0.00564
-0.01979
-0.03311
-0.04526
-0.05600
-0.06496
-0.07208
-0.07704
-0.07985
-0.08036
-0.07857
-0.07463
-0.06848
-0.06046
-0.05061
-0.03928
-0.02670
-0.01316
0.00092
0.01532
0.02957
0.04344
0.05649
0.06849
0.07910
0.08803
0.09517
0.10016
0.10312
0.10374
0.10207
0.09817
0.09197
0.08380
0.07362
0.06175
0.04838
0.03380
0.01832
0.00223
-0.01409
-0.03037
-0.04615
-0.06126
-0.07521
-0.08781
-0.09875
-0.10768
-0.11460
-0.11907
-0.12120
-0.12076
-0.11773
-0.11225
-0.10420
-0.09395
-0.08148
-0.06715
-0.05120
-0.03396
-0.01581
0.00289
0.02167
0.04019
0.05789
0.07451
0.08951
0.10253
0.11331
0.12139
0.12679
0.12908
0.12834
0.12448
0.11752
0.10779
0.09529
0.08054
0.06376
0.04547
0.02620
0.00637
-0.01333
-0.03246
-0.05041
-0.06665
-0.08079
-0.09238
-0.10109
-0.10679
-0.10923
-0.10853
-0.10479
-0.09810
-0.08902
-0.07773
-0.06488
-0.05106
-0.03671
-0.02269
-0.00942
0.00242
0.01219
0.01959
0.02412
0.02550
0.02376
0.01859
0.01037
-0.00066
-0.01433
-0.02970
-0.04662
-0.06409
-0.08127
-0.09769
-0.11209
-0.12411
-0.13280
-0.13745
-0.13778
-0.13312
-0.12344
-0.10864
-0.08876
-0.06422
-0.03551
-0.00318
0.03176
0.06850
0.10598
0.14291
0.17845
0.21116
0.24020
0.26452
0.28319
0.29577
0.30152
0.30045
0.29234
0.27745
0.25623
0.22918
0.19733
0.16136
0.12253
0.08186
0.04053
-0.00022
-0.03941
-0.07592
-0.10890
-0.13755
-0.16134
-0.17974
-0.19266
-0.19987
-0.20157
-0.19814
-0.18975
-0.17732
-0.16112
-0.14213
-0.12113
-0.09868
-0.07601
-0.05341
-0.03191
-0.01207
0.00571
0.02072
0.03289
0.04187
0.04759
0.05011
0.04957
0.04611
0.04020
0.03209
0.02226
0.01134
-0.00045
-0.01230
-0.02396
-0.03491
-0.04459
-0.05291
-0.05931
-0.06378
-0.06610
-0.06614
-0.06405
-0.05978
-0.05355
-0.04558
-0.03606
-0.02535
-0.01379
-0.00167
0.01055
0.02260
0.03407
0.04460
0.05397
0.06180
0.06797
0.07222
0.07447
0.07466
0.07274
0.06881
0.06292
0.05528
0.04603
0.03547
0.02381
0.01140
-0.00143
-0.01441
-0.02710
-0.03930
-0.05055
-0.06067
-0.06934
-0.07630
-0.08144
-0.08448
-0.08553
-0.08434
-0.08103
-0.07564
-0.06822
-0.05908
-0.04825
-0.03612
-0.02288
-0.00889
0.00552
0.02003
0.03425
0.04789
0.06054
0.07200
0.08189
0.09004
0.09622
0.10025
0.10213
0.10169
0.09907
0.09422
0.08734
0.07858
0.06813
0.05634
0.04342
0.02980
0.01574
0.00169
-0.01203
-0.02505
-0.03698
-0.04761
-0.05652
-0.06366
-0.06870
-0.07159
-0.07227
-0.07067
-0.06701
-0.06122
-0.05363
-0.04434
-0.03370
-0.02201
-0.00952
0.00329
0.01623
0.02878
0.04075
0.05173
0.06143
0.06966
0.07609
0.08069
0.08319
0.08362
0.08190
0.07804
0.07219
0.06436
0.05485
0.04374
0.03135
0.01793
0.00377
-0.01078
-0.02545
-0.03983
-0.05368
-0.06657
-0.07832
-0.08857
-0.09705
-0.10363
-0.10798
-0.11022
-0.11003
-0.10752
-0.10269
-0.09557
-0.08645
-0.07536
-0.06266
-0.04855
-0.03342
-0.01759
-0.00142
0.01465
0.03032
0.04510
0.05875
0.07081
0.08107
0.08922
0.09503
0.09845
0.09925
0.09756
0.09329
0.08665
0.07780
0.06693
0.05449
0.04066
0.02598
0.01077
-0.00450
-0.01933
-0.03340
-0.04619
-0.05740
-0.06667
-0.07373
-0.07838
-0.08052
-0.08002
-0.07704
-0.07159
-0.06392
-0.05438
-0.04315
-0.03087
-0.01781
-0.00453
0.00836
0.02054
0.03130
0.04030
0.04712
0.05132
0.05271
0.05112
0.04637
0.03865
0.02801
0.01469
-0.00072
-0.01809
-0.03652
-0.05556
-0.07455
-0.09248
-0.10905
-0.12315
-0.13434
-0.14198
-0.14539
-0.14442
-0.13856
-0.12784
-0.11224
-0.09192
-0.06727
-0.03885
-0.00725
0.02668
0.06196
0.09775
0.13275
0.16617
0.19677
0.22356
0.24578
0.26244
0.27321
0.27744
0.27505
0.26600
0.25047
0.22904
0.20214
0.17080
0.13576
0.09823
0.05929
0.02003
-0.01824
-0.05462
-0.08798
-0.11750
-0.14243
-0.16227
-0.17656
-0.18525
-0.18825
-0.18576
-0.17835
-0.16621
-0.15037
-0.13127
-0.10984
-0.08717
-0.06371
-0.04075
-0.01877
0.00137
0.01892
0.03363
0.04484
0.05246
0.05634
0.05645
0.05299
0.04627
0.03654
0.02441
0.01036
-0.00509
-0.02111
-0.03736
-0.05295
-0.06746
-0.08036
-0.09102
-0.09929
-0.10464
-0.10702
-0.10629
-0.10239
-0.09550
-0.08575
-0.07344
-0.05891
-0.04260
-0.02491
-0.00641
0.01246
0.03112
0.04911
0.06597
0.08118
0.09449
0.10542
0.11389
0.11960
0.12249
0.12257
0.11978
0.11445
0.10652
0.09642
0.08435
0.07061
0.05569
0.03981
0.02348
0.00700
-0.00921
-0.02479
-0.03945
-0.05286
-0.06478
-0.07498
-0.08338
-0.08973
-0.09413
-0.09643
-0.09671
-0.09512
-0.09158
-0.08650
-0.07982
-0.07184
-0.06281
-0.05278
-0.04224
-0.03118
-0.01993
-0.00871
0.00235
0.01298
0.02307
0.03247
0.04103
0.04867
0.05535
0.06092
0.06545
0.06885
0.07112
0.07240
0.07255
0.07180
0.07008
0.06749
0.06422
0.06018
0.05562
0.05054
0.04505
0.03928
0.03327
0.02717
0.02102
0.01494
0.00899
0.00330
-0.00212
-0.00711
-0.01163
-0.01564
-0.01899
-0.02174
-0.02373
-0.02500
-0.02552
-0.02523
-0.02425
-0.02249
-0.02010
-0.01707
-0.01351
-0.00955
-0.00524
-0.00079
0.00376
0.00819
0.01242
0.01629
0.01963
0.02241
0.02441
0.02567
0.02603
0.02549
0.02405
0.02166
0.01844
0.01437
0.00956
0.00411
-0.00189
-0.00829
-0.01496
-0.02176
-0.02856
-0.03516
-0.04148
-0.04732
-0.05261
-0.05719
-0.06093
-0.06381
-0.06565
-0.06649
-0.06621
-0.06478
-0.06225
-0.05855
-0.05380
-0.04799
-0.04122
-0.03359
-0.02522
-0.01625
-0.00686
0.00278
0.01249
0.02197
0.03116
0.03970
0.04744
0.05418
0.05964
0.06380
0.06637
0.06735
0.06660
0.06408
0.05988
0.05397
0.04654
0.03768
0.02764
0.01665
0.00497
-0.00703
-0.01910
-0.03082
-0.04190
-0.05197
-0.06072
-0.06788
-0.07322
-0.07651
-0.07768
-0.07664
-0.07339
-0.06812
-0.06086
-0.05199
-0.04173
-0.03045
-0.01868
-0.00669
0.00490
0.01570
0.02527
0.03311
0.03894
0.04244
0.04333
0.04158
0.03712
0.02996
0.02049
0.00870
-0.00475
-0.01947
-0.03504
-0.05054
-0.06573
-0.07962
-0.09170
-0.10144
-0.10802
-0.11131
-0.11066
-0.10594
-0.09703
-0.08383
-0.06664
-0.04566
-0.02141
0.00560
0.03463
0.06496
0.09568
0.12597
0.15494
0.18167
0.20548
0.22551
0.24134
0.25239
0.25840
0.25927
0.25492
0.24576
0.23191
0.21403
0.19263
0.16836
0.14218
0.11461
0.08663
0.05891
0.03212
0.00703
-0.01599
-0.03644
-0.05396
-0.06852
-0.07989
-0.08816
-0.09364
-0.09628
-0.09668
-0.09505
-0.09174
-0.08749
-0.08229
-0.07689
-0.07151
-0.06636
-0.06206
-0.05838
-0.05574
-0.05409
-0.05334
-0.05364
-0.05464
-0.05628
-0.05836
-0.06061
-0.06283
-0.06484
-0.06633
-0.06721
-0.06731
-0.06641
-0.06463
-0.06173
-0.05787
-0.05311
-0.04736
-0.04103
-0.03405
-0.02672
-0.01934
-0.01186
-0.00485
0.00173
0.00755
0.01228
0.01603
0.01829
0.01920
0.01852
0.01611
0.01216
0.00641
-0.00084
-0.00968
-0.01994
-0.03141
-0.04399
-0.05733
-0.07128
-0.08550
-0.09976
-0.11365
-0.12700
-0.13942
-0.15057
-0.16032
-0.16815
-0.17416
-0.17785
-0.17914
-0.17802
-0.17411
-0.16775
-0.15865
-0.14698
-0.13291
-0.11641
-0.09795
-0.07758
-0.05566
-0.03258
-0.00858
0.01584
0.04029
0.06446
0.08778
0.10993
0.13053
0.14906
0.16546
0.17914
0.19003
0.19792
0.20255
0.20413
0.20236
0.19755
0.18971
0.17908
0.16605
0.15078
0.13385
0.11548
0.09637
0.07677
0.05733
0.03855
0.02076
0.00472
-0.00963
-0.02146
-0.03072
-0.03715
-0.04032
-0.04065
-0.03754
-0.03146
-0.02235
-0.01030
0.00405
0.02089
0.03939
0.05943
0.08055
0.10207
0.12385
0.14509
0.16558
0.18479
0.20230
0.21785
0.23106
0.24176
0.24972
0.25488
0.25713
0.25661
0.25329
0.24733
0.23900
0.22833
0.21586
0.20164
0.18600
0.16937
0.15179
0.13381
0.11552
0.09711
0.07897
0.06104
0.04364
0.02686
0.01060
-0.00476
-0.01946
-0.03332
-0.04625
-0.05853
-0.06973
-0.08020
-0.08972
-0.09827
-0.10606
-0.11270
-0.11859
-0.12335
-0.12722
-0.13017
-0.13208
-0.13337
-0.13362
-0.13347
-0.13263
-0.13144
-0.13036
-0.12900
-0.12842
-0.12802
-0.12863
-0.13054
-0.13348
-0.13855
-0.14488
-0.15347
-0.16426
-0.17698
-0.19236
-0.20942
-0.22884
-0.25016
-0.27304
-0.29759
-0.32291
-0.34910
-0.37546
-0.40163
-0.42713
-0.45135
-0.47392
-0.49418
-0.51183
-0.52619
-0.53705
-0.54389
-0.54640
-0.54447
-0.53765
-0.52617
-0.50979
-0.48862
-0.46302
-0.43293
-0.39905
-0.36166
-0.32117
-0.27852
-0.23394
-0.18851
-0.14282
-0.09740
-0.05348
-0.01120
0.02818
0.06441
0.09695
0.12496
0.14878
0.16734
0.18139
0.19038
0.19465
0.19503
0.19098
0.18445
0.17479
0.16374
0.15217
0.14023
0.13043
0.12195
0.11727
0.11667
0.12072
0.13137
0.14746
0.17111
0.20148
0.23892
0.28393
0.33492
0.39267
0.45523
0.52230
0.59282
0.66490
0.73797
0.80963
0.87904
0.94446
1.00427
1.05743
1.10214
1.13780
1.16327
1.17794
1.18156
1.17372
1.15490
1.12532
1.08580
1.03733
0.98082
0.91797
0.84983
0.77830
0.70482
0.63075
0.55811
0.48750
0.42105
0.35919
0.30293
0.25338
0.20984
0.17393
0.14431
0.12148
0.10504
0.09328
0.08713
0.08395
0.08419
0.08621
0.08852
0.09147
0.09232
0.09203
0.08837
0.08135
0.07066
0.05464
0.03484
0.00898
-0.02100
-0.05620
-0.09676
-0.14095
-0.19080
-0.24314
-0.29971
-0.35953
-0.42114
-0.48638
-0.55168
-0.61926
-0.68757
-0.75567
-0.82526
-0.89294
-0.96116
-1.02812
-1.09346
-1.15857
-1.22054
-1.28170
-1.34012
-1.39595
-1.45003
-1.50006
-1.54803
-1.59184
-1.63216
-1.66914
-1.70120
-1.72992
-1.75308
-1.77200
-1.78607
-1.79469
-1.79896
-1.79684
-1.79025
-1.77800
-1.76062
-1.73856
-1.71060
-1.67877
-1.64157
-1.60066
-1.55566
-1.50645
-1.45469
-1.39878
-1.34120
-1.28053
-1.21785
-1.15384
-1.08706
-1.02025
-0.95087
-0.88117
-0.81032
-0.73738
-0.66479
-0.58904
-0.51342
-0.43540
-0.35508
-0.27400
-0.18834
-0.10224
-0.01162
0.08168
0.17743
0.27895
0.38151
0.49019
0.60102
0.71532
0.83511
0.95552
1.08199
1.20862
1.33820
1.47111
1.60292
1.73870
1.87175
2.00568
2.13936
2.26943
2.40019
2.52487
2.64768
2.76618
2.87849
2.98786
3.08816
3.18396
3.27175
3.35148
3.42521
3.48807
3.54480
3.59116
3.62920
3.65962
3.67946
3.69321
3.69636
3.69290
3.68201
3.66301
3.63928
3.60664
3.57019
3.52735
3.47973
3.42846
3.37037
3.31025
3.24382
3.17463
3.10046
3.02052
2.93725
2.84564
2.75056
2.64645
2.53551
2.41719
2.28697
2.15048
1.99987
1.84050
1.66914
1.48323
1.28859
1.07671
0.85602
0.62135
0.37334
0.11744
-0.15402
-0.43008
-0.71725
-1.01107
-1.30739
-1.61228
-1.91329
-2.21842
-2.51951
-2.81525
-3.11009
-3.39173
-3.67036
-3.93472
-4.18820
-4.43377
-4.66118
-4.88293
-5.08575
-5.27855
-5.46241
-5.63054
-5.79608
-5.94584
-6.09201
-6.23299
-6.36582
-6.50147
-6.62748
-6.75664
-6.88334
-7.00792
-7.13627
-7.25740
-7.38179
-7.49988
-7.61465
-7.72559
-7.82478
-7.91869
-7.99589
-8.06170
-8.11018
-8.13844
-8.14857
-8.13075
-8.09205
-8.02347
-7.92846
-7.80491
-7.64785
-7.46486
-7.24616
-7.00154
-6.72464
-6.41763
-6.08623
-5.72156
-5.33855
-4.92589
-4.49405
-4.04397
-3.56876
-3.08626
-2.57988
-2.06763
-1.54361
-1.00377
-0.46599
0.09544
0.67495
1.22320
1.74859
2.30554
2.95095
3.60708
4.13246
4.57591
5.15408
5.97371
6.76503
7.19635
7.44324
8.07443
9.26433
10.30738
10.45233
10.16133
10.87308
13.09788
15.02202
13.85003
8.83263
2.52328
