Filtered Signals
-1.703355390429759850e-02
-5.497640898214141425e-02
-8.632810043607910822e-02
-1.056034188661725548e-01
-1.093454570316457763e-01
-9.682563939560778765e-02
-7.029435084638280262e-02
-3.467427058881929203e-02
3.291211841406509186e-03
3.628957313790804468e-02
5.784244216230092356e-02
6.356393468516513545e-02
5.200058977500029989e-02
2.487820867713542300e-02
-1.326876843894455628e-02
-5.596196754994019890e-02
-9.592456884570321751e-02
-1.262795894646421002e-01
-1.416084531022677728e-01
-1.387295011605957640e-01
-1.171109711650581697e-01
-7.889009617059855595e-02
-2.852475765303561644e-02
2.785361889839203797e-02
8.329158299608255267e-02
1.309594470597064131e-01
1.650685301100456859e-01
1.816334565443500915e-01
1.789717054871387270e-01
1.578758127735117034e-01
1.214487427446840628e-01
7.464347526570744296e-02
2.358257927803161791e-02
-2.524948460275638906e-02
-6.584257966196967182e-02
-9.342658387428695588e-02
-1.050762388949513237e-01
-1.000846061363140360e-01
-8.005778544377610551e-02
-4.870417496581370964e-02
-1.131732802334452226e-02
2.600549877549240135e-02
5.730879521088562412e-02
7.773416739543281828e-02
8.430624633565553250e-02
7.638721290616581894e-02
5.569834341384478221e-02
2.589939178088853863e-02
-8.177972423935416652e-03
-4.145737787504667760e-02
-6.948329129464896059e-02
-8.903933822505763485e-02
-9.843007226358070627e-02
-9.744615316930912985e-02
-8.710902625749335215e-02
-6.931648872300685826e-02
-4.649435698939905631e-02
-2.131730444620663287e-02
3.493538938019812023e-03
2.533794960244793032e-02
4.192627034149696424e-02
5.151737858803933506e-02
5.317364390867004159e-02
4.696021465018025698e-02
3.401724274135226045e-02
1.646788807047014358e-02
-2.836547549810754243e-03
-2.070507380563824107e-02
-3.407636169515491920e-02
-4.049255985186692164e-02
-3.848821450909207381e-02
-2.781801840516412438e-02
-9.485394967000182476e-03
1.442155709812182642e-02
4.104713630482567654e-02
6.717787312485648532e-02
8.967070516865219276e-02
1.058218008314314035e-01
1.136184538659536364e-01
1.118608260714909070e-01
1.001871897304934256e-01
7.905603829292423557e-02
4.972098976358457073e-02
1.419869569569952306e-02
-2.479723624163999995e-02
-6.399189276935149384e-02
-9.978552283692124214e-02
-1.286078053314120284e-01
-1.473759604608239626e-01
-1.539926549323034077e-01
-1.477684281383488951e-01
-1.296347653862535143e-01
-1.020520393823440286e-01
-6.860368333690826381e-02
-3.336710289226366838e-02
-2.197970895234518940e-04
2.774948044502113104e-02
4.859910549962878634e-02
6.161757953839540336e-02
6.717352158585720989e-02
6.643483680072399811e-02
6.106534452601795893e-02
5.296439387290532291e-02
4.405961998693991299e-02
3.613002321935003536e-02
3.063345590753404485e-02
2.852762570153926508e-02
3.009687147258007997e-02
3.482379170968748217e-02
4.136622128963553247e-02
4.769917177483225246e-02
5.144577883015212516e-02
5.035902530110260289e-02
4.285520757121188962e-02
2.846914105826329339e-02
8.110097880600262987e-03
-1.596053133920888323e-02
-4.044678267029563901e-02
-6.157947571633427819e-02
-7.581142590844808238e-02
-8.050498096512063995e-02
-7.447587124019458549e-02
-5.829313045887728195e-02
-3.428145194893514325e-02
-6.217210351629684495e-03
2.124501843499027043e-02
4.332948983260664216e-02
5.595194706866350037e-02
5.644334354117609698e-02
4.405834472308821359e-02
2.018540274095936490e-02
-1.177957404987106660e-02
-4.689657879674089674e-02
-7.943831512244881043e-02
-1.038329657774175463e-01
-1.156216043005648675e-01
-1.122344799894404721e-01
-9.342492442853428392e-02
-6.127922555819460826e-02
-1.981610272502544456e-02
2.572498963683667039e-02
6.974894678555373928e-02
1.071470386138425185e-01
1.339659869590870134e-01
1.478148483947772374e-01
1.479887704417993666e-01
1.353405896081928961e-01
1.119610669583585572e-01
8.074471569111213443e-02
4.492556706951159051e-02
7.661393800902562001e-03
-2.827579249447734200e-02
-6.067166152661541967e-02
-8.789579825549354020e-02
-1.087974980272529424e-01
-1.225195484955156761e-01
-1.283172330302554676e-01
-1.254876225041385851e-01
-1.134816918822388054e-01
-9.218963809225319550e-02
-6.229914588159225775e-02
-2.557993914120797879e-02
1.503193305379628419e-02
5.561109441062103698e-02
9.167018911496388478e-02
1.187723114350678899e-01
1.332283307929373883e-01
1.327599058424577261e-01
1.170087673958709051e-01
8.779156239019265950e-02
4.902612697640655604e-02
6.282912079361685498e-03
-3.403839454564958067e-02
-6.581832453121753967e-02
-8.440779424854756574e-02
-8.761264148158882936e-02
-7.620226405096433564e-02
-5.378771424270520352e-02
-2.607705628814243476e-02
3.341565955763681206e-04
1.937463822614030398e-02
2.680149643603464346e-02
2.110545764497535198e-02
3.812819093513570429e-03
-2.088125382330717483e-02
-4.705821110472010321e-02
-6.837928850071656184e-02
-7.944813096557228060e-02
-7.692713824597723071e-02
-6.016633869491841424e-02
-3.122795212338425053e-02
5.656633795824525524e-03
4.502400541541380641e-02
8.126072384526569770e-02
1.095837245460628273e-01
1.267360618657779880e-01
1.313042740825983157e-01
1.236539789426254476e-01
1.055610414291870830e-01
7.967598829350196199e-02
4.898203666046847815e-02
1.638002237063351102e-02
-1.553609028398643399e-02
-4.453318974381839657e-02
-6.870541534774306236e-02
-8.645558008265161187e-02
-9.656818671925161690e-02
-9.839048745578866939e-02
-9.206632387646462856e-02
-7.871615675056234385e-02
-6.045397724572240672e-02
-4.018091461448965868e-02
-2.116953846009060267e-02
-6.515825649456179203e-03
1.432579411222632132e-03
1.560056851878457301e-03
-5.718790641419790183e-03
-1.841553902349079772e-02
-3.320462532233534741e-02
-4.591655802682523962e-02
-5.222505395389832883e-02
-4.844132908986661934e-02
-3.230595570173116354e-02
-3.638572026792716990e-03
3.531502299271616768e-02
7.997719598692448750e-02
1.240313527019319823e-01
1.604477289218088076e-01
1.827564053299306490e-01
1.863037550532507525e-01
1.692126703397716370e-01
1.328208556932740647e-01
8.149169761573057946e-02
2.185022761981271489e-02
-3.836252803133119449e-02
-9.155220941347422259e-02
-1.314010765084853150e-01
-1.536924015273475885e-01
-1.567509151088197494e-01
-1.414984797191725652e-01
-1.111763306819619768e-01
-7.081728597317242524e-02
-2.656191108200144785e-02
1.510292969638250826e-02
4.813388041870622636e-02
6.771210921350787060e-02
7.095293861476015262e-02
5.743364011820142889e-02
2.940152911783234374e-02
-8.446060041890319364e-03
-4.963051637756549228e-02
-8.691739383373096872e-02
-1.135144553195197581e-01
-1.242176009351528415e-01
-1.162962081121327734e-01
-8.996922913327945470e-02
-4.840576322475704379e-02
2.734901032094796958e-03
5.614696965497223413e-02
1.039874290772905135e-01
1.390990693695484115e-01
1.561642380507670402e-01
1.525932693793464190e-01
1.289792495388826232e-01
8.902559611376324733e-02
3.895529685667240699e-02
-1.349149286584871987e-02
-6.029386251478310865e-02
-9.440606891707256643e-02
-1.108202536314202430e-01
-1.072694651983053249e-01
-8.448662939650804227e-02
-4.602264023298118650e-02
2.312245549248796717e-03
5.329113607082587578e-02
9.928986182301688390e-02
1.333572236056838056e-01
1.501942294419256752e-01
1.469039307859165699e-01
1.234036286529881093e-01
8.243898796912266236e-02
2.919462651234241285e-02
-2.944401708319165090e-02
-8.586224070887002457e-02
-1.327651396952393426e-01
-1.641486341479531652e-01
-1.760740100952408738e-01
-1.671723535635249447e-01
-1.388344662229161475e-01
-9.505927973555994281e-02
-4.195991006197476170e-02
1.302913291542930063e-02
6.215129486191824093e-02
9.840876015186679482e-02
1.165855922757266794e-01
1.140681302737358016e-01
9.132005301351010795e-02
5.190018040074630135e-02
1.984500874925639036e-03
-5.054471869565634046e-02
-9.729001195419863246e-02
-1.306130066925492161e-01
-1.447996908469385835e-01
-1.369551126367390959e-01
-1.075008777454629222e-01
-6.018690117523744360e-02
-1.583818141880077857e-03
5.989851406280911894e-02
1.153302798087145337e-01
1.567048529318453010e-01
1.782490553588370885e-01
1.773513389420748043e-01
1.549267546764677705e-01
1.151583647836655622e-01
6.469227212513262160e-02
1.146977044222093067e-02
-3.657301250765424006e-02
-7.271682251478145398e-02
-9.240547485819980422e-02
-9.380903066429960302e-02
-7.795083706371933041e-02
-4.841218828292619819e-02
-1.069116636939737228e-02
2.866485478414144278e-02
6.302114734811813113e-02
8.658890907329375164e-02
9.521953200007661489e-02
8.696382093595790563e-02
6.232669068313126393e-02
2.418951314556427173e-02
-2.258264049384237776e-02
-7.179526666179479599e-02
-1.167601385438282457e-01
-1.512108202202231966e-01
-1.701802230203704469e-01
-1.707198078708967726e-01
-1.523567747862500377e-01
-1.172174613198002924e-01
-6.978288590082934451e-02
-1.628420035090313855e-02
3.620090379334431341e-02
8.082479676167340921e-02
1.120367915119663133e-01
1.264397375984261385e-01
1.232731877294425960e-01
1.044411327245316351e-01
7.409752912501466060e-02
3.788456882361174172e-02
1.971928396414024398e-03
-2.793394163434590599e-02
-4.745136384558552856e-02
-5.413148404583136009e-02
-4.773724338743723372e-02
-3.016874354348280177e-02
-5.059121552142394063e-03
2.288788870931402972e-02
4.870590900482624219e-02
6.798211183364985533e-02
7.754824171739996275e-02
7.594542447839756905e-02
6.360854750259717361e-02
4.275838621062030831e-02
1.702026636430837778e-02
-9.185086537752275293e-03
-3.140074287683308762e-02
-4.593108338815621999e-02
-5.054343018423217843e-02
-4.494024646950509072e-02
-3.089504007303925381e-02
-1.199455989735621897e-02
7.001504247741038162e-03
2.108985751054076596e-02
2.606926983351275789e-02
1.948267740151468641e-02
1.244075181037354247e-03
-2.619960671971501703e-02
-5.822718417409693259e-02
-8.886969185407367355e-02
-1.119438528213563128e-01
-1.222519590589160599e-01
-1.165919779957150237e-01
-9.437987893090687974e-02
-5.778704441331992958e-02
-1.139554508239871977e-02
3.854972697449267349e-02
8.515897235614558469e-02
1.220140594816661733e-01
1.441946554583377060e-01
1.490396464577425917e-01
1.365195917056629682e-01
1.091669390725908129e-01
7.158390885464241404e-02
2.961562320743799104e-02
-1.066248391817395391e-02
-4.395075394248151857e-02
-6.653171389267593938e-02
-7.673508932790107373e-02
-7.500309653762657347e-02
-6.358015343500264538e-02
-4.591527790979799822e-02
-2.591012196292436648e-02
-7.168186044146913558e-03
7.607249696044038334e-03
1.696054894648085787e-02
2.073574931801182297e-02
1.986192145566956918e-02
1.595588483335189448e-02
1.085771909323815683e-02
6.218322321515355224e-03
3.230254179336853639e-03
2.534958349201309712e-03
4.271826957077286616e-03
8.191165953038101813e-03
1.375466463559152190e-02
2.018385082633381705e-02
2.646117816172879195e-02
3.131988556905618282e-02
3.327489351019249919e-02
3.074811025667018027e-02
2.232017088883105072e-02
7.091626624835393675e-03
-1.492581197086229744e-02
-4.250946185858158616e-02
-7.313222773253001685e-02
-1.031390316462732215e-01
-1.281906408287991073e-01
-1.439165163552878490e-01
-1.466738669707921550e-01
-1.342723194771401896e-01
-1.065040526066314691e-01
-6.534064681219528548e-02
-1.472811468001010426e-02
3.998984620151417591e-02
9.289872765568506219e-02
1.384124902493710230e-01
1.720591507525596475e-01
1.910046122108503552e-01
1.942410474612391580e-01
1.824578321025671079e-01
1.576929802473523157e-01
1.229010237142039164e-01
8.155627833488515721e-02
3.735216665113376411e-02
-6.011574740005021233e-03
-4.501047280663053596e-02
-7.651195599367888178e-02
-9.806334746910666533e-02
-1.082317979364432331e-01
-1.069172683681040709e-01
-9.552308793343927684e-02
-7.687812674393165735e-02
-5.486340634718366027e-02
-3.378030644986299014e-02
-1.757333623355429586e-02
-9.065505637278314932e-03
-9.372741019184779171e-03
-1.763634696787741429e-02
-3.115124744221930628e-02
-4.588104827701398880e-02
-5.726098496432809049e-02
-6.112704456198993913e-02
-5.459252131155633431e-02
-3.671464323414294628e-02
-8.831469592393413615e-03
2.550995325162817851e-02
6.106246023561322234e-02
9.177835748560968232e-02
1.119565170510278956e-01
1.174050752598957137e-01
1.063538866291050822e-01
7.989792783487577321e-02
4.186558523602793014e-02
-1.855428549989393550e-03
-4.437618163327206044e-02
-7.901247047191163608e-02
-1.003964581143552692e-01
-1.053115582151874507e-01
-9.315413409972583825e-02
-6.599568220647925032e-02
-2.826035666866643162e-02
1.393912048728632169e-02
5.373105375843321985e-02
8.456511464833114944e-02
1.012943204600995351e-01
1.010867443394453807e-01
8.399116712482281033e-02
5.301223319120244859e-02
1.363317446864582144e-02
-2.715077907088248033e-02
-6.209970644358135672e-02
-8.503484794866054963e-02
-9.192445282307165622e-02
-8.155677830740173939e-02
-5.570203547889636397e-02
-1.876338409234611787e-02
2.299639733561543303e-02
6.250390711836194269e-02
9.302130341645634126e-02
1.092126815724064476e-01
1.079781601403444757e-01
8.893968586419920275e-02
5.450706726951666525e-02
9.511194925338452288e-03
-3.953663079577370010e-02
-8.543449944684174124e-02
-1.213682932939428305e-01
-1.419175459450063292e-01
-1.438480616999185113e-01
-1.265800544407333361e-01
-9.226280847122178552e-02
-4.544893807854349932e-02
7.568511953347359378e-03
5.964246638878915874e-02
1.037536687424279458e-01
1.339697559976003038e-01
1.462726567780854303e-01
1.391450281371101327e-01
1.138134204647615055e-01
7.408421762413869294e-02
2.578000955501087710e-02
-2.413674414964349368e-02
-6.860901102100527837e-02
-1.015331014965636519e-01
-1.186498580410019071e-01
-1.181486713355082291e-01
-1.008997343025893612e-01
-7.028641292205985158e-02
-3.166672922254060163e-02
8.458070539295613199e-03
4.345204869699252626e-02
6.758717296945394859e-02
7.696232629794547142e-02
7.014722332923396808e-02
4.843668199096944071e-02
1.566700020291586157e-02
-2.237750131048248103e-02
-5.887526202894452498e-02
-8.705780725598789849e-02
-1.013139443506426152e-01
-9.813458062274052485e-02
-7.674440087200078142e-02
-3.931413211774643229e-02
9.286629173503667400e-03
6.216700524499157998e-02
1.114338731298629148e-01
1.494126181085270177e-01
1.698863487069021128e-01
1.691451001106591967e-01
1.466496029363515696e-01
1.051756017339054855e-01
5.040388628781052038e-02
-9.967857982240702075e-03
-6.742194233555606764e-02
-1.139055301635931716e-01
-1.429863232626580882e-01
-1.507139302609705744e-01
-1.360964915693096133e-01
-1.011720011120122720e-01
-5.070602541610975261e-02
8.416195815699287208e-03
6.801201934671133320e-02
1.195399502990921736e-01
1.550681191518334945e-01
1.682065833372835550e-01
1.549483042751005346e-01
1.143560523664455264e-01
4.901384333855848124e-02
-3.485235684799392608e-02
-1.276783897013940294e-01
-2.173644778320504567e-01
-2.906085213591931282e-01
-3.347207082184531224e-01
-3.397399173301583475e-01
-3.005186496514775651e-01
-2.183280787310912241e-01
-1.015219230109541959e-01
3.508377457569564206e-02
1.722194714998100395e-01
2.893431227275544138e-01
3.684327775100763591e-01
3.975591905418228711e-01
3.733396793224796339e-01
3.016053652349452996e-01
1.960989917238454838e-01
7.556762041169723387e-02
-3.999466512042570976e-02
-1.330737435582029504e-01
-1.915679312465747297e-01
-2.104295514585972915e-01
-1.918468060696552069e-01
-1.441062069161817005e-01
-7.950458999868349752e-02
-1.179651194959235871e-02
4.632831422645919406e-02
8.531470443442867868e-02
1.000580466827917653e-01
9.031835088574946546e-02
6.025278299903460283e-02
1.724646499612931053e-02
-2.966977283252772435e-02
-7.149698308164335880e-02
-1.007660174093425454e-01
-1.126573934654944709e-01
-1.056217430141294655e-01
-8.144912265354677106e-02
-4.480678087134316867e-02
-2.339542224469692844e-03
3.851035802689353749e-02
7.077300728315588652e-02
8.911522450630754433e-02
9.072296911570473799e-02
7.576214249802552814e-02
4.733715248116854291e-02
1.094630400483273536e-02
-2.647979437611398812e-02
-5.779753270967269430e-02
-7.692456153418089637e-02
-7.995364525217527052e-02
-6.590614045243066432e-02
-3.697381601168243936e-02
1.815573765730431333e-03
4.346200529941585816e-02
8.023351293573674492e-02
1.050597010478301202e-01
1.128298252034567878e-01
1.013614621871918586e-01
7.185451669989892376e-02
2.872953246638328129e-02
-2.113460664223407171e-02
-6.962355227284304504e-02
-1.088347420527247394e-01
-1.324734940302580433e-01
-1.369413028603672922e-01
-1.219215792186482128e-01
-9.036116895678025784e-02
-4.786172726231914532e-02
-1.612665860450918087e-03
4.091595910746226306e-02
7.327021726090086895e-02
9.106884600218471959e-02
9.264410436061124021e-02
7.916705590120189096e-02
5.425340340109498227e-02
2.315557040049063750e-02
-8.259982879485351648e-03
-3.451607108452187794e-02
-5.131769265261639651e-02
-5.603969646694442752e-02
-4.790985300917734169e-02
-2.794529339930796469e-02
1.280336721670905301e-03
3.596615997924818703e-02
7.146263331057381429e-02
1.026960956101048150e-01
1.246728578167950463e-01
1.330902902241312136e-01
1.250227805371735001e-01
9.956881421109148311e-02
5.829212065446588709e-02
5.297280298676002031e-03
-5.315319541735731568e-02
-1.094712268157827101e-01
-1.559055427024545193e-01
-1.858225201507631985e-01
-1.948485625079491579e-01
-1.816383816972793053e-01
-1.481156453482664337e-01
-9.914554547505194382e-02
-4.171030886908834445e-02
1.625228624226666974e-02
6.713193271311670984e-02
1.048205370631814792e-01
1.255786174476948847e-01
1.284619669490131288e-01
1.152679949934036219e-01
9.004929399462323347e-02
5.830690416165668077e-02
2.601122394525076653e-02
-1.390291102842472482e-03
-1.982701637211722878e-02
-2.719449280588982082e-02
-2.359567022817899221e-02
-1.120449050113947985e-02
6.219658922093623116e-03
2.408014405095503657e-02
3.781597980863275754e-02
4.373236777345414217e-02
3.963350613870746803e-02
2.515571206185500744e-02
1.770610731644282204e-03
-2.750976299380802903e-02
-5.865182791289505482e-02
-8.724257565945398030e-02
-1.091424129608631749e-01
-1.210457440928557199e-01
-1.208802478514341139e-01
-1.080224678571073266e-01
-8.334335834180217617e-02
-4.910693672833538193e-02
-8.736178682195921974e-03
3.354462833176583003e-02
7.317108512259164199e-02
1.057650621049649742e-01
1.276728689238979531e-01
1.364501790565274264e-01
1.312185498527469740e-01
1.128205663597926511e-01
8.373090624858026132e-02
4.773536638775595364e-02
9.440605608171934171e-03
-2.630375091005708599e-02
-5.500245924034705136e-02
-7.308374499634344434e-02
-7.839449205232401630e-02
-7.055881462560170680e-02
-5.112456381504521669e-02
-2.343701688091717750e-02
7.777649909078858392e-03
3.708187130756272765e-02
5.916236237207806586e-02
6.970557417648225174e-02
6.616104457455652954e-02
4.824339694958543201e-02
1.806717412838497114e-02
-2.011716763539846825e-02
-6.054211695174439162e-02
-9.679722795425994841e-02
-1.228247314031678250e-01
-1.338849600275303642e-01
-1.273405059626727398e-01
-1.031328842681720342e-01
-6.387334263221747244e-02
-1.452903973668899507e-02
3.825735141161515362e-02
8.712902065739323854e-02
1.251293817196124647e-01
1.468019777223451561e-01
1.490858167095612530e-01
1.318334711936191561e-01
9.784557387428929887e-02
5.241247818111523238e-02
2.451964412820722972e-03
-4.459222547154317873e-02
-8.188779970831322474e-02
-1.041943265058838247e-01
-1.085524496406338746e-01
-9.463105409025419912e-02
-6.474803415931952577e-02
-2.360273713671314291e-02
2.225202411361954652e-02
6.517885321159236356e-02
9.743112527149078161e-02
1.122657453090971091e-01
1.050815621253509413e-01
7.442697071919227025e-02
2.268104794942214786e-02
-4.379863949978510251e-02
-1.152207924856712695e-01
-1.796380513803206014e-01
-2.248322439827161179e-01
-2.405188514100935759e-01
-2.204683035794789692e-01
-1.641033118734941953e-01
-7.717753020618461912e-02
2.872668461258967576e-02
1.379249417130844479e-01
2.333390256591697243e-01
2.996550901451947579e-01
3.262223820400250163e-01
3.090182233775626841e-01
2.512605390211813394e-01
1.626152221261176756e-01
5.727307801269898579e-02
-4.863062817943386573e-02
-1.397232045378919152e-01
-2.037525617861707938e-01
-2.332524276488779913e-01
-2.263371041517197035e-01
-1.866066007326100118e-01
-1.222665730092064723e-01
-4.465107047492831993e-02
3.361186786997717724e-02
1.005239425324295499e-01
1.464590030302764245e-01
1.654795879294599370e-01
1.560397434376427916e-01
1.209737558304013472e-01
6.678633612668456732e-02
2.389423362515387395e-03
-6.245999174097141560e-02
-1.187172332839235567e-01
-1.593258755773365454e-01
-1.800226770110242569e-01
-1.795957164180234378e-01
-1.596324227521789263e-01
-1.238882747415635394e-01
-7.746681794520149378e-02
-2.600691992221927651e-02
2.498381937070014158e-02
7.060185508435845581e-02
1.068540512699597822e-01
1.308536373839689904e-01
1.409521577013778670e-01
1.368285795302827401e-01
1.195295198669490272e-01
9.143091420908316946e-02
5.607875459591137729e-02
1.787442778208472860e-02
-1.839802478163143906e-02
-4.816099559029492216e-02
-6.767062378189288296e-02
-7.458773651639039048e-02
-6.839664750062286747e-02
-5.058336069858115902e-02
-2.450614557810099764e-02
5.062767609055229129e-03
3.267971347705345142e-02
5.314683043075858759e-02
6.245023492173756852e-02
5.854595007697244169e-02
4.182486545853610072e-02
1.512663393682472587e-02
-1.674020460490576595e-02
-4.788951525478345184e-02
-7.246421353880612426e-02
-8.571417533178643522e-02
-8.483292097120780084e-02
-6.941990881458856566e-02
-4.152049265038242065e-02
-5.265566262424734023e-03
3.381362704981859257e-02
6.967970258715766585e-02
9.675061343108072587e-02
1.107805978824553256e-01
1.095282075030020730e-01
9.310912390861243726e-02
6.397033991376750717e-02
2.647521125811889975e-02
-1.383779923822346658e-02
-5.118181847440464449e-02
-8.044839746030420236e-02
-9.796581718629558677e-02
-1.019841403924681145e-01
-9.285080712691058669e-02
-7.288354248496117793e-02
-4.596921004735252114e-02
-1.693887690208931499e-02
9.200991057508253745e-03
2.807343465342106159e-02
3.665042851694420845e-02
3.376898120331692926e-02
2.034679146307743353e-02
-7.581609405804008023e-04
-2.523373843567838434e-02
-4.805677794213655124e-02
-6.434558268724126229e-02
-7.016312329489710065e-02
-6.314768226581130017e-02
-4.289973739472099923e-02
-1.109369532380931681e-02
2.869340813719754163e-02
7.142174688342617372e-02
1.112516921322888319e-01
1.423517846741588211e-01
1.597487246915328396e-01
1.601013816659892230e-01
1.422767433992102037e-01
1.076215743561593913e-01
5.986738744084055958e-02
4.670765977310337158e-03
-5.114525963381810758e-02
-1.005376335888775174e-01
-1.372402878095206058e-01
-1.566625579315287786e-01
-1.565476290168550666e-01
-1.372890725928230526e-01
-1.018687206645518817e-01
-5.544198449271386941e-02
-4.634177098641306669e-03
4.337108074052364870e-02
8.185006560864931113e-02
1.055303275095428039e-01
1.113945411829255216e-01
9.914230396857329208e-02
7.121144661156170175e-02
3.235337990441114475e-02
-1.115109907628217267e-02
-5.249027627876233504e-02
-8.536640020555449904e-02
-1.049217591040782910e-01
-1.084076204270514737e-01
-9.551172466077879897e-02
-6.832720968278914453e-02
-3.099888670242130495e-02
1.089178482250812569e-02
5.113055690312365287e-02
8.377336900173151801e-02
1.040334041647203167e-01
1.090199240102403266e-01
9.820225430876744488e-02
7.350503030856656017e-02
3.899892232714902846e-02
2.285635141555733552e-04
-3.670117705150466314e-02
-6.610745540830939571e-02
-8.360613208849169975e-02
-8.675456420777150068e-02
-7.539389822555456200e-02
-5.167082011867106528e-02
-1.974264034148619923e-02
1.481468228463823922e-02
4.585031044672138040e-02
6.764642515737125106e-02
7.595088276552622308e-02
6.885175825478179190e-02
4.729730714438988570e-02
1.509928734425911023e-02
-2.165306690753585755e-02
-5.570689306985766864e-02
-8.008020295028196733e-02
-8.950471670523438283e-02
-8.154300032942310428e-02
-5.711564569181708934e-02
-2.031249561650042348e-02
2.246414821208088386e-02
6.380492157008356424e-02
9.671376024538640148e-02
1.158084675365815414e-01
1.180827459834292159e-01
1.031743648274762171e-01
7.320736766057799050e-02
3.232449826612274202e-02
-1.397709626928901605e-02
-5.961081373320829824e-02
-9.868178928156493002e-02
-1.262057473390862661e-01
-1.386934767016253234e-01
-1.345418039595734916e-01
-1.141925817570091373e-01
-8.004745801156268326e-02
-3.615529779937629723e-02
1.228257625673231934e-02
5.952370379050878069e-02
9.994123554688193189e-02
1.286628515649249072e-01
1.421380751122702235e-01
1.385812719611790034e-01
1.182340611380852113e-01
8.339675301402349472e-02
3.820325498088771726e-02
-1.184657967831487246e-02
-6.054322859192499962e-02
-1.017314239823137595e-01
-1.300894776602407876e-01
-1.418301512464270886e-01
-1.352333852484658427e-01
-1.109348907867066247e-01
-7.192120877205548934e-02
-2.321669225159753158e-02
2.871656817874625178e-02
7.680953290629558006e-02
1.143530124178616103e-01
1.359688984021277802e-01
1.384344169136920988e-01
1.212192100270978318e-01
8.663683185152099009e-02
3.957196876504027322e-02
-1.318987824600456604e-02
-6.393887500603241680e-02
-1.051759678311620511e-01
-1.307262946573670703e-01
-1.366562634816017030e-01
-1.218639743672376707e-01
-8.827432027037222795e-02
-4.062263191309138655e-02
1.415303515745923446e-02
6.785655800032484863e-02
1.122154513359884948e-01
1.401482921211459343e-01
1.469258240265077231e-01
1.310186614650713788e-01
9.444816839628895899e-02
4.253231480817646487e-02
-1.695667886787874390e-02
-7.506526713693359443e-02
-1.231035726861867824e-01
-1.539837433595025451e-01
-1.632315836319698232e-01
-1.495500247628916424e-01
-1.149050369555994766e-01
-6.416567338100999385e-02
-4.367311447425525905e-03
5.630040471589607687e-02
1.096473382828438148e-01
1.486236079930871867e-01
1.682909453172153347e-01
1.664864187260667039e-01
1.440780818373411931e-01
1.047715284244883083e-01
5.450100421011173230e-02
5.088021541745924026e-04
-4.973945745231701798e-02
-8.964524333516521448e-02
-1.144250876920778759e-01
-1.217839661522855804e-01
-1.122057771925483449e-01
-8.880150766739718093e-02
-5.673364905446276474e-02
-2.231827156099621540e-02
8.038147927478915544e-03
2.889352178938521531e-02
3.665566433570061067e-02
3.016668013838795515e-02
1.089668567774446789e-02
-1.728664271745879513e-02
-4.874295780599362249e-02
-7.698990515641965238e-02
-9.580363226435184565e-02
-1.003192207667016056e-01
-8.794409398583394322e-02
-5.890942680674106369e-02
-1.633846019861001642e-02
3.419782901743587122e-02
8.556529019263185709e-02
1.302385101095198949e-01
1.615618094951168648e-01
1.748851910146022592e-01
1.683701909383152062e-01
1.433038972004061218e-01
1.038466499567125279e-01
5.625827100907441342e-02
7.763077826807414372e-03
-3.471381453875276024e-02
-6.569483673485515540e-02
-8.197846669006605969e-02
-8.301452356762695217e-02
-7.078113411070348360e-02
-4.921191192278799587e-02
-2.330466306744813365e-02
1.902500212811970848e-03
2.228351652349434830e-02
3.531617204151972500e-02
4.036922540498459611e-02
3.851879903166705726e-02
3.193810743987318679e-02
2.302417885775295131e-02
1.351182325793139419e-02
3.840510307510387050e-03
-7.025164329606647939e-03
-2.124308669610184414e-02
-4.127394806112075903e-02
-6.879049160242997618e-02
-1.036056880618548004e-01
-1.429399304342812982e-01
-1.812957087396509515e-01
-2.110800326023321016e-01
-2.239402466450484686e-01
-2.125971348032953123e-01
-1.728044681924172099e-01
-1.049677647462036734e-01
-1.495262881916242792e-02
8.626588714055064000e-02
1.842182750485071574e-01
2.636041564159904427e-01
3.114663196261216460e-01
3.201100756626639177e-01
2.889727103273154185e-01
2.248748083259932140e-01
1.405267245399973997e-01
5.166807673958578873e-02
-2.640066291654291630e-02
-8.200442680765762660e-02
-1.092438245087992005e-01
-1.086798252763757633e-01
-8.651618287686847764e-02
-5.259866873772497953e-02
-1.779724209299081775e-02
8.565042696956532559e-03
2.063954939236407882e-02
1.695316849353628239e-02
1.978034977207568379e-04
-2.389437249373934508e-02
-4.821063150879493359e-02
-6.601979282778021318e-02
-7.245392755818463870e-02
-6.544050484734462159e-02
-4.596282867126155747e-02
-1.767848889446241994e-02
1.395225082701753022e-02
4.281143638687012754e-02
6.331710039025989500e-02
7.146268365013687396e-02
6.553020097700665292e-02
4.635383320434989518e-02
1.709312784689249326e-02
-1.741937307630575180e-02
-5.160006147222254147e-02
-8.010608449013380261e-02
-9.870604625352347172e-02
-1.048837002339770147e-01
-9.809621090715080205e-02
-7.968878696108898374e-02
-5.254025568871439900e-02
-2.055044763068071545e-02
1.193059603260745311e-02
4.066680010753612184e-02
6.205449206866402168e-02
7.355977439500632764e-02
7.403427012618543634e-02
6.387001817571912043e-02
4.496569864346171286e-02
2.049434982090403423e-02
-5.514506390478013387e-03
-2.873819994198711925e-02
-4.520114922277369829e-02
-5.190117183515511462e-02
-4.732260968314625643e-02
-3.174536292389383563e-02
-7.282114410073182997e-03
2.238812194128617095e-02
5.257344650714216444e-02
7.833401253403748932e-02
9.532596634486603659e-02
1.005583021858682674e-01
9.290571903273822651e-02
7.327530674524196375e-02
4.440726131676870497e-02
1.037119447680358297e-02
-2.412328525453991124e-02
-5.446000477275883545e-02
-7.676386913052017646e-02
-8.837505337700456154e-02
-8.811848391115666146e-02
-7.638191765684865242e-02
-5.503022988184281400e-02
-2.717324394073562799e-02
3.205980814856172756e-03
3.174654381288143090e-02
5.428752292750965019e-02
6.746252807790480144e-02
6.923228059034573778e-02
5.927137241111957167e-02
3.912474244695011982e-02
1.206352530219070331e-02
-1.738538062581364632e-02
-4.418707167938216301e-02
-6.369683392649788667e-02
-7.253444017838173163e-02
-6.925735247049613630e-02
-5.468937719454342039e-02
-3.182049037903125072e-02
-5.273411657410388698e-03
1.957450424479244278e-02
3.764208235535689701e-02
4.515380602840117497e-02
4.040783553324688721e-02
2.415654085234475446e-02
-4.768703513180518050e-04
-2.854431014711558690e-02
-5.419112223807696221e-02
-7.177010641434844462e-02
-7.692539753128396773e-02
-6.743421408313418630e-02
-4.366147502270925629e-02
-8.566240897693221112e-03
3.272926256814547713e-02
7.374113819416920623e-02
1.076775979676601602e-01
1.285791155771550121e-01
1.323522323718121507e-01
1.175165911509266636e-01
8.553421271627908995e-02
4.065839959886216604e-02
-1.068619847922730459e-02
-6.090260635059499550e-02
-1.024346134434542949e-01
-1.289805563777128850e-01
-1.364969374261844337e-01
-1.238321245546491339e-01
-9.290292221900398051e-02
-4.839670806809572706e-02
2.954199996098166858e-03
5.341550961269472819e-02
9.544392793856891488e-02
1.228339267906856935e-01
1.316363156114009891e-01
1.207161648354682371e-01
9.188021991850534032e-02
4.956551479966340990e-02
1.417940853858726258e-04
-4.906010591990278558e-02
-9.083784284445815815e-02
-1.191584879473588376e-01
-1.300071496350992950e-01
-1.219368273363348465e-01
-9.624933120164078093e-02
-5.677863631073600675e-02
-9.305217061166964898e-03
3.930693782648385370e-02
8.211441425506973979e-02
1.130908596419187562e-01
1.279778140234042461e-01
1.248709617547679868e-01
1.044511624879549960e-01
6.982040074507722682e-02
2.597702042605516681e-02
-2.096314061432996700e-02
-6.465520170780572617e-02
-9.938495780638716137e-02
-1.207947834641846380e-01
-1.264068957071318722e-01
-1.159015946495142030e-01
-9.112630173409641543e-02
-5.582917428843783836e-02
-1.513483646914979414e-02
2.518844331860829733e-02
5.958205230544166842e-02
8.354421470953871109e-02
9.432153561386748264e-02
9.130625483068280368e-02
7.605425931226811320e-02
5.192417124394341915e-02
2.342366724272983147e-02
-4.596465147364829640e-03
-2.774801100076263599e-02
-4.277738539826340253e-02
-4.800658674111716456e-02
-4.349155798966904823e-02
-3.089705278551841197e-02
-1.313069750245320598e-02
6.194381777183536816e-03
2.338513264920570947e-02
3.528648248015825439e-02
3.978668737600705996e-02
3.611868270714851253e-02
2.491171254793988349e-02
8.008117202903342058e-03
-1.189330169835542406e-02
-3.168666564833477750e-02
-4.832122830132858787e-02
-5.920666515290572834e-02
-6.251107089121443749e-02
-5.733434668828417402e-02
-4.378010810959906407e-02
-2.297396275821479358e-02
2.941693931867848943e-03
3.086732535540404748e-02
5.695162591662194379e-02
7.703161627283058865e-02
8.731189878699804896e-02
8.516542332276028082e-02
6.984807931161188255e-02
4.290619682506375404e-02
8.123186408664717639e-03
-2.902796669331203505e-02
-6.232696218642799768e-02
-8.594148222695872918e-02
-9.551389363857185066e-02
-8.898674207905368783e-02
-6.702765486178009768e-02
-3.299431068199297490e-02
7.553669615666280812e-03
4.773173976199895918e-02
8.047288237335405159e-02
9.975620131858536910e-02
1.017095759314403380e-01
8.537956927308522348e-02
5.300765149034103452e-02
9.734233894838233148e-03
-3.723876701651246401e-02
-7.988230082863473358e-02
-1.107414821639589875e-01
-1.242434359570345898e-01
-1.176791770230475875e-01
-9.169415917906698077e-02
-5.020668560965382832e-02
2.350801487172593518e-04
5.155295648568425371e-02
9.550687648634854920e-02
1.250885124890889766e-01
1.356901504712917927e-01
1.258409996792332619e-01
9.738353674339128574e-02
5.506566141174329410e-02
5.638799458398791042e-03
-4.334215936640646583e-02
-8.476034224981550402e-02
-1.129788627429056391e-01
-1.245297147382650044e-01
-1.184090279699179238e-01
-9.602355181379072790e-02
-6.086755530633743139e-02
-1.800458146604744236e-02
2.658845098615555957e-02
6.676604608981212552e-02
9.699343687420228233e-02
1.130892270638615693e-01
1.128386338577181541e-01
9.636996563179192621e-02
6.619826019297533892e-02
2.689064789049972967e-02
-1.561214960413036257e-02
-5.490689885221772260e-02
-8.511646705177827732e-02
-1.017973542346910509e-01
-1.026308415158921211e-01
-8.779711513224049135e-02
-5.997273009908789254e-02
-2.394127996075302856e-02
1.413794331302629936e-02
4.770849532642192081e-02
7.090798114547604281e-02
7.960591932510234503e-02
7.220423270000976557e-02
5.002943085796517780e-02
1.720527250169891914e-02
-2.000458835187892553e-02
-5.428281549884909213e-02
-7.858489757757973482e-02
-8.747086750920048115e-02
-7.819943265578191416e-02
-5.137012085267002315e-02
-1.096728272035698074e-02
3.623410287364925431e-02
8.181636367926452269e-02
1.172249179706117833e-01
1.353624445156530465e-01
1.319746720021053865e-01
1.065521377014436721e-01
6.254829056249402996e-02
6.846030807395847573e-03
-5.143289113673940594e-02
-1.025390526298796123e-01
-1.378147111622259890e-01
-1.512095161735115545e-01
-1.403355434448603778e-01
-1.068894594072165721e-01
-5.637418697800839623e-02
2.831332366238462073e-03
6.089487022138187489e-02
1.082023400013839010e-01
1.369906445913447457e-01
1.426569298813447073e-01
1.245082112167225918e-01
8.581194037727567225e-02
3.314443821979780325e-02
-2.481877705873972162e-02
-7.881482221604727001e-02
-1.205122423735398574e-01
-1.437780459557422841e-01
-1.455159303925235847e-01
-1.259894104448328889e-01
-8.862579805721432225e-02
-3.936867276136082894e-02
1.429566527008020727e-02
6.447822138988534846e-02
1.040293150040433462e-01
1.275338017646319710e-01
1.320347332927318540e-01
1.173921016932465422e-01
8.623076980597413344e-02
4.349522859041855816e-02
-4.308472543541760902e-03
-5.006238421892562906e-02
-8.704498238393534870e-02
-1.098730483306959715e-01
-1.152642482088933329e-01
-1.025201568080213316e-01
-7.365294674836381228e-02
-3.312240381722100779e-02
1.279416922733884326e-02
5.692423903937764151e-02
9.229733318169770773e-02
1.132648605797410418e-01
1.164641352291342080e-01
1.014462018022448120e-01
7.082462246710707898e-02
2.988329975700281665e-02
-1.430990311821302152e-02
-5.413183395780725438e-02
-8.275190237865426290e-02
-9.535234240237994152e-02
-8.999677630919490634e-02
-6.798588075566272537e-02
-3.363152723917211401e-02
6.514689742000166761e-03
4.484475703808066260e-02
7.407788952530973414e-02
8.858731047606169251e-02
8.541417691947009172e-02
6.477251773571225668e-02
2.996101289618503111e-02
-1.327070248956237902e-02
-5.774687668499553506e-02
-9.607646357769478174e-02
-1.218468590342756258e-01
-1.306263689805020611e-01
-1.206381938783813723e-01
-9.301615862994359885e-02
-5.161521706302206469e-02
-2.416207938552586421e-03
4.738343632908824377e-02
9.046588703222371852e-02
1.205204325554997541e-01
1.332269330304059196e-01
1.269288855690305362e-01
1.028819474864525324e-01
6.504445755016972919e-02
1.945378346927804925e-02
-2.671183388378574330e-02
-6.624747274173652112e-02
-9.304590278271873682e-02
-1.030586163791008120e-01
-9.494271986262636798e-02
-7.029186089035319163e-02
-3.340827946118687941e-02
9.368268776466563696e-03
5.069566489411467258e-02
8.347684619276629636e-02
1.021017869842463233e-01
1.034408613747226646e-01
8.738454031511680431e-02
5.681996415754629604e-02
1.705866810267138434e-02
-2.515451596811543733e-02
-6.284399865973679111e-02
-8.998661396437547533e-02
-1.024720663909799157e-01
-9.869908305264840642e-02
-7.974124723672454396e-02
-4.908725330101616074e-02
-1.201583755599670844e-02
2.529210329798056711e-02
5.676609395078369147e-02
7.742158593319160842e-02
8.414166889836952046e-02
7.614817329153571179e-02
5.510296871688386000e-02
2.483193386216256751e-02
-9.295479289999956929e-03
-4.125473746426955302e-02
-6.539171126939753720e-02
-7.740595600716922153e-02
-7.510302222104182912e-02
-5.877108472472446221e-02
-3.111892087606570045e-02
3.199674791279229213e-03
3.837881203890355919e-02
6.842786660826909173e-02
8.814875255612182603e-02
9.396380867992303043e-02
8.446754726287303283e-02
6.062802317059319546e-02
2.562291146299483513e-02
-1.564922270213971178e-02
-5.729639571339011084e-02
-9.328330028601979074e-02
-1.182803329654103647e-01
-1.284038306719055000e-01
-1.217678908260459159e-01
-9.879110037045248094e-02
-6.221352758203024802e-02
-1.679432615184982269e-02
3.130311912723507395e-02
7.537393961781085894e-02
1.091622676414840398e-01
1.278282700750077994e-01
1.287365273168256385e-01
1.119257254799762014e-01
8.015651049427818808e-02
3.850271278427586097e-02
-6.456128360305665725e-03
-4.769807254967425858e-02
-7.889094759015957692e-02
-9.540881262032530064e-02
-9.507681780687447792e-02
-7.852540592629406180e-02
-4.908261841708581874e-02
-1.220286099144488740e-02
2.548315566431157836e-02
5.733304823470465605e-02
7.786030314709649347e-02
8.369057541017466129e-02
7.413282428237719102e-02
5.126356245192212335e-02
1.951505341576312974e-02
-1.514407373608917667e-02
-4.627085282369999136e-02
-6.805844731686479243e-02
-7.631995438939913334e-02
-6.921100113031959655e-02
-4.759215703594185665e-02
-1.496304707639542486e-02
2.305453401358846521e-02
5.963748913799150897e-02
8.795836659249070544e-02
1.024624534568388257e-01
9.999102712869949172e-02
8.051516191042734638e-02
4.728663299848528956e-02
6.311357319133140131e-03
-3.479645399695456554e-02
-6.835695414119309643e-02
-8.823094313530803479e-02
-9.114097545579005755e-02
-7.743052906776649869e-02
-5.110498065765103903e-02
-1.912961089606344742e-02
9.915078799075872223e-03
2.760484719277234850e-02
2.755586114489555483e-02
7.048823853827188707e-03
-3.197338686118167406e-02
-8.281780662019133654e-02
-1.349898196929248395e-01
-1.760928010516251419e-01
-1.943637725062027366e-01
-1.813373691765027551e-01
-1.340362924110314602e-01
-5.613263594575422510e-02
4.228414577405742447e-02
1.463923162134029010e-01
2.394758460942975897e-01
3.062839106923741506e-01
3.360917652906113551e-01
3.247021717257094209e-01
2.749441346872046332e-01
1.956736109107452548e-01
9.966940892699450993e-02
1.022522058037184101e-03
-8.737089716754650737e-02
-1.557278151165397140e-01
-1.984256041901528156e-01
-2.141287698682367291e-01
-2.051575285090096179e-01
-1.763990646245222615e-01
-1.340946088152009941e-01
-8.477010710274120175e-02
-3.445998626320888325e-02
1.174462479227045275e-02
4.987723038400142250e-02
7.710716288255084483e-02
9.169144704960856262e-02
9.295265239279576486e-02
8.131207512086541245e-02
5.834446060398198325e-02
2.678070059412351531e-02
-9.615514355731123730e-03
-4.633871113045200801e-02
-7.859631586515830604e-02
-1.018809492695003649e-01
-1.125820959148468026e-01
-1.085398857367936565e-01
-8.944441906336904335e-02
-5.700577097442716124e-02
-1.485246819488657277e-02
3.185089271720045745e-02
7.704278416167877064e-02
1.145952279245272820e-01
1.392214005815425315e-01
1.473068408860799816e-01
1.375057803072221030e-01
1.109849900411884194e-01
7.127008520615762954e-02
2.372548566505777723e-02
-2.523988514004971151e-02
-6.910781950052868883e-02
-1.021750727415150078e-01
-1.203271216847405789e-01
-1.215638960104911404e-01
-1.062305725856040883e-01
-7.694302932951074814e-02
-3.821943115339419828e-02
4.145801635790050121e-03
4.389222781399508555e-02
7.517731335878875820e-02
9.340765813318592514e-02
9.590290768250700482e-02
8.230388748266304066e-02
5.466401537425390200e-02
1.719615888100407830e-02
-2.430474141865952842e-02
-6.328767987817024432e-02
-9.340499469727045478e-02
-1.094780723134100575e-01
-1.083465843260120604e-01
-8.948105953967722126e-02
-5.524016460144819812e-02
-1.067687442469202747e-02
3.713841039840974634e-02
8.021206368136012121e-02
1.109735213395918602e-01
1.236386203239728532e-01
1.153297739407608269e-01
8.671751352244422284e-02
4.202676621068372753e-02
-1.162145285288269936e-02
-6.541512959531750604e-02
-1.103649209831033401e-01
-1.388336076536988428e-01
-1.458073449348812334e-01
-1.297037809940912167e-01
-9.260167216847804694e-02
-3.987177606823973791e-02
2.071408116050546533e-02
8.023141879778117325e-02
1.299908599032841006e-01
1.628424498494034645e-01
1.742082620880270327e-01
1.627060330632987273e-01
1.302837437131247056e-01
8.185376079056896903e-02
2.449612859572329604e-02
-3.362504780195796350e-02
-8.444774152660143585e-02
-1.211210057469098988e-01
-1.388948121522617374e-01
-1.356985505177003282e-01
-1.123640467449439351e-01
-7.248834341146068172e-02
-2.195904142392649666e-02
3.181584012753026214e-02
8.090846551636031447e-02
1.179982461775342245e-01
1.374714665776626543e-01
1.363059472906262559e-01
1.145661322520802189e-01
7.540119948447418508e-02
2.454040508947006455e-02
-3.061781487046380534e-02
-8.215384927914134994e-02
-1.228146752116236334e-01
-1.470569763354553916e-01
-1.518027358270532812e-01
-1.368213106148473135e-01
-1.047112477118568585e-01
-6.050370688083021864e-02
-1.094249603860113218e-02
3.647652766935284563e-02
7.458994214571858239e-02
9.762513102126844922e-02
1.020713437819031622e-01
8.722480712562068195e-02
5.531748746536684080e-02
1.119846087976734267e-02
-3.839825595203481823e-02
-8.589502450499901520e-02
-1.240513860519830286e-01
-1.470803346209160756e-01
-1.515126970801825568e-01
-1.366827733251356758e-01
-1.047828860794028094e-01
-6.049561913269621560e-02
-1.025561168204333629e-02
3.876629779966435374e-02
7.981239172477674892e-02
1.076285684603301707e-01
1.192916257795658130e-01
1.146123982799425456e-01
9.604273771187399333e-02
6.812236620475706217e-02
3.660105137331646358e-02
7.433930849224522353e-03
-1.414980185584517602e-02
-2.435991535149235887e-02
-2.127415357670008056e-02
-4.980764284658892316e-03
2.253611452363676881e-02
5.772594127433816613e-02
9.596270825933841953e-02
1.321341497204938653e-01
1.612683700291972499e-01
1.791493791608910202e-01
1.828755323223075213e-01
1.712965443434102397e-01
1.452453067569374756e-01
1.074935317934168633e-01
6.241456428356183944e-02
1.540490342106129451e-02
-2.784000777205836163e-02
-6.209331026634225259e-02
-8.331768414687862334e-02
-8.926021498295409751e-02
-7.984777973802183182e-02
-5.732273533840871738e-02
-2.608494728812511126e-02
7.759777567636808038e-03
3.711133329069454811e-02
5.478245248066648809e-02
5.450503341543878888e-02
3.191054062563272731e-02
-1.465221100384118957e-02
-8.358126810637453441e-02
-1.698483715911349723e-01
-2.652320485737941214e-01
-3.589796016890292041e-01
-4.389021192551193495e-01
-4.928629977904602777e-01
-5.105422546514248872e-01
-4.852647371022825173e-01
-4.155966187433337566e-01
-3.063624436204722135e-01
-1.687411524634402915e-01
-1.919870137948345712e-02
1.227754433909915566e-01
2.378654509926847460e-01
3.104873058062457281e-01
3.319168277468201866e-01
3.021849340826149866e-01
2.301946320138997526e-01
1.319797625050974366e-01
2.752708133144735059e-02
-6.306715893595357669e-02
-1.232396389007461568e-01
-1.426786022038076251e-01
-1.186842894370474244e-01
-5.606006542488678468e-02
3.429859900044862631e-02
1.377525319817935467e-01
2.387255827697217225e-01
3.234537108825642493e-01
3.822026122744862642e-01
4.106009560039744488e-01
4.099163160885472834e-01
3.863022990188786920e-01
3.492283937606557309e-01
3.094364379616419414e-01
2.768272778033416537e-01
2.586601499380908331e-01
2.583551944441820902e-01
2.750539957974603711e-01
3.039508066858433444e-01
3.372849197719758885e-01
3.657901622410941189e-01
3.803334217793402638e-01
3.734533546330097153e-01
3.405457463634260495e-01
2.805254551354442460e-01
1.958988658129526272e-01
9.227931981203509049e-02
-2.254122936677943612e-02
-1.397938274257629343e-01
-2.510093119289250607e-01
-3.491769560558971586e-01
-4.296246610586624826e-01
-4.905128718534418897e-01
-5.328945528374141594e-01
-5.603509906601104040e-01
-5.782650869012601058e-01
-5.928417737548949962e-01
-6.100237632307149438e-01
-6.344668107937070367e-01
-6.687257302528222258e-01
-7.127689474010938664e-01
-7.638959853891315044e-01
-8.170784427882743506e-01
-8.656770306524660397e-01
-9.024156622969635722e-01
-9.204439890572096994e-01
-9.143119027665107534e-01
-8.807091255814055719e-01
-8.188692342841216165e-01
-7.305868175646620388e-01
-6.198517752977271700e-01
-4.921687595633705281e-01
-3.536886264601009633e-01
-2.103096183973219568e-01
-6.689768031386097991e-02
7.326255036253200015e-02
2.087222071961202241e-01
3.398093734753068196e-01
4.682815228871811120e-01
5.967569451663630176e-01
7.280264572438048809e-01
8.643564753755182961e-01
1.006879143160417822e+00
1.155139737653801513e+00
1.306851208901444794e+00
1.457890904966350654e+00
1.602554787303179129e+00
1.734053139777143482e+00
1.845194842860588436e+00
1.929177377420494111e+00
1.980382145841465880e+00
1.995063833419721044e+00
1.971817477829236331e+00
1.911722925195297851e+00
1.818117488926169534e+00
1.696021337627373393e+00
1.551304644044448899e+00
1.389723247393509942e+00
1.215968358631422275e+00
1.032885166599330606e+00
8.410067332955163399e-01
6.385081315757583642e-01
4.216120494458592272e-01
1.853931642593348306e-01
-7.513920881584471023e-02
-3.638435223901030913e-01
-6.823232583243142857e-01
-1.029080898084142381e+00
-1.399128897374176228e+00
-1.784162951051707413e+00
-2.173284461766777920e+00
-2.554138160173495375e+00
-2.914249477916247777e+00
-3.242321382333715363e+00
-3.529272816712410332e+00
-3.768855182511906765e+00
-3.957760746032311872e+00
-4.095228835266386369e+00
-4.182244605710656593e+00
-4.220491824588177288e+00
-4.211259343296881674e+00
-4.154515188645117263e+00
-4.048349092005991245e+00
-3.888927537888197783e+00
-3.670998834677484446e+00
-3.388855327311433019e+00
-3.037551974085777484e+00
-2.614125924480536156e+00
-2.118559982320858737e+00
-1.554272131095735254e+00
-9.279922309054406959e-01
-2.490068752676194985e-01
4.721013887596304803e-01
1.224956800029644244e+00
2.000776481452924749e+00
2.793253146794017816e+00
3.598598556002748694e+00
4.414548246944760557e+00
5.238350790577443128e+00
6.064051478165128017e+00
6.879666761892981874e+00
