Filtered Signals
2.686094884696177409e-03
5.072171686755093667e-01
2.986520237758910623e-01
-1.850542673320937637e-01
-2.970956407772613606e-01
-1.079426480300797186e-01
9.409492097691307677e-02
1.637972235586822312e-01
1.391057555545739330e-02
-1.654677703481456374e-01
-7.732570207927239037e-02
1.348345567457431282e-01
1.319342087482393566e-01
-3.925381329248700535e-02
-1.133546344490061752e-01
-2.750153475315847071e-02
1.048267491957566855e-01
1.543969394955314600e-01
3.352961339656936740e-02
-1.679087561529535866e-01
-1.963951554440609704e-01
-8.298145995066674718e-03
1.120455346919338874e-01
5.226438376090117299e-03
-1.278093121777342245e-01
-7.533740643435399287e-02
1.260274959595551469e-01
2.860030551497756424e-01
2.085301117685046945e-01
-7.782173395724727161e-02
-2.394063420380106166e-01
-1.084888262175490309e-01
1.958463130095726423e-02
-7.775379967751094856e-02
-1.538012193763264313e-01
2.229629792281181966e-02
2.311143647737081142e-01
1.823548836975251719e-01
-3.479805481368443421e-02
-1.773213306502114395e-01
-1.678769967470770674e-01
5.975478384303838097e-03
2.627768015111865418e-01
3.056782166051061900e-01
2.439151862115348374e-02
-2.425196114683685344e-01
-2.334332075505325954e-01
-1.151734764608467326e-01
-9.035456328029670137e-02
-7.228977440401031240e-02
8.662497667114595068e-02
2.635154746659610359e-01
1.958912922261135947e-01
-6.630957613192765832e-02
-1.538541832234701645e-01
9.475495636893516149e-02
3.686760960151247990e-01
2.339765168590527689e-01
-3.037266433923480058e-01
-6.796137506155963681e-01
-4.407615565888700626e-01
1.151972308495054498e-01
3.793530983466595896e-01
2.518243328140528092e-01
7.059026334609169728e-02
4.241612846166598061e-02
1.243567967923583234e-01
1.777874297344217980e-01
6.018735804999322814e-02
-1.894876105290272394e-01
-3.249198112323923304e-01
-2.275052757621012778e-01
-2.720410785491764183e-02
1.072049107429919879e-01
7.212329756458787933e-02
-2.884502488024759392e-02
7.013242746177748843e-02
2.295030061120265086e-01
2.449245911776369578e-02
-3.015205826349248719e-01
-1.434909398026977256e-01
3.041975790931653045e-01
4.179572075640813900e-01
1.338837732077345355e-01
-2.497575843383632865e-01
-4.616879501104080852e-01
-2.991908172407414801e-01
4.332562721109206594e-02
1.326050732418104783e-01
2.620661674290774429e-02
7.762271656832861466e-02
2.279682007030405244e-01
2.283312428163928876e-01
9.635655197299453079e-02
-6.709741560776737168e-02
-1.938810851495851306e-01
-1.711165473867167219e-01
-8.009415911679997058e-02
-1.508842401605964834e-01
-2.363937208954034475e-01
3.516247608430077276e-03
3.863540640044327290e-01
4.474813946161512734e-01
1.682721242158083941e-01
-1.293220157223379241e-01
-2.316492889545288258e-01
-1.249287009856874520e-01
3.998835366079242504e-03
-5.820759728853026199e-02
-2.053344468668206746e-01
-1.600452954373774994e-01
5.774774004329252808e-02
2.154924696792191452e-01
2.427336537650106041e-01
1.541044963078185837e-01
-7.707586467914467887e-02
-2.824372151733581804e-01
-1.823378314779846299e-01
1.382699508093735430e-01
3.236983545171502330e-01
2.706537985462390550e-01
1.179048474773338462e-01
-6.528430233267069893e-02
-2.815581390330166300e-01
-5.023318805966330292e-01
-5.850763667936423884e-01
-3.127089700512165615e-01
2.125127761316455421e-01
5.454333620891593792e-01
5.766210055776865850e-01
5.679086300106477303e-01
4.528023738823403477e-01
1.015793453923202749e-02
-5.034777263843375206e-01
-7.019208864377953772e-01
-5.658207620577722086e-01
-2.177241463273922595e-01
1.592058223494461910e-01
2.632874304989533121e-01
1.002596043087206762e-01
4.624479173724119208e-02
1.888660066946472593e-01
2.296962902823768971e-01
9.981604374693156534e-02
2.338322287628177842e-02
4.401394743347020189e-02
2.745978164630998378e-02
-2.630934043453792698e-02
-1.034987180515463817e-01
-3.226254390754410561e-01
-5.551565165397911450e-01
-3.726426018445085919e-01
2.030067198990324617e-01
5.581159127862500569e-01
4.448610877793366392e-01
2.685302061330018808e-01
2.362744441124640660e-01
8.767580834014880586e-02
-2.648863938809331575e-01
-5.404479904282593061e-01
-5.194641391681634746e-01
-2.681349244395123677e-01
1.741755489623941777e-02
2.468975119367224080e-01
4.524606304604682494e-01
5.595310745505877037e-01
3.860773865345179523e-01
-5.092360291869491018e-02
-5.128640698311124346e-01
-7.653275312674496789e-01
-5.640265138857742944e-01
1.818142503031575652e-01
8.965761195852561816e-01
7.561838911765983440e-01
-5.667452601020128711e-02
-5.656483463428285674e-01
-4.882638026197692049e-01
-2.569332079718682493e-01
1.778287630621142035e-02
3.480652283487926657e-01
3.943438997751448349e-01
1.115900106017202048e-01
-6.553940349135674304e-02
-5.198453005536605998e-02
-1.269534207498996814e-01
-2.199150444224736711e-01
-8.709627960113680567e-02
1.239460210937094325e-01
1.330354131919390115e-01
-8.814419563554363318e-03
-7.494580810985668196e-02
-6.423478398649066709e-03
6.851138937615006141e-02
4.560359470864979586e-02
-1.983692161287627792e-02
-4.192253778208790416e-02
-3.055482954434736095e-02
1.867872582684018679e-02
9.634817044994475888e-02
4.855786176845144908e-02
-1.409786771657940141e-01
-1.656434422788982119e-01
7.906736724407176231e-02
2.095990044851216982e-01
4.691445059019208608e-03
-1.832014745072973461e-01
-5.302363786406114748e-02
1.492741164522746189e-01
1.147437495385755513e-01
-6.245773864047658025e-02
-1.570717227050942300e-01
-9.357875858385647505e-02
8.546024673472210620e-02
1.861660784457696560e-01
3.854362265512490532e-02
-1.495223690307975195e-01
-8.437996629885005651e-02
9.166775818983738389e-02
1.012593421249869258e-01
-1.654188960090017396e-02
-1.112863668807415329e-01
-1.063948692615939440e-01
2.597632332510756842e-02
1.271189059028624557e-01
2.974817497271459166e-02
-8.463545915666444153e-02
-1.888215002376673890e-03
1.310869065347372575e-01
1.104323085325144282e-01
-4.098609445529045880e-02
-1.799759090282625207e-01
-1.527731443037439463e-01
2.150363063544688536e-02
9.756779954094860208e-02
-1.413620470728988582e-02
-8.889272861870187170e-02
3.567455817260441892e-02
2.293589436150144101e-01
2.363608388236142777e-01
-2.383169797258120892e-02
-2.854279340297605772e-01
-2.321005852776193978e-01
4.264025823132089332e-02
1.597968028491393855e-01
-1.603137398664600602e-02
-2.091501752998602692e-01
-1.084704821292335752e-01
2.036653656870471563e-01
3.664428052766641186e-01
2.346780679807173031e-01
-2.887945692144205934e-02
-2.622268863607965517e-01
-3.577763789954867546e-01
-2.134438747783795609e-01
4.111867036666622122e-02
1.313956866447156813e-01
1.042513919016409829e-01
1.608519711326866219e-01
1.652044636655295717e-01
-3.092941607101873380e-02
-1.714320158501706770e-01
-5.565023270798860611e-02
1.009367325594962839e-01
7.637013163139516614e-02
-6.023339581126509190e-02
-1.469365121415704412e-01
-1.002310276438133363e-01
5.397873599254403298e-02
1.470778443059570506e-01
3.887867259354036570e-02
-1.117038670261613909e-01
-5.535716845889217252e-02
1.102665465828005786e-01
1.255359677920781791e-01
1.557774323552484769e-03
-1.106453883533036198e-01
-1.429980718270520423e-01
-4.109981292078697390e-02
1.134646964992136603e-01
7.131436663754223138e-02
-1.237569368446741203e-01
-9.458700676403991592e-02
1.909179989730140081e-01
3.067313493105093825e-01
7.842010893622654299e-02
-1.950702338659199009e-01
-2.705538964940794044e-01
-1.879313645297562285e-01
-2.677719475315711029e-02
1.326153154494440212e-01
1.502750325528630082e-01
3.756165802971436762e-02
-2.545423776571346941e-03
6.802931485748407725e-02
4.865789077051439759e-02
-8.622981833523124529e-02
-1.083976663205058477e-01
1.963171773567386202e-02
8.124982994682891646e-02
9.854550483340392131e-03
-7.848168482398258650e-02
-1.072947436894401280e-01
-1.404126159465090076e-02
1.640199595848332859e-01
1.736835614444119935e-01
-5.852191502263755229e-02
-2.065917309659246193e-01
-8.244540500794815541e-02
8.075794335261660128e-02
7.353550498471969621e-02
-1.678157602942672438e-02
-2.191002976273309644e-02
7.017590551549379718e-02
9.920653808303041277e-02
-2.802353824499601714e-02
-1.451588699416735129e-01
-8.012394498895886175e-02
6.177566788797442254e-02
1.066902056186808667e-01
4.842833180694540440e-02
-5.686598354031003472e-02
-1.302604129999026250e-01
-5.066669579331715273e-02
1.161658397991035263e-01
1.130448944668586975e-01
-5.798309600346737008e-02
-9.648671173203450524e-02
5.000728216771754137e-02
1.146374643991787123e-01
9.977436185427032353e-03
-8.918656475072436751e-02
-8.092067537320725423e-02
-1.331221546363424088e-02
4.379718962941310523e-02
4.215537585592995379e-02
-2.261918004263497109e-02
-7.429889946322966454e-02
-1.159950810439990335e-02
1.297559263474043767e-01
1.462291155053810909e-01
-4.142085446831821061e-02
-1.874502055520636534e-01
-7.172534366931222760e-02
1.217947239581908814e-01
9.453054426612346461e-02
-8.297403480275980514e-02
-1.174191701721040287e-01
1.802595003264368528e-02
9.822317329837981781e-02
4.869305178028544845e-02
-2.368338448929541151e-02
-5.968900484738756673e-02
-2.684089552514349469e-02
7.429475521183064035e-02
8.428074814207536791e-02
-7.675150995118029673e-02
-1.672588241653082397e-01
-7.260869288692604201e-03
1.802623557459906989e-01
1.391932194322117455e-01
-4.815853291216826843e-02
-1.585080370302456854e-01
-9.505821282212534307e-02
7.572494695398428177e-02
1.388198765621348751e-01
-6.180465953232879700e-02
-2.668591099173234227e-01
-4.865387551378651254e-02
3.941406464767981954e-01
3.668035755990995961e-01
-1.602712371024089810e-01
-4.307616210568496751e-01
-1.378972735853746245e-01
1.972090627254490525e-01
1.394637539401383242e-01
-1.716735717653844195e-01
-3.110931048346344263e-01
2.164595828960981516e-02
5.327170063334116801e-01
5.032862545291114653e-01
-1.025389561796699739e-01
-4.747279980383032338e-01
-2.692940760947358791e-01
7.985123079055328477e-03
2.422337862953242993e-02
-4.961007629249727935e-02
-5.218058021896379572e-02
6.308700419620083544e-02
2.447206217773408299e-01
2.263071891234443855e-01
-6.349954112992055311e-02
-2.140146726845789660e-01
-2.143478097288425283e-02
1.391247313196676827e-01
3.467719511962781553e-02
-1.149028954838591521e-01
-1.286199966624609059e-01
4.104201741659430080e-03
1.692708331443649739e-01
6.528668471758833358e-02
-2.828183936701552659e-01
-3.116143956801809001e-01
1.118356255197069660e-01
3.873883506230159646e-01
2.382930352656266459e-01
2.947500470775465953e-03
-1.039148697690975565e-01
-1.344767079631810358e-01
-9.421903970030166831e-02
7.507376326873052563e-03
5.350063569838677674e-02
-2.154828436849881221e-02
-8.999893231858227538e-02
-3.003678659863377037e-02
2.969228237527556102e-02
-1.897426792095918691e-02
1.695185725072441418e-03
1.533381145605802742e-01
1.803481095600009687e-01
5.343260737011232275e-03
-1.341517662088288487e-01
-1.142544887175548501e-01
-2.896793575134666565e-02
1.879018502239890309e-02
-7.883272774751110684e-03
-6.399524424640376519e-02
-6.308709693268912955e-02
1.500004107745994339e-02
1.383967745241545533e-01
2.224714079976426728e-01
9.773576068204051226e-02
-1.953178583111724043e-01
-2.686688409821120782e-01
-6.628796971608993949e-03
1.628987543492916024e-01
3.081160314577129078e-02
-9.861664991623855792e-02
-3.696516825275579510e-02
9.663551191714828126e-02
1.435103956872937903e-01
6.292241655009370160e-04
-1.719727968019860720e-01
-5.399201659423691346e-02
1.916660916411415394e-01
9.948709079155672319e-02
-2.157271246487417471e-01
-2.742774303185971929e-01
-4.856102520031366221e-02
1.795385057346292057e-01
2.625251284660810591e-01
1.523830120333642957e-01
-3.718627450596431738e-02
-5.508985890316732414e-02
3.014694827843380359e-02
-8.466418844409782929e-02
-2.781373478756484774e-01
-1.910486381711592463e-01
6.818572757577945342e-02
1.753468711256166157e-01
1.460434156301790021e-01
8.028248346721930662e-02
-3.850818665841725108e-02
-7.413852728099164235e-02
7.946177027792697412e-02
1.791803280643237684e-01
1.172182626964576174e-02
-2.317827189964788148e-01
-2.610279571110986629e-01
-6.636948396635207470e-02
1.410883950858137781e-01
1.814354875099552511e-01
4.194087628325009892e-02
-1.072249370540901414e-01
-5.366294682792802778e-02
1.352489577805825183e-01
1.241520852639984018e-01
-1.117943482768981589e-01
-1.618283457172405293e-01
7.272874751582775188e-02
1.754180403453056980e-01
-1.846081765324143753e-03
-1.425991831570699309e-01
-1.034956526964955770e-01
-1.789875527811104344e-02
3.306677894656207678e-02
-1.969992426226023496e-03
-9.407358667856223489e-02
-1.360890428367286450e-02
2.665235039311413257e-01
3.466689658749798619e-01
2.164672521164018315e-02
-3.230047015790623588e-01
-2.936554089933708922e-01
-2.560157204155213972e-02
1.248121493172322516e-01
5.642852457540217109e-02
-7.652449890678035549e-02
-9.285758061494150950e-02
4.267947394683015150e-02
1.773682830615890826e-01
1.498203700973136931e-01
4.150805343423463745e-04
-8.663458520335315383e-02
-3.166733656030126104e-02
2.867610082771653024e-02
-4.963416071398957935e-02
-1.602372407890228223e-01
-9.666472446450574685e-02
9.329863449099663752e-02
1.610237679361917473e-01
2.895539347057527954e-02
-9.908575362440463774e-02
-3.203526388071180342e-02
1.174343875883460675e-01
1.045954564273924581e-01
-4.866607364193245577e-02
-1.200448935623034674e-01
-5.863625773084368831e-02
1.533535758573849328e-02
3.632068504234207962e-02
1.188362181970766158e-02
-3.126367036073779415e-02
-3.498781552670532369e-02
3.329274085683621431e-02
9.746373636543848029e-02
5.171056789118723407e-02
-7.142009438985706671e-02
-1.076736476547315857e-01
1.741946478522371153e-02
1.376746418625300339e-01
5.318276593329068075e-02
-1.360056915301324221e-01
-1.527950775073351197e-01
2.028332597242291091e-02
1.410414020336621943e-01
8.318142524268300197e-02
-5.665679967022517471e-02
-1.203121573751858020e-01
-2.919723924201615695e-02
1.204243335905384599e-01
1.331342647210642105e-01
-2.244650687786973325e-02
-1.416248500280163081e-01
-6.064072863138382508e-02
9.368976703527505390e-02
7.316241289967045924e-02
-9.276108164314122995e-02
-1.202448917159676806e-01
4.565190451699569635e-02
1.296297079194423940e-01
8.055231290272914582e-03
-1.023860077672624352e-01
-3.310592375669012266e-02
9.830021844531777742e-02
1.111855217046892885e-01
-9.905373324124236434e-04
-1.107449091751741554e-01
-1.125830892489921575e-01
-4.983637133064617447e-03
1.045696085365928479e-01
8.336025798746740656e-02
-5.656186777956036943e-02
-1.296265592974924774e-01
-1.774304547185702463e-02
1.289267313779485225e-01
8.495317142101824204e-02
-8.183634474495887767e-02
-9.533009664216826606e-02
5.957608216106454607e-02
1.289800682564193335e-01
3.576637244978501939e-02
-7.670920216029361582e-02
-1.220382917090137020e-01
-8.067660558221062539e-02
2.899818877273126205e-02
8.457918696819863302e-02
2.757347106399778147e-02
-2.036967106804205702e-02
1.555897309696800505e-02
5.416358348010285456e-02
2.091773381160275114e-02
-5.566419364333285297e-02
-7.397344732489211094e-02
1.734941271860546141e-02
9.967698232808819281e-02
3.941182260093346185e-02
-8.292058188406870034e-02
-1.028092297736822591e-01
-1.362589995601595771e-02
7.598552469925579089e-02
7.633751560478876930e-02
-2.911518716598567036e-02
-1.218123241293129766e-01
-4.861889045659170683e-02
1.117232362849380489e-01
1.248693160487688719e-01
-6.246291772089213046e-03
-5.143050262846913384e-02
4.150768728596043733e-02
9.308046442109738083e-02
9.502006253187804397e-03
-1.389367844759157866e-01
-2.523054115334713576e-01
-1.983189710150757290e-01
8.327669202081841582e-02
3.358071317213764395e-01
2.335064564329418779e-01
-7.582567388374819584e-02
-1.505511390392061943e-01
4.459426829897020911e-02
1.230791045662038979e-01
-5.238188472011839208e-02
-1.904337412418435904e-01
-9.982840906355655575e-02
6.688611461014355719e-02
1.104309329021031238e-01
-2.994498450794382677e-03
-1.302278568789644597e-01
-7.006335513165574957e-02
1.308728661967039630e-01
1.833798397356981302e-01
2.125235918919234773e-02
-9.933807387511275899e-02
-4.298357837225334765e-02
4.371694231794790581e-02
3.286385790090259884e-02
-3.766379540642350587e-02
-9.052847717679521344e-02
-6.174619641900531281e-02
4.564544532214978578e-02
6.683326056779491375e-02
-8.408267275879557912e-02
-1.581157597483441313e-01
3.965471181142998791e-02
2.605799775898560711e-01
2.200074367889097715e-01
2.096518594963978077e-02
-1.188839732764630508e-01
-1.525346451182137686e-01
-1.026365031558597596e-01
-2.915993862110195095e-02
-3.274659370076883624e-02
-7.769126414081169163e-02
-1.514515509775649429e-02
1.383259709728882902e-01
1.868583720495782252e-01
5.925687273921490666e-02
-6.305986678688782487e-02
-2.221784774682807051e-02
5.776596686036660627e-02
-5.871635180822648570e-03
-1.338629264939911745e-01
-1.507742879252919332e-01
-5.477850970570611461e-02
7.288236058345043400e-02
1.465382263474191982e-01
6.926636990695611562e-02
-6.281757459520270759e-02
-2.198495758902783634e-02
1.096856159035897171e-01
6.120412926367330142e-02
-1.020595801527695856e-01
-1.353381877493612939e-01
-4.622591603829258322e-02
3.763287290646832178e-02
6.852750368445365003e-02
1.994339225540919108e-02
-5.276098183486816612e-02
-2.561969855527763615e-02
7.667815575657005445e-02
1.148153321589388820e-01
3.744715498862568465e-02
-9.186649233565306882e-02
-1.366443566471318427e-01
-2.067159977033221352e-02
1.022202379711835141e-01
4.369437352900074067e-02
-9.224736650370615743e-02
-7.693636126182211432e-02
6.135215950517818040e-02
1.102407513122902194e-01
1.481876898084285611e-02
-7.979511542265996238e-02
-5.328239837138958740e-02
5.347323313101440267e-02
9.246982247084123419e-02
-7.576864069629579007e-03
-1.085956923682334374e-01
-4.835005594868507783e-02
7.735197049148111181e-02
6.989521156708455862e-02
-3.455013935749292470e-02
-7.387776116532623893e-02
-2.514339592353460884e-02
5.139347731497018179e-02
8.852747400678370737e-02
1.685069147063100389e-03
-1.392853727698976640e-01
-1.060794461605142625e-01
1.007955602142386331e-01
1.822709606345642719e-01
1.948072313072869016e-02
-1.336542274572879441e-01
-6.814483550114266985e-02
8.069832355452491446e-02
9.522520352081378925e-02
-9.940623083177866498e-03
-9.026616744477758414e-02
-8.274866717471085487e-02
-7.186623561434256346e-03
5.120301885391357471e-02
-1.216629181644989649e-02
-1.120397981446518004e-01
-3.513763173957024782e-02
1.633461933238889718e-01
2.081657804082219787e-01
5.448596877712073849e-02
-8.730140361454999387e-02
-6.417296065840101538e-02
6.121976605438060604e-02
7.324268380714672733e-02
-9.730918935658020019e-02
-2.568854550300083139e-01
-2.945236396950793312e-01
-2.274693934826444719e-01
5.556520447121135464e-02
4.726857344952310469e-01
5.616313337185093735e-01
2.095202301940664591e-01
-1.091127558307304346e-01
-1.604777309060292645e-01
-1.889345251550464955e-01
-2.693352843783771156e-01
-2.105237253160434086e-01
-2.041291170238307418e-02
9.297678709440142242e-02
6.210190042670205718e-02
-5.149980231724223326e-03
-1.195179834203520530e-02
6.203358449369177074e-02
1.604190810497121145e-01
1.596326724783003193e-01
4.669774848761804042e-02
9.253795683090981772e-04
7.841663666882320305e-02
6.581395451919710982e-02
-1.504647785263830417e-01
-3.858766959051392331e-01
-4.015435230044556159e-01
-1.293797989113171232e-01
2.357589842203044739e-01
3.630577790709214048e-01
2.098253391845368854e-01
7.587118400940412455e-02
8.527086387962229397e-02
4.972158037184041396e-02
-1.031923814688291280e-01
-2.098204846135976465e-01
-1.605002606181757940e-01
-2.521623381029028388e-02
6.861057361624106621e-02
6.140270531101296031e-02
-7.924072295474381827e-03
-4.276104859250087070e-02
2.287620370459929331e-02
1.204009870074912447e-01
9.117188650485170964e-02
-7.968352923887263295e-02
-1.940154915597392393e-01
-1.098408275721068778e-01
5.315578535855996350e-02
8.777497646523843566e-02
-5.935011560129759001e-03
-2.109064071028782239e-02
1.396234791016295052e-01
2.737105312992419992e-01
1.685495073806067001e-01
-3.505627995694375609e-02
-4.936742131146552859e-02
9.144774338806055392e-02
6.116659697911730476e-02
-3.172474336075367662e-01
-8.135245274523813519e-01
-9.740561509550740293e-01
-5.861002202726945942e-01
8.633029856998739038e-02
6.332653173372621014e-01
9.756199440670447753e-01
