1.947074700325474339e+01
1.891740296071803229e+01
1.882110133152787057e+01
1.869515958384764431e+01
1.863404302019315395e+01
1.866530747189773010e+01
1.867318356784028666e+01
1.873994820472302791e+01
1.872366269053797438e+01
1.866883842944996275e+01
1.869061456390684128e+01
1.870839772175371962e+01
1.867209653092006150e+01
1.871700250517373121e+01
1.863687294188085275e+01
1.870001737393041807e+01
1.866683836627819559e+01
1.867983341478444004e+01
1.865478113047173636e+01
1.866119707532732619e+01
1.855505917723528952e+01
1.863475532981924587e+01
1.865796862794772792e+01
1.865364688825874850e+01
1.860554502672430388e+01
1.858525718914540192e+01
1.862981704943558015e+01
1.859219787295455006e+01
1.865710746505866169e+01
1.853894931838692983e+01
1.847616564344466283e+01
1.855958714359263340e+01
1.867014335021288574e+01
1.879158157175821486e+01
1.896424445634104572e+01
1.898331121339620964e+01
1.903326500732064375e+01
1.900087432968057755e+01
1.896955794090489178e+01
1.891587057010785955e+01
1.886539374145102244e+01
1.885886520927166998e+01
1.885156536713434861e+01
1.879158113937230468e+01
1.855976310122038697e+01
1.860269190948084628e+01
1.862641477077855257e+01
1.857623610796098745e+01
1.842345276872964277e+01
1.849080615503725866e+01
1.854968101314035422e+01
1.862731553409661345e+01
1.870777118824279839e+01
1.866175654426047714e+01
1.871345802919707779e+01
1.878468833440751595e+01
1.882574787568385588e+01
1.873348332992432219e+01
1.852320195042665674e+01
1.844418746843182788e+01
1.853237006024711420e+01
1.874464637399346856e+01
1.886509006839418134e+01
1.889530029154519042e+01
1.890598867008362660e+01
1.885196930719418162e+01
1.880892461075608679e+01
1.881773302596668174e+01
1.876687345185120037e+01
1.870231364703835553e+01
1.860130577185866230e+01
1.861430309878743117e+01
1.873844574523851136e+01
1.875263530775671228e+01
1.888177848004038140e+01
1.877243438292022759e+01
1.885226835421388003e+01
1.894120677442204936e+01
1.895350941445128967e+01
1.886271876532156710e+01
1.888240827845719849e+01
1.901360624985159120e+01
1.889456697149004683e+01
1.887762197241858786e+01
1.873943978093998197e+01
1.857027540360873630e+01
1.862278765944299863e+01
1.867448868798333450e+01
1.873512569369210112e+01
1.866519661889011417e+01
1.875084411313308763e+01
1.874192145435567269e+01
1.876764098663479174e+01
1.879433900164563909e+01
1.874697354980330744e+01
1.877129611319842795e+01
1.875827958863517253e+01
1.877705393472426465e+01
1.888940574226574753e+01
1.880197674164903177e+01
1.893337736880466338e+01
1.894596566425753892e+01
1.899596163553760775e+01
1.896241905389090121e+01
1.894590858031625302e+01
1.892242688744838830e+01
1.892034891124410834e+01
1.900353861567649361e+01
1.898970363451086740e+01
1.901443087695329126e+01
1.899408183250308824e+01
1.906029936156129168e+01
1.910653899240855935e+01
1.904784617677746184e+01
1.889326786688488724e+01
1.852251628400164662e+01
1.812602757050714430e+01
1.815436241610738222e+01
1.843214450165348239e+01
1.847747324346841680e+01
1.826629580873922620e+01
1.788392197125256544e+01
1.774484466921250814e+01
1.775815440091788133e+01
1.786387467103218185e+01
1.792062975468857999e+01
1.839627137946306235e+01
1.895719427543062707e+01
1.916021941854086563e+01
1.923263881167863687e+01
1.915825393018337408e+01
1.902547099380791451e+01
1.871322732983839643e+01
1.883382859299089773e+01
1.905931107900540056e+01
1.905869753684532597e+01
1.920188644544284173e+01
1.924374242504083909e+01
1.928578362636177346e+01
1.919324083197954423e+01
1.919424556173644447e+01
1.914295591129075191e+01
1.901408598759592294e+01
1.878600737547395383e+01
1.858637284701114467e+01
1.848391035588003461e+01
1.840300310666206585e+01
1.844198758987491615e+01
1.844664667593066554e+01
1.841765167492275168e+01
1.831343826546698139e+01
1.825532259183060191e+01
1.850112379753663561e+01
1.867809686161377769e+01
1.871227004437551145e+01
1.871543556452320445e+01
1.866561160567095357e+01
1.858687776734200980e+01
1.847630518471824956e+01
1.839896527937456838e+01
1.840163632173311825e+01
1.843182178352312306e+01
1.861190900981266694e+01
1.872386956521739165e+01
1.888456696043999727e+01
1.889007893030431617e+01
1.874064679771718289e+01
1.858159912376779843e+01
1.838807424483684727e+01
1.832863415213005709e+01
1.845819272590926374e+01
1.867528204179766860e+01
1.902772218684617656e+01
1.901643915712775623e+01
1.868627266083594662e+01
1.849060316835580053e+01
1.850292119054186202e+01
1.856931674348625450e+01
1.874499446392323421e+01
1.897406054044300205e+01
1.906041207782672586e+01
1.882781896393922949e+01
1.876489479774246050e+01
1.868994125404627837e+01
1.873499939925507718e+01
1.867952818872451104e+01
1.873706086533572091e+01
1.874009567297238377e+01
1.876485907877022186e+01
1.866809025866813343e+01
1.866728285028938572e+01
1.868422898989234682e+01
1.872715461238631462e+01
1.874294456918945073e+01
1.873603607528755788e+01
1.875129648019419548e+01
1.874108048511576641e+01
1.874465947315538727e+01
1.880463619937420106e+01
1.879057264594998600e+01
1.876450654637474003e+01
1.873928454217262640e+01
1.880669031710448991e+01
1.884477936606587889e+01
1.881264357660364084e+01
1.877024797025237035e+01
1.874499524409936413e+01
1.881774253772320904e+01
1.882704679651008917e+01
1.879774011299435088e+01
1.879103948214325470e+01
1.878837209302325562e+01
1.880503366817529454e+01
1.887628278221208689e+01
1.887280282660385566e+01
1.876387413701539941e+01
1.878685324501568132e+01
1.885599630590615305e+01
1.881612035599483690e+01
1.881271896758170925e+01
1.877117267418887536e+01
1.875287281557607955e+01
1.875549629244178362e+01
1.881093767055998356e+01
1.882175805047867811e+01
1.879060317181390616e+01
1.873973206416358295e+01
1.886122125297383079e+01
1.874600645949720601e+01
1.885347448787091906e+01
1.874834364442104473e+01
1.876127898033183428e+01
1.879479339564951701e+01
1.881731318367526029e+01
1.881899213771051649e+01
1.875569120920290089e+01
1.872721193071624413e+01
1.868987775493511805e+01
1.860055228196821275e+01
1.856433646171388219e+01
1.838242368582174535e+01
1.841163744021862669e+01
1.857258179063491355e+01
1.876998699219531730e+01
1.910889312239432414e+01
1.901777740567090902e+01
1.902690774487471614e+01
1.907661208225473359e+01
1.900371810038870990e+01
1.903333427657828381e+01
1.886745421046927618e+01
1.874560194568301696e+01
1.824560636080590825e+01
1.789001614574547361e+01
1.804894592550576604e+01
1.817247775351599870e+01
1.824696394242040398e+01
1.839444571428571606e+01
1.855937999145125872e+01
1.861246100443780449e+01
1.865814995216143402e+01
1.876465785466822567e+01
1.878945886226766504e+01
1.886117591152583373e+01
1.885540265697347095e+01
1.883309461805555785e+01
1.885056996171249821e+01
1.889750818676671429e+01
1.888505206440163420e+01
1.888690630118093239e+01
1.884882493591538832e+01
1.885322412896515942e+01
1.890735438749863562e+01
1.886948143336580941e+01
1.889184431420536114e+01
1.884214411324113669e+01
1.884883168487884930e+01
1.880943859951707253e+01
1.890471409864688113e+01
1.888360121633362354e+01
1.884092439347537962e+01
1.879453203983738163e+01
1.878171078538612804e+01
1.881051696879128698e+01
1.881269184717535836e+01
1.868248465927441160e+01
1.867128874388254189e+01
1.866675270482458870e+01
1.868012137011474749e+01
1.881832765630150561e+01
1.886376426276725482e+01
1.881771014998255964e+01
1.881548527808069693e+01
1.883063838949294677e+01
1.895541857487031479e+01
1.888319920387677442e+01
1.891483522467382272e+01
1.887745422693187081e+01
1.894865756005652457e+01
1.894064698210429398e+01
1.892211071269440481e+01
1.892668533920591756e+01
1.892974699610763167e+01
1.900749709164548307e+01
1.909745172421183668e+01
1.902808243689872114e+01
1.908925911160536160e+01
1.911758452495101679e+01
1.922911045575285982e+01
1.941604989604989484e+01
1.956336090981873355e+01
1.967574471508739720e+01
1.974783920976814500e+01
1.983903490206641962e+01
1.987443750356010597e+01
1.993612289133917415e+01
1.998025141468231425e+01
2.000962268448223824e+01
2.004949012472042114e+01
2.010878810018921570e+01
2.013613222026728522e+01
2.007986219855934706e+01
2.012728776185225854e+01
2.022637342580762976e+01
2.025702479338843176e+01
2.021043951064793731e+01
2.023218657389511677e+01
2.025883873349949127e+01
2.029518404231870932e+01
2.018490751887928170e+01
2.028560260586319330e+01
2.022948356459152564e+01
2.028312760261749048e+01
2.026995837359696750e+01
2.034365157755455655e+01
2.037638837122623769e+01
2.042682562224381471e+01
2.039705284928167828e+01
2.043496253215523950e+01
2.046044920972363457e+01
2.043779342723004788e+01
2.032542155425219832e+01
2.031840164317057074e+01
2.032455214029794632e+01
2.027771773138404043e+01
2.024421929741501813e+01
2.020123727723334284e+01
2.020235697208155301e+01
2.024106482622627823e+01
2.027463362989654172e+01
2.027628050038448038e+01
2.028228646765231957e+01
2.020396536861437298e+01
2.020731363217396037e+01
2.023694374475230973e+01
2.024936232924594037e+01
2.015068671847338067e+01
2.022905973264143142e+01
2.023183351868956237e+01
2.024708544911660013e+01
2.023670743179680187e+01
2.021724867926687352e+01
2.012404634077423182e+01
2.026129606484111889e+01
2.026882370728757365e+01
2.022141512984569189e+01
2.025061983471074711e+01
2.016407517832207574e+01
2.027474573018614379e+01
2.006062093045201422e+01
1.958932026070133858e+01
1.954255597503083663e+01
1.968355948721793425e+01
1.988887035801645453e+01
1.960870623934665957e+01
1.954804605335990075e+01
1.943452152102670993e+01
1.983395293471293641e+01
2.043341940918997324e+01
2.069894102714683370e+01
2.047694017061825633e+01
2.035502348493527336e+01
2.027712212285588578e+01
2.036805947847003040e+01
2.037366850528980677e+01
2.035480772715740372e+01
2.046747878255779796e+01
2.037462925777867895e+01
2.047064283195040346e+01
2.046266811800084895e+01
2.033656061042326613e+01
2.026335571904447974e+01
2.024205619161590874e+01
2.028513506207990247e+01
2.019415304052296634e+01
2.012156365594012186e+01
2.010466249130132255e+01
2.003447552080600147e+01
2.009064753249942825e+01
2.013453580346073934e+01
2.003416824772414984e+01
2.006578030250226519e+01
2.033583690987124371e+01
2.045737355443620586e+01
2.042012283103333559e+01
2.043623391985805071e+01
2.035445671015418512e+01
2.030939867338431881e+01
2.034375852846460120e+01
2.034586657459065506e+01
2.038464365112903209e+01
2.041272418628681251e+01
2.028312450985756143e+01
2.026639277209184087e+01
2.034430186997455792e+01
2.029555316544894694e+01
2.036334551237150592e+01
2.035060245543350277e+01
2.032350533909434986e+01
2.026127390441974185e+01
2.021125518380214459e+01
2.023211071107110826e+01
2.021568517164445211e+01
2.020155499062922999e+01
2.017647821336641911e+01
2.020192722296169663e+01
2.023942837725590849e+01
2.028905591063295333e+01
2.034119615066536468e+01
2.038357154774484314e+01
2.039617384843981895e+01
2.024540380827314578e+01
2.013105305001445799e+01
2.017621627537897311e+01
2.028566654909313627e+01
2.019151140598018657e+01
2.016627887803895192e+01
2.020838912018781386e+01
2.012772688207435223e+01
2.015496149452816965e+01
2.013556604121355065e+01
2.009314513183843331e+01
2.005244201909959045e+01
2.017253805986614879e+01
2.011565968387318648e+01
1.998988754095457310e+01
2.006943294892310092e+01
2.005452863354611992e+01
2.014386283638015129e+01
2.012930787315786674e+01
2.012380897934293955e+01
2.004716620106387381e+01
1.999478378902462694e+01
1.996974275454741843e+01
1.985085375329277824e+01
1.978599523467342536e+01
1.982085311671719907e+01
1.996767158187292779e+01
2.007170505499558999e+01
2.009789310929378914e+01
2.013007824961063008e+01
2.007880730162299798e+01
2.002632076899788061e+01
2.002346608432465658e+01
2.004376265379224265e+01
1.990648167967153981e+01
1.988419067080598879e+01
1.974745954083552846e+01
1.981414631394889625e+01
1.990914782212778888e+01
1.993943132530120721e+01
1.997736530627929952e+01
1.987907250336805731e+01
1.989248276783839131e+01
1.995403953175974010e+01
2.002768119301499183e+01
1.997814863500409643e+01
1.993879147507202987e+01
2.005039439933656098e+01
2.009875613242167702e+01
2.007013312753231560e+01
2.002868343053829392e+01
2.006688252160174812e+01
1.996726588235294031e+01
2.001122099657664322e+01
1.998227111211915030e+01
1.998750762892889909e+01
1.996711927582534685e+01
2.007283312769895289e+01
2.005316213108470436e+01
1.997717714349800744e+01
1.989551222309842871e+01
1.989570915619389524e+01
1.998587714202730226e+01
2.005155570001986121e+01
2.011960959885386657e+01
2.015074654042243196e+01
2.011883332445722772e+01
2.018990081154192850e+01
2.026497241566428187e+01
2.028648169584720051e+01
2.029483155089973323e+01
2.022044967880085764e+01
2.021004855776199705e+01
2.017743670659111999e+01
2.020265371359179696e+01
2.016318507532031390e+01
2.016090860118513106e+01
2.021023401272511677e+01
2.021292959716022253e+01
2.019175848786168714e+01
2.020896610591456977e+01
2.021666280871067300e+01
2.021129748485338951e+01
2.021275359256128468e+01
2.020019878635698163e+01
2.023632993512511291e+01
2.026093567665051864e+01
2.020291059555807323e+01
2.029764366901769534e+01
2.027935380101454754e+01
2.033007756902932073e+01
2.029319765671187170e+01
2.026037534465890033e+01
2.033739519681682495e+01
2.026907552997332473e+01
2.027931465600732608e+01
2.020873743685424273e+01
2.022952686250810217e+01
2.031918446872172979e+01
2.028124833950300143e+01
2.020811696232530608e+01
2.023136403127714900e+01
2.024303589528502911e+01
2.029046489729013203e+01
2.024337036452026339e+01
2.026706687142258900e+01
2.023298111900225393e+01
2.020759773831549566e+01
2.028220347807976864e+01
2.030728490757953253e+01
2.030104264741779119e+01
2.027639702667249821e+01
2.022530630899854032e+01
2.026303032416691252e+01
2.026015284420833140e+01
2.022595254332126657e+01
2.024652923119855075e+01
2.026609659706921107e+01
2.026190476190476275e+01
2.026016644765659436e+01
2.024775411237287770e+01
2.028817986093954318e+01
2.026551681828539486e+01
2.027308970099667462e+01
2.031502717867789087e+01
2.024046589942543761e+01
2.028553145982714057e+01
2.024633246489832317e+01
2.028322124202987098e+01
2.032455616101248097e+01
2.026388426712436797e+01
2.028415550588690763e+01
2.027279704179166941e+01
2.031526773808688091e+01
2.030121202526078861e+01
2.029853979884804360e+01
2.031185049494487060e+01
2.030812851123595664e+01
2.035537699776215348e+01
2.029813523081776339e+01
2.033560635276794315e+01
2.032569114280683209e+01
2.031214463006319804e+01
2.035566848281643004e+01
2.036765295625338013e+01
2.037750482540796781e+01
2.040760946079121396e+01
2.034987275120667150e+01
2.038623148276339592e+01
2.039538586683743304e+01
2.045830419580419601e+01
2.035367837978189343e+01
2.041748202700333081e+01
2.031259179900122902e+01
2.044097222222222143e+01
2.038103118374101186e+01
2.040963418425506859e+01
2.039010884093946885e+01
2.042225040271446446e+01
2.045005031402893891e+01
2.046595124995666026e+01
2.045277180468873013e+01
2.040646372766896022e+01
2.052743350508285758e+01
2.048799248224975500e+01
2.047452361226180528e+01
2.048929107997624044e+01
2.041368969785728282e+01
2.047093577282256405e+01
2.041424048454814510e+01
2.041727439256212762e+01
2.037798254290523303e+01
2.045861548717588718e+01
2.051892966913758798e+01
2.071581825431484702e+01
2.070836865005368210e+01
2.064328705860430446e+01
2.049857555128015463e+01
2.054844576719576565e+01
2.056791390910590778e+01
2.054025539345872531e+01
2.047760278544496870e+01
2.045460001091127111e+01
2.039671541297803614e+01
2.040485670217726621e+01
2.047322961276449504e+01
2.036001956628077636e+01
2.032773566428493695e+01
2.042742798126221970e+01
2.046377644680969610e+01
2.037926567473536110e+01
2.042491947725001111e+01
2.034686955724630764e+01
2.041127996182505555e+01
2.040889996181054400e+01
2.045008512897497255e+01
2.042796953193994725e+01
2.041527077274233193e+01
2.040840780594565018e+01
2.049541484319671625e+01
2.044396426496222929e+01
2.047001673822865797e+01
2.046777668236754977e+01
2.053342475772536346e+01
2.053698857586312698e+01
2.050264004693416808e+01
2.042895964094112671e+01
2.043236803840157023e+01
2.038618663751878657e+01
2.045851089630322406e+01
2.048156805707062844e+01
2.042256967341130647e+01
2.047774979009236063e+01
2.051397265955791838e+01
2.056036086636009586e+01
2.051469998080714419e+01
2.055752289729427673e+01
2.054337454292181775e+01
2.056641468682505547e+01
2.054082639477920580e+01
2.052352910521652873e+01
2.055214521452145249e+01
2.052086480854389094e+01
2.057247187085051010e+01
2.058226852418325947e+01
2.060744177902293828e+01
2.051064797802159489e+01
2.053278989626882378e+01
2.053245183887915815e+01
2.053649037550190570e+01
2.054295803620405891e+01
2.053163412556287781e+01
2.054564116838607291e+01
2.051730073723744496e+01
2.058447711279871939e+01
2.059012651169274477e+01
2.055656848588180097e+01
2.055921706819252393e+01
2.058384930670620250e+01
2.054908857776545617e+01
2.060119833275442858e+01
2.062144613360113610e+01
2.051508687424737687e+01
2.058357168547793137e+01
2.054518373110169804e+01
2.062863616557734048e+01
2.054643030261062364e+01
2.056671640755136110e+01
2.061637609506461999e+01
2.064002224230208071e+01
2.066084462982272996e+01
2.065765954110698743e+01
2.065113242692756401e+01
2.066937824824876913e+01
2.070920733817930071e+01
2.067528795448237844e+01
2.067803300352988316e+01
2.061530409295509259e+01
2.066954685099846500e+01
2.063600061963200716e+01
2.063197987159465541e+01
2.059221658206429950e+01
2.059633397649535169e+01
2.057495979302146694e+01
2.059798811633482529e+01
2.067040463832520558e+01
2.054733897451045266e+01
2.058522008765395483e+01
2.066059213618088108e+01
2.070983159248509864e+01
2.067268544339096437e+01
2.064579018537219923e+01
2.060401788809540236e+01
2.064870623002645900e+01
2.063503446355218074e+01
2.062884562084257212e+01
2.060102935569958049e+01
2.059685891283483272e+01
2.061627725451423387e+01
2.064071040606948770e+01
2.062837369041837121e+01
2.065736490087859423e+01
2.062280031932247937e+01
2.066956506433386664e+01
2.068487365628926611e+01
2.059262963665522861e+01
2.063307905686546562e+01
2.059079661832428343e+01
2.062654406183148126e+01
2.065846293484142393e+01
2.063102660552034351e+01
2.062907636562521674e+01
2.063983342511013319e+01
2.067042496336522817e+01
2.082197921026929066e+01
2.095469331272576952e+01
2.063089910126259596e+01
2.002820663496981624e+01
1.948930367641850481e+01
1.915766565997512672e+01
1.904085979516853655e+01
1.896477993876259305e+01
1.899808155091463036e+01
1.902848523811878678e+01
1.913860126572086529e+01
1.928013029315960836e+01
1.934584007716578924e+01
1.934685835820157607e+01
1.945366685616827596e+01
1.947195629049414833e+01
1.960683042554243016e+01
1.954375614552605711e+01
1.954606095457159398e+01
1.960542178650680611e+01
1.958205170699370257e+01
1.963591929431900596e+01
1.964011200912170096e+01
1.997915615221560515e+01
2.056878230658418971e+01
2.121435262281432443e+01
2.166863789387435091e+01
2.169866110546422888e+01
2.179690336545175100e+01
2.180862138228564362e+01
2.178540546240640907e+01
2.177988155373628487e+01
2.178303689293406364e+01
2.173276560533710366e+01
2.176238999536822760e+01
2.176108653153616501e+01
2.179759874597350588e+01
2.175299496399167865e+01
2.182307028147124939e+01
2.174879482156545407e+01
2.188834177127401048e+01
2.187352692513415420e+01
2.184311537603213793e+01
2.180828943959934207e+01
2.180986898077250302e+01
2.188525214081826675e+01
2.187754714374525022e+01
2.187527207508401972e+01
2.182310648108615680e+01
2.186850960294041357e+01
2.188116727354306335e+01
2.193598453177257568e+01
2.186461713733342549e+01
2.183012219676456311e+01
2.187186889401327150e+01
2.176837638183056711e+01
2.164753829416132902e+01
2.138202725724020326e+01
2.116482342165078023e+01
2.116804285519312501e+01
2.116122480593469390e+01
2.130636334002436172e+01
2.137007188348387388e+01
2.138827011840256986e+01
2.162593703148425561e+01
2.175285327879667463e+01
2.193295350000806820e+01
2.239363438080620483e+01
2.272270624762387570e+01
2.294916548322567706e+01
2.331270660999649635e+01
2.371452410477809281e+01
2.404339963833634641e+01
