2.660168028095229076e+01
2.606930250739934252e+01
2.609786041964353132e+01
2.622255524992886322e+01
2.639872547310515571e+01
2.677321848390856829e+01
2.701641988584663778e+01
2.655355461393597238e+01
2.633156477977606968e+01
2.621717922335276896e+01
2.629631779570828698e+01
2.609761012985531181e+01
2.617046365197481705e+01
2.610093218230193202e+01
2.615407048777233712e+01
2.618746763335059669e+01
2.611063347982114280e+01
2.603287858896055695e+01
2.596194990351649778e+01
2.612842162078803199e+01
2.605402609345364695e+01
2.600704373222364651e+01
2.607316041454363642e+01
2.620367498837028819e+01
2.710770096262032780e+01
2.707209073597422133e+01
2.659933004926108424e+01
2.633060871237618983e+01
2.604946346642399746e+01
2.615948031317372369e+01
2.604394343950960788e+01
2.604745550453493408e+01
2.596939714248164677e+01
2.594977661950856529e+01
2.590758107906142271e+01
2.599169209901661404e+01
2.592796072281959141e+01
2.589334530020007463e+01
2.583068900888864050e+01
2.601095437890380069e+01
2.599875396465790800e+01
2.587954327058956494e+01
2.601430543836772458e+01
2.601315865080733047e+01
2.604947448882094463e+01
2.614121714547677300e+01
2.610850141882045961e+01
2.601606486568408272e+01
2.605040603802426702e+01
2.609991590856968102e+01
2.614334359368987748e+01
2.609248422697901404e+01
2.603299618320610875e+01
2.600876109610188891e+01
2.605625072413393539e+01
2.617235665844636117e+01
2.600824573430834974e+01
2.609198956420910420e+01
2.608238229718751455e+01
2.606869655650566386e+01
2.639539916171166922e+01
2.633180696733445103e+01
2.626768923366243413e+01
2.618709148732757441e+01
2.604805929095354600e+01
2.629148140861695992e+01
2.623564150069476497e+01
2.617367476693841155e+01
2.613759886626960949e+01
2.617023716951788259e+01
2.588022637366796985e+01
2.592680092213309706e+01
2.593166595687018372e+01
2.584517430135407423e+01
2.589888050386926821e+01
2.603008165019338094e+01
2.593043814682271275e+01
2.592339044601981968e+01
2.576591457735368351e+01
2.663954961582474823e+01
2.686177313720156690e+01
2.613200202421269935e+01
2.591181941484208551e+01
2.570733420667919944e+01
2.586752601335611246e+01
2.587489616536269565e+01
2.575790929522272776e+01
2.588057259713701441e+01
2.580853573638614051e+01
2.574458216251587928e+01
2.577897277466692216e+01
2.588550517534373441e+01
2.598569238630556910e+01
2.588530569708198215e+01
2.599273289978845014e+01
2.591041190151267770e+01
2.590359164589733254e+01
2.599684395995895159e+01
2.604611359209931010e+01
2.607535364526659549e+01
2.601890263978463480e+01
2.616341706188886818e+01
2.595338805913426938e+01
2.604569040909532873e+01
2.580828492524521423e+01
2.591499486086261328e+01
2.598761371723116653e+01
2.606008683969703554e+01
2.594417967468693931e+01
2.605096762945312960e+01
2.603641006790612877e+01
2.601051898832082898e+01
2.594032313773649889e+01
2.601008091771112873e+01
2.603241880642513451e+01
2.614110249751029968e+01
2.597879973907371109e+01
2.614985882582027088e+01
2.616912524114815852e+01
2.606167587441529321e+01
2.610823533970049581e+01
2.613444094337820900e+01
2.624110982386553204e+01
2.669992197971472336e+01
2.694419813168910949e+01
2.655519730986054583e+01
2.627644230769230660e+01
2.621880815756823679e+01
2.611662087648177888e+01
2.616764700210209682e+01
2.632323212459687056e+01
2.612614872109051589e+01
2.620650139866885198e+01
2.606522488698183793e+01
2.616327682516202913e+01
2.610898569670870728e+01
2.614874046596135315e+01
2.622373424440712597e+01
2.624906549334163941e+01
2.614737490851661761e+01
2.612030970815962050e+01
2.615388038620049116e+01
2.611047923815398875e+01
2.618310348823733946e+01
2.605215453755806720e+01
2.620015553611353809e+01
2.620731754583155748e+01
2.619827785929415143e+01
2.607939334750387772e+01
2.622734850540844320e+01
2.602813342958094367e+01
2.631030096669406504e+01
2.619864833641404900e+01
2.618385225294913710e+01
2.613339854613806068e+01
2.622415865384615330e+01
2.616321402539609764e+01
2.628214209266574386e+01
2.606664264446509804e+01
2.610781465055818984e+01
2.603630331753554472e+01
2.614368204553793973e+01
2.618895320883897071e+01
2.619189633497727598e+01
2.616193882821018235e+01
2.650238407438311938e+01
2.638794586983729573e+01
2.642837658872131357e+01
2.633246949155820360e+01
2.650382575683450526e+01
2.707346568578050849e+01
2.683431295320042764e+01
2.636818842686827580e+01
2.636600202114427915e+01
2.615962377843871778e+01
2.612880385366892000e+01
2.615249917948915837e+01
2.623763147643163052e+01
2.623355174407400270e+01
2.632468092614739064e+01
2.646882239761259470e+01
2.637247112626928214e+01
2.639357060400320876e+01
2.616747517622981789e+01
2.627396492042312204e+01
2.626090874233128858e+01
2.654122026154088942e+01
2.711883766713149058e+01
2.717055711826693098e+01
2.648236942626254731e+01
2.641370028672297110e+01
2.617536915816714682e+01
2.643061000470440547e+01
2.611624759326686274e+01
2.621349078408141864e+01
2.631001377063170565e+01
2.628885553324626301e+01
2.620374576532183752e+01
2.625045647022260553e+01
2.611552068912475022e+01
2.620297681260403522e+01
2.620584037341357231e+01
2.634534733882619051e+01
2.616465002297442055e+01
2.620721177273170355e+01
2.638791453458849290e+01
2.638313436329588058e+01
2.638026821793194898e+01
2.618645488134689359e+01
2.639221603825350471e+01
2.692469014282557538e+01
2.710255036875282997e+01
2.652015771315918968e+01
2.622698336378497785e+01
2.623236747746874897e+01
2.614854635006420125e+01
2.626396086880568248e+01
2.623622854710446362e+01
2.612277620829197389e+01
2.622646548531103150e+01
2.632597626377030764e+01
2.629087696131738028e+01
2.627254751391821941e+01
2.635113954573740003e+01
2.634814641562390136e+01
2.636921914943063072e+01
2.626906130268199036e+01
2.630977527656786208e+01
2.634995639112317178e+01
2.623817528402503996e+01
2.622279286357625949e+01
2.629271738499351585e+01
2.635456096804219328e+01
2.627334923179170190e+01
2.595169566946280071e+01
2.614353089437103606e+01
2.615608942663796910e+01
2.629815800722807140e+01
2.623399176004004474e+01
2.619936136652175662e+01
2.617580555074054871e+01
2.630515059354458884e+01
2.632153535510425968e+01
2.628551663175694841e+01
2.618594675694390972e+01
2.687608051621281646e+01
2.679091625735249593e+01
2.675897538124190334e+01
2.637266753758262183e+01
2.627714758244965410e+01
2.604822845858808122e+01
2.618234257023494749e+01
2.625550354006267639e+01
2.612121679454061862e+01
2.618025388411976095e+01
2.619463936500632784e+01
2.635118803968579115e+01
2.628300050605317750e+01
2.621459311043172136e+01
2.618388381806930809e+01
2.616577416940173606e+01
2.617142857142857082e+01
2.624345777245601852e+01
2.625511114559490977e+01
2.621970271058000534e+01
2.606591005761571367e+01
2.618433099274546905e+01
2.616015707307728988e+01
2.607237032046963776e+01
2.615180882324323264e+01
2.605942513877271693e+01
2.617513486143839074e+01
2.608668213991138174e+01
2.608509089515928281e+01
2.597256302440335674e+01
2.604245410628019286e+01
2.618141310033516334e+01
2.609592983947302258e+01
2.603930416082640420e+01
2.606575906955249167e+01
2.609984462220175772e+01
2.611018015054471064e+01
2.619556991055729611e+01
2.601475641417226825e+01
2.597061813160468446e+01
2.606857022563297832e+01
2.601845949535192304e+01
2.612877632569542286e+01
2.620180066521389861e+01
2.611211490345130315e+01
2.609401075820645843e+01
2.609172634753109676e+01
2.623021282250868680e+01
2.622584451422589780e+01
2.623608051943077157e+01
2.607913967153834278e+01
2.612092391304347672e+01
2.607484625768711339e+01
2.601757239866078919e+01
2.601348374354299509e+01
2.616274947984896215e+01
2.617529145508833821e+01
2.621939222938193481e+01
2.611774021216515251e+01
2.604290246139733966e+01
2.604903208647580826e+01
2.599882019371658259e+01
2.615500412296009358e+01
2.616956712349655945e+01
2.611576056071225338e+01
2.609438901324025650e+01
2.614762995323415495e+01
2.619632692307692423e+01
2.616298984313499787e+01
2.608261869901694041e+01
2.610561094143183780e+01
2.612550059117434031e+01
2.612874738999674307e+01
2.600030451249452668e+01
2.600178833019424474e+01
2.602082497468523670e+01
2.587263656962242209e+01
2.610440588995889399e+01
2.600973741377339010e+01
2.608335078534031481e+01
2.614555054238264375e+01
2.599729765733533782e+01
2.604151476398618215e+01
2.610857131853106949e+01
2.605415162454873723e+01
2.603074782210869387e+01
2.597262157053668474e+01
2.610518759571209557e+01
2.607484483388097729e+01
2.598529662865924195e+01
2.601075534912053655e+01
2.608616197919637614e+01
2.603828125000000071e+01
2.604600734281780916e+01
2.593243629571746922e+01
2.604237046064784167e+01
2.605363991949264957e+01
2.620217723379159480e+01
2.603732267507318099e+01
2.600882391925924253e+01
2.587108522867386284e+01
2.590309128471956512e+01
2.593705217143400077e+01
2.602294875224519544e+01
2.602349699590524779e+01
2.602262236294968289e+01
2.596763160408903914e+01
2.607872674374090849e+01
2.614681253376553371e+01
2.655097392397109601e+01
2.673194263893402933e+01
2.625055286129970611e+01
2.622395594309316280e+01
2.614281319695454897e+01
2.619107851064649140e+01
2.615308880308880646e+01
2.611382902368528036e+01
2.615964970065681072e+01
2.611977160553566435e+01
2.609506892690273006e+01
2.607742950920363256e+01
2.611610616741785051e+01
2.602262124645352870e+01
2.616211686285086913e+01
2.597471720655964944e+01
2.611068073980826654e+01
2.594673687021881392e+01
2.592237780813600523e+01
2.591132061010193866e+01
2.586331210434716255e+01
2.593471337579617852e+01
2.593433915787853294e+01
2.600112957573900729e+01
2.596123480031503661e+01
2.593491955069823973e+01
2.581627445421037947e+01
2.588273510135650213e+01
2.580689301778292588e+01
2.594137084774584778e+01
2.593409742120343964e+01
2.585455379674237264e+01
2.586891738603810609e+01
2.589541762568716621e+01
2.590575345608902680e+01
2.596250722125938637e+01
2.657136887350009147e+01
2.674793928017628630e+01
2.641592937988203360e+01
2.610160230949566795e+01
2.607103074692912159e+01
2.609407848633496840e+01
2.596588705077011028e+01
2.604515807243707570e+01
2.608668486619501792e+01
2.590816307100557836e+01
2.597949684566856376e+01
2.593980257527055500e+01
2.602063912226186559e+01
2.596956621792659092e+01
2.584535432469095895e+01
2.590586159275740386e+01
2.598042148459222744e+01
2.598647248445774594e+01
2.607499951762594748e+01
2.596071286226726826e+01
2.598264380573309040e+01
2.589270418655547701e+01
2.581261599060712797e+01
2.598834672789896771e+01
2.576851368483854188e+01
2.579006192418063748e+01
2.588531822244195624e+01
2.598456937115424736e+01
2.603186087354917788e+01
2.597528556990026516e+01
2.583048013528149056e+01
2.589267228059332382e+01
2.592615337669025166e+01
2.584499429006471161e+01
2.586319024296552271e+01
2.585916002207463293e+01
2.583396783908176886e+01
2.581750843026560105e+01
2.590621228665019160e+01
2.601317278008935219e+01
2.599965452381866626e+01
2.596908354102851746e+01
2.588233056247741359e+01
2.582800548758715209e+01
2.590477632849326994e+01
2.580798600662052422e+01
2.586124456646076553e+01
2.593427857183749197e+01
2.589616998651804991e+01
2.579566287878787989e+01
2.589369338574602963e+01
2.582435201022498461e+01
2.590162698188262524e+01
2.585833254471467768e+01
2.596275502436053628e+01
2.592864782276546975e+01
2.588347381380812706e+01
2.590629666735978276e+01
2.581630514121016162e+01
2.598684336335647060e+01
2.588087678359665134e+01
2.603494160258768986e+01
2.591817872533454192e+01
2.601325714285714241e+01
2.664944273558902310e+01
2.690291363380399403e+01
2.646007938249197267e+01
2.625479195885927908e+01
2.617889070460443790e+01
2.614701976558440322e+01
2.611602680819741806e+01
2.606289464146048473e+01
2.602056442373787348e+01
2.602267724305449903e+01
2.614199923254028946e+01
2.613023264823818792e+01
2.591427169626177118e+01
2.602979582594256058e+01
2.602945701099652354e+01
2.606756988509689421e+01
2.595538191495385405e+01
2.599444202060056597e+01
2.601861216730037896e+01
2.590765241421081555e+01
2.595365774811265069e+01
2.594534149607805773e+01
2.593515371323320196e+01
2.591827240021849477e+01
2.579760749477456017e+01
2.591786160190685351e+01
2.583840204250206440e+01
2.588237555256582567e+01
2.591317421892729911e+01
2.583691206543967311e+01
2.582086933801160811e+01
2.581868720067611989e+01
2.577136884921755566e+01
2.604646341695353584e+01
2.685976009170556011e+01
2.663245553897649032e+01
2.613670245635717748e+01
2.612219951413257490e+01
2.606738219594788220e+01
2.588363664256812768e+01
2.597439029044693015e+01
2.598469660009147830e+01
2.600072414055949466e+01
2.603110327513845945e+01
2.591115710325447097e+01
2.591841337224727937e+01
2.592920523215788364e+01
2.601831074752957917e+01
2.609384130621598175e+01
2.601297351401293412e+01
2.604352561285515222e+01
2.588547018197557392e+01
2.581618943971178837e+01
2.592195195877851077e+01
2.587342369553726584e+01
2.589058409146559825e+01
2.574398138592310303e+01
2.574462741247120334e+01
2.581782136894824831e+01
2.584258683987574301e+01
2.583759293240763455e+01
2.576005524234741983e+01
2.574002784676751787e+01
2.585776313534307036e+01
2.588395122975061469e+01
2.591924688572457924e+01
2.576285600892030558e+01
2.575789888674038508e+01
2.579341650780468598e+01
2.599437623913375361e+01
2.588308149150503823e+01
2.596561098015360258e+01
2.590338556927090252e+01
2.595345516847515910e+01
2.595369876580831558e+01
2.600630781361180155e+01
2.602136156065498795e+01
2.587688820313541882e+01
2.586179517981830500e+01
2.580650335925114902e+01
2.588204074644752595e+01
2.575969313705162733e+01
2.577953111759721239e+01
2.593756672258654916e+01
2.575339179971516401e+01
2.579426062707265643e+01
2.582656355582250995e+01
2.584953878723726106e+01
2.578528729563069177e+01
2.577431071798249818e+01
2.587379263507395066e+01
2.577478791092258703e+01
2.578268154297246895e+01
2.594343951967570661e+01
2.585591539986781484e+01
2.588367050660834678e+01
2.582359007658372008e+01
2.572280509052344399e+01
2.576724170190472663e+01
2.572288723738204652e+01
2.584979604285006261e+01
2.591892459567317530e+01
2.591529871473174040e+01
2.585150618408073342e+01
2.594482692307692417e+01
2.591025905569415855e+01
2.587253431549370575e+01
2.595324507342311549e+01
2.581844185171246053e+01
2.578844637964040132e+01
2.589888728543217411e+01
2.585458338916218324e+01
2.588143155496487680e+01
2.587526209446837555e+01
2.604620702899942586e+01
2.585259907554747372e+01
2.582533750286019369e+01
2.590782426379491454e+01
2.580230210397207458e+01
2.568159222715974721e+01
2.577102409976967579e+01
2.578401396028148440e+01
2.570666866364623715e+01
2.589191654315357383e+01
2.592669907539795915e+01
2.594727324640715693e+01
2.575746842085535349e+01
2.586035795887280742e+01
2.580916676062690485e+01
2.578096577590248373e+01
2.588707558128463404e+01
2.583625574783919632e+01
2.593248164633793706e+01
2.653829234153169381e+01
2.653727706656547625e+01
2.620366406817601757e+01
2.585768292913445165e+01
2.598038274756703814e+01
2.587459611510244528e+01
2.585047030266251866e+01
2.593017308829984202e+01
2.587080014516837778e+01
2.590521862317176272e+01
2.580655712908166066e+01
2.582757766814605915e+01
2.596678072974739493e+01
2.599366662174909237e+01
2.579751783816608324e+01
2.583240949577583123e+01
2.592128386156089448e+01
2.600822207280760878e+01
2.601514596781963462e+01
2.581078708298343471e+01
2.582901023890784842e+01
2.578890052356020846e+01
2.586629878714720832e+01
2.587273660986001289e+01
2.645424993980255124e+01
2.653536353716202711e+01
2.612537470315723809e+01
2.599784974882021515e+01
2.581623277182235654e+01
2.577902105927583776e+01
2.574555481601217011e+01
2.577297502611337876e+01
2.567262265293761203e+01
2.566302660963700433e+01
2.564041070224087449e+01
2.560660468098749476e+01
2.568674131928107585e+01
2.571898519286994045e+01
2.572804478995252353e+01
2.561271396375421361e+01
2.566370247560194429e+01
2.569172946460451357e+01
2.571446745617481255e+01
2.573902304637774918e+01
2.572589170279108473e+01
2.585279984684598276e+01
2.574257894637140254e+01
2.570587907184292575e+01
2.570982798208303777e+01
2.558816519569507975e+01
2.573696745674872233e+01
2.576952017242031090e+01
2.576462248100117236e+01
2.571966503681223060e+01
2.580863410643276978e+01
2.565641547477716955e+01
2.569262704987639623e+01
2.576471474582336540e+01
2.563417328141380835e+01
2.567591166860705343e+01
2.571729201268307463e+01
2.562664341041655192e+01
2.581497451228392848e+01
2.635908938205244567e+01
2.625775802469135911e+01
2.601494082262411567e+01
2.578684699723054763e+01
2.572614824230236508e+01
2.562878499695678514e+01
2.554832537697961570e+01
2.558700101375260516e+01
2.560609702588756065e+01
2.572394371539103375e+01
2.566983941495777799e+01
2.565729521943130820e+01
2.569693793944475146e+01
2.562489364518141599e+01
2.572848542761586188e+01
2.565167881557578156e+01
2.572211968414042360e+01
2.559842164599774250e+01
2.571194241878965769e+01
2.561417293091074043e+01
2.562622460944887948e+01
2.547509860537092408e+01
2.551881293057763500e+01
2.550571278235051054e+01
2.560122029302097602e+01
2.548580441640378424e+01
2.542010802295487792e+01
2.541052651274183560e+01
2.545027402128574678e+01
2.556717509990431481e+01
2.544354217184533340e+01
2.553606650292839575e+01
2.557187883363215875e+01
2.545016663873838780e+01
2.551816486385676797e+01
2.550711007448649426e+01
2.549789919889451184e+01
2.556379628421817429e+01
2.548900315267977845e+01
2.554238746236277535e+01
2.546640688240055894e+01
2.557393592032321905e+01
2.555320224719101319e+01
2.549267125336524131e+01
2.560729984596310516e+01
2.560419298278690192e+01
2.563434207072411297e+01
2.554149616247713439e+01
2.561599429043647902e+01
2.571136281980976790e+01
2.552080478969989130e+01
2.568975534302906993e+01
2.566148499329467825e+01
2.589924852804462319e+01
2.662626794355246673e+01
2.621534865601869768e+01
2.592154885358196026e+01
2.585874032304310433e+01
2.581701538928057005e+01
2.583264801066057359e+01
2.587976696945306543e+01
2.572726069361975831e+01
2.558119721715837613e+01
2.556360185975899313e+01
2.604221029877248839e+01
2.639127217455650865e+01
2.630296023123691995e+01
2.588937042912974817e+01
2.567526991510201029e+01
2.577817081244679542e+01
2.577176470588235446e+01
2.575212240123759599e+01
2.580983525284112545e+01
2.575034779791511852e+01
2.570547363253592010e+01
2.565686970160959035e+01
2.568906575705893403e+01
2.561302968079148812e+01
2.562727306812642780e+01
2.566196733021297405e+01
2.571642073044003851e+01
2.577177171515300103e+01
2.566418064661569076e+01
2.564766626901282720e+01
2.570272345845508255e+01
2.562776788225367852e+01
2.565499492805349746e+01
2.566355984861323236e+01
2.570543508870740723e+01
2.574519575640880475e+01
2.578601905979210684e+01
2.578277444806919050e+01
2.565760675739089791e+01
2.566572093287181389e+01
2.569145510372201358e+01
2.571550977364317703e+01
2.575143588285470742e+01
2.565421931407942324e+01
2.582047247080236829e+01
2.573434279074997377e+01
2.576757827235005749e+01
2.578296023424955052e+01
2.575435598948554272e+01
2.572717140806226155e+01
2.575520451339915340e+01
2.571678105889173693e+01
2.575811486816865425e+01
2.571327659734355464e+01
2.572399813171415417e+01
2.586567640651994182e+01
2.590958154526544277e+01
2.569512854452916883e+01
2.576539095195712648e+01
2.574973324098167282e+01
2.572076341024872903e+01
2.574065026794675504e+01
2.586574598143536363e+01
2.565424666753911964e+01
2.573319512149567601e+01
2.582919138073429011e+01
2.581158521691749996e+01
2.573518466573165142e+01
2.564576220869823331e+01
2.575545354457071667e+01
2.567773939069226330e+01
2.580846639577252333e+01
2.641598717542748531e+01
2.617299428346146328e+01
2.593260421438387198e+01
2.589687793832632678e+01
2.587058307257879619e+01
2.568604936639534841e+01
2.568311707934349641e+01
2.564664767829704672e+01
2.565310070240018092e+01
2.569531962408113657e+01
2.571854966437891221e+01
2.569318606563504659e+01
2.567575347104639150e+01
2.577046280089586361e+01
2.565134878171548038e+01
2.575335282467225895e+01
2.574099239378668713e+01
2.576118807365600460e+01
2.574252990871463354e+01
2.562039110314972135e+01
2.561855049564546860e+01
2.560763586853749985e+01
2.564183888972695513e+01
2.574134962825630524e+01
2.572671770154049753e+01
2.565415590049225614e+01
2.568585391826877284e+01
2.650854994542588017e+01
2.635190193252926250e+01
2.604713333721901947e+01
2.587950766158454741e+01
2.585759705809120845e+01
2.573165380541685821e+01
2.579799609085906198e+01
2.572783787380468112e+01
2.576913960201096998e+01
2.560258502884907728e+01
2.560804712723977161e+01
2.553323610254109255e+01
2.549132377583317677e+01
2.560913600661430323e+01
2.546530475052285425e+01
2.550804458947130371e+01
2.557444799123585710e+01
2.559758059936012842e+01
2.562431350646933126e+01
2.555502203882584666e+01
2.561760176435918268e+01
2.571423460068169220e+01
2.556749818628271598e+01
2.572256811561089762e+01
2.545697257305133832e+01
2.556727005870841651e+01
2.555649074350552397e+01
2.563992051142648165e+01
2.561681498206933227e+01
2.568757223790666444e+01
2.564247817579771294e+01
2.565832655146961372e+01
2.571740566661003768e+01
2.568337086731893848e+01
2.565284344689678164e+01
2.564121342871200682e+01
2.562486205413089380e+01
2.580097411899532034e+01
2.581719315440289364e+01
2.567213577967825699e+01
2.582008135385087755e+01
2.590885562530178632e+01
2.576964909267845982e+01
2.585188432871385089e+01
2.575557576791162262e+01
2.573483082172306169e+01
2.586030894494540178e+01
2.574491451862474989e+01
2.591281247611038907e+01
2.588409402055494368e+01
2.590645432646350343e+01
2.589915025106218494e+01
2.591851609677295087e+01
2.588373198463703062e+01
2.591588588473746668e+01
2.606008925106713292e+01
2.658310659898477013e+01
2.645111846724847382e+01
2.611161536820464946e+01
2.577558399273085143e+01
2.588223971666699086e+01
2.573915593136976554e+01
2.581038413313575575e+01
2.588576253178006326e+01
2.560824256586138148e+01
2.550969326533673254e+01
2.554066760695815930e+01
2.551675018298519504e+01
2.567624885775205712e+01
2.554160067082828789e+01
2.541326150175229159e+01
2.554726565450562958e+01
2.569269907319840840e+01
2.558080255273361558e+01
2.563093466920280861e+01
2.559827758033884493e+01
2.556097697922515621e+01
2.553096142389037837e+01
2.556871155257068651e+01
2.556389444745749984e+01
2.552774736683151602e+01
2.559799544075811184e+01
2.565933384681857987e+01
2.558863108179023982e+01
2.548935332708528634e+01
2.551351756721286890e+01
2.553109985230608103e+01
2.567333083270817795e+01
2.560774940951523959e+01
2.563776518645407521e+01
2.561008466603950851e+01
2.559971767363071393e+01
2.562707923112986208e+01
2.559268562430877125e+01
2.564795348220543048e+01
2.549544626593807095e+01
2.553582402758000214e+01
2.544482700861700053e+01
2.561398014765890352e+01
2.564075650118203598e+01
2.549762668617849215e+01
2.556244006092630627e+01
2.570829897006079889e+01
2.648379954090234989e+01
2.626198830409357043e+01
2.584841725502366572e+01
2.586889225510758905e+01
2.576209115383880999e+01
2.581400408404740432e+01
2.576545157256901319e+01
2.554133533383345878e+01
2.568289288029592399e+01
2.551332083248240679e+01
2.569794937762475939e+01
2.562845353767754730e+01
2.557770844620471706e+01
2.544824175003732947e+01
2.558283174888901357e+01
2.556326068497028103e+01
2.560616795165659454e+01
2.562176666919517487e+01
2.561075395617772443e+01
2.570126635229692624e+01
2.564359985657942076e+01
2.565597689794057601e+01
2.561890023924353343e+01
2.558818525519848563e+01
2.560410694545931420e+01
2.562140620018379167e+01
2.565239351677346491e+01
2.552278217877409006e+01
2.559322350829297577e+01
2.567871235721703016e+01
2.598693168479536553e+01
2.649579251189072693e+01
2.621533777505387519e+01
2.608098791546702699e+01
2.589719301630172410e+01
2.589372444376187943e+01
2.594476884238114778e+01
2.584348597662127034e+01
2.574444697573755292e+01
2.567652808059544611e+01
2.608097252822242496e+01
2.585800405757897735e+01
2.573507022418452550e+01
2.578127067541256068e+01
2.570188593501477214e+01
2.564623149775988153e+01
2.559550858154825548e+01
2.557696232190771113e+01
2.565258653480410445e+01
2.554020478843547792e+01
2.571232071032860134e+01
2.564552316060908055e+01
2.562444237741794595e+01
2.562832271682887253e+01
2.555415212970391181e+01
2.554489088695326515e+01
2.569958847736625529e+01
2.568053050796513403e+01
2.572333125977869628e+01
2.564800980946991160e+01
2.578016767193960845e+01
2.568683460788723849e+01
2.568316383327987396e+01
2.577936138398349541e+01
2.569113828786453269e+01
2.584734146852214920e+01
2.574299586269434670e+01
2.587609177544950256e+01
2.589093005235206491e+01
2.591774394331130793e+01
2.588245331133278171e+01
2.588370449597005418e+01
2.604777718058968006e+01
2.593225543529768728e+01
2.603452678112078544e+01
2.597308107903167596e+01
2.609535316341599298e+01
2.620916961062152950e+01
2.608109984188808994e+01
2.622653988459252972e+01
2.623825163741908639e+01
2.621053851950611602e+01
2.619551263627828419e+01
2.610920654618785264e+01
2.619456987267688319e+01
2.623330365093499239e+01
2.622883831782885977e+01
2.622624330087016631e+01
2.634710986047602077e+01
2.625697719366061023e+01
2.704049360519756462e+01
2.673576454266178004e+01
2.648442124941579578e+01
2.648635202106241238e+01
2.640745880312229232e+01
2.647730030135807056e+01
2.633486395853974571e+01
2.629623004167697431e+01
2.636021212945335890e+01
2.631149209030871106e+01
2.629814228333075832e+01
2.627000778513039947e+01
2.617838443555710271e+01
2.627375367425200992e+01
2.624354066065141922e+01
2.627427019687712217e+01
2.611090318884857808e+01
2.608486552195714836e+01
2.610620702826584960e+01
2.629574529667148752e+01
2.620530902419447017e+01
2.625168517624335962e+01
2.612635351532713202e+01
2.607722304397103130e+01
2.618002623051997801e+01
2.621154476877665118e+01
2.616704556309103324e+01
2.622005076142132296e+01
2.641070828141379323e+01
2.684590396914018839e+01
2.686595337862576827e+01
2.666685445253712317e+01
2.661244727003738930e+01
2.658995033478776548e+01
2.659032251590502938e+01
2.667172922978151206e+01
2.664190414768834003e+01
2.653318921920552143e+01
2.661751932424894562e+01
2.666566028621460305e+01
2.652121092594418528e+01
2.641047974832874701e+01
2.642781613730518941e+01
2.647369054062180638e+01
2.634329034163631178e+01
2.623342341283828816e+01
2.605301762714502445e+01
2.585188482667171783e+01
2.597366609294320128e+01
2.589225149519267077e+01
2.592532166069770483e+01
2.595187450146237751e+01
2.578738217452169934e+01
2.568430433329620399e+01
2.575602314375546698e+01
2.587630984179165949e+01
2.613044401954535800e+01
2.668096007017124194e+01
2.641705687584491002e+01
2.608113659705580289e+01
2.610359572769774772e+01
2.601002980821506938e+01
2.598673681090693321e+01
2.583407613741875863e+01
2.562211305814209084e+01
2.576012956860395420e+01
2.583435992295810379e+01
2.580475333775210700e+01
2.575092391511410739e+01
2.590358467243510532e+01
2.582285495891457927e+01
2.569537847090148119e+01
2.570921811011679026e+01
2.575434774299583296e+01
2.575971065817729766e+01
2.591610064096431643e+01
2.592570444524345774e+01
2.657326401929196535e+01
2.663213038416763823e+01
2.633143771103607378e+01
2.616953865434323134e+01
2.593171364772792487e+01
2.586859071030010426e+01
2.588744490475379578e+01
2.583594701440803476e+01
2.595829499577504507e+01
2.600978756117225643e+01
2.598930521417716122e+01
2.578699165942337146e+01
2.559775468547040589e+01
2.573141885648815830e+01
2.578250004662178796e+01
2.574203821656050906e+01
2.572658947796059437e+01
2.585914446054930238e+01
2.589763061403019151e+01
2.595220957323887490e+01
2.591103014743359978e+01
2.574811384178681095e+01
2.573621490983454052e+01
2.576432978544932695e+01
2.576721920816985545e+01
2.589242952409821186e+01
2.584333545084264472e+01
2.580750176928520645e+01
2.585101487232251571e+01
2.586272518710745061e+01
2.570266548452208255e+01
2.563815715305700849e+01
2.567218456237593927e+01
2.591711487289814642e+01
2.586525961756481351e+01
2.567982695382300662e+01
2.567861265113814540e+01
2.567677413290723010e+01
2.566048749557076647e+01
2.570093545544870040e+01
2.558730365517754990e+01
2.548108610749488889e+01
2.562663547028544642e+01
2.563845291479820787e+01
2.561209651795226350e+01
2.565194582930277534e+01
2.570528131634819502e+01
2.566317301057421574e+01
2.558480385816441682e+01
2.573628652567072450e+01
2.579688554081403140e+01
2.558604091456076901e+01
2.561710745330127281e+01
2.567217396136249619e+01
2.578995391014351668e+01
2.578137084570980164e+01
2.578991660205374359e+01
2.596605619859884229e+01
2.659615308032336500e+01
2.661409275639493188e+01
2.622920092074975429e+01
2.618844298668724591e+01
2.603948268003646049e+01
2.604660050193930942e+01
2.591787103685466676e+01
2.587724719101123583e+01
2.580833616106775352e+01
2.587378142637249567e+01
2.595786447793937057e+01
2.580428477874450621e+01
2.575356304572340704e+01
2.572554974410888207e+01
2.565612032221116223e+01
2.564003983689422483e+01
2.563194770554313706e+01
2.556117868385269887e+01
2.550628040771777805e+01
2.557371640407784952e+01
2.556543825621132626e+01
2.568614934004243366e+01
2.562701972338469147e+01
2.550078200640500725e+01
2.549632998687300400e+01
2.556167388492041326e+01
2.555396064915636245e+01
2.555532637026758636e+01
2.559691472108022481e+01
2.552820922795796932e+01
2.567907670803347031e+01
2.549566239435831605e+01
2.550769173464446382e+01
2.544417606510469909e+01
2.555508245093096065e+01
2.561455480094555881e+01
2.553517254278499848e+01
2.553660576547775918e+01
2.562853973148809672e+01
2.566262466001813181e+01
2.560572174075109331e+01
2.562036656068823604e+01
2.563032733376853400e+01
2.570923562039358501e+01
2.580995371255881921e+01
2.570469281512525939e+01
2.570075032826861516e+01
2.568782833064172166e+01
2.564491702612593826e+01
2.575043996593811713e+01
2.572907951770740453e+01
2.580910786328689710e+01
2.578432669413054512e+01
2.574832787136587697e+01
2.579534334723094702e+01
2.562490433613947260e+01
2.571085965208579793e+01
2.581449121543505854e+01
2.591043505186561191e+01
2.582124847188264027e+01
2.594678636233406621e+01
2.582977151301579966e+01
2.578344442136666714e+01
2.589095593528587003e+01
2.582196248468281752e+01
2.581019989845233553e+01
2.587445042449969890e+01
2.590099217306849866e+01
2.575881240544629236e+01
2.572258877046560954e+01
2.588400937374968791e+01
2.588903753535662133e+01
2.576009706728870086e+01
2.578202778040252952e+01
2.582286826098454924e+01
2.574001385793741647e+01
2.581608913691037088e+01
2.571178728583466011e+01
2.571016506732267715e+01
2.569706444003444901e+01
2.567490256773640311e+01
2.550153521751997587e+01
2.561442300473008515e+01
2.556942268963974385e+01
2.551107325383304669e+01
2.553747339333059685e+01
2.550224856909239790e+01
2.551447114212293599e+01
2.563024831547138760e+01
2.554142398446833795e+01
2.553854921892517993e+01
2.553512755196219430e+01
2.555130020117726275e+01
2.563041234211069508e+01
2.558305244327276284e+01
2.572872451398767168e+01
2.564863998793613575e+01
2.565536156770764364e+01
2.565076147901196890e+01
2.612454870123534079e+01
2.645329013970439291e+01
2.611705812101910595e+01
2.600650674953870123e+01
2.580537745210289202e+01
2.558286309411096227e+01
2.558458920298761541e+01
2.565820746760714854e+01
2.559795285477825644e+01
2.546793511218920614e+01
2.544164258325305283e+01
2.547741108619032602e+01
2.549738900933169816e+01
2.550589073990694899e+01
2.547030142681659015e+01
2.545202674781171126e+01
2.537286102520851117e+01
2.544732313217853203e+01
2.537881390745789290e+01
2.545619575288845127e+01
2.542850949122509263e+01
2.532639517345399938e+01
2.539911154430094697e+01
2.546994863334708015e+01
2.538831538418614997e+01
2.539333894658059876e+01
2.534165471244666890e+01
2.543450888733907789e+01
2.542274380413182655e+01
2.534343377872197678e+01
2.526600215717633091e+01
2.526825574873808122e+01
2.549849889792505664e+01
2.543393225665978719e+01
2.542155312053358784e+01
2.538847236123963569e+01
2.539613117100827111e+01
2.538106457571531038e+01
2.537874245887510938e+01
2.530550805254355140e+01
2.523609809141700211e+01
2.539244874736507995e+01
2.532997287945384812e+01
2.540112175915608361e+01
2.520452073231438916e+01
2.533939144890449668e+01
2.535942993588658823e+01
2.541427698652105605e+01
2.524189727778613346e+01
2.513454809410363566e+01
2.532030675887019555e+01
2.524233806084646403e+01
2.531230337078651615e+01
2.527921871196089754e+01
2.525978232214815478e+01
2.531732135751236257e+01
2.532028664889292457e+01
2.519339658158271078e+01
2.522884564915832328e+01
2.524542762911325866e+01
2.523791465635384057e+01
2.538409327898379075e+01
2.522039424374156980e+01
2.528509966746200277e+01
2.528121248499399698e+01
2.523734729493891749e+01
2.514412854456422863e+01
2.540089632056641378e+01
2.523781457573206310e+01
2.531290394889229134e+01
2.527751515488571243e+01
2.529169399111877325e+01
2.536034023057568731e+01
2.525477530681923000e+01
2.532618210384557855e+01
2.524406918967385138e+01
2.550883058499083944e+01
2.530783652043494669e+01
2.546261147094715227e+01
2.523654211526282154e+01
2.532330404481330888e+01
2.531381277471242797e+01
2.523190974722576385e+01
2.543951207482025367e+01
2.526097944513085380e+01
2.534137074932290190e+01
2.532077002925355913e+01
2.533255971923469119e+01
2.534411239964317275e+01
2.523412749995357629e+01
2.529024293710774884e+01
2.539271918750353407e+01
2.522440462942354600e+01
2.543241105230444532e+01
2.551517926994485563e+01
2.623382453597455211e+01
2.620014338630661044e+01
2.581177902730276585e+01
2.575508232128985853e+01
2.547600030140908700e+01
2.538504613187514991e+01
2.533607247814611441e+01
2.523263173388284031e+01
2.531582604123633828e+01
2.533508099372345868e+01
2.528878263792909920e+01
2.522782783528185391e+01
2.525319034653923822e+01
2.536021084786171897e+01
2.548563739430839803e+01
2.557633631348678094e+01
2.544385046940818640e+01
2.552492785540704645e+01
2.539266065346757273e+01
2.544420981183302644e+01
2.557768673780487845e+01
2.565516916051851837e+01
2.567570318980469324e+01
2.562976396406450519e+01
2.564018834114910916e+01
2.560925070444133311e+01
2.551297574591679052e+01
2.554607038399849017e+01
2.569250665946029599e+01
2.625804273572166281e+01
2.615209884428830733e+01
2.601416660080613497e+01
2.577010002290600710e+01
2.567956936536068469e+01
2.550021498139943787e+01
2.557348942598187236e+01
2.550163194509204345e+01
2.545911717466353963e+01
2.544548965976085242e+01
2.550616635068421445e+01
2.531759427804438545e+01
2.536458718308817950e+01
2.536075587296314637e+01
2.544816356739753971e+01
2.537883675914831016e+01
2.524834364361799643e+01
2.532390774007540557e+01
2.542124440498649918e+01
2.544708237451123267e+01
2.529136250787416174e+01
2.544846387167606494e+01
2.538382103007463186e+01
2.540362765859497074e+01
2.540293466223698715e+01
2.543300364785077505e+01
2.558847890860708674e+01
2.544317087623138818e+01
2.547784998143334789e+01
2.549680428077737915e+01
2.537280139670511048e+01
2.540396630849475912e+01
2.544724030516125524e+01
2.541510103462443837e+01
2.546136245256343145e+01
2.546825292985177924e+01
2.541336789483429115e+01
2.544009843284548822e+01
2.549984168079122426e+01
2.561353678803444467e+01
2.567410960729446501e+01
2.558668655603207398e+01
2.560176891864096049e+01
2.568366003235637152e+01
2.567346404250542591e+01
2.583961428901378099e+01
2.650974058746340845e+01
2.642836280391537684e+01
2.622462924140073071e+01
2.604708682406701925e+01
2.599852283845223866e+01
2.652839047390713390e+01
2.677205454143824070e+01
2.651821504135410734e+01
2.621588830043331697e+01
2.584426417255201258e+01
2.555166530960412530e+01
2.573244566515404586e+01
2.586204430276278998e+01
2.546121714799640401e+01
2.513825138763138156e+01
2.510918544194107582e+01
2.557005695687550784e+01
2.544403209628886486e+01
2.503953731285542972e+01
2.476069931926351586e+01
2.460074548808550077e+01
2.479108527131782935e+01
2.488013294942897247e+01
2.565447105305596054e+01
2.556511433351924012e+01
2.527764349859498338e+01
2.495972645816362956e+01
2.503213736253300326e+01
2.497170129772710467e+01
2.503801414126055036e+01
2.505027253907659457e+01
2.513005033841745117e+01
2.520795649793251769e+01
2.515014834566417434e+01
2.514088745932321345e+01
2.513228139381985216e+01
2.538142601272817700e+01
2.590022965551672485e+01
2.580783902911469951e+01
2.537648422212512145e+01
2.526929202533085572e+01
2.511129499379395824e+01
2.512268536304264543e+01
2.516384596517046646e+01
2.512045077016007255e+01
2.523897192505693710e+01
2.530148935359768458e+01
2.535019004180919922e+01
2.529573859358530541e+01
2.521258934311537914e+01
2.518545509468159693e+01
2.522220743669683074e+01
2.523151246287454086e+01
2.522147018344299596e+01
2.550865671641791010e+01
2.579307898470755234e+01
2.568729148886647451e+01
2.539154422220115492e+01
2.540592131635711226e+01
2.522437119082212220e+01
2.521838560798719087e+01
2.529610877232904897e+01
2.528354937455122453e+01
2.528017225168302673e+01
2.511671882659024746e+01
2.512414182262767071e+01
2.516307855868170051e+01
2.519059939629150691e+01
2.519638407494144872e+01
2.511783109368816014e+01
2.520078769833791910e+01
2.514652240535187033e+01
2.523682030426268952e+01
2.517505914789768795e+01
2.521992509363295909e+01
2.505422087522176255e+01
2.522357943419801174e+01
2.525083984448722418e+01
2.539051149836275201e+01
2.529140729317510505e+01
2.528281507589107946e+01
2.528483496048349721e+01
2.529162902740138463e+01
2.531864756017608187e+01
2.527692768715000327e+01
2.522625855971104158e+01
2.527946445408259635e+01
2.534925125419637126e+01
2.537113421408196956e+01
2.519889153399791581e+01
2.524946897284175407e+01
2.526454047933572156e+01
2.522775368279368990e+01
2.528843700757860091e+01
2.533742319725583414e+01
2.532732399661622580e+01
2.519679847582046150e+01
2.526967792911430521e+01
2.532900578879334574e+01
2.524321630718893061e+01
2.524326054216867732e+01
2.593550991473524903e+01
2.598119852092422377e+01
2.572405646676090640e+01
2.558240695988400049e+01
2.537083725305738469e+01
2.530206718828780055e+01
2.536954335907116231e+01
2.552164350315693753e+01
2.532894341324115217e+01
2.531336751751469905e+01
2.541882513557586876e+01
2.538020228507210874e+01
2.549263533520613478e+01
2.535233054017656684e+01
2.531516707584475157e+01
2.533546662651055925e+01
2.526363973313565836e+01
2.549489420336359657e+01
2.541499318152098752e+01
2.529690560125342813e+01
2.535343047053963517e+01
2.525440243307175336e+01
2.539407844630616751e+01
2.534842841397134094e+01
2.521743744414655808e+01
2.533469178861172111e+01
2.528920248816265826e+01
2.529840682841187061e+01
2.518922528940338523e+01
2.519492928077038840e+01
2.523176281748654759e+01
2.527789391168016664e+01
2.542626710783576272e+01
2.520266562859155712e+01
2.541027112871438476e+01
2.536064306984809136e+01
2.525739019875474511e+01
2.528461581426523352e+01
2.534431574756876415e+01
2.531042380455831875e+01
2.538842021638798485e+01
2.518455174460665091e+01
2.529813676169181846e+01
2.534318949343339611e+01
2.527277634052374111e+01
2.536588858117146117e+01
2.542208783134572769e+01
2.537137189587739172e+01
2.528462406015037445e+01
2.529723137649183684e+01
2.528246572288485439e+01
2.531717058603956616e+01
2.530507235510234665e+01
2.536149592276689546e+01
2.536632498739707486e+01
2.539970009372071047e+01
2.549186676994577638e+01
2.543411623457021520e+01
2.545677392754736701e+01
2.534751627141467623e+01
2.538036650669829086e+01
2.536879816393932074e+01
2.544468212864970269e+01
2.545672188089413268e+01
2.540645414162529647e+01
2.539567146574803758e+01
2.537161617109089207e+01
2.538810949053911159e+01
2.540746634714395213e+01
2.548926435014157832e+01
2.539797145003756640e+01
2.538314549852795210e+01
2.549050352941176101e+01
2.545929870277006657e+01
2.539318445367149124e+01
2.537590532367654816e+01
2.551051430511287421e+01
2.564705543169062807e+01
2.554772573235936406e+01
2.552935639929973632e+01
2.564491272802264987e+01
2.591746865534297228e+01
2.634223267395213597e+01
2.631319270647121655e+01
2.609996500641549133e+01
2.582063580377184664e+01
2.572234622077627364e+01
2.558294060442848661e+01
2.565309378989261546e+01
2.564029828090015783e+01
2.553500806723950589e+01
2.553163914073962459e+01
2.550418453127632645e+01
2.543284731877795224e+01
2.533189185193398529e+01
2.535474365430164667e+01
2.529886380513886834e+01
2.540122545814574551e+01
2.541014403176565395e+01
2.539636397889977104e+01
2.531561984709938784e+01
2.534413318153822914e+01
2.536851872680238529e+01
2.523599549641005169e+01
2.521487157550170011e+01
2.513870401521246123e+01
2.526390644753476522e+01
2.536401478384230757e+01
2.534768181228333717e+01
2.533938213192318401e+01
2.530452743199631271e+01
2.528368833462090137e+01
2.540578639126498928e+01
2.533195819581958119e+01
2.543485974675979833e+01
2.539270936321359429e+01
2.543214492699433293e+01
2.544371388353830099e+01
2.538677780652792748e+01
2.547048761231625136e+01
2.548047468176449470e+01
2.543335131214313449e+01
2.553219803766775797e+01
2.560304895369756650e+01
2.546965179726613115e+01
2.549589345590174361e+01
2.553907245073799359e+01
2.552734302390423338e+01
2.553686950984248227e+01
2.562373042240151833e+01
2.573817740528651399e+01
2.581123742222905193e+01
2.567214216381692182e+01
2.570331459291650233e+01
2.570649468205476396e+01
2.570791407574900944e+01
2.570986922570326527e+01
2.585992911162076524e+01
2.578445036164145421e+01
2.583350507594840195e+01
2.579611924037793003e+01
2.591544994751407671e+01
2.588053913274908169e+01
2.577905235974400355e+01
2.579696952348237460e+01
2.567617627876642317e+01
2.591486624541223804e+01
2.584338470702106960e+01
2.581527306967985069e+01
2.581478627016053196e+01
2.592355230029755120e+01
2.611624692293126415e+01
2.622047851317742584e+01
2.623802048434957257e+01
2.625930751690969345e+01
2.633464242610011752e+01
2.672478806507821503e+01
2.703237541663279586e+01
2.654443265338207070e+01
2.636094433900143486e+01
2.644826915597043637e+01
2.651088601699848368e+01
2.649677770013199662e+01
2.644841866734386926e+01
2.657589839519543062e+01
2.643277107500435363e+01
2.627784242333245501e+01
2.638197653412440147e+01
2.638065859197577723e+01
2.639965519201258104e+01
2.642110039705048408e+01
2.639768624411636821e+01
2.639893626982789243e+01
2.627828808853943698e+01
2.610922612990953340e+01
2.624548518916068574e+01
2.614098829118034217e+01
2.618157311669128262e+01
2.626514025548887332e+01
2.615829182807600262e+01
2.619571882490662773e+01
2.621108769594794197e+01
2.631912720519963145e+01
2.644850390078399016e+01
2.717222479698551041e+01
2.734145692653979864e+01
2.708469897209985433e+01
2.697082506710234640e+01
2.675011487210904804e+01
2.685440855270720917e+01
2.702661802459126861e+01
2.690875597259800855e+01
2.676691785983421212e+01
2.680065869631434694e+01
2.665180817905291022e+01
2.671637404580152619e+01
2.667203050524308949e+01
2.661392018331105547e+01
2.651163808690025192e+01
2.663292047062472179e+01
2.657489257213013900e+01
2.644799113115944778e+01
2.652815541555325751e+01
2.656389586619155807e+01
2.688385748407643305e+01
2.664171827386218538e+01
2.617464288442441500e+01
2.610943837606354023e+01
2.590666343681288097e+01
2.580419619234398354e+01
2.598025382605449707e+01
2.586288343000527590e+01
2.592779106124701016e+01
2.604270049773586138e+01
2.619172150366840413e+01
2.611983533499509136e+01
2.619798021903065433e+01
2.621924519635612327e+01
2.645568711180124311e+01
2.673846368325665779e+01
2.629913554700342360e+01
2.623129199016437951e+01
2.612359114628799972e+01
2.600096680008507732e+01
2.603197294596879274e+01
2.584525300838932438e+01
2.587131690869381728e+01
2.574396144432006039e+01
2.565337567410135478e+01
2.571664968960811848e+01
2.563706818524664399e+01
2.566523391980438262e+01
2.577702741263530228e+01
2.586101207590569118e+01
2.594768700316061683e+01
2.604569165378670803e+01
2.573289493405275508e+01
2.599074307671408590e+01
2.586003280481137168e+01
2.587025395543764716e+01
2.579647043179270582e+01
2.570065194452818957e+01
2.560370972868869544e+01
2.574318595952814448e+01
2.559864774783353880e+01
2.559424616379228112e+01
2.575442512227311909e+01
2.580338172633852167e+01
2.569876543209876374e+01
2.538121107724923675e+01
2.528263468508643896e+01
2.532027921485088129e+01
2.546881907316796401e+01
2.542261724085597407e+01
2.547381385478247751e+01
2.578271426053924742e+01
2.628053571065111882e+01
2.594548913151168179e+01
2.535289078413828534e+01
2.520635188308038366e+01
2.515464915444037430e+01
2.512372651120670142e+01
2.520399760443180170e+01
2.500399652154606400e+01
2.512723063022362524e+01
2.513427064366564778e+01
2.502538250806015796e+01
2.504832948880124732e+01
2.505031845944078128e+01
2.506577136267252115e+01
2.517597869408127309e+01
2.510593463568188000e+01
2.514503176762125136e+01
2.519057369350414888e+01
2.516491672017222569e+01
2.517978333899520749e+01
2.512001117422478558e+01
2.509654251818984960e+01
2.496521400345076813e+01
2.497440912193951945e+01
2.501501942487499264e+01
2.515019089684084719e+01
2.504716492940045924e+01
2.512299574152934767e+01
2.513475583824861914e+01
2.511915702448836285e+01
2.505927744650999500e+01
2.520701336410676419e+01
2.522984765845401611e+01
2.521868416637148513e+01
2.546173479178660415e+01
2.557309078362214194e+01
2.554851903285331005e+01
2.538896730845237215e+01
2.556445814072932521e+01
2.541672949336549792e+01
2.546086611044894354e+01
2.536435714420233722e+01
2.518526221958104472e+01
2.522681608141732212e+01
2.514629728880592907e+01
2.519973966926997377e+01
2.516476409325080610e+01
2.514502734454121935e+01
2.514561926858910823e+01
2.514181110390212481e+01
2.522073820890531692e+01
2.504787467936973400e+01
2.503981454224315684e+01
2.505425355231592377e+01
2.518417351395365955e+01
2.510540380047505948e+01
2.521383034575864102e+01
2.521176293678690072e+01
2.517711059597696632e+01
2.511405283867341254e+01
2.514429071574335595e+01
2.529183466778773592e+01
2.513216698750613531e+01
2.518707974015119788e+01
2.509359310603222326e+01
2.520880791098268148e+01
2.517144855220382382e+01
2.517622523461939466e+01
2.512305263751338913e+01
2.520186282166053715e+01
2.519785820639102170e+01
2.521475286600263033e+01
2.511765376286897578e+01
2.515749416759092938e+01
2.508610148959930086e+01
2.519630541871921281e+01
2.520256144646388563e+01
2.519945764511785669e+01
2.524194978400709388e+01
2.525918336369156236e+01
2.546334068886117308e+01
2.594559484274272165e+01
2.598765849199093836e+01
2.574788820117560206e+01
2.558679295726234670e+01
2.565925754418461224e+01
2.572905709276621877e+01
2.614860943884097111e+01
2.642279101538955999e+01
2.685441328757944390e+01
2.694591814092348514e+01
2.704189134808853368e+01
2.670107514130993209e+01
2.647816898677730890e+01
2.637672499367420897e+01
2.634362053091913580e+01
2.645500628809132238e+01
2.635035100135809927e+01
2.704378562365310046e+01
2.721009822936870393e+01
2.656948196875367074e+01
2.614542867981790408e+01
2.592358378673494457e+01
2.573636448336904792e+01
2.569572395881643345e+01
2.562765898464211034e+01
2.573255704937091082e+01
2.531271101377862820e+01
2.528447734741351027e+01
2.534804002874993145e+01
2.529247451343836772e+01
2.526009956141162505e+01
2.515055534987041952e+01
2.513232908031565671e+01
2.515486676740500727e+01
2.525672850796969016e+01
2.518815633781984786e+01
2.514668471408440453e+01
2.523953466728710993e+01
2.529483293977650860e+01
2.513967834324741446e+01
2.519647868876997521e+01
2.520089619118745361e+01
2.524482976274459034e+01
2.527661909989022959e+01
2.556333384745893511e+01
2.628411507442924133e+01
2.594890169808381231e+01
2.560593034141495039e+01
2.566068322150216829e+01
2.571491810535635381e+01
2.566483735591804205e+01
2.552598858348561706e+01
2.565574332691904402e+01
2.567354836249952399e+01
2.576821179394055150e+01
2.577319411809292760e+01
2.571812003445965189e+01
2.587219326776127559e+01
2.623244213099885513e+01
2.645102926986169223e+01
2.631215949467035031e+01
2.629622451199493938e+01
2.617979766107243833e+01
2.621724219489120244e+01
2.626329866863610007e+01
2.642870268650754184e+01
2.634963778843686555e+01
2.630908550480531360e+01
2.639028852080889465e+01
2.644061364229634137e+01
2.643962854466829882e+01
2.632991641696893126e+01
2.629105678295334059e+01
2.648918854698823822e+01
2.680299973507774425e+01
2.675110251918081161e+01
2.653918583219809335e+01
2.606487639360155129e+01
2.593597026305756970e+01
2.562598607031350895e+01
2.549264800603618042e+01
2.549588217836474158e+01
2.536714797444514247e+01
2.539011091260979569e+01
2.545711246314060716e+01
2.541380531633299711e+01
2.534434031877213656e+01
2.528040765083819608e+01
2.517793692582432641e+01
2.521363703758618513e+01
2.516217655592896563e+01
2.518904256697958033e+01
2.522315317000186852e+01
2.518732680583779526e+01
2.523555184256938588e+01
2.513071739409853222e+01
2.517591154500406958e+01
2.512108385856607029e+01
2.527131596476944608e+01
2.532639172957495077e+01
2.520696271424090895e+01
2.510548872457050251e+01
2.511971610286662582e+01
2.523234679405837255e+01
2.518132482628384849e+01
2.520946171229578070e+01
2.517809485084833554e+01
2.514973596570314029e+01
2.521259066393900028e+01
2.517444444444444329e+01
2.523121528299054361e+01
2.511976246070121732e+01
2.530948384785109440e+01
2.535279904839788756e+01
2.519814862527145038e+01
2.517668811478441171e+01
2.504823216462851221e+01
2.518780709398698292e+01
2.523856487306639096e+01
2.523364922708835323e+01
2.524970063189697811e+01
2.530800224887556027e+01
2.506548132909648530e+01
2.515177526336324476e+01
2.511760927808566279e+01
2.520271643721703825e+01
2.504804705449866731e+01
2.509792694601958729e+01
2.505672223031008983e+01
2.527955301416451661e+01
2.515027297460149569e+01
2.581786569816861032e+01
2.620495468277945506e+01
2.574477980624493512e+01
2.538690257014507523e+01
2.520207809495636653e+01
2.517493579484125732e+01
2.510734903751554725e+01
2.510986906318484202e+01
2.504011219682109157e+01
2.512629767288573035e+01
2.502263088622404297e+01
2.505191358253832590e+01
2.504146580225706842e+01
2.511137225872120027e+01
2.509042326966105207e+01
2.499417582417582295e+01
2.499567898954832401e+01
2.506650818222025734e+01
2.498346418145884940e+01
2.502178915838690543e+01
2.505928139294673329e+01
2.503334131560041698e+01
2.504798289067212735e+01
2.504309899675420326e+01
2.507217847769029007e+01
2.516760189013585247e+01
2.509128882673340399e+01
2.511436982318845779e+01
2.517302822498659509e+01
2.514784995425434388e+01
2.505530904203413201e+01
2.499697140059121381e+01
2.517600382937201786e+01
2.502577729573391352e+01
2.522339514447423170e+01
2.521259299311990532e+01
2.513035820231385387e+01
2.504412625265159775e+01
2.519029187347210552e+01
2.509379644410194388e+01
2.511468645337971850e+01
2.508583463052833906e+01
2.516016053213429871e+01
2.511375519630484732e+01
2.512213740458015110e+01
2.515784730269087532e+01
2.502603793679648803e+01
2.518322797678459324e+01
2.527302844663248749e+01
2.518112706203638851e+01
2.512103277354442454e+01
2.507425460297606890e+01
2.510354969760473409e+01
2.512454300380368721e+01
2.502257816222556031e+01
2.507579218865143744e+01
2.511977268053764334e+01
2.521211332540154615e+01
2.509725861908744804e+01
2.508412073973307699e+01
2.508003105130858756e+01
2.509084314491378720e+01
2.500836588781602643e+01
2.509755513825987805e+01
2.517593448441601467e+01
2.513327773144287036e+01
2.501427128294609048e+01
2.513455238659287971e+01
2.509794605387217814e+01
2.524133031724963061e+01
2.502233711383371784e+01
2.513687874972224279e+01
2.503979155925462052e+01
2.497050549051638058e+01
2.513970588235294201e+01
2.507284144427001493e+01
2.507243375187233170e+01
2.506389805816290561e+01
2.514155598426949467e+01
2.512573681108163726e+01
2.509248991471254442e+01
2.516084640426161556e+01
2.514845712399845823e+01
2.513491901897269898e+01
2.532510869161309586e+01
2.523372617112457306e+01
2.517886942587169230e+01
2.525194550731066911e+01
2.532419608933370370e+01
2.530016133763567154e+01
2.522656293209933764e+01
2.525420475319927149e+01
2.527614907981133641e+01
2.534168560711052010e+01
2.530160529151648063e+01
2.535205886781090001e+01
2.534625738428175978e+01
2.521906440478813494e+01
2.518096492367049422e+01
2.518937797982038163e+01
2.512594935544971264e+01
2.512090061825228204e+01
2.509293989394135238e+01
2.509226136156232911e+01
2.528878659684302832e+01
2.606057047313839803e+01
2.622060260423936384e+01
2.636649121769471904e+01
2.643139804737515774e+01
2.620195700056526888e+01
2.617389087200407971e+01
2.599114180910013516e+01
2.598045671595810191e+01
2.587152376550342936e+01
2.605273892773892896e+01
2.604295896370239305e+01
2.619006403352458534e+01
2.623458278248697439e+01
2.613340126115041784e+01
2.628530493707647508e+01
2.617689706111024606e+01
2.609200884029312562e+01
2.603934306147232647e+01
2.607510508215513667e+01
2.630685555274475007e+01
2.622159961221522195e+01
2.629763176811143666e+01
2.636606187892577324e+01
2.632740088791961952e+01
2.639570409429280318e+01
2.629275826785335113e+01
2.631189667155764766e+01
2.636672860635696836e+01
2.635816528272044224e+01
2.637352532623794232e+01
2.635357488782146262e+01
2.643046919721284382e+01
2.638263107610115554e+01
2.638396372057120587e+01
2.641748024174802367e+01
2.623224388379204797e+01
2.624860270593223532e+01
2.625307761097475279e+01
2.609611409673418692e+01
2.620747568423433549e+01
2.612925581131861819e+01
2.586801550358845248e+01
2.573154930614348501e+01
2.568935942601029154e+01
2.576640901592244504e+01
2.561995449875238506e+01
2.564965270080544002e+01
2.565494891793914078e+01
2.553931253189472628e+01
2.560567029251800619e+01
2.550726730899318184e+01
2.545916619074814236e+01
2.551065861226888032e+01
2.557507308988659389e+01
2.573303260584733820e+01
2.576536270983213228e+01
2.564283585980856017e+01
2.563476000371367292e+01
2.574865038317792099e+01
2.570559079728505125e+01
2.571705982014857383e+01
2.578818764129615460e+01
2.587496945201616683e+01
2.586687785334948231e+01
2.588990583804143242e+01
2.596614716161329994e+01
2.595980575270825241e+01
2.591917195076463898e+01
2.596288713519952651e+01
2.598807397484557313e+01
2.591857182396899972e+01
2.596792389604587115e+01
2.612192173201398759e+01
2.599096512244636514e+01
2.609682894982279322e+01
2.605941455110650651e+01
2.588636575846420840e+01
2.582580835236061034e+01
2.582793231469562301e+01
2.574200418609774843e+01
2.592014590347923786e+01
2.636340773954576733e+01
2.653715603563825809e+01
2.648593025599677730e+01
2.620023459733866744e+01
2.600710684910738024e+01
2.604167302701877773e+01
2.613458769137486826e+01
2.610040810185620330e+01
2.607649949331752737e+01
2.596284347958099303e+01
2.593819331353578050e+01
2.590781730513687009e+01
2.601158241926823678e+01
2.594999905157533249e+01
2.591732855391000712e+01
2.585282997679119177e+01
2.594643638369505467e+01
2.597434776825583924e+01
2.597269585906078504e+01
2.605151722304508155e+01
2.607020541443596429e+01
2.613787764350453102e+01
2.606889412301029552e+01
2.614017614151799407e+01
2.611136667860711569e+01
2.608572343873666810e+01
2.604965366661647508e+01
2.617187350538539548e+01
2.618192293162070428e+01
2.615719949677862033e+01
2.598052179124604422e+01
2.609719771567343827e+01
2.619906660520857500e+01
2.608258541368127581e+01
2.611584806059214969e+01
2.614245300930321037e+01
2.627745807926829258e+01
2.652265463068787099e+01
2.628314245149077166e+01
2.562916766610698005e+01
2.537809187279152212e+01
2.541869752581915520e+01
2.546867200596014058e+01
2.546320226276967702e+01
2.526652107687507964e+01
2.527315037121855568e+01
2.533430275913497454e+01
2.528897944063715642e+01
2.529024358570023878e+01
2.523645754829696841e+01
2.522380908334104532e+01
2.521300485696873750e+01
2.522695594762131677e+01
2.534961315280463978e+01
2.523167592218013411e+01
2.533823420074349642e+01
2.529369326149531361e+01
2.535780877088305729e+01
2.559159663865546008e+01
2.554102544853989798e+01
2.549064406653932835e+01
2.569223406902624518e+01
2.554181987000928800e+01
2.558113494021635859e+01
2.563870676861227338e+01
2.564900247007410528e+01
2.572146050110814741e+01
2.576274479920749627e+01
2.574957548771744698e+01
2.579068401810914679e+01
2.586483009157647928e+01
2.570738604230290747e+01
2.580249707668514958e+01
2.571297339945897065e+01
2.566613216623592209e+01
2.569535823544963549e+01
2.575578088752525829e+01
2.564229393366171905e+01
2.582652387865532972e+01
2.576043195244007933e+01
2.564230343300110704e+01
2.574992443705606604e+01
2.578295771463028530e+01
2.568460891505466748e+01
2.572892325638275679e+01
2.572371541501976111e+01
2.576543186825497855e+01
2.588736987807883949e+01
2.575323289978478769e+01
2.585531488621758456e+01
2.575852993877855468e+01
2.573238159981871931e+01
2.586899265874517795e+01
2.593129347909180993e+01
2.569041897203748448e+01
2.568565428782232374e+01
2.576508539613272220e+01
2.562658016682113171e+01
2.553480971190025883e+01
2.552629428804872802e+01
2.556308222901163774e+01
2.555414945063089149e+01
2.557228826426693402e+01
2.555427243073000554e+01
2.562746095442641803e+01
2.546849932066481870e+01
2.543432620391024912e+01
2.541199010435073546e+01
2.529254725405566262e+01
2.526459345164447257e+01
2.514612463948012433e+01
2.534119584119584090e+01
2.518461084034854380e+01
2.538947467343295017e+01
2.530797777114724667e+01
2.534739850698557717e+01
2.527912092008872946e+01
2.544158704090773426e+01
2.551012343820563189e+01
2.551744504198509489e+01
2.547217824021714350e+01
2.555763017506950163e+01
2.548872474230640250e+01
2.553592043168443126e+01
2.585301204819277032e+01
2.627688614676533163e+01
2.631365429530332989e+01
2.607566898390629362e+01
2.596564317852369186e+01
2.594912519925483707e+01
2.590352243796785459e+01
2.577886215342045517e+01
2.567856618187160223e+01
2.577386458623572096e+01
2.567845438892077325e+01
2.561190968886261032e+01
2.579492924087972838e+01
2.580853826036237919e+01
2.584937523665278292e+01
2.567168310945134735e+01
2.592568751428353835e+01
2.571000984087491048e+01
2.570153286177977137e+01
2.576500037500937523e+01
2.556676306434084367e+01
2.565494233328404405e+01
2.569270900782565192e+01
2.578571693976888568e+01
2.575581719770102040e+01
2.574188628712779092e+01
2.572899315883402949e+01
2.596499299481237699e+01
2.613543655946833510e+01
2.647325312536739972e+01
2.659529615354361809e+01
2.663636722061229634e+01
2.678061274557908433e+01
2.680755608028335146e+01
2.662996636232580272e+01
2.662309057244252131e+01
2.665362260459227528e+01
2.682842043452730607e+01
2.693081427336320388e+01
2.690784553005550350e+01
2.684740028490028507e+01
2.664621210619188219e+01
2.621192485915899084e+01
2.578404253341512842e+01
2.567264887971698073e+01
2.554286720806911859e+01
2.573664801156369109e+01
2.577855429813385157e+01
2.587115896897159573e+01
2.572560896062023517e+01
2.572870234399687561e+01
2.564888190722602346e+01
2.565966914072597049e+01
2.567608272280441284e+01
2.559769225097692313e+01
2.555120942193731182e+01
2.559209050112191619e+01
2.553114986213578064e+01
2.554654811715480989e+01
2.549441822132314428e+01
2.534269590156350915e+01
2.532732020817513430e+01
2.534721860949054317e+01
2.537078042303304670e+01
2.568518483358332460e+01
2.559488301312535796e+01
2.565190568108701186e+01
2.566132928816225700e+01
2.583823501235798048e+01
2.578608874031302278e+01
2.558885578850729559e+01
2.548664599191805280e+01
2.547373228933631495e+01
2.544227849975933964e+01
2.549803584122114586e+01
2.540325510695881306e+01
2.534207183490122972e+01
2.535528158631873907e+01
2.542210846445909311e+01
2.548257643884891976e+01
2.545808674807101468e+01
2.544115495018855100e+01
2.550122669283611287e+01
2.548703689787329907e+01
2.546653703109365807e+01
2.536975703207028943e+01
2.534809416008687322e+01
2.544948571639613988e+01
2.550732545970997123e+01
2.576201590102654748e+01
2.564631997300438471e+01
2.566420441697444588e+01
2.570772438667017212e+01
2.559384986993682887e+01
2.570226531112662016e+01
2.553362726049917697e+01
2.542332159386351265e+01
2.552771102293261762e+01
2.549092736409319215e+01
2.544521594990330726e+01
2.537687594026345650e+01
2.539582447251142128e+01
2.539083632860265993e+01
2.542982226379794142e+01
2.536893883566691343e+01
2.542842493847415852e+01
2.535118089848156941e+01
2.546878124652816311e+01
2.537216460229816661e+01
2.537464715009440752e+01
2.533570780986919146e+01
2.531408169305904821e+01
2.534233701973672126e+01
2.537984653785708034e+01
2.533763735247327276e+01
2.544034048297585215e+01
2.543648051127707888e+01
2.556259550519921220e+01
2.558682209643370697e+01
2.572277078748895107e+01
2.549725642766695444e+01
2.558642161104631541e+01
2.574433814186411595e+01
2.570658570411184840e+01
2.570261052079233721e+01
2.566734644240303709e+01
2.566386333276890142e+01
2.580926055208588821e+01
2.582751797876793276e+01
2.577580629906364962e+01
2.575141104294478467e+01
2.571673326296743056e+01
2.588608535029421276e+01
2.581119742326638899e+01
2.577622156501683293e+01
2.565326895471747548e+01
2.585021638389950738e+01
2.594714982472184062e+01
2.643563914444315088e+01
2.645567186075096089e+01
2.612925117307170098e+01
2.582435748663610298e+01
2.565295610489707911e+01
2.548860390986309810e+01
2.546202072442468278e+01
2.539879023951759507e+01
2.532482970980684911e+01
2.537885257211045342e+01
2.537065183471923646e+01
2.545783580010770919e+01
2.546493939564248166e+01
2.552152351833554178e+01
2.540996746144088902e+01
2.553439764534937595e+01
2.545139862720495927e+01
2.543212379340487672e+01
2.543763983654148220e+01
2.544671227035945194e+01
2.540596168809515021e+01
2.535900364788680506e+01
2.528794444444444522e+01
2.522040576947748747e+01
2.526865235267245069e+01
2.527383378517341228e+01
2.535978099480326620e+01
2.531521678059743508e+01
2.521042999223573844e+01
2.527793430711054867e+01
2.527929691140561985e+01
2.525697517264362091e+01
2.521787637144072747e+01
2.520801501886652218e+01
2.523378016085791131e+01
2.527146358346897159e+01
2.521221037826634159e+01
2.515484050445103748e+01
2.515083071312954388e+01
2.516009624282805746e+01
2.521254316168743514e+01
2.520028366676620024e+01
2.513206569032233872e+01
2.496753715459643530e+01
2.526147361258128043e+01
2.516866195853317834e+01
2.527076317681335027e+01
2.522094415142333546e+01
2.521212064583644619e+01
2.520839711757458090e+01
2.513541298072446040e+01
2.518900011163621144e+01
2.515606700763472148e+01
2.507939655651722788e+01
2.512672622371114883e+01
2.515929286140979571e+01
2.523218373550493610e+01
2.521189776570383145e+01
2.517644323761344793e+01
2.529995022949731620e+01
2.542572623445792601e+01
2.530502647960605955e+01
2.521170424711862523e+01
2.521403221910477654e+01
2.533912799401197447e+01
2.529339569691300227e+01
2.524250074250074150e+01
2.522065405114301129e+01
2.522694147544659415e+01
2.535225722030096307e+01
2.528282528982554922e+01
2.532249221416183360e+01
2.526949694895073506e+01
2.524684725020521014e+01
2.531178990501024018e+01
2.531541651942641380e+01
2.527349818018085870e+01
2.530434052713062698e+01
2.527623665266391484e+01
2.536605297764418410e+01
2.526923713691801154e+01
2.522717099787292838e+01
2.523255943951703273e+01
2.508999231304220601e+01
2.520325008741741257e+01
2.520198620383555621e+01
2.524574993017409597e+01
2.536659710836190129e+01
2.529324294369735426e+01
2.525336087189038636e+01
2.536065391459074903e+01
2.543028158409878259e+01
2.538471060429873560e+01
2.533766402013584340e+01
2.544378720377372716e+01
2.534103672504248905e+01
2.557981242985142600e+01
2.552693301155753502e+01
2.560057733211789355e+01
2.575044019917829630e+01
2.593183524926347161e+01
2.646921499235904562e+01
2.636305288126133561e+01
2.628594459626840774e+01
2.616640605393718033e+01
2.627465365853658241e+01
2.599778551690199535e+01
2.601485988974305030e+01
2.611343960024016653e+01
2.629707355757141940e+01
2.642834970530451599e+01
2.615742947190406653e+01
2.600719451918856251e+01
2.598892540318750832e+01
2.600625142077744911e+01
2.604514405647777409e+01
2.610888268474730722e+01
2.603060527912620969e+01
2.586848403260788132e+01
2.603885012772122565e+01
2.600250156347717478e+01
2.652891173272709224e+01
2.641357090937665575e+01
2.595421728499643876e+01
2.563510323935547319e+01
2.566367956297238706e+01
2.570646400723245506e+01
2.560505803846800532e+01
2.561832675286764882e+01
2.558976530593039911e+01
2.554098421679571373e+01
2.553106597092806496e+01
2.542252466443267167e+01
2.549326029650956116e+01
2.546936663956839553e+01
2.535900304441917541e+01
2.537058668374844572e+01
2.541888003541390262e+01
2.523376007586534087e+01
2.534503000504757608e+01
2.551266464032421766e+01
2.541417924352524693e+01
2.528677094477441045e+01
2.521877075186305461e+01
2.530380030223316723e+01
2.525987023998230185e+01
2.525974486841859346e+01
2.517158260805564396e+01
2.527235419169978670e+01
2.530220894641737672e+01
2.526368422977073891e+01
2.532777881561741395e+01
2.531045020870602258e+01
2.522350019605280380e+01
2.529490911805322284e+01
2.535283951081136777e+01
2.542673196188171403e+01
2.534548829186898899e+01
2.528340609724243748e+01
2.521016601687625069e+01
2.521864453665283534e+01
2.530023947871609735e+01
2.525690602589177303e+01
2.529081936685288667e+01
2.524890829694323102e+01
2.533749930153290109e+01
2.522663280516755790e+01
2.531900338311433529e+01
2.533810222775496612e+01
2.529430455746245343e+01
2.526747859950769381e+01
2.523161757925603510e+01
2.530744071954211094e+01
2.524975117042061257e+01
2.540656984656686390e+01
2.537178326652011151e+01
2.548433802816901306e+01
2.535570084456956508e+01
2.530992202404104319e+01
2.522823806544223402e+01
2.536448945461302529e+01
2.526014780498566381e+01
2.526906410873671405e+01
2.526782431052093969e+01
2.526453954276661307e+01
2.527184627927660898e+01
2.526498341319572205e+01
2.522871504869619841e+01
2.512036712803405791e+01
2.529126819508434210e+01
2.525573740003719792e+01
2.527721704864402952e+01
2.553266513246733282e+01
2.617605758451826148e+01
2.607963680527442207e+01
2.590198797965788557e+01
2.563604293327328776e+01
2.548711282358222263e+01
2.540699758003436060e+01
2.548233537900149415e+01
2.543816025605446640e+01
2.545694820345310205e+01
2.534782286866892420e+01
2.533084480101026870e+01
2.533506647849662130e+01
2.534992120144618255e+01
2.522336757153338027e+01
2.538358124646959268e+01
2.540964662535588658e+01
2.541824797089280707e+01
2.541241351089948708e+01
2.536476408339377997e+01
2.535977852852852621e+01
2.530565869597504758e+01
2.520418541689533143e+01
2.517867280114279538e+01
2.515211102566919266e+01
2.519853820846418202e+01
2.521223122032951736e+01
2.512285730033621789e+01
2.517338237752884211e+01
2.514263080324244726e+01
2.509433510246203625e+01
2.530298366310011460e+01
2.522548947037270040e+01
2.526430308699719163e+01
2.532506573671745542e+01
2.527246339298920219e+01
2.531029606058914538e+01
2.550775751154166571e+01
2.530042320971154979e+01
2.537930447930447997e+01
2.535102850818608644e+01
2.534264750037532110e+01
2.527190762124711298e+01
2.534672521722881555e+01
2.529142311151078815e+01
2.518842502995115851e+01
2.538173773886849460e+01
2.552526343719202728e+01
2.549667964708316958e+01
2.553694117647058448e+01
2.569544491525423879e+01
2.567268508990214926e+01
2.565021954305276353e+01
2.549079063930311762e+01
2.539751311802527312e+01
2.532709824027644885e+01
2.532329806422820084e+01
2.517631027642336861e+01
2.505832828922027034e+01
2.526417724857756397e+01
2.513222957241583089e+01
2.504612594420761340e+01
2.515457078413161796e+01
2.520575187684841367e+01
2.507538831847756811e+01
2.494441103510486002e+01
2.490553277903367757e+01
2.491183498690524090e+01
2.487188249976000520e+01
2.478685384865837804e+01
2.475904005498491500e+01
2.484259456528054599e+01
2.480143354183698534e+01
2.468650577519015599e+01
2.465050028317915931e+01
2.447318184385413531e+01
2.446047037193089935e+01
2.442924383897137730e+01
2.421200299786690380e+01
2.420935136983699110e+01
2.422794358806165960e+01
2.421783860131317567e+01
2.427481661655143341e+01
2.430411531310498319e+01
2.442300254647800983e+01
2.441578528595548292e+01
2.464223827417690416e+01
2.472096579938443028e+01
2.469477780759940089e+01
2.471376920759264806e+01
2.467931957186544167e+01
2.481420733798148248e+01
2.486146593673965910e+01
2.487823548742533220e+01
2.448918282497516685e+01
2.456754706964221668e+01
2.479350062493991302e+01
2.481980322139492401e+01
2.483396045306200861e+01
2.481632457318242757e+01
2.470557334304722019e+01
2.465998518040013110e+01
2.476072377094598664e+01
2.472475826826997647e+01
2.471643451901308453e+01
2.455500545913181298e+01
2.466825303154327997e+01
2.452222387948392779e+01
2.450823735794371316e+01
2.442839550612886867e+01
2.449877107415799671e+01
2.458548523857241719e+01
2.459544241037376011e+01
2.457236892169545683e+01
2.464215705340126661e+01
2.463044438894119281e+01
2.467584978589563605e+01
2.474256279661997837e+01
2.462016670743409463e+01
2.471773405620797348e+01
2.478342835423793034e+01
2.470457074946709142e+01
2.475376633358954948e+01
2.466036304318962280e+01
2.462597392797177775e+01
2.466077360723967971e+01
2.481662757564597044e+01
2.466009621684356290e+01
2.474477262616298034e+01
2.471340340647537204e+01
2.466878253379769959e+01
2.472426477631957198e+01
2.483592351350321792e+01
2.478036121673003933e+01
2.477119577603889766e+01
2.473741429599606079e+01
2.476915455117089948e+01
2.480956612156158414e+01
2.484436387354204712e+01
2.486522314674735057e+01
2.486585319132633387e+01
2.481933927870323586e+01
2.494808769280758298e+01
2.489797780142922434e+01
2.495631311184768109e+01
2.506120912635602238e+01
2.556541623134695840e+01
2.579048098208895468e+01
2.563148669673277524e+01
2.542812958794166533e+01
2.553208577151160696e+01
2.559247673572173554e+01
2.559496661330000933e+01
2.554202401372212705e+01
2.553029595015576447e+01
2.562014462401706894e+01
2.547873713860959910e+01
2.558239167705735539e+01
2.551386632629380458e+01
2.555662655294621644e+01
2.556640891295455731e+01
2.559267703339958899e+01
2.558952454580595059e+01
2.555593701451888222e+01
2.558317358892438875e+01
2.553538312318137571e+01
2.562933919676214245e+01
2.561825943533520800e+01
2.555516034872706754e+01
2.563301803699306802e+01
2.555752143413873867e+01
2.566276240033239020e+01
2.564629432414309562e+01
2.541484329936550779e+01
2.521626694473409813e+01
2.517287700696186903e+01
2.520842930840836971e+01
2.527691868758915916e+01
2.504566890515355126e+01
2.509370990868613660e+01
2.472519895844794036e+01
2.486401285930408278e+01
2.481018483873381797e+01
2.484991034298576906e+01
2.482586629664125866e+01
2.466498120300751751e+01
2.468181476328357249e+01
2.475799747992402189e+01
2.468742708764535365e+01
2.474786455155582487e+01
2.485346132474947822e+01
2.476619893864138433e+01
2.499925092194222387e+01
2.484199154710687196e+01
2.485088850811497707e+01
2.489159471765128018e+01
2.502533917440222311e+01
2.500404927896094165e+01
2.488440952055574584e+01
2.488130883520471670e+01
2.473728367193378475e+01
2.474074557802821062e+01
2.493599772705748663e+01
2.477123680608935530e+01
2.479590081160937842e+01
2.477070431992837385e+01
2.471795978899547563e+01
2.463105105787063209e+01
2.468098576909266129e+01
2.485038109756097668e+01
2.487382158235171303e+01
2.469430158403620723e+01
2.481611500543539606e+01
2.484363070027159992e+01
2.480496932165720025e+01
2.481151412018890667e+01
2.467705647120379808e+01
2.489064304238362979e+01
2.514011114494518750e+01
2.523598019158333372e+01
2.524543978607583128e+01
2.523197108489032203e+01
2.517718493019697590e+01
2.510368185710208166e+01
2.509006506601727438e+01
2.509651671824288499e+01
2.496812920895158427e+01
2.499525408467613374e+01
2.506382577543131873e+01
2.495688754570554480e+01
2.500156136731166256e+01
2.514084215283793355e+01
2.509345447802707341e+01
2.508204735869828639e+01
2.495483257867963545e+01
2.497988910816652464e+01
2.505218090377100992e+01
2.497654316427173171e+01
2.515465034499800367e+01
2.500142268813178248e+01
2.502769428533620655e+01
2.512957213176826698e+01
2.523991394246330344e+01
2.513728829595988046e+01
2.510613140619383898e+01
2.509988213944961188e+01
2.531010221691225581e+01
2.523579970104633929e+01
2.523132227632379809e+01
2.537203333014078765e+01
2.523916996879725616e+01
2.520853808936533724e+01
2.521351896919274793e+01
2.520883967442740570e+01
2.520620959254247495e+01
2.499731863548339206e+01
2.513599278186250885e+01
2.493145873248431599e+01
2.498722278509512762e+01
2.505323813807060773e+01
2.502733893557422817e+01
2.501582733812949755e+01
2.498312008057596856e+01
2.499455179564520790e+01
2.503968509301489576e+01
2.508964445455234582e+01
2.509209414151279915e+01
2.525894371700307062e+01
2.516891533388918134e+01
2.508727170024477715e+01
2.512859666115890533e+01
2.504677392293208626e+01
2.508874364834998971e+01
2.515310876871371804e+01
2.514075630252100879e+01
2.514476602142454453e+01
2.524177047544098684e+01
2.528840017578386323e+01
2.530364621354747001e+01
2.513318459415000916e+01
2.518792333743842349e+01
2.523225720384204962e+01
2.522543330606342948e+01
2.524677520469613867e+01
2.527111444277861096e+01
2.526283999392189727e+01
2.522731175000476611e+01
2.526675446848541640e+01
2.518210784313725625e+01
2.519601372756071811e+01
2.521491219725652044e+01
2.531966150796676018e+01
2.547446210692428892e+01
2.538506516777637501e+01
2.534559159433531050e+01
2.526055725681448649e+01
2.524650423322989568e+01
2.522368892492787040e+01
2.535984797589112461e+01
2.527506775067750411e+01
2.522712927720291631e+01
2.554387120522308763e+01
2.540792505284003511e+01
2.515095051297525686e+01
2.537172140604569037e+01
2.524295679131951076e+01
2.516556454516171826e+01
2.511278849791903056e+01
2.516808280549976828e+01
2.512067066686920924e+01
2.511704004910235000e+01
2.504695978984103633e+01
2.503913142683297721e+01
2.496286004484390730e+01
2.488180173316826682e+01
2.503908955962394955e+01
2.512239894992858069e+01
2.536001072714734406e+01
2.548664861811736770e+01
2.553956172960281990e+01
2.556044851400636020e+01
2.553211079862850141e+01
2.536066456426428672e+01
2.548310752211536467e+01
2.535637528215615788e+01
2.555088352389731199e+01
2.530930334676110860e+01
2.540477487644472276e+01
2.528800911197517820e+01
2.539108783717023954e+01
2.526491419231816948e+01
2.537629396570141083e+01
2.535810418842093128e+01
2.537100832204373546e+01
2.535265047681556538e+01
2.543791242915922979e+01
2.570700865610913866e+01
2.598776106679656550e+01
2.554558906563345744e+01
2.560740103942792345e+01
2.550085509502123315e+01
2.552696092426578289e+01
2.546428163436274517e+01
2.539612903225806662e+01
2.532110920943827992e+01
2.524501386108116208e+01
2.513961612284068892e+01
2.542178145975690740e+01
2.518963963963963693e+01
2.482658605647815264e+01
2.468713926012008386e+01
2.473292278726784232e+01
2.460969224620303919e+01
2.439443062354546399e+01
2.421530898876404336e+01
2.392630993524808147e+01
2.389222192726307270e+01
2.388127042483660034e+01
2.372407256420709132e+01
2.351170021603504878e+01
2.352002494317381576e+01
2.352559706062461586e+01
2.346001966246108239e+01
2.323507642799678052e+01
2.335716134169403801e+01
2.339057152971718523e+01
2.345328920629390979e+01
2.348954643462190006e+01
2.379616265750286175e+01
2.396148444564150992e+01
2.412886597938144106e+01
2.426139120296368645e+01
2.440049457651885589e+01
2.472477403051803080e+01
2.445872549384323591e+01
2.460487971465432366e+01
2.440113655356844191e+01
2.466265151658857846e+01
2.459813012783819985e+01
2.453834106947432048e+01
2.456855027645019263e+01
2.459939640467130317e+01
2.470649555923528595e+01
2.484033517858497220e+01
2.485791527843883841e+01
2.492730439391931441e+01
2.481601895910092281e+01
2.512139330350254340e+01
2.503708669297732214e+01
2.515046361601685376e+01
2.499889558608812834e+01
2.510715697160171089e+01
2.515211516084231036e+01
2.542199816331216056e+01
2.586862795326016595e+01
2.583536585365853711e+01
2.583830589849108605e+01
2.576677219389205575e+01
2.563652976639035330e+01
2.543349553933495599e+01
2.556577168606834505e+01
2.557947909037988410e+01
2.557117601700174703e+01
2.540596750041595087e+01
2.530876255413249609e+01
2.537378658900836115e+01
2.528021957711074919e+01
2.523684308609765026e+01
2.515172478793591182e+01
2.519096745044146246e+01
2.517668987964574967e+01
2.517917601856430920e+01
2.526119474176254087e+01
2.522722671098122404e+01
2.503127812781278294e+01
2.519494073265544642e+01
2.509115625708027864e+01
2.519284467713787024e+01
2.505581492052091264e+01
2.492592522551485246e+01
2.490713344626388093e+01
2.490639067297007259e+01
2.492277648218720998e+01
2.489079249257155624e+01
2.484852594894979916e+01
2.484612770456519115e+01
2.494219620217073086e+01
2.508219595302000826e+01
2.493892129110701461e+01
2.492999030547265704e+01
2.491475248275339283e+01
2.489529362607308371e+01
2.491788520091719050e+01
2.501258006366739650e+01
2.496426461339076042e+01
2.487367699687809264e+01
2.501165111904487759e+01
2.495917007709146418e+01
2.502857636356657522e+01
2.509782713108297614e+01
2.493914976910358661e+01
2.504837013669821033e+01
2.485913402836479591e+01
2.492585663835066967e+01
2.482022259236826045e+01
2.491279135657890009e+01
2.488270377733598337e+01
2.502565813301816533e+01
2.491503551995162979e+01
2.491771972036451288e+01
2.495168565094411761e+01
2.499948079918465993e+01
2.502963944754989356e+01
2.490466297758220193e+01
2.480789901971916223e+01
2.479179285281647438e+01
2.483797320027971622e+01
2.477832549530662831e+01
2.479326066155087460e+01
2.485702253105916881e+01
2.478891386899926275e+01
2.489106166609320425e+01
2.471480602924970782e+01
2.489705211106884519e+01
2.483583381962614922e+01
2.489261466505733367e+01
2.511975726947299847e+01
2.519400973994725845e+01
2.514577304176169648e+01
2.524949709864603165e+01
2.525641273275129350e+01
2.533373798100082652e+01
2.529570456754130348e+01
2.519217758985200817e+01
2.522403680276020665e+01
2.556564820834072194e+01
2.597418265416149197e+01
2.555610526113153824e+01
2.546096172718351269e+01
2.495475575540236690e+01
2.507261785741751936e+01
2.512477351653329549e+01
2.512537828002298568e+01
2.514596777309787967e+01
2.497063745626045872e+01
2.495144612618012658e+01
2.500221903395504341e+01
2.500626048914785926e+01
2.497031682559212840e+01
2.500455084324448407e+01
2.497772410091250350e+01
2.494966284494645237e+01
2.498188474524830127e+01
2.484234293563136120e+01
2.477538611668887469e+01
2.488273914039239543e+01
2.494549902338194158e+01
2.490858269059485508e+01
2.490923112075859791e+01
2.492065213255716571e+01
2.500459198316272591e+01
2.494099115244581100e+01
2.503898068197047877e+01
2.500282777331957718e+01
2.498741829447991947e+01
2.491369655694286678e+01
2.499924213717317301e+01
2.505797597974837743e+01
2.504867587078490132e+01
2.504347412842641418e+01
2.506186368376149431e+01
2.504203175564429174e+01
2.513011386393545621e+01
2.502270753897844457e+01
2.538810092123172879e+01
2.572632882073399330e+01
2.553776067234811364e+01
2.508339097111879568e+01
2.501142878625537946e+01
2.508113521275791769e+01
2.494689457202505523e+01
2.508864323507180671e+01
2.514974729788562868e+01
2.502640501581648991e+01
2.502850396675481903e+01
2.519457419022744205e+01
2.491484071193538696e+01
2.489420338729016535e+01
2.499356710634317835e+01
2.492002581036969744e+01
2.501185423119574835e+01
2.499818000689681341e+01
2.497355928356628496e+01
2.506926669957847409e+01
2.496397054690573825e+01
2.512547303237643703e+01
2.511374758165472088e+01
2.507041236917583404e+01
2.516892522919168229e+01
2.515498688163048158e+01
2.516960659051469662e+01
2.502018627708716636e+01
2.516046744700565441e+01
2.513321657687841437e+01
2.514041940009859388e+01
2.524276579811440513e+01
2.497394552414060698e+01
2.502058544003041263e+01
2.485962343488952442e+01
2.484789619455932197e+01
2.493890897899515124e+01
2.492995498051677572e+01
2.495176952547130611e+01
2.482202567760342404e+01
2.480393120393120654e+01
2.486102608528251068e+01
2.470300400284314080e+01
2.479497812872805795e+01
2.484361132364192670e+01
2.479542459047260650e+01
2.481623988073896570e+01
2.479436351518613790e+01
2.479544988727198174e+01
2.489772941220770264e+01
2.490639178389050201e+01
2.502846093764882696e+01
2.508578949390923540e+01
2.489390881137877187e+01
2.490507796432711274e+01
2.493182033634795047e+01
2.486139301056106632e+01
2.495608284288162082e+01
2.505700667662801706e+01
2.487804923328259221e+01
2.483893963020717521e+01
2.481580178527986291e+01
2.494360471773731547e+01
2.505505392765104489e+01
2.499549541059615265e+01
2.498726185406676237e+01
2.509301456156419974e+01
2.512998968782225617e+01
2.507112751250397764e+01
2.494624440825799994e+01
2.502208053565047408e+01
2.511695531726438446e+01
2.512146887395020656e+01
2.501905100209392785e+01
2.502324160154079635e+01
2.506552711851796644e+01
2.513551227520334308e+01
2.515879006365121739e+01
2.512310433798006315e+01
2.516759033888785169e+01
2.507927927927928025e+01
2.511563375837556222e+01
2.519796272457603337e+01
2.519192942942942892e+01
2.516744810375467978e+01
2.515762750112832791e+01
2.530418516769012882e+01
2.528731581118068306e+01
2.512800942813850469e+01
2.513798045602605669e+01
2.509907898409154470e+01
2.513005501040737144e+01
2.518653962036757932e+01
2.513246422417022430e+01
2.518282832113466796e+01
2.507626629959634812e+01
2.506339918002236189e+01
2.508523277467411816e+01
2.498487726610478887e+01
2.509695264885138144e+01
2.499654369362708550e+01
2.518873554643789348e+01
2.525139400812777879e+01
2.524301607389078939e+01
2.529653926602015801e+01
2.527157538800554448e+01
2.530319250257152675e+01
2.518432581840061957e+01
2.517208123747210990e+01
2.511196786844249118e+01
2.515395095367847489e+01
2.514537346295225362e+01
2.517256702986129113e+01
2.525640012047285410e+01
2.524061238479701785e+01
2.505301308090783863e+01
2.507967367101397826e+01
2.512042597635122476e+01
2.504642080008927252e+01
2.507049535257008444e+01
2.500371678126742481e+01
2.506784192028714386e+01
2.507053062143500455e+01
2.512564253333586350e+01
2.500214201161195859e+01
2.497894518975671119e+01
2.510168490069759173e+01
2.504355786101151793e+01
2.509988903344302358e+01
2.498044474880633103e+01
2.495242685416193851e+01
2.504041495979365806e+01
2.506848246064827990e+01
2.490727816550348805e+01
2.495207649654860305e+01
2.480156657963446420e+01
2.496230539662021997e+01
2.503070854252387534e+01
2.494015617960654652e+01
2.496376509787588560e+01
2.497311248510976256e+01
2.498844946878898909e+01
2.503685876177300784e+01
2.502168281144401618e+01
2.496236165135200835e+01
2.495397206787805899e+01
2.499288733312231159e+01
2.501075309458565243e+01
2.502795906399560977e+01
2.489711787443239643e+01
2.506937853536312488e+01
2.494920163246882794e+01
2.503786578118219808e+01
2.498419269853217983e+01
2.485235385988397994e+01
2.491426263992186918e+01
2.499372361278648924e+01
2.494662968723647367e+01
2.498508700816349659e+01
2.502156370141981512e+01
2.503049303424749183e+01
2.505586328147153807e+01
2.505842981882524967e+01
2.494611503156013299e+01
2.517692772140311064e+01
2.524257652768754667e+01
2.535071302114744896e+01
2.524132450826415308e+01
2.535114386019057875e+01
2.527362408162498397e+01
2.535369218182164275e+01
2.537998295615945565e+01
2.534686486078623702e+01
2.567334894251050059e+01
2.616433722249230343e+01
2.644160896130346217e+01
2.656136396237628006e+01
2.620990140791038669e+01
2.605566971080670058e+01
2.604001380447495251e+01
2.601540961667144458e+01
2.614644827719257592e+01
2.627827320238581166e+01
2.678442295346766144e+01
2.673694722965685244e+01
2.673352429750065440e+01
2.639156127889742365e+01
2.627982412157210845e+01
2.631011016866530383e+01
2.621628271946989841e+01
2.621238750457690259e+01
2.664708317725686371e+01
2.694276915693489016e+01
