-0.01717
-0.03253
-0.04739
-0.06139
-0.07414
-0.08529
-0.09447
-0.10145
-0.10600
-0.10800
-0.10738
-0.10416
-0.09843
-0.09036
-0.08019
-0.06825
-0.05487
-0.04049
-0.02555
-0.01053
0.00412
0.01791
0.03041
0.04120
0.04994
0.05634
0.06016
0.06129
0.05962
0.05521
0.04816
0.03864
0.02692
0.01331
-0.00181
-0.01802
-0.03487
-0.05189
-0.06860
-0.08453
-0.09924
-0.11231
-0.12335
-0.13204
-0.13810
-0.14133
-0.14157
-0.13877
-0.13292
-0.12410
-0.11245
-0.09816
-0.08152
-0.06284
-0.04249
-0.02087
0.00159
0.02442
0.04717
0.06939
0.09062
0.11042
0.12843
0.14425
0.15761
0.16824
0.17593
0.18057
0.18207
0.18045
0.17575
0.16812
0.15774
0.14485
0.12974
0.11276
0.09426
0.07466
0.05436
0.03379
0.01339
-0.00643
-0.02528
-0.04276
-0.05856
-0.07235
-0.08388
-0.09297
-0.09945
-0.10325
-0.10433
-0.10273
-0.09857
-0.09196
-0.08316
-0.07240
-0.06000
-0.04630
-0.03167
-0.01651
-0.00121
0.01381
0.02818
0.04150
0.05346
0.06374
0.07210
0.07833
0.08229
0.08392
0.08318
0.08014
0.07490
0.06762
0.05853
0.04787
0.03594
0.02306
0.00956
-0.00424
-0.01800
-0.03141
-0.04418
-0.05603
-0.06675
-0.07613
-0.08402
-0.09032
-0.09493
-0.09785
-0.09906
-0.09860
-0.09655
-0.09298
-0.08803
-0.08183
-0.07451
-0.06626
-0.05723
-0.04761
-0.03758
-0.02732
-0.01701
-0.00684
0.00301
0.01239
0.02112
0.02905
0.03604
0.04199
0.04677
0.05032
0.05258
0.05352
0.05314
0.05147
0.04857
0.04452
0.03943
0.03344
0.02672
0.01943
0.01178
0.00396
-0.00380
-0.01131
-0.01836
-0.02473
-0.03027
-0.03479
-0.03815
-0.04025
-0.04100
-0.04034
-0.03827
-0.03477
-0.02992
-0.02377
-0.01645
-0.00810
0.00115
0.01110
0.02155
0.03232
0.04317
0.05391
0.06431
0.07417
0.08331
0.09153
0.09867
0.10460
0.10918
0.11232
0.11393
0.11395
0.11236
0.10914
0.10429
0.09786
0.08989
0.08047
0.06968
0.05765
0.04452
0.03044
0.01559
0.00015
-0.01566
-0.03163
-0.04752
-0.06310
-0.07813
-0.09237
-0.10560
-0.11758
-0.12811
-0.13700
-0.14411
-0.14929
-0.15245
-0.15355
-0.15256
-0.14952
-0.14450
-0.13761
-0.12901
-0.11888
-0.10745
-0.09495
-0.08164
-0.06778
-0.05365
-0.03950
-0.02559
-0.01214
0.00063
0.01255
0.02347
0.03327
0.04187
0.04921
0.05527
0.06006
0.06361
0.06599
0.06725
0.06750
0.06685
0.06539
0.06326
0.06059
0.05749
0.05411
0.05057
0.04699
0.04349
0.04019
0.03718
0.03455
0.03239
0.03075
0.02968
0.02920
0.02933
0.03003
0.03127
0.03301
0.03514
0.03757
0.04019
0.04285
0.04541
0.04771
0.04961
0.05094
0.05156
0.05134
0.05017
0.04797
0.04469
0.04029
0.03480
0.02826
0.02075
0.01241
0.00339
-0.00613
-0.01595
-0.02582
-0.03552
-0.04479
-0.05339
-0.06109
-0.06767
-0.07295
-0.07674
-0.07894
-0.07946
-0.07825
-0.07532
-0.07072
-0.06455
-0.05695
-0.04811
-0.03826
-0.02764
-0.01653
-0.00525
0.00590
0.01661
0.02657
0.03549
0.04310
0.04915
0.05347
0.05587
0.05627
0.05460
0.05086
0.04513
0.03749
0.02813
0.01726
0.00513
-0.00795
-0.02164
-0.03560
-0.04944
-0.06280
-0.07530
-0.08660
-0.09636
-0.10430
-0.11016
-0.11376
-0.11494
-0.11363
-0.10982
-0.10354
-0.09491
-0.08407
-0.07125
-0.05671
-0.04074
-0.02367
-0.00585
0.01236
0.03059
0.04850
0.06573
0.08197
0.09693
0.11035
0.12201
0.13174
0.13940
0.14490
0.14819
0.14927
0.14818
0.14498
0.13979
0.13273
0.12398
0.11370
0.10210
0.08937
0.07574
0.06141
0.04659
0.03150
0.01631
0.00122
-0.01360
-0.02800
-0.04183
-0.05498
-0.06731
-0.07875
-0.08920
-0.09858
-0.10684
-0.11390
-0.11972
-0.12424
-0.12742
-0.12920
-0.12954
-0.12842
-0.12578
-0.12162
-0.11592
-0.10869
-0.09997
-0.08979
-0.07824
-0.06543
-0.05150
-0.03660
-0.02094
-0.00475
0.01174
0.02825
0.04450
0.06020
0.07506
0.08878
0.10109
0.11173
0.12046
0.12707
0.13143
0.13340
0.13292
0.12998
0.12460
0.11691
0.10704
0.09520
0.08167
0.06673
0.05075
0.03410
0.01717
0.00038
-0.01586
-0.03115
-0.04510
-0.05740
-0.06774
-0.07589
-0.08170
-0.08506
-0.08598
-0.08450
-0.08077
-0.07502
-0.06749
-0.05853
-0.04851
-0.03784
-0.02693
-0.01621
-0.00608
0.00307
0.01090
0.01713
0.02152
0.02393
0.02428
0.02257
0.01888
0.01334
0.00621
-0.00224
-0.01169
-0.02175
-0.03204
-0.04214
-0.05165
-0.06018
-0.06739
-0.07294
-0.07661
-0.07818
-0.07752
-0.07460
-0.06940
-0.06204
-0.05265
-0.04144
-0.02869
-0.01469
0.00021
0.01567
0.03132
0.04679
0.06173
0.07583
0.08876
0.10028
0.11017
0.11824
0.12438
0.12851
0.13059
0.13065
0.12873
0.12493
0.11936
0.11219
0.10358
0.09372
0.08279
0.07099
0.05852
0.04558
0.03235
0.01901
0.00575
-0.00729
-0.01994
-0.03205
-0.04349
-0.05414
-0.06387
-0.07257
-0.08015
-0.08653
-0.09163
-0.09539
-0.09778
-0.09879
-0.09842
-0.09671
-0.09372
-0.08953
-0.08426
-0.07805
-0.07106
-0.06348
-0.05550
-0.04734
-0.03920
-0.03131
-0.02388
-0.01710
-0.01116
-0.00620
-0.00237
0.00027
0.00164
0.00174
0.00059
-0.00175
-0.00515
-0.00948
-0.01455
-0.02013
-0.02599
-0.03186
-0.03747
-0.04252
-0.04674
-0.04985
-0.05162
-0.05179
-0.05020
-0.04670
-0.04117
-0.03360
-0.02400
-0.01244
0.00090
0.01585
0.03210
0.04935
0.06722
0.08529
0.10313
0.12028
0.13628
0.15070
0.16311
0.17312
0.18042
0.18473
0.18586
0.18370
0.17820
0.16943
0.15751
0.14266
0.12518
0.10540
0.08377
0.06072
0.03674
0.01235
-0.01194
-0.03564
-0.05825
-0.07934
-0.09849
-0.11533
-0.12959
-0.14101
-0.14943
-0.15476
-0.15695
-0.15606
-0.15218
-0.14548
-0.13619
-0.12457
-0.11096
-0.09571
-0.07921
-0.06187
-0.04411
-0.02636
-0.00905
0.00742
0.02264
0.03626
0.04795
0.05743
0.06448
0.06891
0.07063
0.06960
0.06585
0.05949
0.05069
0.03969
0.02680
0.01236
-0.00320
-0.01946
-0.03596
-0.05220
-0.06773
-0.08209
-0.09483
-0.10557
-0.11396
-0.11972
-0.12264
-0.12255
-0.11941
-0.11323
-0.10409
-0.09218
-0.07771
-0.06103
-0.04249
-0.02251
-0.00157
0.01985
0.04124
0.06209
0.08187
0.10013
0.11640
0.13029
0.14145
0.14960
0.15455
0.15616
0.15440
0.14932
0.14104
0.12979
0.11584
0.09956
0.08136
0.06169
0.04107
0.02000
-0.00098
-0.02135
-0.04059
-0.05825
-0.07387
-0.08709
-0.09758
-0.10509
-0.10947
-0.11060
-0.10847
-0.10316
-0.09478
-0.08358
-0.06982
-0.05385
-0.03606
-0.01688
0.00320
0.02370
0.04412
0.06396
0.08272
0.09995
0.11520
0.12811
0.13833
0.14559
0.14970
0.15050
0.14797
0.14210
0.13301
0.12087
0.10590
0.08844
0.06883
0.04748
0.02487
0.00145
-0.02227
-0.04577
-0.06857
-0.09019
-0.11015
-0.12805
-0.14350
-0.15619
-0.16586
-0.17230
-0.17540
-0.17509
-0.17142
-0.16446
-0.15437
-0.14141
-0.12587
-0.10809
-0.08851
-0.06755
-0.04571
-0.02348
-0.00138
0.02007
0.04039
0.05911
0.07577
0.09000
0.10145
0.10985
0.11503
0.11683
0.11525
0.11031
0.10215
0.09099
0.07709
0.06083
0.04262
0.02293
0.00228
-0.01881
-0.03978
-0.06009
-0.07919
-0.09658
-0.11179
-0.12440
-0.13405
-0.14045
-0.14342
-0.14279
-0.13857
-0.13080
-0.11961
-0.10525
-0.08802
-0.06831
-0.04656
-0.02329
0.00097
0.02563
0.05013
0.07387
0.09629
0.11687
0.13511
0.15061
0.16300
0.17203
0.17751
0.17934
0.17755
0.17221
0.16352
0.15175
0.13723
0.12036
0.10161
0.08146
0.06044
0.03908
0.01790
-0.00259
-0.02190
-0.03959
-0.05526
-0.06860
-0.07931
-0.08722
-0.09220
-0.09420
-0.09327
-0.08948
-0.08304
-0.07417
-0.06315
-0.05035
-0.03614
-0.02093
-0.00515
0.01074
0.02631
0.04113
0.05480
0.06692
0.07716
0.08524
0.09089
0.09396
0.09430
0.09188
0.08670
0.07883
0.06843
0.05569
0.04087
0.02428
0.00627
-0.01277
-0.03243
-0.05227
-0.07185
-0.09073
-0.10849
-0.12472
-0.13903
-0.15111
-0.16064
-0.16741
-0.17123
-0.17200
-0.16968
-0.16428
-0.15591
-0.14473
-0.13097
-0.11492
-0.09691
-0.07734
-0.05662
-0.03520
-0.01356
0.00786
0.02858
0.04817
0.06622
0.08236
0.09627
0.10770
0.11645
0.12239
0.12549
0.12575
0.12326
0.11818
0.11073
0.10118
0.08983
0.07706
0.06324
0.04877
0.03406
0.01949
0.00546
-0.00766
-0.01957
-0.02997
-0.03862
-0.04535
-0.05001
-0.05254
-0.05294
-0.05124
-0.04756
-0.04203
-0.03488
-0.02634
-0.01668
-0.00620
0.00476
0.01590
0.02689
0.03740
0.04715
0.05586
0.06331
0.06927
0.07361
0.07621
0.07700
0.07600
0.07322
0.06876
0.06276
0.05539
0.04686
0.03742
0.02734
0.01690
0.00640
-0.00387
-0.01362
-0.02258
-0.03051
-0.03719
-0.04246
-0.04617
-0.04826
-0.04871
-0.04751
-0.04479
-0.04065
-0.03529
-0.02894
-0.02186
-0.01434
-0.00670
0.00073
0.00763
0.01369
0.01863
0.02217
0.02412
0.02431
0.02264
0.01907
0.01362
0.00640
-0.00245
-0.01271
-0.02410
-0.03630
-0.04895
-0.06167
-0.07404
-0.08569
-0.09619
-0.10520
-0.11236
-0.11740
-0.12009
-0.12023
-0.11774
-0.11259
-0.10479
-0.09449
-0.08184
-0.06709
-0.05055
-0.03256
-0.01352
0.00615
0.02601
0.04562
0.06453
0.08232
0.09858
0.11297
0.12517
0.13491
0.14201
0.14633
0.14781
0.14647
0.14237
0.13567
0.12655
0.11529
0.10220
0.08760
0.07189
0.05544
0.03866
0.02194
0.00565
-0.00985
-0.02423
-0.03723
-0.04860
-0.05818
-0.06583
-0.07149
-0.07515
-0.07683
-0.07664
-0.07472
-0.07122
-0.06636
-0.06037
-0.05348
-0.04597
-0.03807
-0.03003
-0.02209
-0.01445
-0.00730
-0.00079
0.00497
0.00987
0.01387
0.01696
0.01913
0.02045
0.02096
0.02076
0.01996
0.01865
0.01697
0.01504
0.01297
0.01086
0.00884
0.00698
0.00536
0.00405
0.00308
0.00250
0.00233
0.00257
0.00322
0.00427
0.00569
0.00746
0.00952
0.01184
0.01436
0.01702
0.01975
0.02247
0.02510
0.02755
0.02972
0.03151
0.03283
0.03355
0.03358
0.03281
0.03115
0.02850
0.02481
0.02001
0.01408
0.00702
-0.00116
-0.01038
-0.02056
-0.03158
-0.04325
-0.05541
-0.06781
-0.08022
-0.09237
-0.10396
-0.11472
-0.12435
-0.13257
-0.13912
-0.14376
-0.14626
-0.14648
-0.14427
-0.13957
-0.13236
-0.12266
-0.11058
-0.09626
-0.07991
-0.06179
-0.04217
-0.02140
0.00016
0.02214
0.04415
0.06581
0.08674
0.10657
0.12499
0.14170
0.15643
0.16899
0.17918
0.18690
0.19209
0.19470
0.19477
0.19236
0.18756
0.18052
0.17139
0.16036
0.14763
0.13343
0.11799
0.10155
0.08436
0.06666
0.04871
0.03076
0.01304
-0.00419
-0.02071
-0.03631
-0.05077
-0.06391
-0.07556
-0.08558
-0.09385
-0.10030
-0.10486
-0.10754
-0.10834
-0.10736
-0.10468
-0.10045
-0.09486
-0.08812
-0.08046
-0.07216
-0.06347
-0.05468
-0.04608
-0.03792
-0.03045
-0.02390
-0.01845
-0.01426
-0.01141
-0.00997
-0.00994
-0.01125
-0.01381
-0.01747
-0.02204
-0.02729
-0.03295
-0.03874
-0.04438
-0.04956
-0.05401
-0.05744
-0.05961
-0.06033
-0.05941
-0.05675
-0.05229
-0.04601
-0.03799
-0.02833
-0.01721
-0.00486
0.00845
0.02237
0.03658
0.05067
0.06427
0.07697
0.08841
0.09822
0.10609
0.11175
0.11498
0.11565
0.11367
0.10906
0.10188
0.09229
0.08051
0.06682
0.05156
0.03513
0.01793
0.00042
-0.01695
-0.03374
-0.04951
-0.06386
-0.07644
-0.08689
-0.09499
-0.10053
-0.10336
-0.10345
-0.10077
-0.09542
-0.08755
-0.07737
-0.06515
-0.05121
-0.03592
-0.01970
-0.00296
0.01384
0.03025
0.04584
0.06017
0.07287
0.08359
0.09202
0.09795
0.10120
0.10168
0.09939
0.09438
0.08680
0.07687
0.06487
0.05117
0.03614
0.02023
0.00390
-0.01237
-0.02810
-0.04284
-0.05618
-0.06770
-0.07709
-0.08407
-0.08844
-0.09008
-0.08893
-0.08503
-0.07849
-0.06948
-0.05826
-0.04515
-0.03050
-0.01472
0.00174
0.01844
0.03490
0.05067
0.06531
0.07839
0.08957
0.09849
0.10490
0.10860
0.10944
0.10738
0.10241
0.09464
0.08422
0.07137
0.05640
0.03964
0.02150
0.00239
-0.01722
-0.03686
-0.05606
-0.07435
-0.09130
-0.10647
-0.11951
-0.13007
-0.13791
-0.14281
-0.14462
-0.14332
-0.13887
-0.13139
-0.12101
-0.10796
-0.09254
-0.07505
-0.05590
-0.03552
-0.01433
0.00718
0.02853
0.04927
0.06892
0.08706
0.10329
0.11724
0.12862
0.13717
0.14271
0.14514
0.14439
0.14053
0.13363
0.12388
0.11153
0.09687
0.08026
0.06209
0.04279
0.02284
0.00269
-0.01719
-0.03633
-0.05431
-0.07071
-0.08517
-0.09738
-0.10709
-0.11410
-0.11830
-0.11962
-0.11810
-0.11382
-0.10694
-0.09768
-0.08632
-0.07319
-0.05867
-0.04315
-0.02708
-0.01088
0.00500
0.02013
0.03411
0.04656
0.05714
0.06558
0.07166
0.07521
0.07616
0.07447
0.07022
0.06352
0.05458
0.04365
0.03105
0.01714
0.00233
-0.01295
-0.02824
-0.04311
-0.05709
-0.06974
-0.08069
-0.08955
-0.09602
-0.09986
-0.10086
-0.09894
-0.09405
-0.08623
-0.07561
-0.06237
-0.04681
-0.02923
-0.01004
0.01031
0.03135
0.05258
0.07346
0.09348
0.11214
0.12893
0.14343
0.15524
0.16402
0.16953
0.17156
0.17005
0.16497
0.15640
0.14452
0.12956
0.11188
0.09185
0.06994
0.04665
0.02250
-0.00193
-0.02608
-0.04940
-0.07135
-0.09142
-0.10917
-0.12417
-0.13610
-0.14469
-0.14973
-0.15113
-0.14884
-0.14292
-0.13351
-0.12080
-0.10511
-0.08675
-0.06616
-0.04379
-0.02014
0.00424
0.02879
0.05295
0.07614
0.09779
0.11738
0.13437
0.14831
0.15878
0.16540
0.16792
0.16610
0.15981
0.14903
0.13379
0.11427
0.09068
0.06340
0.03286
-0.00042
-0.03580
-0.07262
-0.11009
-0.14740
-0.18373
-0.21818
-0.24989
-0.27802
-0.30174
-0.32031
-0.33308
-0.33946
-0.33908
-0.33162
-0.31698
-0.29524
-0.26659
-0.23151
-0.19059
-0.14461
-0.09454
-0.04141
0.01354
0.06906
0.12382
0.17649
0.22576
0.27043
0.30935
0.34158
0.36632
0.38295
0.39119
0.39083
0.38205
0.36521
0.34084
0.30978
0.27295
0.23147
0.18655
0.13944
0.09144
0.04385
-0.00213
-0.04535
-0.08478
-0.11960
-0.14903
-0.17260
-0.18998
-0.20098
-0.20570
-0.20432
-0.19725
-0.18502
-0.16826
-0.14776
-0.12432
-0.09882
-0.07216
-0.04521
-0.01880
0.00624
0.02923
0.04954
0.06666
0.08022
0.08991
0.09564
0.09738
0.09523
0.08944
0.08030
0.06825
0.05377
0.03738
0.01967
0.00125
-0.01731
-0.03540
-0.05248
-0.06805
-0.08164
-0.09290
-0.10149
-0.10721
-0.10994
-0.10961
-0.10629
-0.10011
-0.09126
-0.08006
-0.06683
-0.05198
-0.03597
-0.01924
-0.00230
0.01437
0.03031
0.04505
0.05820
0.06939
0.07832
0.08477
0.08856
0.08962
0.08796
0.08363
0.07682
0.06773
0.05667
0.04400
0.03010
0.01543
0.00044
-0.01440
-0.02863
-0.04178
-0.05346
-0.06327
-0.07090
-0.07609
-0.07865
-0.07850
-0.07559
-0.07000
-0.06187
-0.05140
-0.03892
-0.02476
-0.00936
0.00683
0.02334
0.03965
0.05527
0.06971
0.08251
0.09326
0.10161
0.10725
0.10998
0.10967
0.10625
0.09980
0.09042
0.07835
0.06388
0.04738
0.02928
0.01004
-0.00980
-0.02974
-0.04922
-0.06775
-0.08480
-0.09996
-0.11280
-0.12300
-0.13030
-0.13452
-0.13559
-0.13348
-0.12829
-0.12019
-0.10942
-0.09631
-0.08123
-0.06460
-0.04689
-0.02858
-0.01015
0.00789
0.02510
0.04105
0.05534
0.06766
0.07772
0.08533
0.09038
0.09279
0.09262
0.08994
0.08493
0.07782
0.06887
0.05842
0.04682
0.03443
0.02165
0.00887
-0.00356
-0.01526
-0.02593
-0.03527
-0.04303
-0.04901
-0.05304
-0.05504
-0.05494
-0.05273
-0.04847
-0.04222
-0.03412
-0.02436
-0.01313
-0.00068
0.01274
0.02681
0.04123
0.05568
0.06981
0.08329
0.09577
0.10692
0.11644
0.12402
0.12939
0.13233
0.13267
0.13025
0.12502
0.11695
0.10610
0.09258
0.07659
0.05838
0.03826
0.01662
-0.00613
-0.02953
-0.05307
-0.07625
-0.09857
-0.11951
-0.13860
-0.15540
-0.16949
-0.18058
-0.18837
-0.19269
-0.19345
-0.19060
-0.18424
-0.17450
-0.16162
-0.14592
-0.12775
-0.10755
-0.08578
-0.06294
-0.03955
-0.01613
0.00682
0.02879
0.04935
0.06810
0.08467
0.09880
0.11024
0.11888
0.12463
0.12750
0.12757
0.12498
0.11993
0.11270
0.10358
0.09292
0.08108
0.06845
0.05543
0.04239
0.02969
0.01771
0.00672
-0.00300
-0.01122
-0.01779
-0.02259
-0.02557
-0.02673
-0.02614
-0.02393
-0.02024
-0.01530
-0.00936
-0.00267
0.00445
0.01171
0.01880
0.02542
0.03128
0.03615
0.03977
0.04200
0.04266
0.04168
0.03901
0.03464
0.02865
0.02112
0.01221
0.00209
-0.00901
-0.02085
-0.03316
-0.04566
-0.05805
-0.07006
-0.08139
-0.09177
-0.10095
-0.10870
-0.11483
-0.11917
-0.12159
-0.12199
-0.12033
-0.11659
-0.11080
-0.10303
-0.09338
-0.08200
-0.06906
-0.05478
-0.03938
-0.02313
-0.00631
0.01079
0.02786
0.04461
0.06074
0.07594
0.08994
0.10249
0.11335
0.12232
0.12924
0.13398
0.13647
0.13666
0.13457
0.13024
0.12379
0.11535
0.10511
0.09330
0.08016
0.06598
0.05105
0.03569
0.02021
0.00495
-0.00980
-0.02371
-0.03651
-0.04794
-0.05775
-0.06576
-0.07180
-0.07577
-0.07760
-0.07727
-0.07481
-0.07032
-0.06392
-0.05581
-0.04621
-0.03539
-0.02366
-0.01135
0.00121
0.01363
0.02558
0.03668
0.04661
0.05506
0.06176
0.06646
0.06900
0.06924
0.06714
0.06267
0.05591
0.04699
0.03608
0.02345
0.00936
-0.00583
-0.02174
-0.03799
-0.05416
-0.06981
-0.08454
-0.09795
-0.10965
-0.11932
-0.12665
-0.13141
-0.13342
-0.13254
-0.12875
-0.12207
-0.11258
-0.10047
-0.08594
-0.06931
-0.05092
-0.03117
-0.01048
0.01067
0.03181
0.05244
0.07211
0.09034
0.10671
0.12084
0.13237
0.14107
0.14671
0.14916
0.14840
0.14443
0.13737
0.12742
0.11481
0.09990
0.08304
0.06466
0.04522
0.02521
0.00512
-0.01457
-0.03338
-0.05085
-0.06658
-0.08020
-0.09139
-0.09991
-0.10557
-0.10824
-0.10791
-0.10456
-0.09832
-0.08936
-0.07790
-0.06426
-0.04877
-0.03184
-0.01393
0.00450
0.02293
0.04085
0.05775
0.07312
0.08647
0.09735
0.10536
0.11015
0.11145
0.10907
0.10290
0.09291
0.07924
0.06205
0.04165
0.01847
-0.00702
-0.03419
-0.06240
-0.09090
-0.11893
-0.14567
-0.17034
-0.19213
-0.21033
-0.22425
-0.23330
-0.23704
-0.23509
-0.22728
-0.21356
-0.19402
-0.16900
-0.13891
-0.10437
-0.06614
-0.02505
0.01787
0.06160
0.10505
0.14709
0.18665
0.22271
0.25428
0.28058
0.30090
0.31469
0.32166
0.32157
0.31451
0.30067
0.28042
0.25437
0.22318
0.18768
0.14882
0.10757
0.06498
0.02210
-0.02004
-0.06043
-0.09815
-0.13237
-0.16233
-0.18745
-0.20724
-0.22135
-0.22965
-0.23204
-0.22867
-0.21979
-0.20575
-0.18708
-0.16434
-0.13823
-0.10950
-0.07894
-0.04736
-0.01561
0.01553
0.04526
0.07285
0.09767
0.11911
0.13673
0.15015
0.15910
0.16348
0.16322
0.15846
0.14939
0.13631
0.11966
0.09987
0.07753
0.05322
0.02755
0.00118
-0.02526
-0.05116
-0.07592
-0.09901
-0.11996
-0.13833
-0.15382
-0.16614
-0.17512
-0.18067
-0.18275
-0.18144
-0.17685
-0.16916
-0.15863
-0.14552
-0.13017
-0.11292
-0.09413
-0.07418
-0.05346
-0.03233
-0.01117
0.00968
0.02989
0.04912
0.06712
0.08361
0.09837
0.11120
0.12194
0.13047
0.13669
0.14055
0.14204
0.14118
0.13803
0.13268
0.12527
0.11598
0.10500
0.09257
0.07894
0.06439
0.04924
0.03378
0.01834
0.00323
-0.01123
-0.02475
-0.03705
-0.04788
-0.05701
-0.06427
-0.06953
-0.07268
-0.07370
-0.07259
-0.06943
-0.06431
-0.05742
-0.04898
-0.03923
-0.02847
-0.01702
-0.00523
0.00655
0.01796
0.02866
0.03831
0.04662
0.05331
0.05817
0.06104
0.06179
0.06040
0.05688
0.05131
0.04386
0.03472
0.02416
0.01250
0.00007
-0.01274
-0.02554
-0.03796
-0.04960
-0.06010
-0.06914
-0.07642
-0.08171
-0.08483
-0.08564
-0.08410
-0.08020
-0.07403
-0.06571
-0.05543
-0.04345
-0.03005
-0.01557
-0.00036
0.01518
0.03068
0.04573
0.05996
0.07299
0.08450
0.09420
0.10183
0.10719
0.11014
0.11060
0.10856
0.10405
0.09719
0.08815
0.07714
0.06444
0.05035
0.03521
0.01940
0.00329
-0.01275
-0.02832
-0.04310
-0.05673
-0.06893
-0.07944
-0.08806
-0.09463
-0.09904
-0.10125
-0.10127
-0.09915
-0.09501
-0.08903
-0.08139
-0.07236
-0.06221
-0.05124
-0.03978
-0.02815
-0.01669
-0.00573
0.00445
0.01356
0.02135
0.02762
0.03221
0.03500
0.03594
0.03503
0.03232
0.02791
0.02197
0.01470
0.00635
-0.00280
-0.01245
-0.02227
-0.03192
-0.04108
-0.04942
-0.05663
-0.06246
-0.06663
-0.06896
-0.06930
-0.06751
-0.06358
-0.05748
-0.04927
-0.03907
-0.02703
-0.01339
0.00162
0.01769
0.03447
0.05162
0.06876
0.08549
0.10142
0.11617
0.12937
0.14069
0.14980
0.15647
0.16046
0.16163
0.15987
0.15515
0.14751
0.13704
0.12390
0.10834
0.09061
0.07108
0.05011
0.02812
0.00556
-0.01711
-0.03944
-0.06095
-0.08121
-0.09979
-0.11629
-0.13040
-0.14181
-0.15030
-0.15572
-0.15795
-0.15698
-0.15285
-0.14568
-0.13566
-0.12303
-0.10810
-0.09122
-0.07278
-0.05323
-0.03301
-0.01260
0.00754
0.02694
0.04515
0.06176
0.07640
0.08873
0.09849
0.10548
0.10954
0.11065
0.10879
0.10405
0.09660
0.08664
0.07447
0.06042
0.04486
0.02822
0.01092
-0.00659
-0.02386
-0.04045
-0.05596
-0.07000
-0.08223
-0.09234
-0.10012
-0.10537
-0.10798
-0.10790
-0.10515
-0.09980
-0.09201
-0.08196
-0.06992
-0.05617
-0.04107
-0.02498
-0.00829
0.00858
0.02523
0.04126
0.05628
0.06991
0.08185
0.09179
0.09951
0.10483
0.10762
0.10784
0.10548
0.10064
0.09345
0.08411
0.07289
0.06006
0.04599
0.03104
0.01560
0.00007
-0.01515
-0.02967
-0.04313
-0.05519
-0.06557
-0.07399
-0.08028
-0.08429
-0.08594
-0.08522
-0.08215
-0.07685
-0.06948
-0.06025
-0.04945
-0.03736
-0.02434
-0.01076
0.00298
0.01648
0.02935
0.04120
0.05167
0.06043
0.06722
0.07179
0.07400
0.07375
0.07102
0.06589
0.05846
0.04897
0.03769
0.02496
0.01118
-0.00322
-0.01777
-0.03201
-0.04545
-0.05766
-0.06820
-0.07672
-0.08290
-0.08651
-0.08739
-0.08547
-0.08078
-0.07341
-0.06357
-0.05152
-0.03758
-0.02218
-0.00573
0.01130
0.02841
0.04514
0.06102
0.07561
0.08851
0.09939
0.10794
0.11396
0.11727
0.11781
0.11554
0.11052
0.10287
0.09275
0.08039
0.06608
0.05012
0.03287
0.01471
-0.00398
-0.02279
-0.04132
-0.05918
-0.07598
-0.09139
-0.10506
-0.11672
-0.12612
-0.13306
-0.13740
-0.13904
-0.13794
-0.13413
-0.12766
-0.11866
-0.10731
-0.09382
-0.07846
-0.06153
-0.04335
-0.02428
-0.00469
0.01504
0.03452
0.05337
0.07122
0.08772
0.10255
0.11541
0.12603
0.13420
0.13976
0.14258
0.14258
0.13977
0.13418
0.12591
0.11513
0.10202
0.08686
0.06992
0.05156
0.03214
0.01205
-0.00830
-0.02850
-0.04813
-0.06678
-0.08407
-0.09963
-0.11312
-0.12426
-0.13280
-0.13856
-0.14140
-0.14123
-0.13807
-0.13195
-0.12299
-0.11139
-0.09737
-0.08122
-0.06329
-0.04396
-0.02366
-0.00282
0.01809
0.03861
0.05827
0.07663
0.09326
0.10779
0.11986
0.12918
0.13555
0.13879
0.13882
0.13563
0.12928
0.11992
0.10774
0.09304
0.07615
0.05747
0.03744
0.01653
-0.00475
-0.02589
-0.04640
-0.06576
-0.08352
-0.09924
-0.11252
-0.12305
-0.13057
-0.13486
-0.13582
-0.13342
-0.12768
-0.11875
-0.10680
-0.09213
-0.07506
-0.05600
-0.03542
-0.01379
0.00835
0.03044
0.05196
0.07235
0.09109
0.10770
0.12173
0.13281
0.14065
0.14498
0.14570
0.14274
0.13614
0.12606
0.11270
0.09640
0.07752
0.05655
0.03400
0.01040
-0.01365
-0.03755
-0.06074
-0.08264
-0.10270
-0.12047
-0.13548
-0.14741
-0.15596
-0.16093
-0.16221
-0.15975
-0.15364
-0.14401
-0.13107
-0.11514
-0.09656
-0.07578
-0.05325
-0.02949
-0.00503
0.01958
0.04380
0.06709
0.08893
0.10888
0.12647
0.14135
0.15322
0.16183
0.16704
0.16874
0.16697
0.16178
0.15335
0.14191
0.12774
0.11122
0.09275
0.07277
0.05176
0.03020
0.00859
-0.01257
-0.03284
-0.05177
-0.06895
-0.08405
-0.09677
-0.10690
-0.11428
-0.11882
-0.12053
-0.11944
-0.11573
-0.10957
-0.10124
-0.09105
-0.07936
-0.06657
-0.05308
-0.03932
-0.02572
-0.01269
-0.00061
0.01015
0.01929
0.02655
0.03172
0.03468
0.03534
0.03371
0.02987
0.02393
0.01611
0.00666
-0.00410
-0.01582
-0.02812
-0.04057
-0.05276
-0.06427
-0.07467
-0.08359
-0.09067
-0.09559
-0.09812
-0.09807
-0.09529
-0.08977
-0.08153
-0.07066
-0.05738
-0.04191
-0.02458
-0.00577
0.01411
0.03459
0.05521
0.07547
0.09488
0.11298
0.12933
0.14353
0.15524
0.16417
0.17011
0.17294
0.17257
0.16907
0.16252
0.15311
0.14110
0.12681
0.11060
0.09291
0.07416
0.05483
0.03539
0.01629
-0.00203
-0.01917
-0.03477
-0.04851
-0.06017
-0.06954
-0.07651
-0.08104
-0.08315
-0.08293
-0.08052
-0.07612
-0.06999
-0.06238
-0.05361
-0.04401
-0.03389
-0.02359
-0.01339
-0.00359
0.00556
0.01387
0.02116
0.02731
0.03226
0.03596
0.03845
0.03979
0.04005
0.03936
0.03786
0.03567
0.03295
0.02981
0.02637
0.02273
0.01891
0.01496
0.01084
0.00652
0.00190
-0.00311
-0.00866
-0.01488
-0.02190
-0.02988
-0.03891
-0.04907
-0.06040
-0.07288
-0.08644
-0.10092
-0.11613
-0.13179
-0.14753
-0.16298
-0.17765
-0.19107
-0.20270
-0.21203
-0.21854
-0.22175
-0.22121
-0.21658
-0.20759
-0.19404
-0.17595
-0.15336
-0.12652
-0.09581
-0.06170
-0.02487
0.01396
0.05394
0.09413
0.13357
0.17130
0.20633
0.23776
0.26476
0.28660
0.30274
0.31272
0.31635
0.31359
0.30455
0.28963
0.26931
0.24428
0.21537
0.18345
0.14954
0.11464
0.07977
0.04590
0.01394
-0.01533
-0.04120
-0.06316
-0.08084
-0.09400
-0.10266
-0.10688
-0.10695
-0.10327
-0.09634
-0.08676
-0.07517
-0.06226
-0.04873
-0.03522
-0.02236
-0.01071
-0.00071
0.00727
0.01297
0.01627
0.01711
0.01561
0.01192
0.00631
-0.00087
-0.00924
-0.01837
-0.02781
-0.03710
-0.04583
-0.05357
-0.06000
-0.06479
-0.06774
-0.06868
-0.06752
-0.06430
-0.05906
-0.05196
-0.04322
-0.03311
-0.02194
-0.01008
0.00212
0.01425
0.02593
0.03680
0.04649
0.05470
0.06117
0.06567
0.06806
0.06823
0.06618
0.06194
0.05560
0.04735
0.03739
0.02599
0.01347
0.00015
-0.01361
-0.02745
-0.04101
-0.05395
-0.06592
-0.07666
-0.08587
-0.09337
-0.09897
-0.10254
-0.10405
-0.10345
-0.10079
-0.09616
-0.08968
-0.08152
-0.07188
-0.06100
-0.04912
-0.03653
-0.02350
-0.01032
0.00271
0.01533
0.02726
0.03826
0.04809
0.05657
0.06353
0.06883
0.07240
0.07415
0.07411
0.07229
0.06877
0.06366
0.05711
0.04931
0.04047
0.03084
0.02068
0.01025
-0.00014
-0.01022
-0.01971
-0.02834
-0.03586
-0.04206
-0.04674
-0.04975
-0.05100
-0.05040
-0.04796
-0.04370
-0.03771
-0.03012
-0.02110
-0.01088
0.00030
0.01215
0.02436
0.03661
0.04858
0.05994
0.07040
0.07965
0.08743
0.09354
0.09779
0.10004
0.10023
0.09832
0.09436
0.08840
0.08060
0.07113
0.06019
0.04806
0.03501
0.02133
0.00734
-0.00665
-0.02033
-0.03340
-0.04559
-0.05664
-0.06631
-0.07443
-0.08082
-0.08539
-0.08804
-0.08875
-0.08754
-0.08443
-0.07954
-0.07298
-0.06491
-0.05554
-0.04509
-0.03380
-0.02195
-0.00980
0.00235
0.01421
0.02550
0.03595
0.04531
0.05335
0.05987
0.06471
0.06774
0.06889
0.06814
0.06547
0.06099
0.05480
0.04705
0.03796
0.02777
0.01676
0.00524
-0.00649
-0.01808
-0.02922
-0.03958
-0.04888
-0.05685
-0.06328
-0.06796
-0.07079
-0.07168
-0.07063
-0.06768
-0.06294
-0.05657
-0.04879
-0.03986
-0.03008
-0.01976
-0.00925
0.00109
0.01092
0.01991
0.02775
0.03418
0.03898
0.04197
0.04305
0.04215
0.03931
0.03460
0.02816
0.02021
0.01098
0.00079
-0.01002
-0.02110
-0.03205
-0.04250
-0.05207
-0.06040
-0.06718
-0.07212
-0.07500
-0.07565
-0.07394
-0.06986
-0.06343
-0.05474
-0.04398
-0.03135
-0.01717
-0.00176
0.01450
0.03119
0.04787
0.06411
0.07946
0.09349
0.10581
0.11604
0.12388
0.12908
0.13144
0.13084
0.12723
0.12067
0.11124
0.09914
0.08465
0.06805
0.04976
0.03019
0.00982
-0.01087
-0.03136
-0.05117
-0.06979
-0.08677
-0.10169
-0.11416
-0.12389
-0.13062
-0.13420
-0.13453
-0.13158
-0.12546
-0.11629
-0.10431
-0.08982
-0.07316
-0.05477
-0.03508
-0.01459
0.00620
0.02677
0.04663
0.06528
0.08228
0.09721
0.10970
0.11948
0.12629
0.12999
0.13051
0.12782
0.12203
0.11326
0.10176
0.08781
0.07174
0.05398
0.03494
0.01510
-0.00507
-0.02507
-0.04443
-0.06268
-0.07939
-0.09417
-0.10666
-0.11658
-0.12369
-0.12784
-0.12894
-0.12695
-0.12196
-0.11407
-0.10349
-0.09047
-0.07533
-0.05844
-0.04019
-0.02102
-0.00139
0.01824
0.03741
0.05568
0.07262
0.08783
0.10098
0.11176
0.11993
0.12533
0.12782
0.12737
0.12402
0.11784
0.10900
0.09772
0.08426
0.06895
0.05215
0.03425
0.01564
-0.00324
-0.02199
-0.04018
-0.05744
-0.07338
-0.08767
-0.10002
-0.11018
-0.11796
-0.12320
-0.12583
-0.12581
-0.12317
-0.11800
-0.11045
-0.10070
-0.08901
-0.07565
-0.06095
-0.04525
-0.02893
-0.01236
0.00408
0.02001
0.03508
0.04896
0.06135
0.07199
0.08068
0.08726
0.09163
0.09376
0.09366
0.09141
0.08713
0.08101
0.07327
0.06415
0.05396
0.04299
0.03155
0.01998
0.00857
-0.00237
-0.01256
-0.02178
-0.02979
-0.03644
-0.04159
-0.04515
-0.04709
-0.04742
-0.04619
-0.04350
-0.03947
-0.03427
-0.02810
-0.02117
-0.01371
-0.00598
0.00178
0.00933
0.01644
0.02290
0.02849
0.03308
0.03651
0.03869
0.03956
0.03909
0.03730
0.03423
0.02997
0.02464
0.01837
0.01133
0.00370
-0.00431
-0.01250
-0.02066
-0.02858
-0.03606
-0.04291
-0.04895
-0.05402
-0.05799
-0.06073
-0.06217
-0.06224
-0.06090
-0.05815
-0.05401
-0.04853
-0.04178
-0.03387
-0.02494
-0.01513
-0.00463
0.00633
0.01756
0.02878
0.03973
0.05016
0.05978
0.06833
0.07555
0.08120
0.08509
0.08705
0.08695
0.08474
0.08039
0.07396
0.06556
0.05536
0.04360
0.03055
0.01653
0.00192
-0.01291
-0.02754
-0.04157
-0.05462
-0.06629
-0.07625
-0.08421
-0.08990
-0.09317
-0.09388
-0.09198
-0.08751
-0.08054
-0.07127
-0.05991
-0.04677
-0.03220
-0.01658
-0.00035
0.01604
0.03212
0.04744
0.06154
0.07401
0.08447
0.09259
0.09812
0.10084
0.10067
0.09753
0.09150
0.08271
0.07135
0.05773
0.04220
0.02517
0.00712
-0.01147
-0.03008
-0.04819
-0.06528
-0.08087
-0.09449
-0.10577
-0.11435
-0.11998
-0.12248
-0.12172
-0.11773
-0.11057
-0.10040
-0.08748
-0.07213
-0.05475
-0.03578
-0.01571
0.00491
0.02556
0.04570
0.06478
0.08233
0.09787
0.11099
0.12138
0.12875
0.13294
0.13384
0.13143
0.12583
0.11715
0.10567
0.09169
0.07557
0.05775
0.03869
0.01886
-0.00123
-0.02110
-0.04026
-0.05826
-0.07470
-0.08920
-0.10145
-0.11121
-0.11827
-0.12252
-0.12389
-0.12238
-0.11809
-0.11112
-0.10168
-0.08999
-0.07635
-0.06108
-0.04453
-0.02709
-0.00916
0.00885
0.02654
0.04350
0.05935
0.07373
0.08632
0.09682
0.10500
0.11068
0.11372
0.11406
0.11172
0.10672
0.09923
0.08942
0.07753
0.06387
0.04877
0.03262
0.01581
-0.00124
-0.01811
-0.03438
-0.04965
-0.06355
-0.07574
-0.08593
-0.09386
-0.09938
-0.10233
-0.10269
-0.10046
-0.09571
-0.08861
-0.07935
-0.06820
-0.05548
-0.04154
-0.02678
-0.01161
0.00354
0.01824
0.03207
0.04465
0.05559
0.06461
0.07142
0.07582
0.07771
0.07699
0.07371
0.06797
0.05992
0.04983
0.03799
0.02479
0.01064
-0.00402
-0.01871
-0.03296
-0.04628
-0.05824
-0.06840
-0.07641
-0.08194
-0.08477
-0.08474
-0.08177
-0.07590
-0.06719
-0.05588
-0.04224
-0.02661
-0.00944
0.00881
0.02760
0.04637
0.06458
0.08166
0.09707
0.11032
0.12096
0.12863
0.13305
0.13398
0.13136
0.12517
0.11552
0.10264
0.08680
0.06843
0.04799
0.02602
0.00311
-0.02012
-0.04305
-0.06503
-0.08547
-0.10380
-0.11950
-0.13215
-0.14137
-0.14690
-0.14861
-0.14639
-0.14035
-0.13059
-0.11741
-0.10116
-0.08225
-0.06123
-0.03865
-0.01512
0.00871
0.03220
0.05472
0.07563
0.09440
0.11051
0.12352
0.13311
0.13901
0.14108
0.13928
0.13367
0.12444
0.11182
0.09618
0.07797
0.05767
0.03584
0.01305
-0.01008
-0.03296
-0.05499
-0.07561
-0.09430
-0.11062
-0.12416
-0.13460
-0.14172
-0.14535
-0.14545
-0.14205
-0.13526
-0.12529
-0.11239
-0.09693
-0.07930
-0.05994
-0.03934
-0.01802
0.00353
0.02476
0.04518
0.06431
0.08171
0.09698
0.10977
0.11981
0.12689
0.13086
0.13168
0.12935
0.12395
0.11567
0.10471
0.09138
0.07602
0.05902
0.04080
0.02182
0.00254
-0.01655
-0.03502
-0.05239
-0.06826
-0.08226
-0.09403
-0.10331
-0.10988
-0.11357
-0.11433
-0.11212
-0.10702
-0.09916
-0.08873
-0.07601
-0.06132
-0.04504
-0.02758
-0.00938
0.00909
0.02735
0.04494
0.06140
0.07629
0.08924
0.09989
0.10799
0.11330
0.11570
0.11514
0.11161
0.10524
0.09621
0.08477
0.07125
0.05603
0.03954
0.02225
0.00465
-0.01276
-0.02950
-0.04509
-0.05909
-0.07111
-0.08083
-0.08797
-0.09236
-0.09387
-0.09249
-0.08830
-0.08141
-0.07208
-0.06060
-0.04731
-0.03267
-0.01709
-0.00109
0.01485
0.03023
0.04457
0.05741
0.06837
0.07709
0.08328
0.08675
0.08735
0.08507
0.07993
0.07206
0.06168
0.04903
0.03449
0.01844
0.00130
-0.01644
-0.03431
-0.05183
-0.06850
-0.08388
-0.09755
-0.10912
-0.11827
-0.12474
-0.12834
-0.12895
-0.12651
-0.12108
-0.11274
-0.10170
-0.08820
-0.07255
-0.05513
-0.03634
-0.01663
0.00351
0.02361
0.04319
0.06176
0.07890
0.09417
0.10722
0.11775
0.12549
0.13029
0.13203
0.13069
0.12634
0.11908
0.10914
0.09677
0.08230
0.06612
0.04864
0.03033
0.01165
-0.00693
-0.02491
-0.04184
-0.05730
-0.07088
-0.08225
-0.09114
-0.09731
-0.10063
-0.10103
-0.09850
-0.09316
-0.08514
-0.07470
-0.06211
-0.04775
-0.03201
-0.01534
0.00179
0.01889
0.03550
0.05114
0.06536
0.07779
0.08804
0.09586
0.10103
0.10338
0.10290
0.09957
0.09350
0.08490
0.07398
0.06107
0.04654
0.03079
0.01427
-0.00258
-0.01929
-0.03541
-0.05052
-0.06423
-0.07616
-0.08604
-0.09360
-0.09869
-0.10119
-0.10105
-0.09834
-0.09312
-0.08559
-0.07597
-0.06452
-0.05160
-0.03755
-0.02276
-0.00764
0.00740
0.02195
0.03563
0.04809
0.05899
0.06806
0.07507
0.07984
0.08228
0.08234
0.08002
0.07544
0.06871
0.06007
0.04975
0.03806
0.02535
0.01198
-0.00166
-0.01517
-0.02817
-0.04027
-0.05112
-0.06042
-0.06787
-0.07327
-0.07646
-0.07732
-0.07584
-0.07205
-0.06604
-0.05798
-0.04809
-0.03664
-0.02395
-0.01036
0.00374
0.01796
0.03191
0.04519
0.05744
0.06830
0.07746
0.08466
0.08967
0.09233
0.09256
0.09028
0.08555
0.07843
0.06909
0.05772
0.04457
0.02995
0.01420
-0.00233
-0.01924
-0.03613
-0.05261
-0.06827
-0.08275
-0.09568
-0.10675
-0.11569
-0.12225
-0.12625
-0.12759
-0.12618
-0.12204
-0.11521
-0.10583
-0.09408
-0.08019
-0.06448
-0.04727
-0.02894
-0.00990
0.00942
0.02858
0.04714
0.06468
0.08077
0.09505
0.10720
0.11691
0.12397
0.12821
0.12954
0.12795
0.12348
0.11626
0.10650
0.09443
0.08039
0.06474
0.04788
0.03027
0.01234
-0.00545
-0.02262
-0.03877
-0.05347
-0.06637
-0.07716
-0.08556
-0.09140
-0.09456
-0.09498
-0.09271
-0.08783
-0.08052
-0.07102
-0.05962
-0.04668
-0.03258
-0.01775
-0.00262
0.01237
0.02678
0.04020
0.05224
0.06257
0.07090
0.07702
0.08074
0.08201
0.08078
0.07714
0.07122
0.06320
0.05336
0.04199
0.02947
0.01617
0.00251
-0.01111
-0.02425
-0.03652
-0.04755
-0.05698
-0.06455
-0.06998
-0.07312
-0.07384
-0.07210
-0.06793
-0.06141
-0.05273
-0.04212
-0.02986
-0.01631
-0.00185
0.01310
0.02808
0.04266
0.05639
0.06884
0.07962
0.08838
0.09482
0.09874
0.09996
0.09843
0.09417
0.08727
0.07793
0.06640
0.05303
0.03822
0.02240
0.00608
-0.01025
-0.02610
-0.04097
-0.05442
-0.06605
-0.07548
-0.08250
-0.08689
-0.08857
-0.08756
-0.08394
-0.07793
-0.06980
-0.05993
-0.04875
-0.03675
-0.02447
-0.01245
-0.00126
0.00857
0.01652
0.02217
0.02512
0.02511
0.02195
0.01555
0.00601
-0.00652
-0.02173
-0.03918
-0.05837
-0.07864
-0.09930
-0.11959
-0.13871
-0.15586
-0.17029
-0.18125
-0.18810
-0.19031
-0.18744
-0.17926
-0.16562
-0.14661
-0.12248
-0.09359
-0.06058
-0.02413
0.01490
0.05555
0.09680
0.13757
0.17679
0.21344
0.24652
0.27515
0.29860
0.31622
0.32761
0.33251
0.33081
0.32266
0.30828
0.28816
0.26285
0.23304
0.19955
0.16320
0.12491
0.08558
0.04610
0.00732
-0.02995
-0.06501
-0.09722
-0.12605
-0.15112
-0.17208
-0.18878
-0.20113
-0.20912
-0.21290
-0.21262
-0.20858
-0.20108
-0.19047
-0.17717
-0.16159
-0.14414
-0.12527
-0.10539
-0.08491
-0.06422
-0.04369
-0.02366
-0.00444
0.01368
0.03046
0.04568
0.05914
0.07069
0.08019
0.08755
0.09271
0.09563
0.09630
0.09475
0.09105
0.08528
0.07758
0.06810
0.05704
0.04460
0.03104
0.01662
0.00165
-0.01359
-0.02876
-0.04356
-0.05766
-0.07076
-0.08254
-0.09274
-0.10111
-0.10743
-0.11153
-0.11326
-0.11255
-0.10935
-0.10369
-0.09563
-0.08531
-0.07288
-0.05858
-0.04269
-0.02550
-0.00738
0.01132
0.03019
0.04882
0.06682
0.08378
0.09932
0.11309
0.12476
0.13406
0.14077
0.14471
0.14580
0.14397
0.13927
0.13179
0.12167
0.10916
0.09450
0.07803
0.06011
0.04114
0.02152
0.00170
-0.01789
-0.03684
-0.05473
-0.07118
-0.08585
-0.09843
-0.10867
-0.11636
-0.12139
-0.12364
-0.12312
-0.11987
-0.11399
-0.10565
-0.09507
-0.08253
-0.06833
-0.05283
-0.03641
-0.01946
-0.00241
0.01434
0.03038
0.04533
0.05883
0.07055
0.08021
0.08759
0.09250
0.09482
0.09451
0.09156
0.08607
0.07816
0.06803
0.05595
0.04221
0.02716
0.01120
-0.00528
-0.02185
-0.03806
-0.05350
-0.06774
-0.08040
-0.09113
-0.09960
-0.10557
-0.10884
-0.10927
-0.10682
-0.10148
-0.09336
-0.08264
-0.06953
-0.05438
-0.03752
-0.01942
-0.00052
0.01866
0.03761
0.05581
0.07274
0.08790
0.10087
0.11125
0.11869
0.12297
0.12391
0.12144
0.11558
0.10644
0.09425
0.07929
0.06195
0.04268
0.02199
0.00043
-0.02141
-0.04295
-0.06359
-0.08276
-0.09994
-0.11464
-0.12646
-0.13505
-0.14013
-0.14158
-0.13930
-0.13333
-0.12380
-0.11089
-0.09494
-0.07631
-0.05545
-0.03287
-0.00910
0.01526
0.03965
0.06347
0.08614
0.10713
0.12595
0.14214
0.15533
0.16521
0.17155
0.17424
0.17320
0.16848
0.16021
0.14859
0.13392
0.11654
0.09688
0.07541
0.05262
0.02905
0.00524
-0.01826
-0.04093
-0.06226
-0.08177
-0.09904
-0.11371
-0.12546
-0.13405
-0.13933
-0.14119
-0.13963
-0.13470
-0.12655
-0.11541
-0.10153
-0.08528
-0.06703
-0.04725
-0.02640
-0.00500
0.01644
0.03739
0.05735
0.07582
0.09234
0.10651
0.11797
0.12643
0.13168
0.13356
0.13205
0.12715
0.11898
0.10775
0.09370
0.07718
0.05858
0.03834
0.01696
-0.00507
-0.02722
-0.04897
-0.06981
-0.08928
-0.10690
-0.12230
-0.13512
-0.14509
-0.15201
-0.15571
-0.15616
-0.15337
-0.14742
-0.13850
-0.12682
-0.11270
-0.09648
-0.07857
-0.05943
-0.03950
-0.01930
0.00070
0.01999
0.03812
0.05463
0.06913
0.08125
0.09071
0.09728
0.10079
0.10119
0.09844
0.09264
0.08393
0.07253
0.05875
0.04292
0.02545
0.00680
-0.01258
-0.03217
-0.05149
-0.07005
-0.08737
-0.10302
-0.11660
-0.12776
-0.13622
-0.14178
-0.14426
-0.14364
-0.13989
-0.13311
-0.12345
-0.11115
-0.09649
-0.07981
-0.06151
-0.04202
-0.02179
-0.00129
0.01900
0.03864
0.05718
0.07422
0.08941
0.10242
0.11305
0.12108
0.12644
0.12909
0.12905
0.12647
0.12151
0.11440
0.10544
0.09495
0.08330
0.07087
0.05805
0.04523
0.03281
0.02112
0.01053
0.00131
-0.00626
-0.01197
-0.01568
-0.01726
-0.01666
-0.01387
-0.00895
-0.00201
0.00682
0.01735
0.02933
0.04250
0.05658
0.07124
0.08615
0.10098
0.11537
0.12901
0.14155
0.15271
0.16219
0.16974
0.17516
0.17827
0.17895
0.17713
0.17278
0.16596
0.15672
0.14523
0.13167
0.11627
0.09933
0.08116
0.06209
0.04250
0.02276
0.00325
-0.01563
-0.03354
-0.05011
-0.06503
-0.07803
-0.08883
-0.09728
-0.10322
-0.10656
-0.10730
-0.10546
-0.10117
-0.09457
-0.08590
-0.07546
-0.06355
-0.05058
-0.03697
-0.02316
-0.00962
0.00315
0.01468
0.02448
0.03210
0.03714
0.03918
0.03793
0.03311
0.02454
0.01211
-0.00424
-0.02440
-0.04825
-0.07554
-0.10593
-0.13900
-0.17424
-0.21107
-0.24883
-0.28681
-0.32425
-0.36037
-0.39434
-0.42538
-0.45267
-0.47547
-0.49309
-0.50488
-0.51033
-0.50902
-0.50064
-0.48508
-0.46230
-0.43251
-0.39604
-0.35337
-0.30522
-0.25236
-0.19580
-0.13662
-0.07597
-0.01513
0.04461
0.10200
0.15577
0.20475
0.24791
0.28429
0.31320
0.33409
0.34663
0.35080
0.34668
0.33472
0.31551
0.28985
0.25877
0.22335
0.18484
0.14456
0.10380
0.06389
0.02610
-0.00846
-0.03869
-0.06373
-0.08289
-0.09557
-0.10152
-0.10057
-0.09278
-0.07847
-0.05800
-0.03204
-0.00129
0.03340
0.07108
0.11078
0.15150
0.19221
0.23197
0.26987
0.30505
0.33684
0.36462
0.38795
0.40652
0.42013
0.42881
0.43266
0.43195
0.42707
0.41848
0.40677
0.39256
0.37654
0.35941
0.34186
0.32455
0.30812
0.29313
0.28006
0.26932
0.26116
0.25581
0.25331
0.25362
0.25661
0.26199
0.26945
0.27853
0.28875
0.29956
0.31037
0.32057
0.32956
0.33674
0.34155
0.34350
0.34211
0.33703
0.32796
0.31467
0.29708
0.27515
0.24899
0.21875
0.18469
0.14718
0.10659
0.06341
0.01817
-0.02860
-0.07631
-0.12437
-0.17223
-0.21931
-0.26510
-0.30913
-0.35094
-0.39019
-0.42657
-0.45986
-0.48993
-0.51669
-0.54016
-0.56042
-0.57763
-0.59201
-0.60383
-0.61342
-0.62114
-0.62739
-0.63258
-0.63711
-0.64140
-0.64582
-0.65074
-0.65647
-0.66329
-0.67140
-0.68096
-0.69204
-0.70466
-0.71877
-0.73421
-0.75082
-0.76831
-0.78637
-0.80463
-0.82268
-0.84007
-0.85634
-0.87103
-0.88364
-0.89375
-0.90090
-0.90470
-0.90481
-0.90090
-0.89276
-0.88018
-0.86307
-0.84138
-0.81513
-0.78442
-0.74940
-0.71030
-0.66738
-0.62096
-0.57140
-0.51909
-0.46442
-0.40781
-0.34967
-0.29040
-0.23040
-0.17000
-0.10955
-0.04932
0.01045
0.06956
0.12787
0.18529
0.24177
0.29732
0.35197
0.40581
0.45898
0.51160
0.56385
0.61590
0.66794
0.72016
0.77273
0.82580
0.87950
0.93394
0.98918
1.04525
1.10212
1.15975
1.21800
1.27672
1.33569
1.39464
1.45329
1.51126
1.56819
1.62365
1.67719
1.72838
1.77673
1.82179
1.86308
1.90017
1.93265
1.96012
1.98225
1.99874
2.00936
2.01391
2.01230
2.00446
1.99041
1.97024
1.94408
1.91215
1.87470
1.83202
1.78447
1.73239
1.67620
1.61628
1.55303
1.48684
1.41806
1.34703
1.27404
1.19932
1.12308
1.04543
0.96645
0.88614
0.80443
0.72122
0.63634
0.54954
0.46059
0.36918
0.27500
0.17773
0.07706
-0.02733
-0.13570
-0.24828
-0.36526
-0.48673
-0.61277
-0.74331
-0.87824
-1.01735
-1.16032
-1.30678
-1.45622
-1.60811
-1.76180
-1.91661
-2.07180
-2.22658
-2.38017
-2.53174
-2.68051
-2.82567
-2.96650
-3.10226
-3.23232
-3.35609
-3.47302
-3.58269
-3.68470
-3.77877
-3.86468
-3.94225
-4.01141
-4.07212
-4.12438
-4.16826
-4.20382
-4.23116
-4.25037
-4.26154
-4.26475
-4.26004
-4.24741
-4.22686
-4.19830
-4.16162
-4.11665
-4.06318
-4.00097
-3.92974
-3.84917
-3.75894
-3.65873
-3.54822
-3.42713
-3.29517
-3.15214
-2.99788
-2.83227
-2.65531
-2.46704
-2.26759
-2.05719
-1.83612
-1.60478
-1.36360
-1.11309
-0.85382
-0.58637
-0.31137
-0.02945
0.25876
0.55267
0.85167
1.15526
1.46295
1.77431
2.08900
2.40670
2.72718
3.05025
3.37571
3.70343
4.03326
4.36497
4.69833
5.03299
5.36851
5.70433
6.03954
6.37309
6.70395
7.03108
