-0.00636
-0.00694
-0.00739
-0.00762
-0.00755
-0.00711
-0.00623
-0.00488
-0.00303
-0.00068
0.00213
0.00538
0.00899
0.01288
0.01697
0.02112
0.02523
0.02916
0.03279
0.03598
0.03862
0.04060
0.04182
0.04219
0.04167
0.04021
0.03781
0.03447
0.03025
0.02519
0.01940
0.01298
0.00607
-0.00120
-0.00866
-0.01615
-0.02349
-0.03052
-0.03706
-0.04296
-0.04807
-0.05225
-0.05541
-0.05744
-0.05830
-0.05793
-0.05632
-0.05352
-0.04956
-0.04452
-0.03851
-0.03166
-0.02413
-0.01607
-0.00769
0.00084
0.00929
0.01749
0.02522
0.03230
0.03857
0.04386
0.04806
0.05104
0.05276
0.05316
0.05223
0.05002
0.04656
0.04196
0.03634
0.02983
0.02262
0.01488
0.00682
-0.00137
-0.00947
-0.01729
-0.02461
-0.03127
-0.03710
-0.04194
-0.04570
-0.04826
-0.04958
-0.04962
-0.04839
-0.04592
-0.04227
-0.03755
-0.03186
-0.02534
-0.01816
-0.01049
-0.00251
0.00558
0.01360
0.02135
0.02865
0.03533
0.04124
0.04624
0.05023
0.05312
0.05484
0.05537
0.05470
0.05287
0.04991
0.04592
0.04099
0.03524
0.02881
0.02185
0.01454
0.00702
-0.00052
-0.00792
-0.01502
-0.02167
-0.02772
-0.03306
-0.03757
-0.04118
-0.04382
-0.04544
-0.04602
-0.04558
-0.04412
-0.04169
-0.03836
-0.03421
-0.02934
-0.02385
-0.01788
-0.01155
-0.00501
0.00160
0.00814
0.01446
0.02043
0.02591
0.03078
0.03494
0.03829
0.04075
0.04227
0.04281
0.04234
0.04088
0.03844
0.03508
0.03086
0.02586
0.02019
0.01396
0.00730
0.00036
-0.00673
-0.01382
-0.02076
-0.02740
-0.03360
-0.03925
-0.04421
-0.04839
-0.05171
-0.05410
-0.05550
-0.05590
-0.05528
-0.05367
-0.05109
-0.04761
-0.04329
-0.03822
-0.03251
-0.02627
-0.01963
-0.01271
-0.00566
0.00140
0.00832
0.01498
0.02126
0.02703
0.03221
0.03669
0.04041
0.04332
0.04536
0.04653
0.04682
0.04625
0.04485
0.04267
0.03978
0.03626
0.03219
0.02768
0.02283
0.01775
0.01257
0.00739
0.00233
-0.00250
-0.00701
-0.01108
-0.01465
-0.01763
-0.01997
-0.02163
-0.02257
-0.02278
-0.02226
-0.02103
-0.01912
-0.01658
-0.01347
-0.00987
-0.00586
-0.00153
0.00300
0.00762
0.01223
0.01671
0.02095
0.02484
0.02827
0.03116
0.03342
0.03499
0.03582
0.03586
0.03510
0.03355
0.03121
0.02812
0.02433
0.01992
0.01495
0.00953
0.00376
-0.00225
-0.00838
-0.01452
-0.02055
-0.02636
-0.03183
-0.03686
-0.04136
-0.04524
-0.04845
-0.05091
-0.05259
-0.05346
-0.05350
-0.05272
-0.05114
-0.04878
-0.04569
-0.04193
-0.03756
-0.03267
-0.02734
-0.02168
-0.01577
-0.00973
-0.00366
0.00233
0.00813
0.01365
0.01877
0.02342
0.02751
0.03097
0.03374
0.03578
0.03705
0.03755
0.03727
0.03623
0.03445
0.03199
0.02889
0.02524
0.02111
0.01659
0.01179
0.00681
0.00177
-0.00324
-0.00810
-0.01269
-0.01692
-0.02069
-0.02391
-0.02650
-0.02840
-0.02954
-0.02990
-0.02945
-0.02818
-0.02611
-0.02324
-0.01963
-0.01534
-0.01043
-0.00500
0.00086
0.00703
0.01339
0.01981
0.02617
0.03233
0.03815
0.04350
0.04826
0.05233
0.05558
0.05795
0.05934
0.05972
0.05904
0.05730
0.05449
0.05066
0.04586
0.04016
0.03364
0.02644
0.01866
0.01046
0.00199
-0.00660
-0.01513
-0.02345
-0.03140
-0.03882
-0.04556
-0.05149
-0.05650
-0.06050
-0.06341
-0.06519
-0.06581
-0.06527
-0.06361
-0.06088
-0.05714
-0.05251
-0.04710
-0.04104
-0.03449
-0.02758
-0.02049
-0.01338
-0.00641
0.00027
0.00651
0.01218
0.01718
0.02139
0.02476
0.02723
0.02877
0.02938
0.02907
0.02790
0.02592
0.02322
0.01990
0.01606
0.01185
0.00737
0.00279
-0.00177
-0.00618
-0.01029
-0.01400
-0.01719
-0.01976
-0.02164
-0.02276
-0.02309
-0.02260
-0.02129
-0.01919
-0.01632
-0.01276
-0.00857
-0.00385
0.00129
0.00674
0.01236
0.01803
0.02361
0.02897
0.03396
0.03847
0.04237
0.04556
0.04795
0.04946
0.05005
0.04968
0.04833
0.04602
0.04278
0.03865
0.03371
0.02805
0.02179
0.01503
0.00792
0.00061
-0.00677
-0.01406
-0.02110
-0.02775
-0.03387
-0.03933
-0.04401
-0.04781
-0.05065
-0.05246
-0.05320
-0.05286
-0.05143
-0.04894
-0.04544
-0.04100
-0.03573
-0.02972
-0.02311
-0.01605
-0.00868
-0.00117
0.00632
0.01363
0.02058
0.02703
0.03283
0.03786
0.04201
0.04517
0.04729
0.04831
0.04822
0.04702
0.04474
0.04143
0.03718
0.03206
0.02622
0.01977
0.01286
0.00565
-0.00170
-0.00903
-0.01618
-0.02298
-0.02929
-0.03497
-0.03989
-0.04394
-0.04704
-0.04913
-0.05015
-0.05009
-0.04895
-0.04676
-0.04358
-0.03948
-0.03454
-0.02890
-0.02268
-0.01601
-0.00907
-0.00200
0.00503
0.01186
0.01833
0.02429
0.02961
0.03417
0.03785
0.04059
0.04231
0.04300
0.04264
0.04124
0.03886
0.03554
0.03139
0.02651
0.02103
0.01508
0.00881
0.00239
-0.00403
-0.01028
-0.01622
-0.02168
-0.02655
-0.03068
-0.03398
-0.03638
-0.03779
-0.03820
-0.03758
-0.03594
-0.03333
-0.02979
-0.02542
-0.02031
-0.01459
-0.00838
-0.00185
0.00486
0.01157
0.01814
0.02439
0.03016
0.03533
0.03974
0.04330
0.04591
0.04748
0.04799
0.04740
0.04572
0.04297
0.03922
0.03453
0.02901
0.02278
0.01597
0.00874
0.00125
-0.00634
-0.01385
-0.02111
-0.02797
-0.03426
-0.03984
-0.04459
-0.04840
-0.05118
-0.05286
-0.05339
-0.05277
-0.05099
-0.04809
-0.04414
-0.03920
-0.03339
-0.02683
-0.01966
-0.01204
-0.00413
0.00388
0.01182
0.01951
0.02677
0.03344
0.03935
0.04438
0.04840
0.05131
0.05305
0.05357
0.05284
0.05090
0.04778
0.04354
0.03829
0.03215
0.02527
0.01780
0.00992
0.00182
-0.00631
-0.01428
-0.02189
-0.02897
-0.03536
-0.04088
-0.04542
-0.04887
-0.05114
-0.05218
-0.05198
-0.05054
-0.04790
-0.04413
-0.03933
-0.03363
-0.02717
-0.02013
-0.01267
-0.00500
0.00268
0.01019
0.01732
0.02389
0.02975
0.03472
0.03871
0.04159
0.04331
0.04384
0.04315
0.04130
0.03833
0.03433
0.02942
0.02373
0.01743
0.01069
0.00370
-0.00336
-0.01029
-0.01691
-0.02303
-0.02850
-0.03317
-0.03691
-0.03962
-0.04123
-0.04170
-0.04100
-0.03915
-0.03620
-0.03220
-0.02727
-0.02151
-0.01508
-0.00812
-0.00081
0.00667
0.01412
0.02137
0.02823
0.03452
0.04008
0.04477
0.04844
0.05102
0.05241
0.05257
0.05149
0.04918
0.04569
0.04108
0.03546
0.02897
0.02175
0.01398
0.00583
-0.00249
-0.01078
-0.01885
-0.02649
-0.03350
-0.03973
-0.04502
-0.04922
-0.05225
-0.05400
-0.05446
-0.05359
-0.05142
-0.04801
-0.04343
-0.03779
-0.03125
-0.02396
-0.01610
-0.00788
0.00049
0.00880
0.01685
0.02441
0.03129
0.03732
0.04234
0.04621
0.04884
0.05014
0.05010
0.04870
0.04598
0.04201
0.03689
0.03076
0.02377
0.01610
0.00795
-0.00046
-0.00891
-0.01718
-0.02507
-0.03236
-0.03886
-0.04440
-0.04884
-0.05206
-0.05399
-0.05455
-0.05375
-0.05158
-0.04813
-0.04346
-0.03768
-0.03096
-0.02346
-0.01537
-0.00689
0.00175
0.01034
0.01867
0.02651
0.03366
0.03995
0.04522
0.04933
0.05219
0.05371
0.05387
0.05267
0.05015
0.04637
0.04145
0.03551
0.02873
0.02127
0.01335
0.00518
-0.00303
-0.01106
-0.01868
-0.02571
-0.03196
-0.03725
-0.04147
-0.04448
-0.04623
-0.04666
-0.04576
-0.04357
-0.04013
-0.03556
-0.02998
-0.02353
-0.01639
-0.00877
-0.00087
0.00709
0.01488
0.02230
0.02913
0.03517
0.04026
0.04424
0.04700
0.04845
0.04854
0.04726
0.04463
0.04072
0.03563
0.02948
0.02244
0.01470
0.00647
-0.00203
-0.01058
-0.01894
-0.02688
-0.03419
-0.04066
-0.04612
-0.05041
-0.05341
-0.05505
-0.05526
-0.05405
-0.05142
-0.04745
-0.04224
-0.03592
-0.02866
-0.02064
-0.01207
-0.00319
0.00579
0.01461
0.02304
0.03087
0.03789
0.04390
0.04875
0.05232
0.05450
0.05524
0.05453
0.05238
0.04885
0.04405
0.03809
0.03115
0.02342
0.01509
0.00639
-0.00243
-0.01115
-0.01954
-0.02736
-0.03442
-0.04052
-0.04551
-0.04926
-0.05165
-0.05264
-0.05219
-0.05032
-0.04708
-0.04255
-0.03685
-0.03013
-0.02258
-0.01438
-0.00576
0.00306
0.01185
0.02037
0.02839
0.03571
0.04214
0.04750
0.05166
0.05450
0.05595
0.05598
0.05459
0.05182
0.04775
0.04248
0.03616
0.02896
0.02107
0.01270
0.00407
-0.00459
-0.01307
-0.02114
-0.02860
-0.03526
-0.04097
-0.04557
-0.04898
-0.05111
-0.05192
-0.05141
-0.04960
-0.04656
-0.04239
-0.03719
-0.03111
-0.02434
-0.01703
-0.00940
-0.00164
0.00604
0.01345
0.02040
0.02671
0.03222
0.03679
0.04031
0.04270
0.04389
0.04386
0.04261
0.04018
0.03664
0.03208
0.02660
0.02035
0.01349
0.00618
-0.00139
-0.00904
-0.01659
-0.02385
-0.03065
-0.03683
-0.04224
-0.04676
-0.05026
-0.05268
-0.05396
-0.05406
-0.05299
-0.05075
-0.04742
-0.04304
-0.03773
-0.03159
-0.02477
-0.01740
-0.00966
-0.00169
0.00631
0.01419
0.02178
0.02892
0.03546
0.04127
0.04624
0.05026
0.05327
0.05522
0.05608
0.05585
0.05457
0.05227
0.04903
0.04494
0.04012
0.03468
0.02877
0.02252
0.01609
0.00962
0.00327
-0.00283
-0.00855
-0.01376
-0.01837
-0.02229
-0.02546
-0.02783
-0.02937
-0.03010
-0.03002
-0.02917
-0.02761
-0.02542
-0.02267
-0.01947
-0.01594
-0.01218
-0.00831
-0.00445
-0.00071
0.00279
0.00596
0.00871
0.01096
0.01267
0.01378
0.01428
0.01415
0.01341
0.01210
0.01025
0.00793
0.00521
0.00218
-0.00107
-0.00444
-0.00783
-0.01112
-0.01423
-0.01706
-0.01951
-0.02151
-0.02299
-0.02390
-0.02421
-0.02387
-0.02291
-0.02131
-0.01912
-0.01637
-0.01313
-0.00947
-0.00547
-0.00124
0.00313
0.00751
0.01180
0.01589
0.01966
0.02302
0.02585
0.02810
0.02968
0.03054
0.03065
0.02998
0.02856
0.02639
0.02353
0.02003
0.01597
0.01145
0.00657
0.00146
-0.00377
-0.00897
-0.01403
-0.01880
-0.02318
-0.02704
-0.03029
-0.03283
-0.03459
-0.03554
-0.03562
-0.03483
-0.03319
-0.03072
-0.02748
-0.02354
-0.01899
-0.01394
-0.00850
-0.00281
0.00300
0.00880
0.01443
0.01977
0.02468
0.02905
0.03278
0.03576
0.03793
0.03924
0.03966
0.03917
0.03779
0.03556
0.03253
0.02878
0.02440
0.01949
0.01418
0.00860
0.00287
-0.00287
-0.00848
-0.01383
-0.01880
-0.02329
-0.02718
-0.03040
-0.03288
-0.03457
-0.03543
-0.03546
-0.03466
-0.03307
-0.03072
-0.02767
-0.02402
-0.01985
-0.01525
-0.01036
-0.00529
-0.00016
0.00490
0.00977
0.01432
0.01845
0.02205
0.02504
0.02733
0.02889
0.02965
0.02961
0.02878
0.02716
0.02481
0.02179
0.01816
0.01403
0.00950
0.00469
-0.00029
-0.00530
-0.01021
-0.01491
-0.01926
-0.02314
-0.02647
-0.02914
-0.03107
-0.03222
-0.03252
-0.03198
-0.03057
-0.02833
-0.02529
-0.02151
-0.01707
-0.01207
-0.00661
-0.00083
0.00515
0.01117
0.01710
0.02278
0.02807
0.03282
0.03691
0.04023
0.04268
0.04417
0.04466
0.04411
0.04252
0.03991
0.03632
0.03183
0.02654
0.02056
0.01403
0.00710
-0.00007
-0.00729
-0.01441
-0.02123
-0.02761
-0.03336
-0.03836
-0.04248
-0.04561
-0.04767
-0.04861
-0.04840
-0.04704
-0.04456
-0.04103
-0.03652
-0.03116
-0.02507
-0.01840
-0.01132
-0.00402
0.00333
0.01053
0.01741
0.02377
0.02947
0.03434
0.03826
0.04114
0.04288
0.04344
0.04280
0.04098
0.03801
0.03398
0.02897
0.02313
0.01658
0.00951
0.00210
-0.00547
-0.01299
-0.02027
-0.02711
-0.03333
-0.03877
-0.04326
-0.04669
-0.04895
-0.04997
-0.04970
-0.04814
-0.04530
-0.04123
-0.03603
-0.02981
-0.02271
-0.01490
-0.00656
0.00210
0.01088
0.01954
0.02789
0.03571
0.04279
0.04897
0.05407
0.05796
0.06054
0.06174
0.06151
0.05987
0.05682
0.05246
0.04687
0.04020
0.03259
0.02423
0.01533
0.00610
-0.00324
-0.01247
-0.02136
-0.02970
-0.03729
-0.04395
-0.04952
-0.05386
-0.05690
-0.05854
-0.05876
-0.05756
-0.05497
-0.05108
-0.04597
-0.03979
-0.03269
-0.02486
-0.01650
-0.00782
0.00096
0.00961
0.01792
0.02567
0.03267
0.03875
0.04376
0.04757
0.05010
0.05128
0.05110
0.04957
0.04674
0.04269
0.03754
0.03143
0.02453
0.01702
0.00911
0.00100
-0.00709
-0.01494
-0.02235
-0.02913
-0.03510
-0.04010
-0.04401
-0.04672
-0.04817
-0.04832
-0.04716
-0.04474
-0.04111
-0.03638
-0.03067
-0.02412
-0.01693
-0.00927
-0.00136
0.00659
0.01437
0.02176
0.02857
0.03459
0.03966
0.04365
0.04641
0.04788
0.04800
0.04676
0.04418
0.04032
0.03527
0.02917
0.02216
0.01444
0.00620
-0.00234
-0.01096
-0.01942
-0.02749
-0.03497
-0.04164
-0.04733
-0.05187
-0.05514
-0.05703
-0.05749
-0.05649
-0.05403
-0.05017
-0.04498
-0.03858
-0.03112
-0.02277
-0.01373
-0.00422
0.00555
0.01532
0.02488
0.03397
0.04239
0.04991
0.05637
0.06159
0.06544
0.06783
0.06869
0.06801
0.06579
0.06208
0.05697
0.05058
0.04307
0.03459
0.02537
0.01560
0.00552
-0.00464
-0.01464
-0.02427
-0.03329
-0.04152
-0.04876
-0.05486
-0.05970
-0.06316
-0.06520
-0.06578
-0.06490
-0.06259
-0.05893
-0.05402
-0.04798
-0.04097
-0.03317
-0.02476
-0.01596
-0.00698
0.00197
0.01067
0.01891
0.02650
0.03327
0.03907
0.04376
0.04725
0.04947
0.05040
0.05002
0.04839
0.04557
0.04165
0.03677
0.03108
0.02475
0.01798
0.01096
0.00389
-0.00301
-0.00956
-0.01555
-0.02084
-0.02527
-0.02872
-0.03111
-0.03236
-0.03246
-0.03142
-0.02927
-0.02609
-0.02199
-0.01710
-0.01157
-0.00559
0.00067
0.00699
0.01319
0.01906
0.02442
0.02910
0.03293
0.03579
0.03758
0.03824
0.03773
0.03604
0.03321
0.02932
0.02445
0.01874
0.01234
0.00542
-0.00184
-0.00922
-0.01654
-0.02358
-0.03016
-0.03610
-0.04124
-0.04543
-0.04856
-0.05055
-0.05133
-0.05091
-0.04927
-0.04646
-0.04257
-0.03769
-0.03194
-0.02549
-0.01850
-0.01116
-0.00364
0.00384
0.01111
0.01797
0.02425
0.02980
0.03448
0.03819
0.04083
0.04236
0.04275
0.04201
0.04017
0.03731
0.03350
0.02886
0.02354
0.01767
0.01142
0.00496
-0.00153
-0.00790
-0.01397
-0.01959
-0.02463
-0.02896
-0.03249
-0.03513
-0.03683
-0.03757
-0.03733
-0.03615
-0.03406
-0.03113
-0.02745
-0.02312
-0.01827
-0.01301
-0.00748
-0.00184
0.00378
0.00924
0.01441
0.01917
0.02340
0.02702
0.02996
0.03215
0.03356
0.03418
0.03401
0.03309
0.03145
0.02918
0.02635
0.02305
0.01940
0.01550
0.01148
0.00746
0.00355
-0.00014
-0.00349
-0.00643
-0.00887
-0.01075
-0.01203
-0.01267
-0.01269
-0.01209
-0.01089
-0.00917
-0.00697
-0.00438
-0.00150
0.00158
0.00473
0.00786
0.01085
0.01358
0.01598
0.01793
0.01937
0.02025
0.02050
0.02012
0.01909
0.01743
0.01518
0.01239
0.00912
0.00546
0.00151
-0.00262
-0.00683
-0.01099
-0.01500
-0.01874
-0.02211
-0.02502
-0.02738
-0.02914
-0.03025
-0.03069
-0.03044
-0.02953
-0.02798
-0.02586
-0.02324
-0.02021
-0.01686
-0.01333
-0.00973
-0.00618
-0.00282
0.00025
0.00289
0.00502
0.00656
0.00742
0.00757
0.00699
0.00569
0.00369
0.00104
-0.00216
-0.00583
-0.00985
-0.01407
-0.01835
-0.02254
-0.02647
-0.02999
-0.03296
-0.03523
-0.03668
-0.03722
-0.03678
-0.03530
-0.03276
-0.02917
-0.02458
-0.01905
-0.01268
-0.00559
0.00208
0.01018
0.01852
0.02692
0.03521
0.04319
0.05068
0.05752
0.06355
0.06862
0.07263
0.07547
0.07709
0.07743
0.07649
0.07427
0.07082
0.06620
0.06050
0.05382
0.04630
0.03808
0.02931
0.02018
0.01084
0.00147
-0.00775
-0.01665
-0.02508
-0.03288
-0.03993
-0.04609
-0.05128
-0.05542
-0.05844
-0.06032
-0.06104
-0.06061
-0.05908
-0.05649
-0.05293
-0.04849
-0.04329
-0.03745
-0.03112
-0.02445
-0.01759
-0.01069
-0.00392
0.00258
0.00868
0.01422
0.01911
0.02323
0.02652
0.02891
0.03036
0.03086
0.03043
0.02909
0.02691
0.02395
0.02032
0.01612
0.01148
0.00653
0.00140
-0.00376
-0.00882
-0.01363
-0.01808
-0.02205
-0.02543
-0.02816
-0.03014
-0.03136
-0.03176
-0.03135
-0.03016
-0.02820
-0.02554
-0.02224
-0.01841
-0.01413
-0.00952
-0.00469
0.00024
0.00513
0.00987
0.01434
0.01843
0.02203
0.02508
0.02748
0.02919
0.03017
0.03039
0.02987
0.02863
0.02670
0.02415
0.02104
0.01746
0.01353
0.00933
0.00500
0.00064
-0.00362
-0.00766
-0.01139
-0.01470
-0.01750
-0.01971
-0.02127
-0.02214
-0.02229
-0.02172
-0.02044
-0.01848
-0.01589
-0.01273
-0.00908
-0.00504
-0.00071
0.00380
0.00836
0.01287
0.01719
0.02121
0.02482
0.02792
0.03042
0.03225
0.03334
0.03366
0.03318
0.03190
0.02984
0.02704
0.02355
0.01945
0.01482
0.00977
0.00441
-0.00114
-0.00675
-0.01230
-0.01764
-0.02267
-0.02726
-0.03130
-0.03469
-0.03736
-0.03923
-0.04026
-0.04042
-0.03969
-0.03810
-0.03567
-0.03245
-0.02850
-0.02393
-0.01882
-0.01329
-0.00747
-0.00150
0.00449
0.01035
0.01594
0.02112
0.02577
0.02977
0.03302
0.03543
0.03693
0.03748
0.03706
0.03567
0.03334
0.03011
0.02606
0.02128
0.01589
0.01000
0.00376
-0.00268
-0.00916
-0.01552
-0.02161
-0.02728
-0.03238
-0.03679
-0.04040
-0.04312
-0.04486
-0.04558
-0.04526
-0.04389
-0.04148
-0.03810
-0.03380
-0.02868
-0.02285
-0.01643
-0.00957
-0.00241
0.00488
0.01214
0.01922
0.02594
0.03217
0.03776
0.04258
0.04653
0.04953
0.05149
0.05239
0.05219
0.05091
0.04859
0.04525
0.04100
0.03592
0.03013
0.02376
0.01695
0.00985
0.00263
-0.00457
-0.01158
-0.01825
-0.02444
-0.03002
-0.03488
-0.03891
-0.04202
-0.04418
-0.04533
-0.04547
-0.04459
-0.04274
-0.03995
-0.03632
-0.03192
-0.02686
-0.02126
-0.01527
-0.00900
-0.00262
0.00374
0.00993
0.01582
0.02126
0.02615
0.03038
0.03385
0.03651
0.03828
0.03916
0.03912
0.03817
0.03637
0.03374
0.03036
0.02633
0.02173
0.01668
0.01130
0.00571
0.00004
-0.00559
-0.01104
-0.01620
-0.02095
-0.02519
-0.02883
-0.03180
-0.03402
-0.03545
-0.03607
-0.03584
-0.03479
-0.03292
-0.03028
-0.02692
-0.02290
-0.01831
-0.01324
-0.00779
-0.00208
0.00378
0.00965
0.01540
0.02093
0.02609
0.03077
0.03487
0.03828
0.04091
0.04270
0.04359
0.04354
0.04254
0.04058
0.03770
0.03392
0.02932
0.02397
0.01797
0.01144
0.00449
-0.00273
-0.01008
-0.01742
-0.02459
-0.03145
-0.03785
-0.04365
-0.04874
-0.05301
-0.05635
-0.05869
-0.05997
-0.06017
-0.05926
-0.05726
-0.05421
-0.05016
-0.04519
-0.03940
-0.03291
-0.02585
-0.01836
-0.01060
-0.00273
0.00508
0.01269
0.01993
0.02665
0.03272
0.03802
0.04244
0.04591
0.04836
0.04975
0.05008
0.04935
0.04761
0.04492
0.04135
0.03702
0.03205
0.02656
0.02072
0.01468
0.00859
0.00263
-0.00307
-0.00834
-0.01305
-0.01708
-0.02032
-0.02270
-0.02417
-0.02468
-0.02423
-0.02285
-0.02058
-0.01751
-0.01371
-0.00931
-0.00445
0.00073
0.00606
0.01140
0.01656
0.02140
0.02575
0.02949
0.03247
0.03461
0.03582
0.03604
0.03526
0.03347
0.03070
0.02701
0.02248
0.01722
0.01136
0.00504
-0.00157
-0.00831
-0.01500
-0.02147
-0.02754
-0.03306
-0.03788
-0.04187
-0.04491
-0.04692
-0.04784
-0.04763
-0.04629
-0.04385
-0.04036
-0.03589
-0.03055
-0.02449
-0.01782
-0.01074
-0.00340
0.00400
0.01128
0.01825
0.02474
0.03057
0.03561
0.03971
0.04277
0.04471
0.04548
0.04505
0.04343
0.04066
0.03682
0.03198
0.02627
0.01984
0.01284
0.00546
-0.00213
-0.00974
-0.01717
-0.02424
-0.03076
-0.03658
-0.04156
-0.04556
-0.04848
-0.05025
-0.05082
-0.05019
-0.04836
-0.04537
-0.04131
-0.03625
-0.03034
-0.02372
-0.01654
-0.00898
-0.00122
0.00654
0.01411
0.02131
0.02798
0.03393
0.03904
0.04317
0.04624
0.04817
0.04892
0.04848
0.04686
0.04410
0.04030
0.03553
0.02993
0.02363
0.01679
0.00959
0.00219
-0.00522
-0.01247
-0.01938
-0.02579
-0.03156
-0.03657
-0.04068
-0.04383
-0.04595
-0.04700
-0.04697
-0.04588
-0.04375
-0.04065
-0.03667
-0.03190
-0.02646
-0.02048
-0.01411
-0.00748
-0.00076
0.00592
0.01240
0.01855
0.02423
0.02934
0.03376
0.03743
0.04027
0.04223
0.04331
0.04348
0.04278
0.04124
0.03890
0.03586
0.03219
0.02799
0.02338
0.01846
0.01338
0.00824
0.00317
-0.00170
-0.00628
-0.01045
-0.01412
-0.01721
-0.01966
-0.02143
-0.02247
-0.02279
-0.02239
-0.02130
-0.01955
-0.01723
-0.01440
-0.01115
-0.00759
-0.00384
0.00000
0.00381
0.00746
0.01085
0.01386
0.01641
0.01841
0.01980
0.02052
0.02055
0.01988
0.01852
0.01650
0.01387
0.01070
0.00708
0.00310
-0.00113
-0.00550
-0.00989
-0.01418
-0.01825
-0.02198
-0.02528
-0.02806
-0.03023
-0.03173
-0.03253
-0.03259
-0.03191
-0.03051
-0.02841
-0.02568
-0.02238
-0.01861
-0.01445
-0.01003
-0.00547
-0.00088
0.00362
0.00789
0.01182
0.01531
0.01826
0.02059
0.02224
0.02317
0.02335
0.02277
0.02147
0.01948
0.01686
0.01369
0.01006
0.00607
0.00186
-0.00246
-0.00676
-0.01091
-0.01479
-0.01828
-0.02126
-0.02365
-0.02536
-0.02633
-0.02652
-0.02590
-0.02447
-0.02225
-0.01929
-0.01565
-0.01141
-0.00667
-0.00155
0.00384
0.00935
0.01484
0.02018
0.02522
0.02984
0.03390
0.03729
0.03993
0.04172
0.04263
0.04260
0.04163
0.03973
0.03694
0.03333
0.02896
0.02394
0.01840
0.01245
0.00624
-0.00009
-0.00638
-0.01249
-0.01827
-0.02359
-0.02832
-0.03236
-0.03561
-0.03799
-0.03947
-0.04000
-0.03959
-0.03825
-0.03602
-0.03296
-0.02914
-0.02467
-0.01966
-0.01423
-0.00851
-0.00263
0.00326
0.00902
0.01453
0.01965
0.02427
0.02829
0.03162
0.03419
0.03594
0.03685
0.03690
0.03609
0.03446
0.03204
0.02891
0.02513
0.02079
0.01600
0.01086
0.00549
0.00000
-0.00549
-0.01087
-0.01602
-0.02085
-0.02526
-0.02916
-0.03250
-0.03520
-0.03724
-0.03858
-0.03920
-0.03911
-0.03833
-0.03687
-0.03478
-0.03212
-0.02894
-0.02531
-0.02130
-0.01701
-0.01252
-0.00791
-0.00327
0.00130
0.00572
0.00992
0.01382
0.01734
0.02043
0.02304
0.02513
0.02667
0.02764
0.02803
0.02786
0.02712
0.02587
0.02413
0.02195
0.01940
0.01655
0.01346
0.01023
0.00693
0.00364
0.00047
-0.00253
-0.00525
-0.00763
-0.00962
-0.01115
-0.01218
-0.01268
-0.01264
-0.01206
-0.01096
-0.00936
-0.00732
-0.00489
-0.00215
0.00081
0.00392
0.00707
0.01015
0.01307
0.01573
0.01804
0.01991
0.02126
0.02205
0.02221
0.02172
0.02058
0.01878
0.01636
0.01335
0.00982
0.00584
0.00151
-0.00308
-0.00781
-0.01257
-0.01724
-0.02169
-0.02582
-0.02951
-0.03266
-0.03518
-0.03700
-0.03804
-0.03828
-0.03768
-0.03625
-0.03400
-0.03097
-0.02721
-0.02281
-0.01786
-0.01247
-0.00676
-0.00086
0.00509
0.01094
0.01656
0.02181
0.02656
0.03069
0.03409
0.03668
0.03839
0.03917
0.03900
0.03789
0.03585
0.03294
0.02923
0.02481
0.01979
0.01429
0.00846
0.00244
-0.00361
-0.00954
-0.01521
-0.02046
-0.02517
-0.02921
-0.03246
-0.03487
-0.03634
-0.03685
-0.03638
-0.03492
-0.03253
-0.02925
-0.02515
-0.02035
-0.01495
-0.00910
-0.00292
0.00342
0.00976
0.01594
0.02182
0.02723
0.03204
0.03612
0.03937
0.04170
0.04305
0.04337
0.04266
0.04092
0.03819
0.03454
0.03004
0.02480
0.01895
0.01262
0.00596
-0.00088
-0.00773
-0.01444
-0.02084
-0.02680
-0.03217
-0.03682
-0.04066
-0.04360
-0.04556
-0.04651
-0.04643
-0.04532
-0.04320
-0.04013
-0.03617
-0.03142
-0.02599
-0.01999
-0.01357
-0.00686
-0.00004
0.00676
0.01338
0.01966
0.02546
0.03065
0.03511
0.03874
0.04145
0.04319
0.04392
0.04361
0.04229
0.03997
0.03671
0.03260
0.02771
0.02218
0.01612
0.00967
0.00298
-0.00379
-0.01050
-0.01698
-0.02311
-0.02873
-0.03373
-0.03799
-0.04141
-0.04394
-0.04550
-0.04606
-0.04561
-0.04416
-0.04174
-0.03839
-0.03419
-0.02924
-0.02362
-0.01747
-0.01091
-0.00409
0.00285
0.00976
0.01648
0.02287
0.02879
0.03410
0.03868
0.04243
0.04527
0.04713
0.04797
0.04776
0.04651
0.04425
0.04104
0.03694
0.03205
0.02650
0.02040
0.01391
0.00717
0.00036
-0.00639
-0.01289
-0.01901
-0.02459
-0.02951
-0.03366
-0.03694
-0.03927
-0.04061
-0.04092
-0.04021
-0.03851
-0.03585
-0.03232
-0.02801
-0.02302
-0.01750
-0.01158
-0.00542
0.00083
0.00700
0.01294
0.01848
0.02350
0.02786
0.03145
0.03417
0.03596
0.03677
0.03658
0.03541
0.03328
0.03024
0.02639
0.02182
0.01666
0.01105
0.00512
-0.00096
-0.00703
-0.01293
-0.01851
-0.02361
-0.02811
-0.03187
-0.03481
-0.03684
-0.03791
-0.03798
-0.03706
-0.03517
-0.03235
-0.02868
-0.02425
-0.01918
-0.01362
-0.00769
-0.00157
0.00459
0.01062
0.01634
0.02162
0.02630
0.03026
0.03338
0.03559
0.03680
0.03700
0.03617
0.03434
0.03155
0.02787
0.02341
0.01828
0.01262
0.00659
0.00034
-0.00596
-0.01212
-0.01800
-0.02342
-0.02824
-0.03234
-0.03558
-0.03788
-0.03918
-0.03943
-0.03863
-0.03679
-0.03394
-0.03016
-0.02554
-0.02020
-0.01427
-0.00790
-0.00126
0.00549
0.01216
0.01860
0.02462
0.03008
0.03483
0.03875
0.04172
0.04369
0.04458
0.04438
0.04310
0.04075
0.03740
0.03314
0.02806
0.02231
0.01601
0.00932
0.00243
-0.00452
-0.01133
-0.01785
-0.02391
-0.02937
-0.03410
-0.03797
-0.04090
-0.04283
-0.04371
-0.04352
-0.04228
-0.04002
-0.03681
-0.03273
-0.02788
-0.02239
-0.01639
-0.01005
-0.00350
0.00308
0.00953
0.01570
0.02144
0.02661
0.03110
0.03480
0.03762
0.03952
0.04044
0.04038
0.03934
0.03736
0.03450
0.03083
0.02644
0.02144
0.01596
0.01012
0.00408
-0.00204
-0.00808
-0.01391
-0.01940
-0.02441
-0.02885
-0.03260
-0.03560
-0.03777
-0.03907
-0.03948
-0.03899
-0.03762
-0.03540
-0.03238
-0.02864
-0.02427
-0.01935
-0.01402
-0.00839
-0.00260
0.00324
0.00897
0.01448
0.01963
0.02431
0.02841
0.03184
0.03452
0.03639
0.03742
0.03758
0.03687
0.03532
0.03296
0.02987
0.02611
0.02178
0.01699
0.01186
0.00652
0.00110
-0.00426
-0.00945
-0.01432
-0.01876
-0.02267
-0.02595
-0.02853
-0.03034
-0.03134
-0.03153
-0.03089
-0.02946
-0.02727
-0.02441
-0.02093
-0.01696
-0.01259
-0.00796
-0.00319
0.00159
0.00624
0.01063
0.01463
0.01815
0.02108
0.02333
0.02485
0.02560
0.02556
0.02472
0.02313
0.02082
0.01787
0.01436
0.01040
0.00609
0.00157
-0.00304
-0.00761
-0.01200
-0.01610
-0.01978
-0.02294
-0.02549
-0.02735
-0.02848
-0.02883
-0.02839
-0.02718
-0.02521
-0.02253
-0.01922
-0.01535
-0.01103
-0.00636
-0.00147
0.00352
0.00848
0.01329
0.01782
0.02195
0.02557
0.02860
0.03095
0.03255
0.03337
0.03339
0.03259
0.03101
0.02867
0.02563
0.02197
0.01779
0.01318
0.00827
0.00317
-0.00199
-0.00707
-0.01195
-0.01650
-0.02061
-0.02417
-0.02708
-0.02929
-0.03072
-0.03134
-0.03112
-0.03007
-0.02822
-0.02561
-0.02230
-0.01837
-0.01392
-0.00907
-0.00393
0.00135
0.00666
0.01184
0.01677
0.02132
0.02536
0.02879
0.03152
0.03347
0.03458
0.03484
0.03422
0.03274
0.03044
0.02738
0.02362
0.01927
0.01443
0.00923
0.00379
-0.00175
-0.00725
-0.01258
-0.01761
-0.02221
-0.02629
-0.02973
-0.03246
-0.03443
-0.03558
-0.03590
-0.03539
-0.03408
-0.03199
-0.02919
-0.02577
-0.02181
-0.01741
-0.01270
-0.00780
-0.00284
0.00206
0.00677
0.01116
0.01512
0.01856
0.02137
0.02350
0.02488
0.02549
0.02531
0.02435
0.02265
0.02024
0.01719
0.01360
0.00955
0.00516
0.00054
-0.00418
-0.00887
-0.01342
-0.01768
-0.02155
-0.02492
-0.02769
-0.02979
-0.03114
-0.03170
-0.03144
-0.03037
-0.02847
-0.02579
-0.02239
-0.01832
-0.01368
-0.00855
-0.00307
0.00265
0.00848
0.01428
0.01991
0.02525
0.03015
0.03451
0.03822
0.04117
0.04331
0.04457
0.04491
0.04433
0.04284
0.04047
0.03728
0.03334
0.02874
0.02361
0.01806
0.01224
0.00628
0.00033
-0.00547
-0.01097
-0.01604
-0.02056
-0.02443
-0.02755
-0.02988
-0.03134
-0.03194
-0.03166
-0.03053
-0.02860
-0.02593
-0.02263
-0.01879
-0.01453
-0.01000
-0.00533
-0.00066
0.00385
0.00807
0.01187
0.01511
0.01771
0.01957
0.02062
0.02082
0.02016
0.01865
0.01631
0.01321
0.00943
0.00506
0.00025
-0.00488
-0.01019
-0.01550
-0.02066
-0.02552
-0.02993
-0.03374
-0.03684
-0.03910
-0.04046
-0.04085
-0.04023
-0.03860
-0.03597
-0.03239
-0.02792
-0.02266
-0.01673
-0.01025
-0.00338
0.00373
0.01093
0.01803
0.02488
0.03132
0.03719
0.04237
0.04673
0.05016
0.05260
0.05397
0.05425
0.05343
0.05151
0.04856
0.04462
0.03978
0.03415
0.02785
0.02102
0.01382
0.00639
-0.00110
-0.00848
-0.01560
-0.02229
-0.02843
-0.03388
-0.03851
-0.04224
-0.04499
-0.04670
-0.04734
-0.04690
-0.04540
-0.04288
-0.03940
-0.03505
-0.02993
-0.02417
-0.01790
-0.01128
-0.00445
0.00241
0.00914
0.01559
0.02160
0.02703
0.03175
0.03564
0.03861
0.04059
0.04154
0.04143
0.04027
0.03808
0.03492
0.03088
0.02604
0.02054
0.01451
0.00809
0.00144
-0.00527
-0.01189
-0.01825
-0.02421
-0.02961
-0.03434
-0.03829
-0.04137
-0.04351
-0.04466
-0.04482
-0.04398
-0.04217
-0.03946
-0.03590
-0.03160
-0.02667
-0.02123
-0.01541
-0.00937
-0.00324
0.00283
0.00868
0.01419
0.01923
0.02369
0.02746
0.03046
0.03265
0.03397
0.03442
0.03401
0.03275
0.03072
0.02797
0.02459
0.02070
0.01639
0.01180
0.00707
0.00231
-0.00233
-0.00673
-0.01077
-0.01433
-0.01732
-0.01966
-0.02127
-0.02212
-0.02218
-0.02144
-0.01992
-0.01765
-0.01470
-0.01114
-0.00705
-0.00255
0.00225
0.00722
0.01222
0.01712
0.02177
0.02606
0.02984
0.03301
0.03547
0.03713
0.03793
0.03782
0.03680
0.03486
0.03203
0.02837
0.02394
0.01885
0.01321
0.00714
0.00078
-0.00570
-0.01218
-0.01847
-0.02444
-0.02993
-0.03482
-0.03897
-0.04229
-0.04470
-0.04612
-0.04653
-0.04592
-0.04429
-0.04169
-0.03819
-0.03388
-0.02885
-0.02326
-0.01723
-0.01092
-0.00451
0.00186
0.00800
0.01376
0.01899
0.02355
0.02733
0.03024
0.03220
0.03318
0.03314
0.03211
0.03014
0.02727
0.02360
0.01925
0.01435
0.00905
0.00350
-0.00213
-0.00767
-0.01296
-0.01784
-0.02217
-0.02583
-0.02869
-0.03067
-0.03172
-0.03179
-0.03088
-0.02901
-0.02622
-0.02260
-0.01822
-0.01321
-0.00770
-0.00185
0.00420
0.01027
0.01621
0.02184
0.02701
0.03159
0.03543
0.03844
0.04053
0.04164
0.04174
0.04080
0.03886
0.03595
0.03215
0.02754
0.02224
0.01638
0.01009
0.00353
-0.00313
-0.00974
-0.01614
-0.02216
-0.02767
-0.03254
-0.03663
-0.03987
-0.04215
-0.04345
-0.04371
-0.04294
-0.04115
-0.03838
-0.03471
-0.03021
-0.02500
-0.01920
-0.01295
-0.00641
0.00028
0.00694
0.01341
0.01954
0.02519
0.03020
0.03446
0.03787
0.04034
0.04182
0.04227
0.04169
0.04009
0.03752
0.03404
0.02975
0.02475
0.01918
0.01317
0.00688
0.00046
-0.00593
-0.01212
-0.01798
-0.02335
-0.02811
-0.03215
-0.03538
-0.03771
-0.03912
-0.03955
-0.03902
-0.03755
-0.03518
-0.03197
-0.02801
-0.02340
-0.01827
-0.01274
-0.00695
-0.00105
0.00482
0.01051
0.01588
0.02080
0.02516
0.02885
0.03178
0.03388
0.03512
0.03547
0.03492
0.03351
0.03127
0.02828
0.02462
0.02039
0.01571
0.01071
0.00553
0.00030
-0.00484
-0.00974
-0.01429
-0.01836
-0.02185
-0.02466
-0.02673
-0.02800
-0.02846
-0.02808
-0.02689
-0.02493
-0.02226
-0.01895
-0.01511
-0.01085
-0.00631
-0.00160
0.00312
0.00772
0.01205
0.01599
0.01940
0.02219
0.02426
0.02553
0.02597
0.02555
0.02427
0.02215
0.01925
0.01565
0.01144
0.00674
0.00169
-0.00358
-0.00891
-0.01413
-0.01911
-0.02367
-0.02770
-0.03105
-0.03362
-0.03532
-0.03609
-0.03588
-0.03470
-0.03255
-0.02949
-0.02557
-0.02091
-0.01563
-0.00985
-0.00374
0.00253
0.00880
0.01489
0.02063
0.02586
0.03042
0.03420
0.03709
0.03899
0.03987
0.03968
0.03844
0.03619
0.03299
0.02894
0.02415
0.01877
0.01295
0.00685
0.00067
-0.00542
-0.01125
-0.01665
-0.02146
-0.02555
-0.02879
-0.03110
-0.03241
-0.03269
-0.03192
-0.03013
-0.02738
-0.02375
-0.01933
-0.01427
-0.00870
-0.00279
0.00329
0.00936
0.01524
0.02077
0.02578
0.03012
0.03367
0.03632
0.03797
0.03859
0.03813
0.03661
0.03406
0.03054
0.02613
0.02095
0.01512
0.00881
0.00216
-0.00464
-0.01142
-0.01801
-0.02424
-0.02994
-0.03498
-0.03921
-0.04253
-0.04485
-0.04611
-0.04628
-0.04533
-0.04329
-0.04021
-0.03616
-0.03123
-0.02553
-0.01922
-0.01244
-0.00535
0.00186
0.00903
0.01597
0.02250
0.02846
0.03370
0.03807
0.04148
0.04382
0.04502
0.04505
0.04389
0.04159
0.03817
0.03372
0.02835
0.02218
0.01537
0.00809
0.00051
-0.00717
-0.01477
-0.02210
-0.02896
-0.03519
-0.04063
-0.04514
-0.04861
-0.05093
-0.05205
-0.05194
-0.05059
-0.04802
-0.04430
-0.03950
-0.03375
-0.02716
-0.01991
-0.01216
-0.00410
0.00408
0.01219
0.02002
0.02739
0.03413
0.04007
0.04507
0.04901
0.05180
0.05339
0.05373
0.05284
0.05076
0.04753
0.04326
0.03808
0.03212
0.02555
0.01855
0.01131
0.00402
-0.00312
-0.00993
-0.01621
-0.02183
-0.02662
-0.03048
-0.03332
-0.03506
-0.03568
-0.03520
-0.03363
-0.03106
-0.02756
-0.02327
-0.01833
-0.01289
-0.00714
-0.00125
0.00459
0.01020
0.01541
0.02007
0.02401
0.02713
0.02933
0.03055
0.03075
0.02991
0.02808
0.02530
0.02165
0.01725
0.01222
0.00670
0.00086
-0.00514
-0.01112
-0.01691
-0.02236
-0.02729
-0.03159
-0.03512
-0.03779
-0.03952
-0.04026
-0.03999
-0.03872
-0.03647
-0.03331
-0.02931
-0.02458
-0.01924
-0.01344
-0.00731
-0.00102
0.00527
0.01141
0.01723
0.02258
0.02734
0.03138
0.03461
0.03693
0.03831
0.03871
0.03812
0.03656
0.03409
0.03076
0.02667
0.02193
0.01667
0.01101
0.00511
-0.00088
-0.00682
-0.01254
-0.01790
-0.02278
-0.02704
-0.03058
-0.03331
-0.03517
-0.03612
-0.03613
-0.03521
-0.03338
-0.03070
-0.02723
-0.02308
-0.01835
-0.01316
-0.00766
-0.00199
0.00371
0.00928
0.01458
0.01946
0.02380
0.02749
0.03043
0.03254
0.03378
0.03412
0.03355
0.03211
0.02982
0.02677
0.02304
0.01874
0.01400
0.00894
0.00371
-0.00153
-0.00666
-0.01152
-0.01597
-0.01989
-0.02319
-0.02575
-0.02752
-0.02843
-0.02848
-0.02766
-0.02598
-0.02350
-0.02029
-0.01642
-0.01201
-0.00718
-0.00207
0.00320
0.00846
0.01357
0.01839
0.02279
0.02663
0.02981
0.03224
0.03383
0.03456
0.03438
0.03330
0.03135
0.02857
0.02504
0.02085
0.01612
0.01096
0.00552
-0.00006
-0.00563
-0.01104
-0.01615
-0.02082
-0.02494
-0.02838
-0.03109
-0.03297
-0.03400
-0.03417
-0.03347
-0.03194
-0.02964
-0.02666
-0.02309
-0.01904
-0.01467
-0.01011
-0.00550
-0.00101
0.00322
0.00704
0.01034
0.01298
0.01488
0.01597
0.01620
0.01556
0.01405
0.01173
0.00866
0.00495
0.00071
-0.00392
-0.00877
-0.01368
-0.01845
-0.02291
-0.02689
-0.03022
-0.03274
-0.03434
-0.03490
-0.03436
-0.03268
-0.02984
-0.02590
-0.02089
-0.01494
-0.00817
-0.00073
0.00718
0.01538
0.02364
0.03176
0.03951
0.04669
0.05310
0.05857
0.06294
0.06609
0.06792
0.06838
0.06745
0.06513
0.06147
0.05655
0.05049
0.04343
0.03552
0.02694
0.01789
0.00857
-0.00081
-0.01005
-0.01897
-0.02736
-0.03506
-0.04193
-0.04783
-0.05266
-0.05634
-0.05882
-0.06009
-0.06014
-0.05900
-0.05674
-0.05341
-0.04914
-0.04402
-0.03819
-0.03179
-0.02497
-0.01789
-0.01071
-0.00358
0.00335
0.00992
0.01601
0.02149
0.02625
0.03021
0.03328
0.03544
0.03663
0.03686
0.03615
0.03452
0.03204
0.02877
0.02482
0.02030
0.01532
0.01001
0.00451
-0.00103
-0.00648
-0.01169
-0.01655
-0.02093
-0.02472
-0.02783
-0.03018
-0.03172
-0.03242
-0.03225
-0.03123
-0.02938
-0.02676
-0.02342
-0.01946
-0.01498
-0.01009
-0.00491
0.00041
0.00575
0.01096
0.01591
0.02047
0.02452
0.02795
0.03067
0.03261
0.03371
0.03393
0.03328
0.03176
0.02940
0.02627
0.02245
0.01802
0.01311
0.00785
0.00237
-0.00318
-0.00865
-0.01390
-0.01878
-0.02315
-0.02690
-0.02992
-0.03212
-0.03343
-0.03382
-0.03326
-0.03176
-0.02934
-0.02608
-0.02204
-0.01732
-0.01206
-0.00637
-0.00042
0.00565
0.01167
0.01749
0.02294
0.02790
0.03221
0.03577
0.03849
0.04027
0.04108
0.04089
0.03970
0.03754
0.03446
0.03053
0.02586
0.02055
0.01474
0.00858
0.00220
-0.00423
-0.01056
-0.01664
-0.02232
-0.02747
-0.03198
-0.03574
-0.03867
-0.04070
-0.04179
-0.04193
-0.04112
-0.03938
-0.03677
-0.03335
-0.02921
-0.02446
-0.01922
-0.01360
-0.00776
-0.00182
0.00405
0.00974
0.01509
0.01999
0.02431
0.02797
0.03086
0.03294
0.03415
0.03447
0.03390
0.03246
0.03020
0.02718
0.02348
0.01920
0.01445
0.00935
0.00404
-0.00135
-0.00668
-0.01183
-0.01666
-0.02105
-0.02489
-0.02809
-0.03058
-0.03228
-0.03318
-0.03323
-0.03246
-0.03087
-0.02852
-0.02547
-0.02179
-0.01759
-0.01298
-0.00806
-0.00298
0.00214
0.00717
0.01197
0.01643
0.02042
0.02385
0.02663
0.02869
0.02997
0.03046
0.03013
0.02901
0.02712
0.02453
0.02130
0.01753
0.01331
0.00877
0.00404
-0.00077
-0.00550
-0.01005
-0.01427
-0.01805
-0.02129
-0.02388
-0.02576
-0.02687
-0.02716
-0.02662
-0.02526
-0.02311
-0.02021
-0.01664
-0.01248
-0.00783
-0.00282
0.00242
0.00776
0.01306
0.01816
0.02294
0.02726
0.03099
0.03403
0.03629
0.03769
0.03820
0.03777
0.03642
0.03416
0.03104
0.02714
0.02255
0.01737
0.01174
0.00578
-0.00034
-0.00647
-0.01247
-0.01817
-0.02343
-0.02811
-0.03210
-0.03528
-0.03756
-0.03890
-0.03924
-0.03858
-0.03692
-0.03431
-0.03079
-0.02646
-0.02143
-0.01581
-0.00975
-0.00340
0.00308
0.00953
0.01577
0.02164
0.02699
0.03167
0.03556
0.03856
0.04056
0.04152
0.04139
0.04017
0.03787
0.03454
0.03024
0.02508
0.01916
0.01263
0.00562
-0.00169
-0.00915
-0.01656
-0.02377
-0.03060
-0.03689
-0.04250
-0.04730
-0.05117
-0.05402
-0.05581
-0.05646
-0.05599
-0.05441
-0.05174
-0.04806
-0.04344
-0.03801
-0.03189
-0.02522
-0.01816
-0.01087
-0.00353
0.00371
0.01067
0.01719
0.02313
0.02834
0.03272
0.03617
0.03861
0.03999
0.04029
0.03952
0.03771
0.03490
0.03119
0.02667
0.02148
0.01575
0.00965
0.00333
-0.00303
-0.00925
-0.01516
-0.02061
-0.02543
-0.02950
-0.03269
-0.03490
-0.03608
-0.03617
-0.03516
-0.03306
-0.02991
-0.02578
-0.02076
-0.01497
-0.00855
-0.00166
0.00554
0.01286
0.02013
0.02715
0.03377
0.03980
0.04509
0.04952
0.05297
0.05535
0.05661
0.05671
0.05567
0.05349
0.05027
0.04607
0.04101
0.03522
0.02887
0.02211
0.01512
0.00808
0.00116
-0.00546
-0.01161
-0.01716
-0.02196
-0.02590
-0.02889
-0.03087
-0.03180
-0.03165
-0.03044
-0.02820
-0.02499
-0.02091
-0.01604
-0.01051
-0.00446
0.00197
0.00861
0.01531
0.02190
0.02822
0.03410
0.03941
0.04400
0.04775
0.05055
0.05233
0.05300
0.05255
0.05095
0.04821
0.04438
0.03951
0.03369
0.02703
0.01964
0.01167
0.00328
-0.00537
-0.01411
-0.02278
-0.03120
-0.03920
-0.04663
-0.05335
-0.05923
-0.06416
-0.06806
-0.07085
-0.07251
-0.07301
-0.07237
-0.07062
-0.06784
-0.06410
-0.05951
-0.05421
-0.04834
-0.04205
-0.03552
-0.02893
-0.02244
-0.01623
-0.01047
-0.00531
-0.00089
0.00269
0.00530
0.00690
0.00745
0.00692
0.00534
0.00276
-0.00076
-0.00509
-0.01014
-0.01573
-0.02172
-0.02793
-0.03417
-0.04026
-0.04602
-0.05126
-0.05583
-0.05956
-0.06234
-0.06405
-0.06461
-0.06397
-0.06211
-0.05902
-0.05474
-0.04934
-0.04292
-0.03558
-0.02746
-0.01874
-0.00956
-0.00013
0.00938
0.01876
0.02784
0.03644
0.04440
0.05157
0.05782
0.06306
0.06721
0.07023
0.07210
0.07282
0.07244
0.07103
0.06868
0.06549
0.06160
0.05715
0.05231
0.04723
0.04209
0.03704
0.03226
0.02789
0.02406
0.02092
0.01855
0.01705
0.01648
0.01688
0.01827
0.02064
0.02395
0.02815
0.03315
0.03887
0.04518
0.05194
0.05900
0.06621
0.07339
0.08038
0.08701
0.09311
0.09853
0.10313
0.10677
0.10934
0.11077
0.11099
0.10995
0.10766
0.10413
0.09940
0.09356
0.08669
0.07893
0.07040
0.06127
0.05170
0.04188
0.03197
0.02217
0.01263
0.00353
-0.00499
-0.01280
-0.01978
-0.02586
-0.03098
-0.03510
-0.03823
-0.04038
-0.04160
-0.04200
-0.04165
-0.04068
-0.03925
-0.03751
-0.03561
-0.03373
-0.03205
-0.03073
-0.02992
-0.02977
-0.03042
-0.03196
-0.03448
-0.03805
-0.04268
-0.04838
-0.05512
-0.06285
-0.07148
-0.08090
-0.09098
-0.10156
-0.11247
-0.12355
-0.13459
-0.14541
-0.15582
-0.16563
-0.17468
-0.18280
-0.18985
-0.19571
-0.20028
-0.20349
-0.20530
-0.20569
-0.20468
-0.20230
-0.19863
-0.19376
-0.18781
-0.18090
-0.17320
-0.16486
-0.15606
-0.14697
-0.13775
-0.12859
-0.11963
-0.11102
-0.10287
-0.09530
-0.08838
-0.08215
-0.07664
-0.07185
-0.06773
-0.06424
-0.06128
-0.05873
-0.05647
-0.05436
-0.05224
-0.04995
-0.04731
-0.04417
-0.04037
-0.03575
-0.03021
-0.02362
-0.01589
-0.00697
0.00318
0.01456
0.02716
0.04092
0.05575
0.07156
0.08822
0.10556
0.12342
0.14161
0.15995
0.17823
0.19625
0.21381
0.23072
0.24681
0.26192
0.27590
0.28863
0.30004
0.31004
0.31862
0.32575
0.33145
0.33579
0.33883
0.34066
0.34139
0.34116
0.34010
0.33836
0.33609
0.33345
0.33056
0.32757
0.32459
0.32173
0.31906
0.31665
0.31452
0.31269
0.31114
0.30982
0.30867
0.30759
0.30648
0.30519
0.30358
0.30149
0.29876
0.29522
0.29070
0.28503
0.27807
0.26969
0.25975
0.24818
0.23489
0.21986
0.20306
0.18452
0.16428
0.14242
0.11905
0.09430
0.06832
0.04128
0.01338
-0.01520
-0.04424
-0.07355
-0.10291
-0.13214
-0.16105
-0.18948
-0.21727
-0.24431
-0.27048
-0.29573
-0.31998
-0.34322
-0.36545
-0.38670
-0.40700
-0.42643
-0.44506
-0.46299
-0.48032
-0.49716
-0.51361
-0.52977
-0.54574
-0.56160
-0.57741
-0.59322
-0.60904
-0.62489
-0.64073
-0.65652
-0.67218
-0.68762
-0.70270
-0.71729
-0.73123
-0.74435
-0.75646
-0.76737
-0.77690
-0.78483
-0.79101
-0.79523
-0.79736
-0.79723
-0.79473
-0.78975
-0.78221
-0.77206
-0.75926
-0.74382
-0.72575
-0.70511
-0.68195
-0.65637
-0.62847
-0.59837
-0.56620
-0.53210
-0.49623
-0.45872
-0.41973
-0.37941
-0.33789
-0.29530
-0.25176
-0.20738
-0.16226
-0.11646
-0.07007
-0.02312
0.02433
0.07227
0.12068
0.16956
0.21890
0.26871
0.31899
0.36976
0.42102
0.47277
0.52499
0.57767
0.63079
0.68428
0.73810
0.79217
0.84640
0.90067
0.95486
1.00883
1.06243
1.11547
1.16778
1.21915
1.26938
1.31824
1.36553
1.41100
1.45443
1.49561
1.53430
1.57029
1.60338
1.63338
1.66010
1.68339
1.70309
1.71909
1.73128
1.73957
1.74390
1.74424
1.74055
1.73284
1.72112
1.70543
1.68582
1.66233
1.63503
1.60400
1.56931
1.53104
1.48925
1.44401
1.39540
1.34345
1.28822
1.22973
1.16801
1.10305
1.03486
0.96342
0.88871
0.81069
0.72932
0.64457
0.55641
0.46479
0.36971
0.27117
0.16916
0.06375
-0.04502
-0.15705
-0.27220
-0.39031
-0.51118
-0.63458
-0.76023
-0.88782
-1.01700
-1.14740
-1.27862
-1.41023
-1.54180
-1.67287
-1.80299
-1.93170
-2.05855
-2.18310
-2.30493
-2.42365
-2.53887
-2.65025
-2.75749
-2.86030
-2.95845
-3.05170
-3.13991
-3.22289
-3.30055
-3.37276
-3.43946
-3.50055
-3.55596
-3.60564
-3.64948
-3.68740
-3.71928
-3.74498
-3.76433
-3.77713
-3.78317
-3.78216
-3.77383
-3.75785
-3.73389
-3.70157
-3.66055
-3.61044
-3.55090
-3.48157
-3.40215
-3.31236
-3.21198
-3.10085
-2.97885
-2.84596
-2.70223
-2.54778
-2.38281
-2.20762
-2.02255
-1.82804
-1.62458
-1.41269
-1.19297
-0.96600
-0.73240
-0.49277
-0.24769
0.00228
0.25664
0.51495
0.77682
1.04196
1.31013
1.58118
1.85504
2.13166
2.41108
2.69337
2.97857
3.26674
3.55792
3.85202
4.14890
4.44831
4.74983
5.05293
5.35665
5.65992
5.96169
6.26086
