-1.374965935257949773e-03
-1.319505227314453008e-02
-2.324973216339793272e-02
-3.002014318358760606e-02
-3.246702775170928063e-02
-3.025688828595217775e-02
-2.389561544009209670e-02
-1.468498819132306107e-02
-4.459974728016921283e-03
4.849380663872492059e-03
1.170114164150546678e-02
1.530594581496029505e-02
1.575031175096340552e-02
1.384528432462304830e-02
1.076214564694183244e-02
7.593162678556785936e-03
5.008462234410865702e-03
3.141133533876091719e-03
1.725975821617940602e-03
3.973111275885690685e-04
-1.018888813485901382e-03
-2.370344000830845298e-03
-3.261385712291203776e-03
-3.289521896424307291e-03
-2.289168252959586716e-03
-4.453871471694296341e-04
1.771093975537673705e-03
3.790773505382837461e-03
5.140769029929508419e-03
5.556047347495301353e-03
4.984849523284739722e-03
3.530579000635210903e-03
1.390735692663021706e-03
-1.171869082046281957e-03
-3.831309864696306501e-03
-6.204399848890505831e-03
-7.884905224148907113e-03
-8.509312565331463712e-03
-7.841760029819802580e-03
-5.860238387068048005e-03
-2.820226036015117000e-03
7.374767610572622797e-04
4.067098826941804857e-03
6.391699413196956503e-03
7.126708105261036694e-03
6.069626103635417796e-03
3.474922089142898872e-03
-1.918104025394606893e-05
-3.582794002250094464e-03
-6.432143190172207384e-03
-8.030108297111574270e-03
-8.189430344721724403e-03
-7.059841363204546159e-03
-5.019764749320636266e-03
-2.517681210500440341e-03
8.102283122433506096e-05
2.585106861514443327e-03
4.966340601758484699e-03
7.250523526923706094e-03
9.374275825262628689e-03
1.110093142946234381e-02
1.205300762546060098e-02
1.183921640221391111e-02
1.019921843392559285e-02
7.101464490253771647e-03
2.779547291018880269e-03
-2.276685640745273326e-03
-7.364569427114308828e-03
-1.165160683214259800e-02
-1.430421071168954186e-02
-1.465424691600826501e-02
-1.237559257789683578e-02
-7.625465675300251156e-03
-1.098708627934909254e-03
6.044664432831706180e-03
1.238877950902049496e-02
1.657944435543132894e-02
1.767912928209476250e-02
1.545008611557662469e-02
1.044395492767324733e-02
3.823510697436362585e-03
-3.045297571414593354e-03
-9.070463253822618269e-03
-1.377025893091038920e-02
-1.731938027032112193e-02
-2.029064408452869658e-02
-2.321633916650761228e-02
-2.617098713537433646e-02
-2.856351987992194336e-02
-2.923433105193885134e-02
-2.682821713723729240e-02
-2.031146018103584250e-02
-9.453461246636155751e-03
4.892378896546419748e-03
2.080840218109388656e-02
3.564274867104656741e-02
4.657881798485787039e-02
5.132027428012000958e-02
4.873126535300247031e-02
3.924279644750692381e-02
2.485082607440106811e-02
8.641017728732923800e-03
-6.039544964499255625e-03
-1.648572243420795905e-02
-2.130083288310902906e-02
-2.061556492593943912e-02
-1.582668451803060511e-02
-8.998627755846450027e-03
-2.174932127836415145e-03
3.158091928798643054e-03
6.313095875190956503e-03
7.344544099983928848e-03
6.794009647248062597e-03
5.372107373407888041e-03
3.683823654887252198e-03
2.059622970221439316e-03
5.205080216691554407e-04
-1.126344692534072666e-03
-3.105893708207958619e-03
-5.489933225301839477e-03
-8.098515125036724605e-03
-1.054215081030249190e-02
-1.238904730040456779e-02
-1.337278772791444283e-02
-1.352878309640451887e-02
-1.317867511005607790e-02
-1.275209303047758480e-02
-1.251159252448132662e-02
-1.230110710441462314e-02
-1.145337894375427802e-02
-8.958184031694065019e-03
-3.902739797503754562e-03
3.945965246516459218e-03
1.368520786456041416e-02
2.324657944834194676e-02
2.994106399965105331e-02
3.143347678115360894e-02
2.672364792500085684e-02
1.664832565961434779e-02
3.644173043241903664e-03
-9.106479191338071044e-03
-1.873899477756899024e-02
-2.353484471886096302e-02
-2.324766807121714587e-02
-1.890223231411177623e-02
-1.223008437037552409e-02
-4.997428735353168922e-03
1.520727607683356256e-03
6.745634707937077368e-03
1.063904474342148611e-02
1.330259155210733631e-02
1.457363360511235162e-02
1.387630310219470538e-02
1.044786551288104208e-02
3.833812660980715284e-03
-5.614909771921840209e-03
-1.650665128573683763e-02
-2.656890351163092995e-02
-3.317103026172479874e-02
-3.404982390956397265e-02
-2.801714256842377862e-02
-1.543359653517703024e-02
1.710918194111895468e-03
2.016995952715526508e-02
3.620088127986979126e-02
4.652620819658746104e-02
4.922603739337913509e-02
4.426908531597510688e-02
3.346258245541793019e-02
1.979928121469771984e-02
6.447896873396098336e-03
-4.193371167523527593e-03
-1.101552115825907285e-02
-1.416637350769116288e-02
-1.460383549852802172e-02
-1.351219752268992269e-02
-1.184498144698494827e-02
-1.013248207804265562e-02
-8.536893271825060983e-03
-7.033725574893763891e-03
-5.584816318487700881e-03
-4.227760284249898470e-03
-3.082476944051077989e-03
-2.314816325542318285e-03
-2.089734164139862502e-03
-2.523675271974131981e-03
-3.635787691797605012e-03
-5.301464243232287266e-03
-7.220613779721716738e-03
-8.922717467926470289e-03
-9.833647407744710439e-03
-9.413964974435733851e-03
-7.343703449788105235e-03
-3.691120700098011673e-03
1.012621594129145194e-03
5.849550999605086440e-03
9.744013832367656724e-03
1.177853451595717305e-02
1.147850633421030470e-02
8.948054910708401477e-03
4.803049022818392348e-03
-5.753507329746970766e-05
-4.729968728709609341e-03
-8.515198551232405072e-03
-1.099533353484373650e-02
-1.198994257810034533e-02
-1.145915861526977664e-02
-9.431426697970573397e-03
-6.005784533056007443e-03
-1.427835573582326729e-03
3.814620499405891978e-03
8.961158638753487921e-03
1.308219664874520939e-02
1.531672342473011303e-02
1.515802532672420704e-02
1.265407969361890400e-02
8.417361273212131678e-03
3.428045374814846918e-03
-1.285914025807951243e-03
-4.954161949978223151e-03
-7.235247956919105793e-03
-8.207797054375905871e-03
-8.218573636421467460e-03
-7.673942911467128772e-03
-6.860954972593839504e-03
-5.851537838727532276e-03
-4.508705521977245285e-03
-2.589432067929855336e-03
8.615425606827657040e-05
3.461645297236317330e-03
7.150589400032569300e-03
1.048731656834508454e-02
1.272420191522847556e-02
1.329804071886853817e-02
1.204182912464586350e-02
9.239113949993313368e-03
5.500425825130423815e-03
1.537027213865144182e-03
-2.044262010239313553e-03
-4.830061552277858938e-03
-6.563560772470953923e-03
-7.057907507508297956e-03
-6.164826463989047690e-03
-3.853234549911775924e-03
-3.553380032837484548e-04
3.735181693949361260e-03
7.516625421928407012e-03
9.998159859192924659e-03
1.040034318065171173e-02
8.414051294216792071e-03
4.319038648277001395e-03
-1.079506887615412636e-03
-6.671967387699996241e-03
-1.134146962638290200e-02
-1.423366822642066140e-02
-1.492101014075937135e-02
-1.343817674634166515e-02
-1.021549348647914426e-02
-5.957776759032949038e-03
-1.504791827570368251e-03
2.314215806410980202e-03
4.827464370416479668e-03
5.646264589780541909e-03
4.725414334060542079e-03
2.327051970991705562e-03
-1.094003152588913369e-03
-5.020974546702404798e-03
-8.959881238397224973e-03
-1.245795142933950675e-02
-1.508277852110436780e-02
-1.641098474696771337e-02
-1.606310719659321401e-02
-1.378906362220314562e-02
-9.576062858609665773e-03
-3.731721773386668418e-03
3.106176435451638712e-03
1.006469638593772073e-02
1.622969439624713864e-02
2.087925386758533036e-02
2.365229561692023044e-02
2.455696922246300082e-02
2.381038778216980345e-02
2.162062707307729759e-02
1.807414456191389768e-02
1.321871803293080821e-02
7.285693366534791438e-03
8.876273194549141182e-04
-4.970910474182740207e-03
-9.128486377986811881e-03
-1.066654732024090863e-02
-9.296093615615045117e-03
-5.551337915291072039e-03
-6.914452829044764881e-04
3.670757527078912820e-03
6.083039494037628669e-03
5.714788281892054997e-03
2.586585676525909698e-03
-2.503112537727438143e-03
-8.290635649191541862e-03
-1.345418603730759617e-02
-1.697164037776290740e-02
-1.833598168672188888e-02
-1.759335204304198277e-02
-1.521992941290848181e-02
-1.189864394248477987e-02
-8.285225707542588983e-03
-4.846760851844934305e-03
-1.811328028630131322e-03
7.899286746339724552e-04
3.038266954279940195e-03
5.040946403396603590e-03
6.857149288761833772e-03
8.439476906561414055e-03
9.604524870068858675e-03
1.005906603131571930e-02
9.503254612113327948e-03
7.797235614381358738e-03
5.123704390820096530e-03
2.046897247947607103e-03
-6.027494598462275824e-04
-2.003702490973052579e-03
-1.670512720242794090e-03
3.182031873191475818e-04
3.307588969566422135e-03
6.288855052885533939e-03
8.262178876864877813e-03
8.578187168110814470e-03
7.113716272381788094e-03
4.233392101020591949e-03
5.992098258720008480e-04
-3.056028997809719962e-03
-6.098629585720139433e-03
-8.076863189053505587e-03
-8.739228196003857169e-03
-8.030111983472643100e-03
-6.092473809665444225e-03
-3.276079990929995928e-03
-1.195369251761335683e-04
2.732489876056390897e-03
4.685315328766855546e-03
5.376664604150361432e-03
4.797638719238134231e-03
3.278410906947797510e-03
1.335360769722893342e-03
-5.449042984918368512e-04
-2.078523871456792235e-03
-3.240099144192480629e-03
-4.190331604679926186e-03
-5.120599923027802612e-03
-6.090134092524382772e-03
-6.935559182750777180e-03
-7.306408631303077002e-03
-6.822553999943421765e-03
-5.281917128856212715e-03
-2.809720768562176500e-03
1.379515529068512519e-04
2.930309961142776344e-03
5.004566026349148780e-03
6.069794142195620613e-03
6.165297466951037003e-03
5.553314314504177208e-03
4.526559131634645336e-03
3.254681839939202112e-03
1.753173266552691609e-03
-2.699694005251418102e-05
-2.059442386377002311e-03
-4.141708193990204130e-03
-5.895279849276487474e-03
-6.874283180053018631e-03
-6.738351919739090506e-03
-5.411384106734721741e-03
-3.144757715883321567e-03
-4.401062561007094368e-04
2.142776723879376028e-03
4.197614638489829270e-03
5.588178958013499328e-03
6.408164759944755609e-03
6.818893188741868838e-03
6.876630246687834118e-03
6.469021973439797665e-03
5.410624145245396602e-03
3.642189632883044252e-03
1.401303315602386249e-03
-7.659633002188928619e-04
-2.192691408950299490e-03
-2.392041677165377724e-03
-1.308587748174482816e-03
6.196246497694153990e-04
2.625615640380580141e-03
3.924612524649458492e-03
4.022425312065683670e-03
2.882120718399684093e-03
8.877194771248547375e-04
-1.356598333500783505e-03
-3.280914153828394693e-03
-4.534658480039769658e-03
-5.031118328525046798e-03
-4.864043160157649481e-03
-4.174329198153811128e-03
-3.055742314600931424e-03
-1.548123882053927067e-03
2.937516452770766451e-04
2.314103126383299305e-03
4.221990460822488793e-03
5.644502230564074803e-03
6.243001604704595184e-03
5.827592310919949871e-03
4.413986943626377508e-03
2.207762631624409291e-03
-4.635857052796331715e-04
-3.233678101772155186e-03
-5.757566541102248497e-03
-7.730307830672625800e-03
-8.878899241144360549e-03
-8.966696794207827670e-03
-7.840375895372141135e-03
-5.514317818597802741e-03
-2.253234974883103724e-03
1.399919415465076741e-03
4.693007743193890885e-03
6.837485548364705991e-03
7.238842159776345472e-03
5.697457080080102661e-03
2.496234389014482472e-03
-1.660597725195296810e-03
-5.834814182531504467e-03
-9.106306793990107812e-03
-1.081563543970406188e-02
-1.072948409052743891e-02
-9.083730114000286571e-03
-6.492402023947066100e-03
-3.748341158712026246e-03
-1.574212013514184310e-03
-4.000895567975127839e-04
-2.341676591337898353e-04
-6.576133951841831547e-04
-9.378679902095709122e-04
-2.400039457259310789e-04
2.088378869310650483e-03
6.212320190522264973e-03
1.159645874518842185e-02
1.702435192935256372e-02
2.092305461112007464e-02
2.191217877655295479e-02
1.935382488660081918e-02
1.365025693731284663e-02
6.147206301078587086e-03
-1.313460422914166162e-03
-6.997563254533822885e-03
-9.804868730498362758e-03
-9.547761062172102631e-03
-6.920403985521258669e-03
-3.198673511351874440e-03
2.108126131569318037e-04
2.212878103930435592e-03
2.310393983173469716e-03
6.566206487588132842e-04
-2.108712375685095879e-03
-5.139429080697745407e-03
-7.650848542262137127e-03
-9.083789133845041053e-03
-9.146395450301318675e-03
-7.782876116698855644e-03
-5.141335440063078341e-03
-1.577717187853115190e-03
2.332910618610850584e-03
5.845423119995273899e-03
8.194777857851661546e-03
8.813335760282082348e-03
7.520430563201582416e-03
4.590122853673085646e-03
6.622615779603453073e-04
-3.462526593588656151e-03
-7.053669369791105981e-03
-9.614385787598940525e-03
-1.092752861066381524e-02
-1.099629582587299988e-02
-9.942049827815930066e-03
-7.929255391407829395e-03
-5.152503199546052542e-03
-1.869047736865992251e-03
1.572788142389453837e-03
4.754052845990544042e-03
7.262626199115156111e-03
8.793417892012997741e-03
9.218850496786341886e-03
8.598036743996805009e-03
7.134256289023241382e-03
5.113734930185057440e-03
2.850737542654360572e-03
6.466902931595210763e-04
-1.235952724572293021e-03
-2.585449704560589639e-03
-3.243251800030039125e-03
-3.110069811478077036e-03
-2.170367352499827374e-03
-5.373488633178052573e-04
1.505725037203094847e-03
3.512530151611354366e-03
4.962262196399418700e-03
5.414947320536543304e-03
4.666174875281374652e-03
2.822884213509380645e-03
2.637280878464978370e-04
-2.491676534380077475e-03
-4.942015314942222598e-03
-6.727972145193000450e-03
-7.681718947494414231e-03
-7.799874102330639665e-03
-7.170889971195085894e-03
-5.905653782241887008e-03
-4.111706069046027270e-03
-1.916511856311707389e-03
4.969435755697478030e-04
2.895710266905692117e-03
5.066954557390109144e-03
6.912334882001027782e-03
8.479281107224668351e-03
9.865692359862541366e-03
1.103246763298718243e-02
1.165594151789419580e-02
1.115790275313270630e-02
8.947631605963773244e-03
4.771547017838358509e-03
-1.014376280460645152e-03
-7.408358440457479821e-03
-1.300782826036803869e-02
-1.644651984293924243e-02
-1.685141999187216369e-02
-1.414668422818917033e-02
-9.099003299105170792e-03
-3.098884651247859993e-03
2.235101732341595107e-03
5.491947952820782838e-03
5.812135110984903083e-03
3.057455402128923631e-03
-2.204533613901119449e-03
-8.847443534661998676e-03
-1.538743234070052632e-02
-2.019612164585956465e-02
-2.173756295259351295e-02
-1.886179870279938720e-02
-1.114823506961282878e-02
7.847183666475354702e-04
1.515508757914138180e-02
2.923428009975416811e-02
3.996199838335420113e-02
4.482246814685382497e-02
4.265772949582538609e-02
3.405405659527737522e-02
2.111425908135011742e-02
6.728154040698760413e-03
-6.320393850411502173e-03
-1.604937949757636456e-02
-2.157210883176250218e-02
-2.299405207180277300e-02
-2.107440288019438515e-02
-1.685722878158550653e-02
-1.141560226365248218e-02
-5.741224117579307035e-03
-7.195100653530480880e-04
2.899857494520663610e-03
4.586971002233002428e-03
4.143449491882321770e-03
1.764353717635007163e-03
-2.005797560644944234e-03
-6.408116193012626874e-03
-1.062946109840573299e-02
-1.392803484692673247e-02
-1.570760302898771554e-02
-1.556004568776093652e-02
-1.330455809611629132e-02
-9.036877666690274619e-03
-3.177785713988107164e-03
3.512279536644251701e-03
9.997338642482230323e-03
1.514184240544405938e-02
1.798577539323276825e-02
1.803584993423123367e-02
1.544034768183077944e-02
1.094335013105185786e-02
5.623664271888296172e-03
5.408096371664053090e-04
-3.551249052675414623e-03
-6.318967431857619096e-03
-7.786174514417205754e-03
-8.162370346924692488e-03
-7.662899650304542780e-03
-6.409696680247501874e-03
-4.451370548033220867e-03
-1.872024813423479525e-03
1.093299974226945911e-03
4.021831377750033527e-03
6.384199476764462235e-03
7.712882572516034478e-03
7.771515758616207720e-03
6.632646215497314292e-03
4.624722804962487673e-03
2.188510530065932401e-03
-2.661380610003024304e-04
-2.424314645870547479e-03
-4.036492829354803615e-03
-4.852633724968972301e-03
-4.606405683976027773e-03
-3.100256097123132906e-03
-3.628192359399788278e-04
3.219522406364557290e-03
6.904875726770999707e-03
9.775269997274764130e-03
1.103232919137050322e-02
1.027281058885794358e-02
7.616577567504959068e-03
3.643997353631902355e-03
-8.060793786384646761e-04
-4.880276455467491212e-03
-7.908822925779736973e-03
-9.511953347732738512e-03
-9.615688345311450280e-03
-8.411153983556175079e-03
-6.300531088652520928e-03
-3.854252878559366602e-03
-1.765423288672654262e-03
-7.547167745184072025e-04
-1.387980351631862546e-03
-3.832222831971509626e-03
-7.656625509556858750e-03
-1.181398888820743391e-02
-1.487537050539929420e-02
-1.547090591934592585e-02
-1.278688450969947370e-02
-6.931189913534485832e-03
9.886050848019120596e-04
9.139474882861145164e-03
1.552254170050139381e-02
1.861998664448568166e-02
1.787314914219791454e-02
1.380540183256556003e-02
7.773551418569097857e-03
1.495280596382620245e-03
-3.441928198854669191e-03
-5.942497138494464738e-03
-5.587594853442734433e-03
-2.662316517577757204e-03
1.942183324073467384e-03
6.929564996347918268e-03
1.088179737813731174e-02
1.258720989145052128e-02
1.134837327780654527e-02
7.189182190532225972e-03
8.905994827513325635e-04
-6.176554838215785742e-03
-1.239258067985151909e-02
-1.630923644167352193e-02
-1.701557849077495188e-02
-1.433040476343261718e-02
-8.775033879231506836e-03
-1.377120830861056078e-03
6.580794237494188431e-03
1.377106597385907225e-02
1.897398300838386981e-02
2.122733862353394160e-02
2.001089460687715746e-02
1.542441204955881731e-02
8.260978405458876961e-03
-1.003445688663087004e-04
-7.982255311186884153e-03
-1.380489661802494078e-02
-1.647994255856754728e-02
-1.569061404101761842e-02
-1.196742932686109540e-02
-6.516630784300702327e-03
-8.366693665500116520e-04
3.745183936018056485e-03
6.424566269984379949e-03
7.012079794861668727e-03
5.762572401179005474e-03
3.089068708739173622e-03
-6.448063781328882207e-04
-5.141671671840437885e-03
-1.002524077833823191e-02
-1.467043447305723877e-02
-1.816410703653149189e-02
-1.947522780497082731e-02
-1.779122420606961408e-02
-1.288071481832287098e-02
-5.316825147167846335e-03
3.557619025480757841e-03
1.194269055868682483e-02
1.807684005260492763e-02
2.073943319919775360e-02
1.957687014333290773e-02
1.513940603788947042e-02
8.634548953223755707e-03
1.518037920989992462e-03
-4.902367754290625976e-03
-9.712402324512999993e-03
-1.244894898187556657e-02
-1.302679608610414312e-02
-1.162659800331371229e-02
-8.610306637644497829e-03
-4.476166370210263659e-03
1.773626882770238354e-04
4.715045013938954331e-03
8.563443216313961978e-03
1.131656557473152344e-02
1.280512484457592415e-02
1.309941406897761201e-02
1.244633722831323466e-02
1.116947663529231985e-02
9.572565854894726084e-03
7.878361877822370740e-03
6.215229325584750199e-03
4.643042083312166196e-03
3.194790837764054613e-03
1.906609374752767528e-03
8.188385430176535300e-04
-5.156918726924048652e-05
-7.480855385331780169e-04
-1.388136884602430253e-03
-2.125538928341315012e-03
-3.068755739803968353e-03
-4.205314336236283534e-03
-5.391839206034474904e-03
-6.428100508738020420e-03
-7.176038182327064939e-03
-7.654211320527772901e-03
-8.048111753710916749e-03
-8.617394749784828417e-03
-9.534792680370756529e-03
-1.073501200941702309e-02
-1.186127276478828041e-02
-1.235977161409468686e-02
-1.169865263724294974e-02
-9.615547439954843720e-03
-6.271875750133892174e-03
-2.231880849112571376e-03
1.729883765281074390e-03
4.900796399239304608e-03
6.849876252881068051e-03
7.501041375294831628e-03
7.060813599795898697e-03
5.881037394462376375e-03
4.344305853921998778e-03
2.806400221071965982e-03
1.576663364643657132e-03
9.052135681499235732e-04
9.652927503070707869e-04
1.836307123276099094e-03
3.491021920334015129e-03
5.779840241685451664e-03
8.409245796793774277e-03
1.093621616940903575e-02
1.282001207879125693e-02
1.355319511927683372e-02
1.283216147949398436e-02
1.066982526459921317e-02
7.365430674444821239e-03
3.342484174701939280e-03
-1.032436370726299776e-03
-5.525451273592182563e-03
-9.966776297705396900e-03
-1.410383654135019885e-02
-1.749149785412142111e-02
-1.950876892172435581e-02
-1.951700984883631904e-02
-1.709839030229472548e-02
-1.227289839915637892e-02
-5.598485217323890921e-03
1.898428164881466734e-03
8.951678750490970823e-03
1.436993437948261981e-02
1.732826992314252107e-02
1.753773093909938297e-02
1.524321379683688318e-02
1.106803884236376607e-02
5.785187108822338956e-03
1.210699421378908305e-04
-5.332260861585483638e-03
-1.009190462511381885e-02
-1.370848767257289852e-02
-1.572575064101856823e-02
-1.573222375661586375e-02
-1.350162992666594300e-02
-9.157495923179746061e-03
-3.265247496106820323e-03
3.224653751584467473e-03
9.186610497249116450e-03
1.360389678518073193e-02
1.581294868636571455e-02
1.562700538543126266e-02
1.332193713805386766e-02
9.516599237354421426e-03
5.002740861649927068e-03
5.804151767460543482e-04
-3.063257213695477765e-03
-5.424299354140973105e-03
-6.221609347046607938e-03
-5.435791778820539023e-03
-3.352342604773431330e-03
-5.684620364251046247e-04
2.099013424959467623e-03
3.826594855998366376e-03
4.054071179686462127e-03
2.682039786078913978e-03
8.566778562363905163e-05
-3.065383472584558809e-03
-6.078768977307518785e-03
-8.459555213665441789e-03
-9.985106350683769019e-03
-1.063719830985015297e-02
-1.047006774123288193e-02
-9.508606598376660030e-03
-7.730153304852424578e-03
-5.125205929793822529e-03
-1.794315808608101803e-03
1.971572673768963793e-03
5.675381944649626059e-03
8.694935220647273880e-03
1.045354987855767921e-02
1.061669070485571700e-02
9.219696500732935465e-03
6.659049929107695512e-03
3.550510251593881790e-03
5.242496988553061593e-04
-1.946668528311920610e-03
-3.612896430272159905e-03
-4.402323811706056189e-03
-4.320640079181798862e-03
-3.387615547660474766e-03
-1.663397800388963493e-03
6.548422683166333323e-04
3.147692425611749514e-03
5.192959469031397518e-03
6.134535284611802863e-03
5.554507989235227781e-03
3.514961406807091092e-03
6.154180169368407734e-04
-2.205403215808796058e-03
-4.048884267234462847e-03
-4.433053722517389834e-03
-3.482465590417844516e-03
-1.842840328740018166e-03
-3.595613510022649005e-04
3.334832791796123489e-04
1.163821431134424815e-04
-5.840241156835341944e-04
-1.057652324862913334e-03
-7.278916948040821486e-04
5.139002710885403648e-04
2.238954255764662952e-03
3.702503438693707013e-03
4.225976825011051874e-03
3.537877383531911561e-03
1.902420075739540660e-03
-2.561226954694243579e-05
-1.539893190065934423e-03
-2.229481370207219218e-03
-2.144109320878211100e-03
-1.697513810544519193e-03
-1.382656193769173569e-03
-1.474902966221245098e-03
-1.891743569910522404e-03
-2.274231956472164314e-03
-2.224224404245966468e-03
-1.548607004904172576e-03
-3.711106700522747489e-04
9.344816842632333413e-04
1.922452318228475964e-03
2.245128164223886107e-03
1.734875413534665367e-03
4.010902324673065776e-04
-1.603261112882123059e-03
-4.000509999257668980e-03
-6.391145010723086467e-03
-8.272822481636231753e-03
-9.107702411204721821e-03
-8.442671684683010491e-03
-6.054054821577741288e-03
-2.068358335813945403e-03
2.992634624842848562e-03
8.280230312393534187e-03
1.280184452077784765e-02
1.566774589893581496e-02
1.631630857355193670e-02
1.464382475535593205e-02
1.100891648435520578e-02
6.124565745495406076e-03
8.777166987570042544e-04
-3.869423128363230074e-03
-7.441665746982297283e-03
-9.439991971447899560e-03
-9.751985679158260353e-03
-8.506384851809595596e-03
-6.007187873600253539e-03
-2.675766888216985634e-03
9.928203192806038524e-04
4.476385726551626414e-03
7.294736215281117167e-03
9.093652559166599120e-03
9.701663061634637625e-03
9.118944957986551553e-03
7.447264234561768760e-03
4.821705760517665251e-03
1.402062060093172552e-03
-2.574122874752565390e-03
-6.728906724213442464e-03
-1.053479734471816226e-02
-1.339404792449952128e-02
-1.479730401747426406e-02
-1.451003481549379207e-02
-1.270606185225605159e-02
-9.965067557072843779e-03
-7.091009273765189018e-03
-4.794890757418667285e-03
-3.385543736047187148e-03
-2.654571234861088144e-03
-2.064149210500815929e-03
-1.165846779291004453e-03
-8.311679016517921348e-06
7.390940562312779162e-04
7.527893324164782601e-05
-2.737701220933072988e-03
-7.570474222541445121e-03
-1.314692519306559504e-02
-1.728322047027223279e-02
-1.759435606385333778e-02
-1.239884216498434930e-02
-1.462496885809828895e-03
1.371397491456946907e-02
3.018400876174124128e-02
4.433240732525788735e-02
5.288859961542868166e-02
5.385139184429287712e-02
4.702868354255881206e-02
3.401928454073543939e-02
1.766246827181958828e-02
1.183055471167458045e-03
-1.264113232929025762e-02
-2.202203203376438406e-02
-2.631650386759491062e-02
-2.587069137831099486e-02
-2.172241624370586238e-02
-1.531018441901733397e-02
-8.242293888129685608e-03
-2.089336606338513050e-03
1.855366179435092005e-03
2.841657671594319690e-03
8.633625865198165522e-04
-3.325822761883283005e-03
-8.433823610126678361e-03
-1.302361287769462569e-02
-1.593038831838632791e-02
-1.655360193055069318e-02
-1.494076892459351470e-02
-1.166734523038794914e-02
-7.585344841194092622e-03
-3.542904168741447396e-03
-1.680796502626074468e-04
2.228599784801387450e-03
3.633502564942078621e-03
4.238890967502906282e-03
4.341407176480503206e-03
4.262456560694597926e-03
4.282270737999286161e-03
4.564139036262627493e-03
5.071653403674323754e-03
5.524807676964916051e-03
5.454637316061312566e-03
4.376626532688813846e-03
2.031147046113651166e-03
-1.413895870182303033e-03
-5.299047943162308108e-03
-8.594839957542798475e-03
-1.018628260257769917e-02
-9.238170181304622766e-03
-5.522058590772253861e-03
4.174053052753378106e-04
7.340318013340119130e-03
1.363786085755887799e-02
1.781075107338410402e-02
1.892490509343816921e-02
1.686678943017338311e-02
1.231065202972832576e-02
6.441446648494811647e-03
5.691035130423625563e-04
-4.221351999562004270e-03
-7.290774101531118448e-03
-8.506839208509010819e-03
-8.159790634649877888e-03
-6.779896873612936865e-03
-4.926256271644269095e-03
-3.023438816944291115e-03
-1.301738511843519592e-03
1.542030444400799803e-04
1.303676367826115626e-03
2.078799882857276099e-03
2.396568513614469060e-03
2.232526737073206591e-03
1.676719531760554119e-03
9.035804692154388203e-04
5.921784011443079372e-05
-8.588990811017034686e-04
-2.037486007620888540e-03
-3.750481644237487963e-03
-6.158583447656082802e-03
-9.101010685113345919e-03
-1.199691949658680465e-02
-1.393553200169914477e-02
-1.394960982519414042e-02
-1.137671151145546421e-02
-6.163285349439675230e-03
1.015688354657562700e-03
8.875610092969646661e-03
1.584614663346465072e-02
2.049904330070534755e-02
2.194062536186532769e-02
2.003110418575755614e-02
1.535735948935723280e-02
9.000200910446030933e-03
2.224149936041974751e-03
-3.788810667164469598e-03
-8.116534391710908403e-03
-1.020539354905489887e-02
-9.938127904734566503e-03
-7.656513058019200763e-03
-4.107499705939482784e-03
-2.894589648104761194e-04
2.782072579259292459e-03
4.321680897489346349e-03
3.952632083813099884e-03
1.767000919579978912e-03
-1.730910429790117775e-03
-5.760047358823275690e-03
-9.429304369642715206e-03
-1.189795825361697479e-02
-1.251362470853850314e-02
-1.092975386121801569e-02
-7.203102824858596646e-03
-1.848740019441004120e-03
4.192286509549860568e-03
9.711610095465726331e-03
1.351444321629564731e-02
1.475518330323064009e-02
1.320873692198307192e-02
9.355666020179597905e-03
4.225758441835897328e-03
-9.450429658774588473e-04
-5.102447640150212758e-03
-7.653279880581114782e-03
-8.544708641180237194e-03
-8.142839795209992279e-03
-6.988531487480271510e-03
-5.546117347914649928e-03
-4.048425102076189976e-03
-2.487442199390173941e-03
-7.303357078878810506e-04
1.312354899396995633e-03
3.553892474839729504e-03
5.694630973661583655e-03
7.291125734357305731e-03
7.893493232034465984e-03
7.191887084607759273e-03
5.121238886436015048e-03
1.899573242209307618e-03
-1.998158267485740901e-03
-5.913089667652630943e-03
-9.103164630942284924e-03
-1.086215756814111998e-02
-1.065531330715208287e-02
-8.259191399762796579e-03
-3.868613967556794146e-03
1.877383840361480753e-03
7.979569822881862201e-03
1.326662554581174540e-02
1.665235167056272614e-02
1.740570447605134519e-02
1.535705249463389932e-02
1.095754477249195544e-02
5.147042900329541065e-03
-9.288089157230734749e-04
-6.236443674084064109e-03
-1.008540372244082044e-02
-1.220873320494384080e-02
-1.269811445073543502e-02
-1.184707123621133243e-02
-9.982052714733872720e-03
-7.363194206451170384e-03
-4.199718848662158631e-03
-7.535505466661962179e-04
2.560342616943422737e-03
5.174745012609734997e-03
6.503113154672907764e-03
6.142460551073529451e-03
4.037025318995770412e-03
5.224221775021807394e-04
-3.759271815731516416e-03
-8.022450035832330573e-03
-1.150474926030087969e-02
-1.358104015546478943e-02
-1.381278056161086218e-02
-1.196312104017246969e-02
-8.019431421157980494e-03
-2.241226165734116343e-03
4.787581442739139576e-03
1.215257777712621876e-02
1.870174733510291537e-02
2.325834803259885578e-02
2.491463277479644134e-02
2.330633784966307936e-02
1.874843390704875740e-02
1.215854169597614318e-02
4.786312692202734399e-03
-2.142919265364969655e-03
-7.722273156511855544e-03
-1.148512372995377263e-02
-1.334252574352890429e-02
-1.342179072584784826e-02
-1.192793441945809441e-02
-9.107927917064252699e-03
-5.311405664456434264e-03
-1.068012221299422491e-03
2.914557648350271819e-03
5.879043658605114485e-03
7.236292009376268930e-03
6.765611096974793147e-03
4.686485465752098130e-03
1.558971038827826946e-03
-1.934619780014937025e-03
-5.217017069956774757e-03
-7.952687063744528703e-03
-1.005241515685598858e-02
-1.157006649664072198e-02
-1.255906406152118397e-02
-1.296528921213299136e-02
-1.260806552045893453e-02
-1.125201293652072082e-02
-8.723724551061755664e-03
-5.006161955017207101e-03
-2.655187139481637870e-04
5.179785690411570914e-03
1.089060811848138917e-02
1.629196267005295767e-02
2.063926139993101094e-02
2.306437709281241449e-02
2.277813923096819182e-02
1.938838294946308022e-02
1.317707759270466197e-02
5.166102487637541998e-03
-3.101104079857808227e-03
-9.994740856621464956e-03
-1.428156649956554940e-02
-1.546884616792749967e-02
-1.388692566620669706e-02
-1.049300453487552257e-02
-6.478448140024121137e-03
-2.832428908843877442e-03
-3.887310331033341088e-05
1.963962426996271327e-03
3.553008420493415989e-03
5.049597418274741518e-03
6.414886063262052567e-03
7.183923459525662358e-03
6.680400164853233028e-03
4.396154857943389282e-03
3.238355418010768413e-04
-4.944380283787026820e-03
-1.040454171000898716e-02
-1.500102851632138454e-02
-1.795086914616076529e-02
-1.886327559556909630e-02
-1.762968792387033592e-02
-1.421644559629329542e-02
-8.562266217265641910e-03
-7.138282016284115683e-04
8.843335188141902142e-03
1.888028566411083936e-02
2.743287199793419812e-02
3.228919122775793238e-02
3.184087654463473721e-02
2.589144995569168245e-02
1.594169360953937367e-02
4.724895564616459279e-03
-4.812422741019402317e-03
-1.059286476592826744e-02
-1.206366497741705526e-02
-1.018333160149625938e-02
-6.827058285479760055e-03
-3.944754665002027372e-03
-2.859841680612454536e-03
-3.956029505369709418e-03
-6.771608029365386132e-03
-1.034593166764713815e-02
-1.361232324681284703e-02
-1.568622705892646491e-02
-1.599466581713644003e-02
-1.427821525030967958e-02
-1.054133521664415984e-02
-5.023235802073129294e-03
1.784659483307114020e-03
9.113967118950763030e-03
1.596792296904165145e-02
2.129865576030692820e-02
2.427756109653221236e-02
2.453212090519805294e-02
2.221713794183030610e-02
1.788786395204372895e-02
1.226783788593609377e-02
6.051605500060171922e-03
-1.750308260171952457e-04
-5.911216102116485793e-03
-1.068514630861571064e-02
-1.403574912987321822e-02
-1.556646759661028771e-02
-1.506303345405401485e-02
-1.262919520030345716e-02
-8.769544650960147542e-03
-4.349547819027366376e-03
-4.047338596260656451e-04
2.149744204473673544e-03
2.785144848594119267e-03
1.471892346433997627e-03
-1.409966243492938830e-03
-5.302150613575240361e-03
-9.716231050231668304e-03
-1.437915110536308778e-02
-1.920978024644131102e-02
-2.413114160165172328e-02
-2.879702372800383575e-02
-3.237145992901500902e-02
-3.351481766447642063e-02
-3.067282437770737710e-02
-2.263705744363820466e-02
-9.193749452713149278e-03
8.423307272748183083e-03
2.754367063781092834e-02
4.464557994861717560e-02
5.637131903820385287e-02
6.059110613997135270e-02
5.706376484082049949e-02
4.741598927888074355e-02
3.448829171637518565e-02
2.136865383501644622e-02
1.050887725859991906e-02
3.204413084551153978e-03
-4.781896001336410906e-04
-1.416329018953102134e-03
-9.675223743079545968e-04
-4.976616621121809914e-04
-1.011966435561461458e-03
-2.947084776002195650e-03
-6.155934670155091201e-03
-1.007997743669356364e-02
-1.403590767577655996e-02
-1.748622429081389887e-02
-2.017194580965459699e-02
-2.206369684730449809e-02
-2.318606252493077974e-02
-2.343517739048552040e-02
-2.251006370562906936e-02
-2.001668953904307130e-02
-1.571160594199860414e-02
-9.771352413611983714e-03
-2.940912708087642727e-03
3.549637511387891686e-03
8.312524188799816013e-03
1.026399800403386339e-02
9.028475968397266238e-03
5.105718668539729194e-03
-2.701979063959624242e-04
-5.514513639591460056e-03
-9.166756010329492332e-03
-1.029698909826709703e-02
-8.724696176116104873e-03
-4.994930447659020820e-03
-1.322949784618452154e-04
4.729084757845088485e-03
8.691914031317771530e-03
1.128521053076037006e-02
1.244985046215411548e-02
1.238465690031982820e-02
1.137682455931139647e-02
9.706400969223632352e-03
7.627709183966036727e-03
5.374075200452813929e-03
3.144549523875085628e-03
1.077173661023855290e-03
-7.607343247489203528e-04
-2.344573975024125644e-03
-3.633712338529235773e-03
-4.513654519516361978e-03
-4.780252578887542528e-03
-4.195073239464280554e-03
-2.608267341790205997e-03
-1.024684740085607913e-04
2.920577404044531495e-03
5.784188791370316503e-03
7.730510748811093326e-03
8.197647769762854766e-03
7.052147617034720123e-03
4.659670346557825277e-03
1.757031260126742673e-03
-8.167938345118161067e-04
-2.417478871852904790e-03
-2.803138033662612785e-03
-2.174858888613409418e-03
-1.040211585761830404e-03
3.277912430990354963e-05
6.525675536600645740e-04
7.208042808027220229e-04
3.872184567758652244e-04
-1.079183251699374502e-04
-6.023434196810403297e-04
-1.104903170212045808e-03
-1.781792093524929912e-03
-2.856710083080630635e-03
-4.476938410316204375e-03
-6.605795652841501588e-03
-8.984014309781256438e-03
-1.116682570112466355e-02
-1.261592956494262015e-02
-1.282032865780993389e-02
-1.142534455276217331e-02
-8.348874283214938533e-03
-3.856776362858674659e-03
1.435155123361727542e-03
6.656905609062735429e-03
1.087587919852476930e-02
1.334140967323940719e-02
1.369954927019180133e-02
1.208846557779456876e-02
9.069273161455452398e-03
5.423769321111097073e-03
1.912335077546075280e-03
-9.045369588271796012e-04
-2.722223511142532991e-03
-3.438772154252669327e-03
-3.064813549334187946e-03
-1.680359937195038348e-03
5.243703844261316839e-04
3.166765471736542395e-03
5.647033271126227459e-03
7.259257793131296613e-03
7.422756482166299914e-03
5.920579571392938639e-03
3.012032662445019403e-03
-6.405486778876786150e-04
-4.186836982800827035e-03
-6.841918346002153796e-03
-8.082219204211203364e-03
-7.736613904657069565e-03
-5.976628502205208297e-03
-3.239489855533145540e-03
-1.220173404859409630e-04
2.729344705480212310e-03
4.724282205029301483e-03
5.431748857497049193e-03
4.676339933793323758e-03
2.604793019469699503e-03
-3.168523900135883278e-04
-3.405477854086283538e-03
-5.949192149512410981e-03
-7.416992126411353463e-03
-7.607025101991097757e-03
-6.680196330517368906e-03
-5.077093172670466004e-03
-3.356551092418358275e-03
-2.013218198022376487e-03
-1.331708134164402918e-03
-1.316888800653432008e-03
-1.710289731452309565e-03
-2.077770049819000538e-03
-1.941357110223050197e-03
-9.224753842504712512e-04
1.137877339096843732e-03
4.107741848677478810e-03
7.552043958344302824e-03
1.078555052668293997e-02
1.300209465800157560e-02
1.347629597559550467e-02
1.178721999893418346e-02
7.976465619723982492e-03
2.574202384407438433e-03
-3.506808756738354418e-03
-9.158932779817238398e-03
-1.329943575621619738e-02
-1.509422042661035662e-02
-1.415482784810283452e-02
-1.065417163232037882e-02
-5.305258030464022126e-03
8.080534177484915981e-04
6.496476613052099697e-03
1.073942701331827634e-02
1.288794269831616997e-02
1.275380124768398307e-02
1.058743417122265731e-02
6.978428402522237825e-03
2.715269635469289792e-03
-1.376550533650751883e-03
-4.609773384304610006e-03
-6.599186437990818034e-03
-7.356386833356078070e-03
-7.249288714463298852e-03
-6.807380067827962025e-03
-6.439950435209879261e-03
-6.203842435438250771e-03
-5.757806306156948613e-03
-4.556502347258893984e-03
-2.203249100337018214e-03
1.225988331352194718e-03
5.080790152057808144e-03
8.341510842577292556e-03
1.005050824945158405e-02
9.757346600350927032e-03
7.746451396304132424e-03
4.924960000504265828e-03
2.425920253853728649e-03
1.122000542404160382e-03
1.273845308027439071e-03
2.460044188785699519e-03
3.804932041433649933e-03
4.389181456207263618e-03
3.647120389402931998e-03
1.570616456908811073e-03
-1.348258968425272014e-03
-4.366520453521589677e-03
-6.787701843295655679e-03
-8.178809725501102329e-03
-8.446351639769008116e-03
-7.781541665398185662e-03
-6.527382479375960778e-03
-5.030007617735781332e-03
-3.526600557776820785e-03
-2.104690179163790347e-03
-7.405528427315700817e-04
6.114698727561897022e-04
1.929219589588488087e-03
3.071222414337266074e-03
3.771955015983954624e-03
3.678439770992663303e-03
2.431896360951596534e-03
-1.967469374328763634e-04
-4.131782997921086553e-03
-8.837587848599842352e-03
-1.328007520514820627e-02
-1.609533390913940945e-02
-1.598494517096352152e-02
-1.223683255971695985e-02
-5.163764174459516652e-03
3.765740035588950249e-03
1.223036169997181004e-02
1.774505947417041180e-02
1.851503011873741403e-02
1.413263162575378873e-02
5.822663816791959213e-03
-3.889995116064939168e-03
-1.197542035150693691e-02
-1.585748862215319646e-02
-1.419941177070973420e-02
-7.271996930134096669e-03
3.183797350147715005e-03
1.452746897072698488e-02
2.402086470932879997e-02
2.959557076510474158e-02
3.034637537767485155e-02
2.662285517199455831e-02
1.974258917822822174e-02
1.147412368006576512e-02
3.486708523526390463e-03
-3.065394904446575725e-03
-7.728067214778739855e-03
-1.068319673545257455e-02
-1.248498822666182367e-02
-1.370437551580057020e-02
-1.462333610702734252e-02
-1.510672059473655397e-02
-1.470640870191022506e-02
-1.294664646177835776e-02
-9.653486829620340492e-03
-5.170244485765975243e-03
-3.508766961602613477e-04
3.682215392600273439e-03
5.925203977592834355e-03
5.859491416342479247e-03
3.632345269503960312e-03
-2.509175867572172730e-05
-4.087252278319601292e-03
-7.583643967614194653e-03
-9.856973957124344835e-03
-1.064716294421434555e-02
-1.001032254258765047e-02
-8.153389155227147578e-03
-5.292755688402837021e-03
-1.620448498065204558e-03
2.609805125470201700e-03
6.952177432013734171e-03
1.071935408190295355e-02
1.310344158904959248e-02
1.344377437490586191e-02
1.150587450299787179e-02
7.611932896276964178e-03
2.548188892856685130e-03
-2.697777349037346062e-03
-7.235436851218806850e-03
-1.047507765875510879e-02
-1.217421959548516987e-02
-1.234603141170208251e-02
-1.110589035801506572e-02
-8.548639488637051198e-03
-4.726957349520780755e-03
2.523441021359119733e-04
6.066020922449219532e-03
1.204975527354881261e-02
1.721531802857998936e-02
2.045298174869934066e-02
2.086710264983472618e-02
1.811252517114133459e-02
1.258039171088018784e-02
5.339333510155941723e-03
-2.154548662097481929e-03
-8.464774780479794938e-03
-1.254409303159538525e-02
-1.394656380331446566e-02
-1.284065642938145985e-02
-9.856995702864542949e-03
-5.847308980534494591e-03
-1.641574402681623968e-03
2.122733856180117167e-03
5.059691531899905038e-03
6.991284797090484282e-03
7.849863832266037664e-03
7.586678127639438426e-03
6.135332172045843135e-03
3.457278749547626918e-03
-3.414031058271162732e-04
-4.883282208703409663e-03
-9.471587089227084116e-03
-1.318119698397228826e-02
-1.507861741395207823e-02
-1.449649410357549233e-02
-1.126516860863439537e-02
-5.823238551756273161e-03
8.298394370068774839e-04
7.334218511556668540e-03
1.228408483586000167e-02
1.458620798850347212e-02
1.376397001897620813e-02
1.010006767585601428e-02
4.550971702975869365e-03
-1.547894258611313967e-03
-6.878214088144107147e-03
-1.048649700793086170e-02
-1.196289541382211663e-02
-1.141369812267833267e-02
-9.281301605000930044e-03
-6.118048228732538181e-03
-2.415784080277368333e-03
1.455568187413870847e-03
5.210798009094678995e-03
8.571670810202160554e-03
1.121600778077516680e-02
1.279084905342449743e-02
1.298342978339355087e-02
1.161778233553348305e-02
8.741624892565478047e-03
4.672221225258456692e-03
-2.203807031525562010e-05
-4.606894324648133296e-03
-8.311818666601631864e-03
-1.047171531033220387e-02
-1.065631591766458275e-02
-8.772977832797275097e-03
-5.128784605172007939e-03
-4.279204149682802605e-04
4.327244683162674924e-03
8.047200186045974646e-03
9.844072729365343014e-03
9.299824854183732364e-03
6.590240424923662910e-03
2.395555662023778412e-03
-2.359410266014717351e-03
-6.802028484895857735e-03
-1.030612475546059670e-02
-1.251957230531864154e-02
-1.326244059714697457e-02
-1.240149363592017023e-02
-9.809685857988185986e-03
-5.458395118294903821e-03
4.005568839330671954e-04
7.076968071741098626e-03
1.343442232323486911e-02
1.810118410362227329e-02
1.986250332740691765e-02
1.809101592937012448e-02
1.302521510145878553e-02
5.754877132201624036e-03
-2.101141239250679110e-03
-8.902579482977360237e-03
-1.348309720664796554e-02
-1.545024874348200142e-02
-1.519286471070655474e-02
-1.361255537296925805e-02
-1.169751453860548226e-02
-1.011285716044709425e-02
-8.970303383762987318e-03
-7.864058853592079124e-03
-6.150155917963418852e-03
-3.342934949756735594e-03
5.590653074042791978e-04
4.988928917216032405e-03
9.027521937466051125e-03
1.181168597041938780e-02
1.290827899266521438e-02
1.245025691458020653e-02
1.098374204678943464e-02
9.146365261535716745e-03
7.371954016493962453e-03
5.768780150357066469e-03
4.204917335255756172e-03
2.524144258472477663e-03
7.527147345909391066e-04
-8.331250450303749264e-04
-1.824231689591238222e-03
-1.909875962271563327e-03
-1.081818609143259287e-03
3.090181948917644986e-04
1.671177533871217452e-03
2.399813844373638490e-03
2.103966385166334239e-03
7.422969442443622069e-04
-1.376571612984796213e-03
-3.717970407172587442e-03
-5.710456437394029021e-03
-6.918440082164963728e-03
-7.131946665161122481e-03
-6.355868022606120729e-03
-4.735516046257732398e-03
-2.483582603522893791e-03
1.432555818627473387e-04
2.822786986192553707e-03
5.155699281886025505e-03
6.721701742404803497e-03
7.204643135573665300e-03
6.515182279786108782e-03
4.820105454319330296e-03
2.449337198753022936e-03
-2.567298019202439961e-04
-3.057551305579387681e-03
-5.817912190171502414e-03
-8.420556471204591886e-03
-1.065146666835281586e-02
-1.213584594773854317e-02
-1.238189009167502998e-02
-1.094344796742822805e-02
-7.650782163596834065e-03
-2.805355543296427639e-03
2.775155794939202641e-03
7.921644952519724808e-03
1.144738611770056494e-02
1.251675323312878910e-02
1.089160042390275446e-02
6.964112536617441188e-03
1.593008224170064380e-03
-4.160702527978312609e-03
-9.286787328991895699e-03
-1.299242982318409012e-02
-1.476460542529662613e-02
-1.436140486030740293e-02
-1.178881176309693954e-02
-7.303951062636157045e-03
-1.440194531409271297e-03
4.998020609014140053e-03
1.103595081293477775e-02
1.574527361325124206e-02
1.850979743017774209e-02
1.920417791704950167e-02
1.816671557426823014e-02
1.596277602289662007e-02
1.307606677292809556e-02
9.719713351860200315e-03
5.878592114874833796e-03
1.539881890819487509e-03
-3.048825273743225803e-03
-7.267785375946926932e-03
-1.024856975700417366e-02
-1.119206838195311790e-02
-9.735109111063271897e-03
-6.189629443215410864e-03
-1.531542508036796979e-03
2.876802534413528539e-03
5.730614189141685147e-03
6.214377366035770366e-03
4.243049473336537973e-03
4.243342373976177924e-04
-4.213784598299016165e-03
-8.588123733948198682e-03
-1.186109084887651717e-02
-1.358024135556733236e-02
-1.364974057533460336e-02
-1.220102630324314957e-02
-9.460192608445647244e-03
-5.688768894231839915e-03
-1.215312019247838209e-03
3.491443257797113842e-03
7.792596061027770235e-03
1.095626234683586345e-02
1.233790867237724402e-02
1.158858267281528097e-02
8.790991808624927170e-03
4.459310880212814278e-03
-5.937132904103633452e-04
-5.461693437112422750e-03
-9.341747991449685443e-03
-1.166589685181336662e-02
-1.215210864477263633e-02
-1.079690237858145323e-02
-7.843620284207238405e-03
-3.748154673112612592e-03
8.627525241025066696e-04
5.267747674331435884e-03
8.782167571809804812e-03
1.092175066427327097e-02
1.152831717733604142e-02
1.078606843217628543e-02
9.115563810090899013e-03
7.002645483715182542e-03
4.847468384710498443e-03
2.895787378935777215e-03
1.264886400762452092e-03
2.548157907985735757e-05
-7.282243485249957279e-04
-8.779078554022002809e-04
-3.613653411204675869e-04
7.121030341410705677e-04
1.993185022424072330e-03
2.941722829166438548e-03
3.001720068542711693e-03
1.829562358867995288e-03
-5.413604404703601172e-04
-3.689558330616141569e-03
-6.955732314457915497e-03
-9.679478989485621951e-03
-1.141266907099857536e-02
-1.202366426442548139e-02
-1.166548306050056716e-02
-1.064083348479050173e-02
-9.233841463433711122e-03
-7.585548485901027864e-03
-5.668198337869989958e-03
-3.363850344012889182e-03
-5.929753248090103429e-04
2.593156674673037163e-03
6.013919277216691825e-03
9.434857408519285726e-03
1.263215573928751570e-02
1.537233460432280499e-02
1.732394656218236295e-02
1.800844276272926120e-02
1.689575295089895679e-02
1.364593128659443225e-02
8.377056964748910012e-03
1.799278660031274069e-03
-4.881877127115892209e-03
-1.027647102739681455e-02
-1.322364624047649845e-02
-1.315741295241374884e-02
-1.029702558642745305e-02
-5.598442534452617927e-03
-4.822050642385314681e-04
3.574657946665700005e-03
5.448542994478669348e-03
4.648686578605094356e-03
1.391220011743539171e-03
-3.522771568466337433e-03
-8.951379582415316255e-03
-1.368604237308923381e-02
-1.668591120797761201e-02
-1.724314592117918293e-02
-1.508444559162446311e-02
-1.042484955331486086e-02
-3.973151848843189601e-03
3.139799735545791351e-03
9.548252595548072791e-03
1.395915520939134367e-02
1.551326025671482048e-02
1.406545182480477447e-02
1.024708327388986623e-02
5.258020265863386396e-03
4.638966761485218207e-04
-3.034583937976189326e-03
-4.688924388419441272e-03
-4.552119623294556897e-03
-3.106858024879753741e-03
-9.781684909444684183e-04
1.333501889022816692e-03
3.591297103360729503e-03
5.793477372550669136e-03
8.017175799711534490e-03
1.023040555648427503e-02
1.217437388063479127e-02
1.337505213983158220e-02
1.328079985928435139e-02
1.147285365955097100e-02
7.867683299050135665e-03
2.826100680811272602e-03
-2.886904746187812093e-03
-8.286529771612505604e-03
-1.242966128948333818e-02
-1.466053275695686046e-02
-1.476554486567317748e-02
-1.300341794424892186e-02
-1.001621325835705054e-02
-6.652345293252702983e-03
-3.746326031630626413e-03
-1.909208104230964917e-03
-1.390958730458211577e-03
-2.068505868160535645e-03
-3.570485263033530698e-03
-5.477888884470542147e-03
-7.488790452823274046e-03
-9.455484044609156757e-03
-1.128617465244255436e-02
-1.278846197435040515e-02
-1.356102697063362242e-02
-1.300798694701152738e-02
-1.049262598975698318e-02
-5.593515245364448669e-03
1.619251991612150401e-03
1.040478582968284646e-02
1.938688988801531843e-02
2.685836594407153832e-02
3.128334513036454267e-02
3.180154653677612353e-02
2.850311548383469007e-02
2.234502880134889985e-02
1.476572878544891131e-02
7.197953121586343414e-03
6.922290534583409871e-04
-4.234980583882171079e-03
-7.538108121350722834e-03
-9.455058695863991988e-03
-1.030553847794173430e-02
-1.035500444758660071e-02
-9.771695942699307885e-03
-8.656842346841862185e-03
-7.101256312669074894e-03
-5.220379977902308427e-03
-3.146918705843441272e-03
-1.004886664723010983e-03
1.085665001249672655e-03
2.952305165117022172e-03
4.305372971465593751e-03
4.742950051847502971e-03
3.867501981402230501e-03
1.474224261924950152e-03
-2.288238979704859503e-03
-6.878709686334151183e-03
-1.148037038562903581e-02
-1.523031066432892211e-02
-1.746085381439694412e-02
-1.784722982822443960e-02
-1.641257962275875781e-02
-1.342365875590708670e-02
-9.260386082243953626e-03
-4.327447921216810191e-03
9.777419230872740064e-04
