Filtered Signals
-3.443730452919640909e-03,-9.620586503522415150e-03
-2.388482733288779022e-03,-1.641746382522683845e-02
-5.023047141330559337e-04,-2.077973360433564565e-02
2.753918493035432957e-03,-2.089940786791361083e-02
7.482393233989591969e-03,-1.591156768948027642e-02
1.326553472660311345e-02,-6.120340464659489860e-03
1.921352816581084477e-02,7.023101340218950578e-03
2.413020575550606922e-02,2.118641605290015606e-02
2.675975922765820580e-02,3.361167547129362970e-02
2.606415036857417586e-02,4.166763946353885945e-02
2.147731282529161470e-02,4.338540730264953821e-02
1.308154413563381371e-02,3.786586316026933213e-02
1.657670229358814903e-03,2.547236139778880776e-02
-1.141498146603575278e-02,7.769708343182373314e-03
-2.438933937656669049e-02,-1.276759580293512081e-02
-3.545096281575990660e-02,-3.319848348243397557e-02
-4.301281675988173625e-02,-5.060226522297789353e-02
-4.594736413388701701e-02,-6.251123842802738806e-02
-4.373007388885218061e-02,-6.722678030143224015e-02
-3.649170591251371665e-02,-6.399754727083001304e-02
-2.498730747730251722e-02,-5.306705926931714473e-02
-1.049506377078010186e-02,-3.561032190127355612e-02
5.337053124360197076e-03,-1.358088746135932209e-02
2.067708116334206897e-02,1.051199843515863985e-02
3.371129973594019086e-02,3.387825145290555146e-02
4.285136674604293067e-02,5.375610263712989056e-02
4.693203030766962547e-02,6.773401550701629859e-02
4.537475802212322107e-02,7.405440117353220830e-02
3.828510490978488667e-02,7.185719820178283757e-02
2.645710403200730518e-02,6.131779704042144424e-02
1.127573740873718047e-02,4.364464460432503079e-02
-5.469799899935345877e-03,2.092699766248665161e-02
-2.183010188890108227e-02,-4.144613778727317122e-03
-3.595092804325352581e-02,-2.863467398741412900e-02
-4.629021601615745246e-02,-4.973149382378490302e-02
-5.175944092425489168e-02,-6.506937212763402867e-02
-5.178001282329681987e-02,-7.296527861112475644e-02
-4.627608007849805249e-02,-7.255758384323368615e-02
-3.564024867903303750e-02,-6.385569130424229023e-02
-2.069932998780567301e-02,-4.771769473380261389e-02
-2.682150363105817448e-03,-2.576812802646868267e-02
1.682988851070336966e-02,-2.578813009734767792e-04
3.599338083767764096e-02,2.613601076257128508e-02
5.284840249534566298e-02,5.056754374086432774e-02
6.551735503755312662e-02,7.032100592768281144e-02
7.243971624881226368e-02,8.312484247492619993e-02
7.260824817169177214e-02,8.744153596225889835e-02
6.575725098588586226e-02,8.268673653277125446e-02
5.245059152893585819e-02,6.933024155071333683e-02
3.403478096056664071e-02,4.884527687092114767e-02
1.245678724295691889e-02,2.350329422670392049e-02
-1.001687139128738802e-02,-3.949088991321250686e-03
-3.111886233537937418e-02,-3.066336070469222186e-02
-4.887176421010750588e-02,-5.403703942783265324e-02
-6.179768798351468334e-02,-7.197746031432084024e-02
-6.901883176255360630e-02,-8.305335150478203310e-02
-7.025242326590627751e-02,-8.653800018790197557e-02
-6.573194777315694015e-02,-8.237219950972063387e-02
-5.609966987080602929e-02,-7.108635103809539391e-02
-4.230677850663499412e-02,-5.371586814036331814e-02
-2.553505024113066763e-02,-3.172553642813111946e-02
-7.134341375206534885e-03,-6.937130217431745904e-03
1.143721286812900834e-02,1.855850416558077476e-02
2.868292960975699080e-02,4.252430729038312457e-02
4.315844976408089728e-02,6.274549106492992301e-02
5.359058995922708069e-02,7.724058796322640086e-02
5.901719674007911698e-02,8.449490780019104641e-02
5.892048975526894411e-02,8.367785024867890886e-02
5.331354843608128447e-02,7.479286275524653360e-02
4.274721126026434503e-02,5.871226927451598382e-02
2.823085569249654189e-02,3.707418195085827872e-02
1.109039784085294293e-02,1.205829768338018831e-02
-7.195043818092126953e-03,-1.390638329728738354e-02
-2.513598763372338479e-02,-3.843346011527694339e-02
-4.132734212087302295e-02,-5.941267341513069983e-02
-5.449067997072930269e-02,-7.515534094409630217e-02
-6.348569321697292156e-02,-8.445502070222775381e-02
-6.733125780435741947e-02,-8.659319432283782425e-02
-6.527499185214666322e-02,-8.133054387276854313e-02
-5.692373732715096113e-02,-6.891511316042052415e-02
-4.240857671379572036e-02,-5.011391937521520595e-02
-2.252890766123606670e-02,-2.624733223159623346e-02
1.185017409486788242e-03,8.109298027046615842e-04
2.653485559162888779e-02,2.870536909103293260e-02
5.085796645456053255e-02,5.476534001190182938e-02
7.135623228031556797e-02,7.626825066079521986e-02
8.550108191178006078e-02,9.077432774449967212e-02
9.143740082176637918e-02,9.648078505501256341e-02
8.829683324994641591e-02,9.252332541745701688e-02
7.634546672712132220e-02,7.915091821565786723e-02
5.693018052484548341e-02,5.772242069020944166e-02
3.223854235990682160e-02,3.051722380407103155e-02
4.933242678950046367e-03,4.021831645991680304e-04
-2.224865749300236617e-02,-2.956574168095272431e-02
-4.683794533469463894e-02,-5.651202993284887288e-02
-6.684998568080764703e-02,-7.802341732042898659e-02
-8.085980821564626997e-02,-9.230437952664874435e-02
-8.797382420672378300e-02,-9.822641929345063416e-02
-8.776742366676065776e-02,-9.531514744245087045e-02
-8.024981532879049695e-02,-8.372457693173518400e-02
-6.587989531997623383e-02,-6.422778345449654813e-02
-4.561563701431478601e-02,-3.822169791299490083e-02
-2.095553232151398798e-02,-7.718680101271149785e-03
6.072656895322797732e-03,2.471175934745675762e-02
3.301070175618814329e-02,5.608244040794894969e-02
5.717306062610071765e-02,8.322579971872968996e-02
7.594452256416149571e-02,1.031234025459810549e-01
8.713002642024493538e-02,1.132931624603216586e-01
8.928786744018665789e-02,1.121701960683355037e-01
8.197139169262440683e-02,9.940033630991454427e-02
6.582397557226639384e-02,7.597360788563045642e-02
4.250983641030442461e-02,4.415968125075415279e-02
1.450350283362122905e-02,7.255201394326275810e-03
-1.521117037456664461e-02,-3.080630786509480634e-02
-4.347383719330402685e-02,-6.591203049207439157e-02
-6.726601724498418311e-02,-9.422853402019221170e-02
-8.399276647256688488e-02,-1.126123785084476026e-01
-9.172705897277175224e-02,-1.189430403875002124e-01
-8.942073837272733472e-02,-1.123614510078395634e-01
-7.706988186900426419e-02,-9.339994558744198205e-02
-5.580012187391214518e-02,-6.398521425827705111e-02
-2.782985720018769926e-02,-2.729461366175923304e-02
3.715002475625867051e-03,1.254367621135715760e-02
3.513183882605545871e-02,5.089420021978073583e-02
6.258704082844043781e-02,8.316210412401786600e-02
8.262505947733921052e-02,1.053818633458565579e-01
9.267073711515573520e-02,1.147660582997529904e-01
9.143856678457362719e-02,1.101248624898150397e-01
7.916025161577790181e-02,9.207233305325565609e-02
5.756801896634079069e-02,6.296303259898422544e-02
2.962548139584580964e-02,2.655443532953328731e-02
-9.394654120880030490e-04,-1.254566111850409504e-02
-3.020064028784188309e-02,-4.953728354019824864e-02
-5.458746123398417610e-02,-8.006721311063699775e-02
-7.133316108217954699e-02,-1.007454316745491074e-01
-7.875899974574918083e-02,-1.094790210357321214e-01
-7.637848756064000155e-02,-1.056097242169800055e-01
-6.484450100613488310e-02,-8.987759758808611110e-02
-4.578495555294123665e-02,-6.425250850896073451e-02
-2.157244441196922574e-02,-3.167670370605456948e-02
4.942621318358084159e-03,4.249276782687695653e-03
3.072068534630109649e-02,3.961851678961955670e-02
5.283233011956897651e-02,7.059523761459381153e-02
6.875228903755148391e-02,9.380148060593614112e-02
7.662744658148185062e-02,1.066843962256998346e-01
7.549453445705350818e-02,1.078222788181422837e-01
6.541746702434278471e-02,9.711973458143091653e-02
4.750886420394367926e-02,7.584547447654166330e-02
2.380765915719951220e-02,4.648492428122094622e-02
-2.985663714868878882e-03,1.241573018433760056e-02
-2.987188936514576648e-02,-2.254120942764983870e-02
-5.393913138394041545e-02,-5.460912973029480311e-02
-7.269821584095548239e-02,-8.049126536299197610e-02
-8.432132685827271878e-02,-9.769220149948407150e-02
-8.777191480231738563e-02,-1.047027259022997592e-01
-8.283785371501857508e-02,-1.010606748532323629e-01
-7.009100541279930652e-02,-8.731717535238822658e-02
-5.079804072558721795e-02,-6.493789060200994001e-02
-2.680089468654718934e-02,-3.615923701780474064e-02
-3.722012455413814536e-04,-3.806872572012794109e-03
2.596106739624415988e-02,2.892650110280155229e-02
4.963355174130194836e-02,5.874952273741558539e-02
6.829196266494449996e-02,8.258338428932128494e-02
8.005658443343374731e-02,9.789416953925419995e-02
8.375764388090012336e-02,1.030048844860387142e-01
7.910675236671269039e-02,9.733384416120757776e-02
6.676555856973188929e-02,8.150698375400783346e-02
4.828122424256927475e-02,5.730644343360978554e-02
2.587914415942553850e-02,2.744669312156391289e-02
2.141084739266475856e-03,-4.790422589972316569e-03
-2.036274561015777307e-02,-3.599126033646216083e-02
-3.940191402517601027e-02,-6.302708715033804310e-02
-5.330757547257510692e-02,-8.337532361780529422e-02
-6.106448212010243126e-02,-9.530728008035473098e-02
-6.229199882227388907e-02,-9.794845536720958590e-02
-5.715706698283842813e-02,-9.124745390661853639e-02
-4.626693605767023820e-02,-7.589737996195324021e-02
-3.058096940828154003e-02,-5.324364484459932073e-02
-1.136235466053296325e-02,-2.519405085443214565e-02
9.835863179523410271e-03,5.872089498343752156e-03
3.118274614020944552e-02,3.721517846459507228e-02
5.062523234896604274e-02,6.589454502726865837e-02
6.602429182910113381e-02,8.899759386754080293e-02
7.538003348181249175e-02,1.039393563241731017e-01
7.712093737853072117e-02,1.088020377136857536e-01
7.040449051143152226e-02,1.026556729692833514e-01
5.535822178182010778e-02,8.578559609713631851e-02
3.318610043929612341e-02,5.975672881245187862e-02
6.085121333657836362e-03,2.727220556487647274e-02
-2.303468123515017146e-02,-8.167396369803264777e-03
-5.097147942619380950e-02,-4.274185335248388562e-02
-7.469443351498780692e-02,-7.282462622793606233e-02
-9.174473690930363967e-02,-9.542728177286487201e-02
-1.005045929300585061e-01,-1.085027354779548731e-01
-1.003093294257341728e-01,-1.110830367824533482e-01
-9.141579495968585323e-02,-1.032689937276939918e-01
-7.486481371740799640e-02,-8.611200776936790702e-02
-5.228793562635096481e-02,-6.143330887493732295e-02
-2.570749518223506072e-02,-3.161849871350348729e-02
2.637898243972591761e-03,5.888115805122023927e-04
3.043676547124668508e-02,3.228749721496403102e-02
5.543286920261122908e-02,6.062068904997142127e-02
7.555897294808169851e-02,8.298953580743211045e-02
8.908742645270248395e-02,9.728018020139254929e-02
9.479369636004372768e-02,1.020874220560291645e-01
9.211441884881005349e-02,9.690146549198805359e-02
8.126778835010467494e-02,8.221544673200616160e-02
6.329542710292027086e-02,5.951600048851535957e-02
3.999263477018012714e-02,3.113924209400666457e-02
1.372315918730559331e-02,6.904959435262425504e-06
-1.284827857077873448e-02,-3.071027163153310091e-02
-3.705117810839692744e-02,-5.793876719046026080e-02
-5.648363354681699977e-02,-7.900358041112605367e-02
-6.923996887817437940e-02,-9.185649746313645503e-02
-7.408461758969714372e-02,-9.523053346605728220e-02
-7.056997203346487835e-02,-8.873321050993976389e-02
-5.909218970290944228e-02,-7.288806799132922787e-02
-4.087735580041410022e-02,-4.912242404479516544e-02
-1.789344518252850014e-02,-1.969057585739633978e-02
7.313585384901850894e-03,1.248028406870309304e-02
3.185943413866259427e-02,4.402998001704865050e-02
5.282923685768604882e-02,7.148936114552946475e-02
6.762812991906524962e-02,9.166863879129374948e-02
7.432755409199134911e-02,1.020665087473183741e-01
7.194769411131889114e-02,1.012354436226464705e-01
6.062029470737316517e-02,8.903067794465666096e-02
4.159379278669828039e-02,6.668207141973887808e-02
1.706913325500652653e-02,3.665915489355953127e-02
-1.011209286578661909e-02,2.344081144941161099e-03
-3.686961962068503740e-02,-3.242756500993362878e-02
-6.029408443032432952e-02,-6.386837767048497705e-02
-7.798399152035068171e-02,-8.869104490458627754e-02
-8.826152883923549242e-02,-1.044431824625008526e-01
-9.026224379039111956e-02,-1.096972485528580066e-01
-8.392523831076748042e-02,-1.041047922460483222e-01
-6.991945614188845026e-02,-8.834576753423910300e-02
-4.953487725986727847e-02,-6.400683147849176025e-02
-2.455747381169665761e-02,-3.341427610981537177e-02
2.862313914621675282e-03,5.638527148780908549e-04
3.034887059400999398e-02,3.474154362621055536e-02
5.546077882505002360e-02,6.586624916624764237e-02
7.588382218213417241e-02,9.089983293079825777e-02
8.965608146764375563e-02,1.073201390294411806e-01
9.539899396453588309e-02,1.134137772305841285e-01
9.250973460310593643e-02,1.085104281038776625e-01
8.126838831030676336e-02,9.310229272798377365e-02
6.282748087435408024e-02,6.880713383777355141e-02
3.907577337824988395e-02,3.816739143496798020e-02
1.239769845707457130e-02,4.319690232348814829e-03
-1.462256402385064824e-02,-2.939741129592893243e-02
-3.948921236773447752e-02,-5.981818011164556637e-02
-6.002140932818524066e-02,-8.424308267449592824e-02
-7.449581759331128095e-02,-1.006221694540771067e-01
-8.171912676922944707e-02,-1.076398020355073398e-01
-8.106540470782452878e-02,-1.047388666999480300e-01
-7.250827767063143525e-02,-9.212464833468886338e-02
-5.665585178179442793e-02,-7.076798838550565907e-02
-3.477387010549112117e-02,-4.239887584177964158e-02
-8.769912622884783182e-03,-9.461047066354040525e-03
1.889164402721562469e-02,2.500727846021937040e-02
4.536864408016319516e-02,5.759258703380247535e-02
6.772130976694411275e-02,8.483089625341465323e-02
8.327048018478630520e-02,1.036143931234785875e-01
8.997789137389100578e-02,1.116229165485489172e-01
8.677264809138984791e-02,1.076979750111699552e-01
7.375113185068768451e-02,9.207258798104724085e-02
5.220157466500632143e-02,6.639357795086842096e-02
2.444133918407355444e-02,3.351951111448304294e-02
-6.503414748817284985e-03,-2.867663350935835409e-03
-3.730918268356411133e-02,-3.875592506369979207e-02
-6.477270671461600460e-02,-7.030407098044154368e-02
-8.616003261171728544e-02,-9.426754646245878722e-02
-9.944779364529782173e-02,-1.083022226813985522e-01
-1.034583357865756226e-01,-1.111383951662821556e-01
-9.791355930351022807e-02,-1.026436294442352459e-01
-8.342956206355794935e-02,-8.379832858225831627e-02
-6.145735908168854789e-02,-5.659687763673684063e-02
-3.416333139278562858e-02,-2.387401589766648125e-02
-4.244495016346286342e-03,1.094732661038782390e-02
2.531805394752600913e-02,4.418229828706959905e-02
5.155598587394916166e-02,7.226581709878870940e-02
7.183960784945409017e-02,9.215576359027931319e-02
8.419646323781661279e-02,1.017094402436157091e-01
8.757082167303822939e-02,9.997431819444857481e-02
8.196848487905404601e-02,8.733364944207677727e-02
6.844799419510941285e-02,6.546511097468837859e-02
4.895308274324958187e-02,3.710745934304750249e-02
2.601931945592013060e-02,5.675826796089085413e-03
2.416237070993185188e-03,-2.519785251650008551e-02
-1.920436218823248081e-02,-5.211230088678217576e-02
-3.659487953155920320e-02,-7.226223914932572434e-02
-4.810227045325320139e-02,-8.368510927731905025e-02
-5.276508328123073743e-02,-8.538745405028289048e-02
-5.034349128244096361e-02,-7.737290901840879198e-02
-4.130962634979279402e-02,-6.059964846484938716e-02
-2.680693072832055282e-02,-3.688469326554992544e-02
-8.566992669815445133e-03,-8.755879470309452239e-03
1.123267365335372386e-02,2.075750214648824921e-02
3.017500506104098951e-02,4.840041460689849251e-02
4.586260269667654516e-02,7.102414470838334937e-02
5.620603495344654588e-02,8.594648469173324368e-02
5.970747614880141801e-02,9.129604284500970890e-02
5.569416361625656453e-02,8.628569264664139038e-02
4.444804534249960359e-02,7.135706076442413504e-02
2.718735342829062610e-02,4.814995097073801467e-02
5.889565147835913034e-03,1.928363544277133385e-02
-1.700868031954243936e-02,-1.201471459327683317e-02
-3.896481801453248461e-02,-4.235588362992077915e-02
-5.766073502136739165e-02,-6.861437363416758584e-02
-7.125327143531387519e-02,-8.825817603860945659e-02
-7.851750045102898201e-02,-9.954641081943904624e-02
-7.888477461194670637e-02,-1.015994385917259324e-01
-7.240159060681482239e-02,-9.437373847580152186e-02
-5.964881276946231575e-02,-7.858373991863754071e-02
-4.165772122514088682e-02,-5.560613270264708197e-02
-1.984068141518304310e-02,-2.738367898694317459e-02
4.069189362044166314e-03,3.676898062084245355e-03
2.809046390959892697e-02,3.483490800176539115e-02
5.010181221793209155e-02,6.319829043358471399e-02
6.800312182206610934e-02,8.597100475245725293e-02
7.993159346966718926e-02,1.007545422727597756e-01
8.451252181356681825e-02,1.058670923164698741e-01
8.109725041728342576e-02,1.006219386569142255e-01
6.992241519551335716e-02,8.549590446249866194e-02
5.213181664159866058e-02,6.212819353242342302e-02
2.963946576419415613e-02,3.312536028156343876e-02
4.863164592103945416e-03,1.701704272065653056e-03
-1.960477305835024719e-02,-2.876670217969487520e-02
-4.131636524233982255e-02,-5.517628487621124844e-02
-5.822260970327058915e-02,-7.503738379708177475e-02
-6.883969031136177863e-02,-8.668203644408910280e-02
-7.232947611557555279e-02,-8.933943651604561720e-02
-6.851594267780945768e-02,-8.310871027868313443e-02
-5.786538407685210689e-02,-6.886853137736058394e-02
-4.144844229386530909e-02,-4.815697129340863747e-02
-2.088112602651372857e-02,-2.303875094429437206e-02
1.775136834228689675e-03,4.041171541081731156e-03
2.417420981965495708e-02,3.043011949956735823e-02
4.390876598178192203e-02,5.347747012496876368e-02
5.877569974197470459e-02,7.077986019275316065e-02
6.704684636021723820e-02,8.044238539242491715e-02
6.770260731672771148e-02,8.132133096286371654e-02
6.058616903843055956e-02,7.320491363545872376e-02
4.644197466403793273e-02,5.688747252374007357e-02
2.682001801863788393e-02,3.410419206208845089e-02
3.859397567361366743e-03,7.321831294715683280e-03
-2.000090179017601638e-02,-2.057958534246753096e-02
-4.231814838482102908e-02,-4.666681845569949777e-02
-6.089246900340802154e-02,-6.828173156216363338e-02
-7.393628394385642899e-02,-8.328742865304102072e-02
-8.016943743804683109e-02,-9.021827445811061996e-02
-7.886312178882101676e-02,-8.834963091732682405e-02
-6.986316259489040725e-02,-7.771559098773510310e-02
-5.361724274899262732e-02,-5.909874235178934343e-02
-3.121032562513716829e-02,-3.400100212779851028e-02
-4.384336250639553345e-03,-4.586041268049761976e-03
2.450190088308457081e-02,2.643036913411896116e-02
5.261374044892255797e-02,5.596787084926760358e-02
7.689833244153067293e-02,8.085871961597707047e-02
9.443960526917499765e-02,9.820013382876496832e-02
1.028626707180515520e-01,1.057385217795707294e-01
1.007211617903518291e-01,1.022213140147555377e-01
8.779078132941040002e-02,8.764457292417890399e-02
6.519500772857604598e-02,6.333372420757824028e-02
3.531590007267415565e-02,3.182360544262224922e-02
1.495230198751265616e-03,-3.450143071026617880e-03
-3.241275483386867051e-02,-3.858888775716742825e-02
-6.254523478990593743e-02,-6.971191197708853649e-02
-8.550553017918779974e-02,-9.340015336996784767e-02
-9.874985347557450888e-02,-1.070515781385755205e-01
-1.008542614004969973e-01,-1.091285452769573672e-01
-9.164830504578211356e-02,-9.929653974536029049e-02
-7.221512507597986630e-02,-7.845885928164356149e-02
-4.476875000074491406e-02,-4.869020365229292241e-02
-1.242525196387371522e-02,-1.306980135643392993e-02
2.111620751217841568e-02,2.458595475279169718e-02
5.196686378297263320e-02,6.008837366625675858e-02
7.649176541294272491e-02,8.932498459182275363e-02
9.175972464036875886e-02,1.087566601442506442e-01
9.593866255095520601e-02,1.159015534687717619e-01
8.856987571798856373e-02,1.097237172392244026e-01
7.066472252293858058e-02,9.084278575222018426e-02
4.459016724602875292e-02,6.150456594296153934e-02
1.374476753392738643e-02,2.529800242234816338e-02
-1.792844210246305470e-02,-1.333975986236331235e-02
-4.650413007863753861e-02,-4.973983773109399986e-02
-6.860618524495055992e-02,-7.962619943128058930e-02
-8.182045039196689240e-02,-9.964513437118351080e-02
-8.494303358603100262e-02,-1.077319608427549924e-01
-7.806073780953798336e-02,-1.032906080373536262e-01
-6.248260118449531358e-02,-8.719520989110694786e-02
-4.054471332110572146e-02,-6.163864742051101964e-02
-1.530912622765995268e-02,-2.985545976251602340e-02
9.817068531900903505e-03,4.253851354270192509e-03
3.150672412329390965e-02,3.656673873893361015e-02
4.693905397910516641e-02,6.321373766697800656e-02
5.418127970239909608e-02,8.104058611522647892e-02
5.247432308036735493e-02,8.800594677186179826e-02
4.236687553442292087e-02,8.345727760330289013e-02
2.565022033274190483e-02,6.822834671282251850e-02
5.077267941085320674e-03,4.451909540311483476e-02
-1.610045529309536705e-02,1.555696742459471843e-02
-3.469245471914544215e-02,-1.490835077715003953e-02
-4.810727341026143494e-02,-4.317659951403562957e-02
-5.474893192727500052e-02,-6.611331889465398015e-02
-5.418374269636088564e-02,-8.150610947039818588e-02
-4.704856632333347111e-02,-8.820557710069362733e-02
-3.474322555769221443e-02,-8.605945116548840979e-02
-1.901080927616599983e-02,-7.570399049649896572e-02
-1.535535503854202483e-03,-5.830613288445627568e-02
1.633222706579789268e-02,-3.534430624294029183e-02
3.366815028205971672e-02,-8.480584287828975276e-03
4.988927969889304925e-02,2.047116037178870612e-02
6.454688442351132205e-02,4.951808964660285584e-02
7.708078092979958607e-02,7.646247251440645154e-02
8.663037003828294447e-02,9.893939969791445965e-02
9.198659827278346524e-02,1.145634181207000751e-01
9.173038234126466850e-02,1.211956188909255883e-01
8.454241699147058142e-02,1.172977979106799018e-01
6.960717149603598553e-02,1.022966190100129957e-01
4.699479985109708546e-02,7.685637870161998730e-02
1.790316943092942065e-02,4.296873902278822155e-02
-1.532306194454077786e-02,3.811928768713154780e-03
-4.942159425980850729e-02,-3.660689783456522184e-02
-8.065169041347561296e-02,-7.395928605092400021e-02
-1.053531701762136369e-01,-1.041583790047247438e-01
-1.205090119920995129e-01,-1.238822424420240459e-01
-1.242036666904217379e-01,-1.309828776467404921e-01
-1.159053006802040764e-01,-1.247362552422564969e-01
-9.654434470196260332e-02,-1.059182253958633191e-01
-6.839433012997259143e-02,-7.671199143227465378e-02
-3.478055088179231313e-02,-4.046372453799890190e-02
3.436991128072178214e-04,-1.309819537079648377e-03
3.289869461233101144e-02,3.629108089060725795e-02
5.919192266486106302e-02,6.807518229016779054e-02
7.637778391252812715e-02,9.048235312393301810e-02
8.280693929863489067e-02,1.010943620729344294e-01
7.822122681356415141e-02,9.894242026047231353e-02
6.376285721011529239e-02,8.463283483085194681e-02
4.178655872092702089e-02,6.025843019325192312e-02
1.549674356314206802e-02,2.909686926158219777e-02
-1.152793304247122508e-02,-4.857634893581104507e-03
-3.583223675287999788e-02,-3.744168823067640928e-02
-5.451452307918028262e-02,-6.484652048770588040e-02
-6.552773477994044971e-02,-8.403528580974609086e-02
-6.782866758415767583e-02,-9.301301044292091535e-02
-6.138742450329355560e-02,-9.095003295107390029e-02
-4.709199041111578055e-02,-7.818505580855301951e-02
-2.659159611910303159e-02,-5.613972363557498402e-02
-2.114321135923566408e-03,-2.716825434235649664e-02
2.372762715833563046e-02,5.648899496218350025e-03
4.815335712385202666e-02,3.877041135627008750e-02
6.846285583556062371e-02,6.852296924866477235e-02
8.231788310223966953e-02,9.148510095883098658e-02
8.802613920052140828e-02,1.048935784225427242e-01
8.478266729303370053e-02,1.070164844521083458e-01
7.281852437890309893e-02,9.742502458042420765e-02
5.341423530140015918e-02,7.710152895342323176e-02
2.875330787618613632e-02,4.834427759934223356e-02
1.623002272909596089e-03,1.446867919890874876e-02
-2.498706342675603709e-02,-2.064792326933465039e-02
-4.830201479593418390e-02,-5.308980250720532479e-02
-6.610366978512255409e-02,-7.939263253558712097e-02
-7.693882776514282540e-02,-9.691831895514189943e-02
-8.018401943305536461e-02,-1.040778351446508543e-01
-7.599442302737864641e-02,-1.004086249111433016e-01
-6.517943287210078984e-02,-8.653758916360615450e-02
-4.904547147140068258e-02,-6.406303826841183713e-02
-2.923782186459084054e-02,-3.537903007997521276e-02
-7.600520494771782071e-03,-3.454692400098088867e-03
1.394337570646861368e-02,2.842535805685535155e-02
3.350434330423440743e-02,5.695512892752452316e-02
4.934975260330370234e-02,7.912748781435428869e-02
6.004616136574307539e-02,9.256049173257120677e-02
6.461077102721093923e-02,9.579277655817830528e-02
6.264664628521962597e-02,8.849677243567385942e-02
5.442838480376419041e-02,7.155732630430249042e-02
4.090613030931836147e-02,4.698136292956091309e-02
2.360875575720745162e-02,1.763971158929048683e-02
4.453157449378974259e-03,-1.311569533490362927e-02
-1.450209398100336944e-02,-4.188408427354325947e-02
-3.130168947165115623e-02,-6.561490522172191975e-02
-4.428783221152400584e-02,-8.191143697192621032e-02
-5.222504056857090599e-02,-8.921490415888694292e-02
-5.436898852648849867e-02,-8.688261782405995448e-02
-5.050587985877253577e-02,-7.519310057650303858e-02
-4.097869384584555685e-02,-5.530627157670821303e-02
-2.669660498717394553e-02,-2.918618700140434077e-02
-9.109349338736836416e-03,5.259558191065480393e-04
9.875535889087037889e-03,3.070771056457779341e-02
2.805018358955897739e-02,5.803154665507449794e-02
4.314381729600925974e-02,7.931483592410770722e-02
5.312286743565280273e-02,9.191380604878836291e-02
5.650746892746597028e-02,9.410671696692046728e-02
5.263619733962766195e-02,8.539296383764624632e-02
4.181135682420254740e-02,6.663380796448280241e-02
2.528312534498987352e-02,3.998462388800165523e-02
5.071588214578898191e-03,8.614808013396056674e-03
-1.633476891633121181e-02,-2.373537611701229122e-02
-3.633917441186588354e-02,-5.327249157014471437e-02
-5.258279194544109025e-02,-7.664293763802944304e-02
-6.321690828404588625e-02,-9.132060603674219124e-02
-6.707000738370558213e-02,-9.584539931674861124e-02
-6.371373279094104392e-02,-8.990907159172756291e-02
-5.345603297531790338e-02,-7.431462851603631847e-02
-3.729138036609910833e-02,-5.084593850494367739e-02
-1.682091663214745417e-02,-2.207600643318372025e-02
5.863486735767184377e-03,8.873554456095195109e-03
2.834397998015831394e-02,3.861944563921963780e-02
4.809684691147775998e-02,6.384527371464582268e-02
6.276243608249111594e-02,8.165494001283678249e-02
7.044455318422503109e-02,8.991868092296209647e-02
6.999995426190812331e-02,8.756624772646481869e-02
6.125956361443517934e-02,7.477373431389779113e-02
4.511828898892530915e-02,5.299354056874565344e-02
2.345279927597072184e-02,2.479821778206775171e-02
-1.127669734177376426e-03,-6.450627484654719579e-03
-2.564561033961872127e-02,-3.705100218411255808e-02
-4.715803147530513162e-02,-6.343994535586607031e-02
-6.312479161409270678e-02,-8.261852064795199846e-02
-7.169089968968272997e-02,-9.246482824344330609e-02
-7.185739385999474760e-02,-9.191321606713376280e-02
-6.354047191011519269e-02,-8.100638680199942487e-02
-4.753844952444198635e-02,-6.084274366445999865e-02
-2.543363209625382898e-02,-3.344470796013036817e-02
5.523939270616340380e-04,-1.567459803863961720e-03
2.774777263105444175e-02,3.154334777878292639e-02
5.326937900422899774e-02,6.244349425118210506e-02
7.430874040056346941e-02,8.782620003974171696e-02
8.844312616211853773e-02,1.048811226803507551e-01
9.393466310489623217e-02,1.116360053359137516e-01
8.997378563289679110e-02,1.072275238635019834e-01
7.682233637992820496e-02,9.204646366423442638e-02
5.581605410164523773e-02,6.771475009770482056e-02
2.920469129167104286e-02,3.687983066164469970e-02
-1.539547512156708153e-04,2.853852517325755622e-03
-2.918519497983381589e-02,-3.083161371813362972e-02
-5.498835731787681674e-02,-6.086179037441143136e-02
-7.515378482398085702e-02,-8.448505415780042938e-02
-8.796987391740573869e-02,-9.973012858645162459e-02
-9.252189891386872200e-02,-1.055008983320210175e-01
-8.870521050173674205e-02,-1.015833864452427709e-01
-7.717931710774672549e-02,-8.860151662635110115e-02
-5.928352637551682902e-02,-6.794307960362097609e-02
-3.692350028298965747e-02,-4.165855535769581730e-02
-1.242436488698442365e-02,-1.232236470526398842e-02
1.166236774644918706e-02,1.715806347690910366e-02
3.280459132553138757e-02,4.379415926124487213e-02
4.877357828658899358e-02,6.482152400220853039e-02
5.792797974259736998e-02,7.802839992540328007e-02
5.944759963270226238e-02,8.205651110806382043e-02
5.346943267322339793e-02,7.661422113095400777e-02
4.109015232078491731e-02,6.254810156637001517e-02
2.421717611771143086e-02,4.174085955365743061e-02
5.279077618179119080e-03,1.683969379386010892e-02
-1.315488917990353251e-02,-9.136686676502754623e-03
-2.876310411052983296e-02,-3.322737214030777042e-02
-3.977972343749489742e-02,-5.289996315745790212e-02
-4.516507859051319129e-02,-6.629332727592583685e-02
-4.462944845523099391e-02,-7.231247937136155157e-02
-3.854205925421459733e-02,-7.060407182830102935e-02
-2.777558250204209891e-02,-6.146706545063188032e-02
-1.353508386163829180e-02,-4.575121272158675506e-02
2.791668855260234783e-03,-2.477502641982042356e-02
1.974316503472138551e-02,-2.683620247299414729e-04
3.585393650749833794e-02,2.567827015180903366e-02
4.970561444271080764e-02,5.069028144793480406e-02
5.998726174964875285e-02,7.224613518626152309e-02
6.558430407945703422e-02,8.789545570282984721e-02
6.569611026542031273e-02,9.555006208876304363e-02
5.996351741864985874e-02,9.380669609685125809e-02
4.857584509414754337e-02,8.223491830230449107e-02
3.232254123062283657e-02,6.155588675656244180e-02
1.255926262747943112e-02,3.365207476986247642e-02
-8.923062013362556555e-03,1.383673160602789942e-03
-3.010669474936548268e-02,-3.176420343278119063e-02
-4.898635316911359450e-02,-6.213594885635864706e-02
-6.378777421612225051e-02,-8.637405884413830448e-02
-7.313435796342628026e-02,-1.018245177022434889e-01
-7.615886388706635812e-02,-1.068314022234649746e-01
-7.257235062539688086e-02,-1.009037595855208913e-01
-6.269824040568193479e-02,-8.475556436603368105e-02
-4.746594240350232585e-02,-6.022385960468554927e-02
-2.835021143773808899e-02,-3.007060512365453825e-02
-7.244546059315282865e-03,2.320631295168004704e-03
1.373375625709620518e-02,3.333003021790116593e-02
3.249493412042965546e-02,5.953174955828827164e-02
4.725258475081326598e-02,7.811915696480542515e-02
5.677143903862323648e-02,8.726575105495032458e-02
6.052665758290591558e-02,8.636024480096318734e-02
5.873023020127036975e-02,7.606576991558135215e-02
5.221660229521395136e-02,5.818197966624762130e-02
4.222061327626859539e-02,3.533061952406691547e-02
3.011064179718472150e-02,1.052791568357980614e-02
1.715120356381113348e-02,-1.326412722042353415e-02
4.359438609841718992e-03,-3.351317100910036761e-02
-7.512492418680166012e-03,-4.835254027188110038e-02
-1.788699075163932908e-02,-5.666151100746511654e-02
-2.622957945610317892e-02,-5.802582505466554602e-02
-3.196506370817773363e-02,-5.264624061489477092e-02
-3.450715085033180529e-02,-4.125983968858616679e-02
-3.340958903447704270e-02,-2.510335116096866492e-02
-2.858530546196864919e-02,-5.900044411495192209e-03
-2.050457276342718821e-02,1.418230700626164215e-02
-1.028407812160528692e-02,3.265910113147774130e-02
3.910999316003600096e-04,4.697358622276941176e-02
9.522402701812548304e-03,5.484697343204073677e-02
1.518393355390523433e-02,5.467706157347625856e-02
1.594659680226069576e-02,4.589490897091810795e-02
1.122666554469847061e-02,2.918033958502009098e-02
1.464563337788291585e-03,6.461918433977770909e-03
-1.190817851598807015e-02,-1.931802321121917076e-02
-2.669593692903401635e-02,-4.462830676163723892e-02
-4.030032838289124286e-02,-6.587290924138336501e-02
-5.014102110481488683e-02,-7.991208739813621120e-02
-5.406464507508311479e-02,-8.449734787969197247e-02
-5.068278522898172350e-02,-7.856843931629481359e-02
-3.959768002938673925e-02,-6.239007953486944147e-02
-2.149446651539529268e-02,-3.752750769879457937e-02
1.904341507068033762e-03,-6.673256278887505777e-03
2.801721050625202020e-02,2.665461891639013536e-02
5.370421971552607338e-02,5.851679302617224243e-02
7.566793309232472398e-02,8.502545004861829236e-02
9.091105685071303177e-02,1.028387636221439194e-01
9.718400754593684021e-02,1.096147704424275254e-01
9.334400084004788878e-02,1.043526952925211138e-01
7.955548978555801454e-02,8.755550020717073334e-02
5.728755198283846939e-02,6.117255646419101495e-02
2.910146856214982855e-02,2.832254131253860580e-02
-1.733922107461260964e-03,-7.155820691124144262e-03
-3.172047908668848559e-02,-4.123846539304348857e-02
-5.760342218102480760e-02,-7.023384636585540408e-02
-7.675192388388396569e-02,-9.119653333311933396e-02
-8.740172829511827501e-02,-1.021881080845972178e-01
-8.875983254096898867e-02,-1.023828715886322543e-01
-8.099977021025588086e-02,-9.204965410033774664e-02
-6.518028567322117772e-02,-7.245133248803978243e-02
-4.311030406629449280e-02,-4.569315332883765179e-02
-1.717262596787389947e-02,-1.453279678280881837e-02
9.887440792196507122e-03,1.784796068383512346e-02
3.520610227453340596e-02,4.811344084201121807e-02
5.607553191601686443e-02,7.308425628572312593e-02
7.023731735445766511e-02,9.007283090691911576e-02
7.616383710728022449e-02,9.721039986930370136e-02
7.327680171979568391e-02,9.371192270763023524e-02
6.204741446547108047e-02,8.001650591170743343e-02
4.393984611819971853e-02,5.775366290305233852e-02
2.119399340636756932e-02,2.952178695257708443e-02
-3.516295609176864345e-03,-1.486004507379234951e-03
-2.747887545390366448e-02,-3.193101228219118182e-02
-4.830510732668984175e-02,-5.875718307549659264e-02
-6.418013945733333503e-02,-7.951570597859099199e-02
-7.396237091113896933e-02,-9.254164304047414469e-02
-7.714613358924787834e-02,-9.698643581691446247e-02
-7.374509334729843768e-02,-9.274964920172512617e-02
-6.416641218795361701e-02,-8.036928893637557136e-02
-4.912592720338747332e-02,-6.091885489772289053e-02
-2.962006657669299589e-02,-3.593138021336900884e-02
-6.940112917726302955e-03,-7.342724275556281044e-03
1.730435480393397590e-02,2.257051855941933499e-02
4.119513559557744231e-02,5.128752375476537673e-02
6.258883815161386810e-02,7.619794884583110106e-02
7.929711574109409022e-02,9.482488513692993726e-02
8.935384071985676135e-02,1.051036967316473503e-01
9.132316598774699312e-02,1.056772074588114285e-01
8.457892028883923219e-02,9.614557819254096471e-02
6.948343736333376097e-02,7.720386106128836190e-02
4.741184472013421081e-02,5.061824921062836602e-02
2.060203654781000981e-02,1.903055615631721320e-02
-8.144838367163280413e-03,-1.437334054785250476e-02
-3.584664304952002445e-02,-4.625984371416523577e-02
-5.971843489408323880e-02,-7.352776484699667658e-02
-7.747330133784256778e-02,-9.361029365544795700e-02
-8.751239511382796765e-02,-1.046738609275927462e-01
-8.901294266625481288e-02,-1.057248698395676506e-01
-8.194476463799096888e-02,-9.665299929250389943e-02
-6.704202873952891384e-02,-7.823396564083903715e-02
-4.574073976096460631e-02,-5.209484550877488407e-02
-2.007971774656853309e-02,-2.062767838045319324e-02
7.441875790248859979e-03,1.316757923635149957e-02
3.405804022476843079e-02,4.592210626763398862e-02
5.698503993954656677e-02,7.421617483956072236e-02
7.371830468705233008e-02,9.495459491524302353e-02
8.234655990383740742e-02,1.057572454357633834e-01
8.183029783580712813e-02,1.053030862555666969e-01
7.218411640568199450e-02,9.355753561933258244e-02
5.451464277642858319e-02,7.182351140923129429e-02
3.089236173999889909e-02,4.258734468813823310e-02
4.069598839180052496e-03,9.175743066426919614e-03
-2.290694223740404739e-02,-2.471340805929812812e-02
-4.711114258503418945e-02,-5.551102418152197016e-02
-6.609376153672984200e-02,-8.020736274425009638e-02
-7.811676847736982732e-02,-9.663979545093301371e-02
-8.224805901182688506e-02,-1.036128223726888314e-01
-7.834278769400321307e-02,-1.008746072734624799e-01
-6.695753779899765723e-02,-8.900422863234833115e-02
-4.923707916699000126e-02,-6.926552305084124339e-02
-2.679543574800950095e-02,-4.346365532447365315e-02
-1.598017968496109886e-03,-1.381506203566850582e-02
2.415780569207581774e-02,1.717734671580775641e-02
4.817405245437655914e-02,4.686061765659599310e-02
6.821053514705703591e-02,7.259745309891726950e-02
8.227993896102521465e-02,9.197207928246592390e-02
8.887008364566716112e-02,1.030315090220209756e-01
8.715956679088457393e-02,1.045346224571356841e-01
7.717749669369686205e-02,9.616016037598323907e-02
5.985967378053642929e-02,7.861672502314133448e-02
3.697131650263263403e-02,5.361095913564944276e-02
1.089536188966538921e-02,2.366275154791647878e-02
-1.568027560689385508e-02,-8.202637580137714379e-03
-4.011345167562604258e-02,-3.882296678642889465e-02
-6.012274353935188886e-02,-6.525488727909385667e-02
-7.400941579628586564e-02,-8.505923710591489773e-02
-8.076605790119327499e-02,-9.648944919907241624e-02
-8.008811860098363766e-02,-9.858968975381654509e-02
-7.232212795347388312e-02,-9.122838781091821558e-02
-5.838049739378904646e-02,-7.509146339831103412e-02
-3.963989923657638970e-02,-5.164371508740714378e-02
-1.783039792333836193e-02,-2.304976659976430003e-02
5.083224360640917205e-03,7.962056070448544909e-03
2.703238682360017270e-02,3.830667249333653823e-02
4.599676302163776404e-02,6.482284130206772410e-02
6.018191855446328176e-02,8.461316658042195016e-02
6.821103012371171337e-02,9.540732328937301387e-02
6.930028074114080727e-02,9.589047797114329252e-02
6.337839864845545845e-02,8.592742951980925081e-02
5.111689855065548044e-02,6.662200731095187234e-02
3.385541689989103598e-02,4.018331898000414293e-02
1.343053223629744539e-02,9.617413061748875114e-03
-8.058485201215749572e-03,-2.169170944705022669e-02
-2.849572202037355118e-02,-5.042199960012742899e-02
-4.595528129411700913e-02,-7.368850416391187208e-02
-5.883962464926707076e-02,-8.929926342314327414e-02
-6.595526026906746442e-02,-9.588200259188879582e-02
-6.655776807972099696e-02,-9.291070471532901498e-02
-6.039938354921197544e-02,-8.067830384501123442e-02
-4.778965737979133654e-02,-6.025157289347009976e-02
-2.965117268406035345e-02,-3.341688276502675914e-02
-7.536173757414076080e-03,-2.599578594600138182e-03
1.642940563554452088e-02,2.927111182566852210e-02
3.969682917199675309e-02,5.897374946350060487e-02
5.954540140927375852e-02,8.328780496526654031e-02
7.341452667212915173e-02,9.935008190526679883e-02
7.927068789802861615e-02,1.050317207600654779e-01
7.594254104366744695e-02,9.927291681622685271e-02
6.335537323097251150e-02,8.230521501126349115e-02
4.261437705374865326e-02,5.570371572992888903e-02
1.591595613028920150e-02,2.224370653567371917e-02
-1.370226471163372983e-02,-1.442100130718207418e-02
-4.273450491438919585e-02,-5.020259453108011360e-02
-6.764496795375447846e-02,-8.107111874125995377e-02
-8.530597450678628624e-02,-1.035202580438896458e-01
-9.337951000738972662e-02,-1.149518715051205259e-01
-9.060481983632773240e-02,-1.139481468211283738e-01
-7.697223832782978947e-02,-1.004204658101769398e-01
-5.376947069792577250e-02,-7.563433939111996462e-02
-2.348471164423178437e-02,-4.211010324576718727e-02
1.044420955693171893e-02,-3.396924786290972387e-03
4.402463746209074602e-02,3.627717994783830058e-02
7.320725570188764408e-02,7.246037986331349545e-02
9.442130661163464223e-02,1.009958094216262536e-01
1.050681912551820613e-01,1.185428075062530395e-01
1.038945253402363406e-01,1.230272599038129411e-01
9.117563274799053707e-02,1.139456605470657996e-01
6.866436637875122928e-02,9.245845269563224278e-02
3.930212717803986677e-02,6.123716864051154812e-02
6.742686083903388916e-03,2.407794512884431359e-02
-2.521378676705394312e-02,-1.464989620056285358e-02
-5.315948399663755763e-02,-5.060994488986153561e-02
-7.448883918164543594e-02,-8.004238394547813495e-02
-8.761925742632649394e-02,-1.001580346326787496e-01
-9.201357928757598892e-02,-1.093453042335903597e-01
-8.804226318119337535e-02,-1.072009637607126281e-01
-7.675568790736458924e-02,-9.442869788434749001e-02
-5.964471009129761192e-02,-7.266119476400312305e-02
-3.844691877642648914e-02,-4.425248602312881196e-02
-1.501773331478881146e-02,-1.206444482963885123e-02
8.749207919784313114e-03,2.075233471306527772e-02
3.098378091202210610e-02,5.099536558211036075e-02
4.991235386122892803e-02,7.567322236125099966e-02
6.396018040930645521e-02,9.228783372037206723e-02
7.188708624197401309e-02,9.911088534803343120e-02
7.294165568462709914e-02,9.541365158679135372e-02
6.699834834624807112e-02,8.160114299750059752e-02
5.463120204694078830e-02,5.920592170313049990e-02
3.708987114138529578e-02,3.072065543172800353e-02
1.617581362366928704e-02,-7.111896004461243370e-04
-5.952074036974813742e-03,-3.168731632543310417e-02
-2.700149757009995266e-02,-5.894420646368606076e-02
-4.476837789314349475e-02,-7.969560648945708814e-02
-5.733920385526432295e-02,-9.187842685089436801e-02
-6.326829875099547473e-02,-9.430386524897711731e-02
-6.172952838689926142e-02,-8.672963703178306061e-02
-5.264177007325634289e-02,-6.987144096318204101e-02
-3.675863003408415264e-02,-4.536255745421484409e-02
-1.569613184043178178e-02,-1.565645928616041238e-02
8.141412313555730640e-03,1.614413098354936654e-02
3.177186894871001505e-02,4.654949713120162813e-02
5.198728847139619941e-02,7.203996514380545113e-02
6.581060936090958602e-02,8.949323033239389713e-02
7.098365314526655645e-02,9.662570446411097858e-02
6.639268146415093497e-02,9.236850750656827591e-02
5.233525425855516805e-02,7.709329955482691066e-02
3.054953415111307316e-02,5.261989025518894192e-02
3.970994375814357324e-03,2.197794110086380079e-02
-2.374972090074090048e-02,-1.104579403732936643e-02
-4.886285986394179465e-02,-4.248290706029810015e-02
-6.812631491470204359e-02,-6.875500254855845816e-02
-7.927427423476807178e-02,-8.712478510647740648e-02
-8.127356457988135774e-02,-9.595822105621944209e-02
-7.435631735289099931e-02,-9.479070278622768464e-02
-5.986426761135343194e-02,-8.423685810147620023e-02
-3.996472426734493100e-02,-6.580292389810224463e-02
-1.730477345236692763e-02,-4.165567093171330948e-02
5.338667980942783664e-03,-1.438354046931471578e-02
2.537646746756429955e-02,1.323599602519475588e-02
4.067959315435330792e-02,3.846646615223301563e-02
4.980568712732507536e-02,5.885055575451912657e-02
5.217461743858582690e-02,7.245908540235311557e-02
4.817180086824952162e-02,7.813197817194356132e-02
3.914454455289335250e-02,7.566769870338845017e-02
2.725623964531472682e-02,6.590372175108621944e-02
1.517970234729065435e-02,5.063735334657358533e-02
5.644279936032819273e-03,3.236602282059683477e-02
8.988744760287034619e-04,1.387392848204688223e-02
2.202500395010931547e-03,-2.255797968274794035e-03
9.479953851621725561e-03,-1.408884030290453657e-02
2.125828452615463604e-02,-2.063440893287408692e-02
3.492900121285878734e-02,-2.191705997298750569e-02
4.728854092144271770e-02,-1.882359425459785920e-02
5.523208161462997423e-02,-1.278738895190640115e-02
5.643653563599011769e-02,-5.410316299038810291e-03
4.987127843971488755e-02,1.874130673371943168e-03
3.601399693636353483e-02,8.017666271302029135e-03
1.671772104393879493e-02,1.241711193955224481e-02
-5.236545240248371980e-03,1.482947728724440251e-02
-2.678159531493070483e-02,1.519928364598251494e-02
-4.522807363243921963e-02,1.348158443802224306e-02
-5.878087533479603444e-02,9.539518136972853501e-03
-6.679142111973529472e-02,3.159393863183028450e-03
-6.971106618902847551e-02,-5.825156231963197519e-03
-6.879252811898450837e-02,-1.735205757995416168e-02
-6.564491456593010699e-02,-3.096277342968896396e-02
-6.177035454964664718e-02,-4.570702445498684569e-02
-5.819434647602740596e-02,-6.015239508405605118e-02
-5.525824988608010746e-02,-7.250164526837275802e-02
-5.259134554030829578e-02,-8.079898428414659939e-02
-4.924205077639256384e-02,-8.319512422929623008e-02
-4.393037039939624161e-02,-7.823742889877138840e-02
-3.537696429725536995e-02,-6.515079835318363100e-02
-2.265536396674327352e-02,-4.407171363444140760e-02
-5.502531693841690441e-03,-1.619194799699728154e-02
1.547903912805150689e-02,1.623294696376458707e-02
3.877847927499573216e-02,5.004335477601061510e-02
6.211410899618427517e-02,8.150924869533761330e-02
8.273986943368813463e-02,1.068076853491358724e-01
9.787821089942641550e-02,1.225791850238078379e-01
1.052070020602875050e-01,1.264711432894219945e-01
1.033032054309161174e-01,1.175632199150925539e-01
9.194170775637797166e-02,9.657874011534008096e-02
7.217769720262511013e-02,6.582512926724154445e-02
4.619921171066258825e-02,2.887005804598009179e-02
1.699584392530845839e-02,-9.974928759044945914e-03
-1.207616324297040161e-02,-4.625311308339639937e-02
-3.774840878104170072e-02,-7.593392123605775812e-02
-5.724531286335655944e-02,-9.587631660546550028e-02
-6.859260438326884868e-02,-1.041416662761974199e-01
-7.080705921567506667e-02,-1.001456226248120807e-01
-6.396807877152115018e-02,-8.465975082663698692e-02
-4.918472876710915098e-02,-5.968412871464682384e-02
-2.847077406036149089e-02,-2.821399431516107698e-02
-4.531894583900207552e-03,6.079533636608139280e-03
1.953222382632815307e-02,3.923638331906119381e-02
4.059465594610185690e-02,6.743822525011189395e-02
5.589808955228546539e-02,8.744555601581598114e-02
6.342557122419187343e-02,9.698909844168233929e-02
6.218470068944080553e-02,9.505646410827320314e-02
5.235198556277435855e-02,8.202069554390099826e-02
3.524040586705577682e-02,5.957628846537453560e-02
1.308242866398967932e-02,3.048014652121873447e-02
-1.133636720673338733e-02,-1.863229413493358577e-03
-3.511507321755771849e-02,-3.389222334792784536e-02
-5.564927285979934246e-02,-6.235295857089575428e-02
-7.093578266034658575e-02,-8.464921893789346952e-02
-7.973025219158488830e-02,-9.902962883038564368e-02
-8.156085609769912759e-02,-1.046159576320491585e-01
-7.663191540462357954e-02,-1.013168534819622463e-01
-6.566738487826810633e-02,-8.968878151862813564e-02
-4.974771551924137003e-02,-7.080040698499261154e-02
-3.018294809332196238e-02,-4.613488782145711009e-02
-8.439225755760122738e-03,-1.753502401624771473e-02
1.389581739956027157e-02,1.283223409452558667e-02
3.514437134880570024e-02,4.253328885900746481e-02
5.360181363633504531e-02,6.898833251197401817e-02
6.765086272227455177e-02,8.967607271304779692e-02
7.592489587070548607e-02,1.024131483097546619e-01
7.750068288360817403e-02,1.056673333350989230e-01
7.208289777522046415e-02,9.884039754161895452e-02
6.012736488932095974e-02,8.244729643482778814e-02
4.285013198720964700e-02,5.812969690232974718e-02
2.209692377947396896e-02,2.847790820644284515e-02
9.467031381106549848e-05,-3.311287903081251704e-03
-2.085322733827773417e-02,-3.386493287698681687e-02
-3.865649337038765815e-02,-6.005717911456615044e-02
-5.166054602687390057e-02,-7.934799700593661576e-02
-5.877988514943031234e-02,-8.999972219814708629e-02
-5.954453076476973195e-02,-9.117369286850005028e-02
-5.407793568846583354e-02,-8.293362326223575887e-02
-4.303407215494197552e-02,-6.618838791567706326e-02
-2.752086854845594427e-02,-4.259928899743244124e-02
-9.024016070269282735e-03,-1.446176330138645993e-02
1.067475601373573529e-02,1.544518324168291101e-02
2.960419491922978985e-02,4.405909969812554783e-02
4.575190316911822291e-02,6.829785000234360470e-02
5.725732135144703805e-02,8.538240380503631100e-02
6.263524463276613774e-02,9.318707433403988771e-02
6.100103389902471196e-02,9.056173129649515430e-02
5.225479107507927101e-02,7.755867675100801273e-02
3.717248136152791205e-02,5.550191503316283248e-02
1.735984267888221813e-02,2.686110832142390992e-02
-4.941894129400124791e-03,-5.064578383154182128e-03
-2.716265806500021973e-02,-3.659731203561993051e-02
-4.675306884869751683e-02,-6.417422173797564244e-02
-6.150494071986598033e-02,-8.478753424109353176e-02
-6.979422362332840524e-02,-9.630314468544673434e-02
-7.072763969346176904e-02,-9.763299661518888561e-02
-6.419673864196984159e-02,-8.877387655846437353e-02
-5.085625238901372164e-02,-7.074419117562483206e-02
-3.204877201811259096e-02,-4.545122041098627330e-02
-9.693013637886240680e-03,-1.551109256857489960e-02
1.386159449402529775e-02,1.597040471175550924e-02
3.602616473629836891e-02,4.565954313509301699e-02
5.422251332656977119e-02,7.030413732811478800e-02
6.618646914613016130e-02,8.708348421022697738e-02
7.028938942305282267e-02,9.396711224646882299e-02
6.581961282980994254e-02,9.002551592731353192e-02
5.315817103215768336e-02,7.562356464121668120e-02
3.379316866309273887e-02,5.243659901357648756e-02
1.014469756621274796e-02,2.326160114642979171e-02
-1.478386114159992160e-02,-8.356261665046355036e-03
-3.786195741918197549e-02,-3.861368369329407080e-02
-5.629475672466473235e-02,-6.395916404039432568e-02
-6.799371446381638484e-02,-8.152866614913457932e-02
-7.179359782672090073e-02,-8.944414793047988921e-02
-6.750714877317284812e-02,-8.695665229809951269e-02
-5.584873368480180317e-02,-7.445302213542903669e-02
-3.827319191216587563e-02,-5.336146812027395270e-02
-1.677128891519578599e-02,-2.598612241171389947e-02
6.348676806615348445e-03,4.713642427893391385e-03
2.867576557319611447e-02,3.539360674237279625e-02
4.790230090237675153e-02,6.263993518623837964e-02
6.202373080522543408e-02,8.331720840012396545e-02
6.953325664061046907e-02,9.492502984718553805e-02
6.959721878065336376e-02,9.592345626987747176e-02
6.217959185698537783e-02,8.597334185578064947e-02
4.807889760402961343e-02,6.603492019463330642e-02
2.885529766452202272e-02,3.828609230680403430e-02
6.652222867770174464e-03,5.860167087763108740e-03
-1.605812803287930829e-02,-2.755329253173753601e-02
-3.676187310179693246e-02,-5.817099242344821175e-02
-5.317775148953254871e-02,-8.256340182550937767e-02
-6.348244922259883849e-02,-9.802569355004815688e-02
-6.646895036678612811e-02,-1.028380840502774729e-01
-6.164098858549679760e-02,-9.640855067089562636e-02
-4.925866002386534298e-02,-7.930891867999842471e-02
-3.034450700813005886e-02,-5.321947033938755067e-02
-6.641824022359223145e-03,-2.078967042168874263e-02
1.949513766604972498e-02,1.458702845761310207e-02
4.529417667319940444e-02,4.908703647370737944e-02
6.783807500770468180e-02,7.884942392233579289e-02
8.439470945577756678e-02,1.004171674268871106e-01
9.276701253667332669e-02,1.111757916341751945e-01
9.161358885625572879e-02,1.097243863673794118e-01
8.068157812510787230e-02,9.611022011046047031e-02
6.089527842712613714e-02,7.186878249808553720e-02
3.426694943676623917e-02,3.984091674497806240e-02
3.637945610759522885e-03,3.786483840757456920e-03
-2.769897817859159200e-02,-3.213484512767995904e-02
-5.642226789442704449e-02,-6.391368209346162677e-02
-7.957785243721884894e-02,-8.817299355341894074e-02
-9.489661535403326464e-02,-1.025154332325503709e-01
-1.010037038115901009e-01,-1.057116305102474008e-01
-9.751310407656935131e-02,-9.774044413225629890e-02
-8.502018186382237497e-02,-7.971230173795736118e-02
-6.501406515018925969e-02,-5.371090525950059785e-02
-3.972688565481130585e-02,-2.257989442808899100e-02
-1.192474847600491494e-02,1.033398902048882073e-02
1.536002687157360380e-02,4.148115841822144767e-02
3.914625003522879954e-02,6.745137963871607190e-02
5.684307184549340641e-02,8.534064827637861950e-02
6.656850036986469710e-02,9.310372006115501253e-02
6.739960224276012046e-02,8.983726715892592640e-02
5.950900337889174913e-02,7.593573442618470337e-02
4.415119914169661486e-02,5.307442469834913051e-02
2.348413537287375938e-02,2.400272632492343738e-02
2.493149634842928286e-04,-7.827984298647248929e-03
-2.262586457080700136e-02,-3.873426400786287443e-02
-4.241990504376554061e-02,-6.527592087775867247e-02
-5.693220369892326022e-02,-8.465090786802860479e-02
-6.468503833631118749e-02,-9.495798662520406330e-02
-6.501080105469116133e-02,-9.531796095616132392e-02
-5.804307392989282999e-02,-8.587570220563701950e-02
-4.463757102405140759e-02,-6.771660451020782012e-02
-2.624972671160812759e-02,-4.272651318855338887e-02
-4.790371419727448843e-03,-1.341298538074096186e-02
1.753235367407539325e-02,1.730526474259774100e-02
3.839193564861409502e-02,4.634142359970251646e-02
5.555437460728026439e-02,7.071748541684969025e-02
6.711817747370091292e-02,8.786690143138135844e-02
7.175730317469507236e-02,9.593676088823778481e-02
6.892353490021814466e-02,9.404435717149275953e-02
5.896124913579569443e-02,8.243323270147417947e-02
4.309635217184874106e-02,6.248016689969997095e-02
2.328075997836934891e-02,3.652906989166850027e-02
1.906213460166499007e-03,7.567003069309220786e-03
-1.855808076401256612e-02,-2.119900450781364576e-02
-3.591911342645108529e-02,-4.677523831041098534e-02
-4.852124460500951975e-02,-6.673372124497257973e-02
-5.536682579363867013e-02,-7.942240353683131804e-02
-5.609909840236199791e-02,-8.401971847818050232e-02
-5.089021816568796430e-02,-8.046510143494697842e-02
-4.029274020076718810e-02,-6.932164218569461522e-02
-2.510692982177734067e-02,-5.162663692972653540e-02
-6.299005031344992456e-03,-2.876851763401942069e-02
1.501698282419951930e-02,-2.405933384621722348e-03
3.754712123432116938e-02,2.557718128026549576e-02
5.977417176135118443e-02,5.310587706997521584e-02
7.995402064785855911e-02,7.797500156916774283e-02
9.619435798158904039e-02,9.797096633254362419e-02
1.066309040650473133e-01,1.110686192781654702e-01
1.096843658383416242e-01,1.156862947107875905e-01
1.043533900159685224e-01,1.109523335043285652e-01
9.047765663396567515e-02,9.691811944908113041e-02
6.889525668479984377e-02,7.465175077345992394e-02
4.143002759638560184e-02,4.616593182532187367e-02
1.068400426959955490e-02,1.417302304701360816e-02
-2.033339208784459839e-02,-1.829028460871441608e-02
-4.866026308729060751e-02,-4.828662665789550112e-02
-7.182430853226662304e-02,-7.335732907715317164e-02
-8.818727818079913350e-02,-9.178632665153148296e-02
-9.713466032280876350e-02,-1.027166289622947343e-01
-9.908503773567764461e-02,-1.061252148175584609e-01
-9.532641451599709048e-02,-1.026878744408434296e-01
-8.771899834822602382e-02,-9.357777469644820711e-02
-7.832734997221496576e-02,-8.024333633007657562e-02
-6.905100399636507347e-02,-6.420444930006069528e-02
-6.131253566451882325e-02,-4.689279771089160942e-02
-5.584581249321850932e-02,-2.954637633250407902e-02
-5.261338063275047827e-02,-1.315633961740936275e-02
-5.086896569301867232e-02,1.540752364189601487e-03
-4.936194185561957465e-02,1.403328893298861485e-02
-4.665510342514560260e-02,2.397734881712939442e-02
-4.150468366696777323e-02,3.112450823160398117e-02
-3.324099936328657467e-02,3.524772136224257196e-02
-2.208717032933600610e-02,3.607499354583203893e-02
-9.353170895150163255e-03,3.323915744206488304e-02
2.559467905942205967e-03,2.625916900013022803e-02
1.040093984333673172e-02,1.458215717555980465e-02
1.059498551585671619e-02,-2.277407824989072238e-03
1.440374449168321802e-05,-2.448039513020765223e-02
-2.308765044222737400e-02,-5.150762203850839382e-02
-5.815968164206387903e-02,-8.177921324316536622e-02
-1.016655412399054825e-01,-1.123642590096334271e-01
-1.468576519634110789e-01,-1.389118702040376407e-01
-1.841917396090013426e-01,-1.559136762626473216e-01
-2.024581340889050896e-01,-1.573483882615903662e-01
-1.905527541213917764e-01,-1.376701361561762649e-01
-1.396502982278786109e-01,-9.300459537259619935e-02
-4.541351310624482107e-02,-2.233683236736262734e-02
9.019513766178102743e-02,7.156546877550148955e-02
2.579244335544190192e-01,1.817386318247518617e-01
4.414019423219754379e-01,2.973013836895941897e-01
6.186209929873927038e-01,4.044979110290314317e-01
7.646767589264418241e-01,4.884364520849068803e-01
8.554231551312015958e-01,5.353007254991249964e-01
8.714891910544088072e-01,5.346776537424255960e-01
8.019377324791576722e-01,4.815671816011001249e-01
6.468207677934906252e-01,3.776500305729857954e-01
4.180201331413946897e-01,2.315006969966460493e-01
1.380651585276622129e-01,5.763204198808699608e-02
-1.629601149773998170e-01,-1.254972679527816548e-01
-4.518721732264303625e-01,-2.981515997173462829e-01
-6.973422693128192851e-01,-4.421547115098276026e-01
-8.743967727936808876e-01,-5.433667930193832873e-01
-9.676670512317464556e-01,-5.933900973150119107e-01
-9.729193700930972577e-01,-5.902908258615437997e-01
-8.967751709293919626e-01,-5.383378622570380578e-01
-7.548649142614873853e-01,-4.469266855138687711e-01
-5.688876287871276194e-01,-3.289537056705843510e-01
-3.631539722977972229e-01,-1.989353124781790272e-01
-1.611809848859151462e-01,-7.114442035698559375e-02
1.718916394078018328e-02,4.201444659289860217e-02
1.578171352088715840e-01,1.312342712279022938e-01
2.532694066432699120e-01,1.910443473854474550e-01
3.027805568925890367e-01,2.200213727947460118e-01
3.113057674046467715e-01,2.204906646279816695e-01
2.879176624591270883e-01,1.977930862841601189e-01
2.438778203027529845e-01,1.592490594780655577e-01
1.907237180675165622e-01,1.129903361275786111e-01
1.386576385328866234e-01,6.683790842136203003e-02
9.542617089594511437e-02,2.737630686880008352e-02
6.576516121759692912e-02,-6.795082372870811516e-04
5.137851418179398971e-02,-1.479121339978611838e-02
5.133731356753239161e-02,-1.460052246228527029e-02
6.274151177168107996e-02,-1.689412425339445467e-03
8.148521524404811478e-02,2.082738205232359530e-02
1.029991662375113470e-01,4.880810338053713504e-02
1.228897156702711269e-01,7.763458350059004864e-02
1.374337511635392861e-01,1.027675868045164059e-01
1.439170483972474490e-01,1.202700423206876090e-01
1.408216494725360035e-01,1.272572614984035788e-01
1.278780174682993542e-01,1.222292797596502001e-01
1.059986602185253035e-01,1.052424782087226368e-01
7.710425644572439785e-02,7.788841703681048667e-02
4.385212301136441615e-02,4.306969535431980078e-02
9.290482782154205199e-03,4.596562024389100332e-03
-2.351475877201454623e-02,-3.333304431464301221e-02
-5.182080994798365925e-02,-6.667985236448065178e-02
-7.346736801900517755e-02,-9.204514700818515471e-02
-8.703421477190825817e-02,-1.070243065277349387e-01
-9.190426001055633509e-02,-1.104078978608644124e-01
-8.825337728165341677e-02,-1.022396189585322024e-01
-7.698968196663016905e-02,-8.375628673489528275e-02
-5.965943336538570563e-02,-5.723491928965707826e-02
-3.832790425667426115e-02,-2.576462116542431457e-02
-1.543287229278572821e-02,7.045476922677942899e-03
6.399464323166764723e-03,3.741276793950309987e-02
2.458386301748038266e-02,6.176804068446058171e-02
3.684294890825945412e-02,7.715600595460782307e-02
4.148275610036301908e-02,8.160502626739998822e-02
3.763282342012662374e-02,7.440710804774430809e-02
2.540360169283719868e-02,5.624855003530862541e-02
5.921594981120516937e-03,2.915039532712607531e-02
-1.877999451879223958e-02,-3.786400745357037037e-03
-4.600888158582705501e-02,-3.879271891506184955e-02
-7.275775838121431582e-02,-7.192443372812420965e-02
-9.607558479983074884e-02,-9.954507419630963250e-02
-1.133950479065966854e-01,-1.187178900867048442e-01
-1.227716219379822726e-01,-1.274622021792617133e-01
-1.230274185860784075e-01,-1.248710716226376916e-01
-1.138184807193642345e-01,-1.111179530267740745e-01
-9.564673953994222433e-02,-8.738815831743532159e-02
-6.982593609956921910e-02,-5.575965856960155009e-02
-3.839930527620132039e-02,-1.904015423474450519e-02
-4.002045362210611412e-03,1.944407548564366928e-02
3.033888340206279677e-02,5.611291251708173944e-02
6.147164796334343706e-02,8.744845955380046998e-02
8.644459862015833884e-02,1.103468521485953951e-01
1.028577406105299769e-01,1.224733156380607146e-01
1.091848089059392624e-01,1.225712429494067723e-01
1.050008588839788370e-01,1.106669117230423827e-01
9.106339045533561050e-02,8.811757856274310408e-02
6.922452620047464533e-02,5.747494314845973118e-02
4.218631772622739862e-02,2.217367785854541112e-02
1.314304257922154634e-02,-1.390533078602708417e-02
-1.462268416705215374e-02,-4.691902490086834188e-02
-3.811761647690273952e-02,-7.350905948233391052e-02
-5.493452512142939920e-02,-9.114401865363522259e-02
-6.344631099546693687e-02,-9.832207707548681896e-02
-6.290662565523742755e-02,-9.463478355936000286e-02
-5.347742972172165460e-02,-8.071831087995667842e-02
-3.619617613906363912e-02,-5.812691920402509455e-02
-1.288308241085546826e-02,-2.915688352387189874e-02
1.401428540489630704e-02,3.362642783942118574e-03
4.163602991446091472e-02,3.630387635697604476e-02
6.697471347099623329e-02,6.649487900867395718e-02
8.717572127139078253e-02,9.098853775641710384e-02
9.985186120536335141e-02,1.073357983918131198e-01
1.033774274435973889e-01,1.138433044159490037e-01
9.711388520836561344e-02,1.097825048745736942e-01
8.151856374326116317e-02,9.550782008498630293e-02
5.810425693608445297e-02,7.244448884918411324e-02
2.924577103923501481e-02,4.292666961969059808e-02
-2.139455915594640212e-03,9.900007401645642691e-03
-3.298132143574092345e-02,-2.346020323210895597e-02
-6.044318044240627741e-02,-5.413855675277065571e-02
-8.222958087467792387e-02,-7.959833735823491907e-02
-9.676653671214269226e-02,-9.797618142586228540e-02
-1.032489622442972488e-01,-1.081417690195143610e-01
-1.015904322747292199e-01,-1.096542626252835634e-01
-9.232685266457424378e-02,-1.026716737206480323e-01
-7.651413840991022619e-02,-8.786632701419987146e-02
-5.563560231287884711e-02,-6.637429159626800912e-02
-3.151540234815491254e-02,-3.977484847323878303e-02
-6.225620503163588337e-03,-1.007249046863888803e-02
1.802875075271715560e-02,2.035564521409349847e-02
3.906306067936182042e-02,4.888068536376648232e-02
5.491293331961017571e-02,7.283049845795326604e-02
6.406924053605086988e-02,8.978003219487021291e-02
6.571047032488118445e-02,9.788632050405782214e-02
5.987703113521605780e-02,9.620270582513766600e-02
4.753205843095716088e-02,8.489387041374965581e-02
3.047039755623044688e-02,6.528307514048474480e-02
1.106684534944517295e-02,3.969551705826725174e-02
-8.105776677583845236e-03,1.111102137269661533e-02
-2.471389103552405764e-02,-1.730637733667862721e-02
-3.704920745227639756e-02,-4.269358015699042941e-02
-4.426013221421322419e-02,-6.287199044563926420e-02
-4.637024310853053027e-02,-7.654572742728042722e-02
-4.409380185707049982e-02,-8.329164953650067260e-02
-3.851805632680827679e-02,-8.338185921871574258e-02
-3.075179496748578836e-02,-7.752078338259724144e-02
-2.163782062909937881e-02,-6.658755779341578307e-02
-1.160328034852967788e-02,-5.145552889513999723e-02
-6.834008855771227242e-04,-3.292697742534656663e-02
1.129464001298379275e-02,-1.178332696753216918e-02
2.443005826979794542e-02,1.108426496668881572e-02
3.846303382902578616e-02,3.452528548973501227e-02
5.258042909088726791e-02,5.703172951028055021e-02
6.537990294753510956e-02,7.674957169780032007e-02
7.501738316067130263e-02,9.162757951673339285e-02
7.951851553209246526e-02,9.969225799572455082e-02
7.719324042583783352e-02,9.939977349932554995e-02
6.705831707181705847e-02,8.998615999588595316e-02
4.915716581891770715e-02,7.172381742024697138e-02
2.468428028768041710e-02,4.600464929237865069e-02
-4.125652235943466639e-03,1.521242317883667039e-02
-3.431568951723769356e-02,-1.759199834182675892e-02
-6.265029980154396272e-02,-4.909521167085305338e-02
-8.608388605443796637e-02,-7.616650729158698507e-02
-1.021643409205335862e-01,-9.621967441218393091e-02
-1.093098973865661849e-01,-1.074539978035369131e-01
-1.069328754029837680e-01,-1.089660028231950600e-01
-9.542017461174329140e-02,-1.007523823824325315e-01
-7.600773587819034671e-02,-8.363875504498617663e-02
-5.059450615233664766e-02,-5.916802576749984055e-02
-2.153101991691875466e-02,-2.946942294156864456e-02
8.598574116165193237e-03,2.887665269278777425e-03
3.719138538679386818e-02,3.506298135910237979e-02
6.182922378357169624e-02,6.414759997576245654e-02
8.046386117837066310e-02,8.740178603147598368e-02
9.158188550835311137e-02,1.025197162292273700e-01
9.434658086988165215e-02,1.078984322339225921e-01
8.870258097808632336e-02,1.028725564253803321e-01
7.541357322417129028e-02,8.786272550187075592e-02
5.600118380400698898e-02,6.438534092822863208e-02
3.257358183783218980e-02,3.489464467603409920e-02
7.566384540596750308e-03,2.473053045820093609e-03
-1.655346983896109625e-02,-2.956741407014823464e-02
-3.756219945524109233e-02,-5.808589796155494422e-02
-5.368557592779693577e-02,-8.043939217538741138e-02
-6.371481608177359535e-02,-9.469429536656875923e-02
-6.703678215826308628e-02,-9.972209152889607853e-02
-6.360616402233171263e-02,-9.520809490815423937e-02
-5.389653543947835190e-02,-8.161356894635340975e-02
-3.885665995701891029e-02,-6.012342020732538983e-02
-1.987391782540575552e-02,-3.258925895982033721e-02
1.275550924691018495e-03,-1.452471226652173042e-03
2.251688533578957013e-02,3.038264152182196254e-02
4.162411011311286518e-02,5.975229816101218505e-02
5.642694677920308266e-02,8.352114604681162846e-02
6.506361749061449762e-02,9.893664548859466834e-02
6.625080947243267016e-02,1.040061055918272137e-01
5.952328255792847800e-02,9.783110650832177457e-02
4.538182596009567027e-02,8.082267629791080321e-02
2.529452473584595934e-02,5.472877610836318629e-02
1.529302110544174254e-03,2.244075302009424996e-02
-2.315628747568689721e-02,-1.239807952167196886e-02
-4.590223256168355498e-02,-4.590270245988621600e-02
-6.413003482271747990e-02,-7.446745404125378054e-02
-7.585467762728023700e-02,-9.519875251533917171e-02
-7.988189249855183471e-02,-1.061968728192388689e-01
-7.587876086767794681e-02,-1.066689749529690368e-01
-6.433465317487221946e-02,-9.689374914943731099e-02
-4.644852251841204149e-02,-7.808168649458360755e-02
-2.397958021864178557e-02,-5.218075669672499195e-02
9.165620865510815118e-04,-2.166670693609538956e-02
2.586150338667624060e-02,1.066245477514315282e-02
4.843997400612983645e-02,4.188679093529484865e-02
6.639793137790901689e-02,6.916818986845005290e-02
7.784750030855611125e-02,8.996476317949994583e-02
8.146858848334140313e-02,1.022536116986384330e-01
7.668846527701228544e-02,1.047461351826038389e-01
6.380732510614944841e-02,9.706563202733818618e-02
4.402902790589301868e-02,7.984613808510640509e-02
1.936463621312394662e-02,5.471228462452285696e-02
-7.594667920700182151e-03,2.411988573916966361e-02
-3.400081893497990115e-02,-8.926140102975564650e-03
-5.710577379901565082e-02,-4.122223621790174763e-02
-7.458394797220681272e-02,-6.971367523151678069e-02
-8.476769963808895858e-02,-9.178037647391593112e-02
-8.677048816159362021e-02,-1.054344556234171060e-01
-8.050139210461003392e-02,-1.094344460207753583e-01
-6.659866777594612708e-02,-1.033388447104472835e-01
-4.632115996469958474e-02,-8.752304834229238106e-02
-2.142879869184155517e-02,-6.317243403848787908e-02
5.938356675132282214e-03,-3.224639328192965143e-02
3.339379155005750555e-02,2.607972575788389258e-03
5.846811005748533269e-02,3.821894708818136810e-02
7.880998487833898447e-02,7.114605969630106996e-02
9.241645206333234941e-02,9.802183020515226053e-02
9.787125656765742476e-02,1.159459869668915677e-01
9.455832809739227185e-02,1.228764872941223024e-01
8.280545114851250998e-02,1.179480797340458215e-01
6.390812502766257674e-02,1.016481422587288408e-01
3.999912396883000681e-02,7.579693745003211747e-02
1.376899117672859135e-02,4.331843511946558561e-02
-1.190944421486973132e-02,7.840437371787092879e-03
-3.436916112100196069e-02,-2.679218023452790975e-02
-5.146860776076946087e-02,-5.699182698157057025e-02
-6.179122912834782849e-02,-7.981081639347609169e-02
-6.471239685950808118e-02,-9.319370693986446519e-02
-6.035615799244774260e-02,-9.610079395989476470e-02
-4.948653501569507535e-02,-8.852900980403902165e-02
-3.338158027005215522e-02,-7.146250365671658056e-02
-1.372087724868995343e-02,-4.677563948435658342e-02
7.512600122327808827e-03,-1.709339405280675683e-02
2.813964783696851213e-02,1.440182343725152775e-02
4.592885977402313968e-02,4.423219287804980304e-02
5.879001731901369043e-02,6.895859581978044939e-02
6.500608891308493065e-02,8.556604504493917074e-02
6.347312204252172907e-02,9.185407266758902067e-02
5.390333255995211070e-02,8.676798452260423011e-02
3.693882910970783945e-02,7.060184773950328729e-02
1.412809441677883096e-02,4.501491329429702093e-02
-1.225611252047600908e-02,1.283360313363221539e-02
-3.953250190452282931e-02,-2.233989975286006235e-02
-6.499031237842479991e-02,-5.663795885328229418e-02
-8.624272069434672783e-02,-8.644841686067727959e-02
-1.014829018888138423e-01,-1.088419482312945330e-01
-1.096101847810202895e-01,-1.218405697876692728e-01
-1.102332763556753276e-01,-1.245145447466969590e-01
-1.035853438131716514e-01,-1.169378970633381254e-01
-9.039949257857204934e-02,-1.000544061864550999e-01
-7.179151733576588645e-02,-7.550636629894831586e-02
-4.917804400637825618e-02,-4.546340697206981141e-02
-2.422765386447046226e-02,-1.246561692820089690e-02
1.184319296570410240e-03,2.072729229316909449e-02
2.505432832353776673e-02,5.130174894392258711e-02
4.538596681076970119e-02,7.658937792730603766e-02
6.038262797434911650e-02,9.430206757069327372e-02
6.867699510382238581e-02,1.027848647128434129e-01
6.955962668081061562e-02,1.012496447158452717e-01
6.315392226009830523e-02,8.993979186389089442e-02
5.047878814809667047e-02,7.017361544037686860e-02
3.335629095907644698e-02,4.422854668876573248e-02
1.416330404787428596e-02,1.506360205409036646e-02
-4.522475385413293053e-03,-1.407409022885481448e-02
-2.029772103729256955e-02,-4.007418939412954462e-02
-3.124506202019553674e-02,-6.032768561676538077e-02
-3.612419260143510946e-02,-7.296672571658813222e-02
-3.442506177106058329e-02,-7.696082320512905028e-02
-2.630299020667162951e-02,-7.209229243831921652e-02
-1.244291213267921525e-02,-5.885814577993366686e-02
6.089774992632929901e-03,-3.834945925526957178e-02
2.796591028065643914e-02,-1.214540178547797444e-02
5.165984162148680447e-02,1.776578302730728171e-02
7.548159418352801131e-02,4.905329394819213373e-02
9.760727467433905069e-02,7.913024733803966648e-02
1.161434122382114381e-01,1.052943674397277540e-01
1.292514182969282943e-01,1.249424606032167595e-01
1.353409459089826294e-01,1.358529417465967060e-01
1.333149261965348442e-01,1.365019877536451931e-01
1.228170962423696527e-01,1.263531946929559446e-01
1.044085802981181837e-01,1.060457631373921544e-01
7.960191496152188573e-02,7.741255823452626583e-02
5.071574217984124722e-02,4.329371521040558529e-02
2.056765395493452553e-02,7.167174941781505326e-03
-7.929511391382280949e-03,-2.732800624854603289e-02
-3.218088848690933007e-02,-5.687262085961744540e-02
-5.025161383008044935e-02,-7.886031567353551930e-02
-6.108135014356756709e-02,-9.164769347841619784e-02
-6.454803577439230389e-02,-9.464970656156472539e-02
-6.139291831542560002e-02,-8.830217829069597624e-02
-5.304735160885245410e-02,-7.393119287278115959e-02
-4.141254215264784239e-02,-5.357065434028295686e-02
-2.863396377499458079e-02,-2.975772276041448172e-02
-1.689254976297030475e-02,-5.318447525598277159e-03
-8.218740326595315449e-03,1.685757087075893251e-02
-4.328794321970468040e-03,3.405737371403456948e-02
-6.482012585756674605e-03,4.399567737759171177e-02
-1.535892987425419715e-02,4.505992889513936450e-02
-3.096618706480637473e-02,3.652047336135598454e-02
-5.258569817920733663e-02,1.866831952540637385e-02
-7.879645012874181287e-02,-7.158966473095280947e-03
-1.075925529351597076e-01,-3.869142204351232184e-02
-1.365950468366754766e-01,-7.297970951874921397e-02
-1.633204122829910176e-01,-1.067457493386237827e-01
-1.854488193214395009e-01,-1.367599094627728051e-01
-2.010422261485494688e-01,-1.601731265554252881e-01
-2.086880046354628315e-01,-1.747604572963647740e-01
-2.075700161202069793e-01,-1.790699591612813224e-01
-1.974856367691422698e-01,-1.724966320479269233e-01
-1.788333373073908161e-01,-1.553072348646585554e-01
-1.525911205700538065e-01,-1.286321633656116736e-01
-1.202905279878329903e-01,-9.442352758791941469e-02
-8.396923931349842274e-02,-5.536183693678367601e-02
-4.607062024820011981e-02,-1.468470511171122983e-02
-9.262601708774305387e-03,2.408327427454658165e-02
2.382903609135103573e-02,5.749744630537388657e-02
5.094776079293425464e-02,8.262128790265760303e-02
7.054300285337727905e-02,9.744949940740402217e-02
8.204999235722391926e-02,1.012432562526592583e-01
8.604221423394109447e-02,9.469846751354327186e-02
8.419969062423252049e-02,7.989257617451617222e-02
7.907468148403146158e-02,6.000024245347313628e-02
7.369322704689208747e-02,3.882518594867111206e-02
7.108105114440298189e-02,2.024474569345506569e-02
7.381838919307956437e-02,7.682094156692576004e-03
8.370493413532517635e-02,3.699696438094327022e-03
1.015729537228234614e-01,9.760163495559526226e-03
1.272478285324154246e-01,2.615210427905829971e-02
1.596308146122887017e-01,5.204768944853122026e-02
1.968662744321063029e-01,8.564959854515259707e-02
2.365523016683032942e-01,1.243912996932917958e-01
2.759611767734986287e-01,1.651674123416001505e-01
3.122531857781722375e-01,2.045840114828616496e-01
3.426843242875010076e-01,2.392276741944178720e-01
3.648135099885877475e-01,2.659525102836474142e-01
3.767057802738877914e-01,2.821743634296657310e-01
3.771134541649550087e-01,2.861447074219481967e-01
3.656076290993963140e-01,2.771622281589570802e-01
3.426307247779382670e-01,2.556757464778979805e-01
3.094458714157439783e-01,2.232418472772689511e-01
2.679730144288124394e-01,1.823249738445783252e-01
2.205285342251993019e-01,1.359642820158985521e-01
1.695186641372873615e-01,8.737021671290959302e-02
1.171572462248968438e-01,3.953666381230036553e-02
6.526825646777625889e-02,-5.053182053827376397e-03
1.519708591892833527e-02,-4.458591898005478948e-02
-3.218554837923498502e-02,-7.794836091279327972e-02
-7.642613735452756518e-02,-1.046716420114362639e-01
-1.174180569892018244e-01,-1.248426393244427834e-01
-1.553479730089203370e-01,-1.390245672192650661e-01
-1.906727249528165080e-01,-1.482051373438165731e-01
-2.241215854157930232e-01,-1.537667363182813607e-01
-2.566986941520201237e-01,-1.574544353829668841e-01
-2.896476032698824810e-01,-1.613074081820224659e-01
-3.243443221580883939e-01,-1.675214655023725685e-01
-3.621074244212772464e-01,-1.782275043392659297e-01
-4.039424603139756265e-01,-1.951990171249614048e-01
-4.502609959115341232e-01,-2.195315665883167400e-01
-5.006286677857361145e-01,-2.513582399687290803e-01
-5.536036880265478022e-01,-2.896719094353102930e-01
-6.067243164501954222e-01,-3.323149223157803589e-01
-6.566814854185271111e-01,-3.761669714279027299e-01
-6.996675899306178392e-01,-4.175136326436269529e-01
-7.318394560716328101e-01,-4.525247932661471406e-01
-7.497994986500962078e-01,-4.777380423086907690e-01
-7.509999460205626365e-01,-4.904454550050135753e-01
-7.340032071600602892e-01,-4.889202733153144020e-01
-6.985684375601436402e-01,-4.724718561350968460e-01
-6.455690164792367014e-01,-4.413606135586100043e-01
-5.767757720845417824e-01,-3.966278288569116683e-01
-4.945627297417634072e-01,-3.398977881412359459e-01
-4.015984002222440230e-01,-2.731966523697489935e-01
-3.005738010388800951e-01,-1.988107149709777977e-01
-1.939969607876117774e-01,-1.191832086828312348e-01
-8.406441958208732412e-02,-3.683090603945021746e-02
2.739302878099715566e-02,4.574522231815700279e-02
1.389048676794029102e-01,1.261761948425162705e-01
2.493219459361750157e-01,2.023756402726198667e-01
3.577743207111270807e-01,2.727147553704281080e-01
4.636436181080633157e-01,3.361924103270334530e-01
5.665436384056254937e-01,3.925552417502471969e-01
6.662855886343945766e-01,4.423189365532544937e-01
7.628088225586888704e-01,4.866602218134960522e-01
8.560802590469640538e-01,5.271879597520364724e-01
9.459859389935696417e-01,5.656431831655908127e-01
1.032240911264080019e+00,6.035982970037206963e-01
1.114331093791746552e+00,6.422150456678582531e-01
1.191485572409763272e+00,6.820895755903104707e-01
1.262667537096498593e+00,7.231803570214901944e-01
1.326566940740112832e+00,7.647947875550559216e-01
1.381579543328226301e+00,8.056069621289464466e-01
1.425769500066329742e+00,8.436895547480280921e-01
1.456834036049901693e+00,8.765607967612706330e-01
1.472106500598234780e+00,9.012647623132561403e-01
1.468634417146508442e+00,9.145106285434679849e-01
1.443350222069053057e+00,9.128889902571947212e-01
1.393326121411324614e+00,8.931631654677094634e-01
1.316083944433062314e+00,8.526094095855434318e-01
1.209918256578807139e+00,7.893603408755820450e-01
1.074181189484513910e+00,7.026944381720771071e-01
9.094713831074919819e-01,5.932129608417001654e-01
7.176779499439037702e-01,4.628579454087057288e-01
5.018615319469806879e-01,3.147549656254167161e-01
2.659993504817531051e-01,1.529074165572097133e-01
1.465630029876530821e-02,-1.819234522361279360e-02
-2.473485791212605700e-01,-1.939557489630003295e-01
-5.152291566610935902e-01,-3.700318090253236214e-01
-7.844489987072154058e-01,-5.425527618914132155e-01
-1.050867911645671393e+00,-7.082938794476065780e-01
-1.310835374677385312e+00,-8.647677453569565520e-01
-1.561255938750508498e+00,-1.010276056388772048e+00
-1.799644859123096685e+00,-1.143932670707948240e+00
-2.024170320703420067e+00,-1.265654481479417948e+00
-2.233652934979953653e+00,-1.376098255155967065e+00
-2.427479957039119007e+00,-1.476511093121509077e+00
-2.605398848019996993e+00,-1.568467552563970191e+00
-2.767177862023440404e+00,-1.653488498672877949e+00
-2.912151933641588641e+00,-1.732568878929485079e+00
-3.038707039435865287e+00,-1.805675349299214583e+00
-3.143794196121280748e+00,-1.871303519170346430e+00
-3.222596198842465398e+00,-1.926201779876362208e+00
-3.268477107829509176e+00,-1.965363861756305619e+00
-3.273309902170300933e+00,-1.982355055234956254e+00
-3.228204069829252010e+00,-1.969968710437165260e+00
-3.124565707441348650e+00,-1.921130378446825215e+00
-2.955345395653051543e+00,-1.829905764036087623e+00
-2.716277295293744398e+00,-1.692443138371896749e+00
-2.406887931195305086e+00,-1.507688859434107131e+00
-2.031057767975777750e+00,-1.277744524442715246e+00
-1.596960895736950548e+00,-1.007778350178456295e+00
-1.116291226544701365e+00,-7.054604997673739053e-01
-6.027987497768101388e-01,-3.799616696785343417e-01
-7.029043893873121451e-02,-4.063117488424855539e-02
4.696185533208869223e-01,3.044548116397524096e-01
1.009604420611906361e+00,6.498245889469286274e-01
1.548117649847502220e+00,9.935407868161491018e-01
2.089794254114937022e+00,1.337461864113855814e+00
2.644460139021810985e+00,1.686642049152258904e+00
3.224622387539494817e+00,2.047814229052756119e+00
3.841649328077688885e+00,2.427088078948938410e+00
4.501177264547380652e+00,2.827201195331240147e+00
5.198583377469379485e+00,3.244841612112698837e+00
