-0.02785
-0.05078
-0.07264
-0.09267
-0.11005
-0.12402
-0.13385
-0.13906
-0.13925
-0.13421
-0.12391
-0.10841
-0.08808
-0.06332
-0.03475
-0.00312
0.03074
0.06587
0.10129
0.13598
0.16891
0.19908
0.22559
0.24757
0.26431
0.27524
0.27989
0.27805
0.26957
0.25456
0.23330
0.20616
0.17377
0.13681
0.09611
0.05261
0.00727
-0.03886
-0.08473
-0.12933
-0.17165
-0.21073
-0.24575
-0.27590
-0.30059
-0.31927
-0.33157
-0.33727
-0.33626
-0.32863
-0.31457
-0.29440
-0.26862
-0.23776
-0.20253
-0.16366
-0.12198
-0.07835
-0.03367
0.01116
0.05525
0.09773
0.13779
0.17464
0.20762
0.23611
0.25960
0.27772
0.29016
0.29678
0.29751
0.29244
0.28178
0.26579
0.24491
0.21964
0.19054
0.15828
0.12354
0.08709
0.04966
0.01202
-0.02508
-0.06092
-0.09483
-0.12618
-0.15443
-0.17912
-0.19983
-0.21629
-0.22827
-0.23566
-0.23846
-0.23670
-0.23055
-0.22022
-0.20600
-0.18825
-0.16735
-0.14375
-0.11793
-0.09037
-0.06157
-0.03205
-0.00230
0.02718
0.05593
0.08349
0.10946
0.13345
0.15512
0.17416
0.19031
0.20336
0.21315
0.21953
0.22246
0.22191
0.21789
0.21050
0.19985
0.18611
0.16951
0.15028
0.12875
0.10521
0.08005
0.05365
0.02640
-0.00127
-0.02894
-0.05617
-0.08255
-0.10767
-0.13113
-0.15256
-0.17163
-0.18803
-0.20149
-0.21181
-0.21880
-0.22235
-0.22240
-0.21892
-0.21197
-0.20163
-0.18805
-0.17143
-0.15202
-0.13010
-0.10600
-0.08009
-0.05276
-0.02444
0.00442
0.03339
0.06199
0.08977
0.11628
0.14107
0.16373
0.18389
0.20119
0.21533
0.22607
0.23320
0.23661
0.23621
0.23201
0.22408
0.21254
0.19761
0.17954
0.15865
0.13531
0.10990
0.08288
0.05470
0.02582
-0.00329
-0.03216
-0.06038
-0.08752
-0.11320
-0.13709
-0.15889
-0.17836
-0.19529
-0.20952
-0.22093
-0.22946
-0.23508
-0.23777
-0.23757
-0.23452
-0.22870
-0.22019
-0.20911
-0.19556
-0.17969
-0.16163
-0.14155
-0.11962
-0.09603
-0.07101
-0.04479
-0.01764
0.01015
0.03825
0.06630
0.09395
0.12078
0.14638
0.17033
0.19221
0.21160
0.22810
0.24135
0.25102
0.25682
0.25856
0.25608
0.24930
0.23825
0.22302
0.20378
0.18082
0.15445
0.12513
0.09333
0.05960
0.02453
-0.01125
-0.04710
-0.08235
-0.11636
-0.14850
-0.17815
-0.20477
-0.22783
-0.24691
-0.26162
-0.27165
-0.27682
-0.27696
-0.27204
-0.26212
-0.24730
-0.22782
-0.20397
-0.17613
-0.14475
-0.11033
-0.07347
-0.03476
0.00513
0.04550
0.08567
0.12491
0.16252
0.19783
0.23016
0.25891
0.28353
0.30350
0.31845
0.32802
0.33198
0.33023
0.32272
0.30955
0.29091
0.26709
0.23852
0.20567
0.16913
0.12957
0.08767
0.04420
-0.00005
-0.04430
-0.08775
-0.12964
-0.16924
-0.20585
-0.23888
-0.26777
-0.29204
-0.31135
-0.32536
-0.33394
-0.33696
-0.33442
-0.32644
-0.31316
-0.29489
-0.27196
-0.24477
-0.21383
-0.17965
-0.14283
-0.10399
-0.06378
-0.02287
0.01806
0.05833
0.09726
0.13421
0.16854
0.19966
0.22706
0.25023
0.26878
0.28237
0.29073
0.29373
0.29127
0.28341
0.27028
0.25209
0.22919
0.20199
0.17100
0.13680
0.10001
0.06135
0.02153
-0.01869
-0.05855
-0.09730
-0.13420
-0.16855
-0.19971
-0.22707
-0.25012
-0.26843
-0.28161
-0.28942
-0.29170
-0.28837
-0.27949
-0.26516
-0.24566
-0.22132
-0.19254
-0.15987
-0.12388
-0.08524
-0.04467
-0.00292
0.03920
0.08089
0.12135
0.15977
0.19539
0.22752
0.25547
0.27870
0.29673
0.30916
0.31577
0.31637
0.31098
0.29969
0.28274
0.26049
0.23339
0.20201
0.16701
0.12909
0.08905
0.04767
0.00578
-0.03579
-0.07627
-0.11491
-0.15099
-0.18391
-0.21310
-0.23812
-0.25862
-0.27429
-0.28500
-0.29065
-0.29126
-0.28693
-0.27784
-0.26423
-0.24641
-0.22475
-0.19965
-0.17154
-0.14091
-0.10825
-0.07407
-0.03889
-0.00324
0.03235
0.06735
0.10126
0.13356
0.16377
0.19144
0.21612
0.23743
0.25502
0.26856
0.27784
0.28265
0.28288
0.27848
0.26947
0.25599
0.23820
0.21640
0.19091
0.16216
0.13065
0.09689
0.06148
0.02503
-0.01183
-0.04846
-0.08421
-0.11850
-0.15072
-0.18035
-0.20693
-0.23001
-0.24929
-0.26448
-0.27540
-0.28195
-0.28407
-0.28184
-0.27536
-0.26480
-0.25043
-0.23251
-0.21139
-0.18744
-0.16105
-0.13264
-0.10264
-0.07149
-0.03964
-0.00753
0.02441
0.05575
0.08608
0.11498
0.14208
0.16702
0.18946
0.20908
0.22561
0.23881
0.24848
0.25445
0.25664
0.25497
0.24947
0.24020
0.22728
0.21090
0.19130
0.16880
0.14374
0.11653
0.08760
0.05743
0.02650
-0.00467
-0.03558
-0.06573
-0.09463
-0.12181
-0.14685
-0.16933
-0.18891
-0.20528
-0.21820
-0.22745
-0.23291
-0.23450
-0.23218
-0.22601
-0.21610
-0.20259
-0.18571
-0.16572
-0.14294
-0.11774
-0.09052
-0.06173
-0.03183
-0.00131
0.02932
0.05955
0.08885
0.11672
0.14268
0.16624
0.18700
0.20456
0.21857
0.22878
0.23494
0.23693
0.23468
0.22817
0.21751
0.20285
0.18443
0.16257
0.13763
0.11006
0.08034
0.04900
0.01661
-0.01625
-0.04901
-0.08105
-0.11183
-0.14078
-0.16740
-0.19121
-0.21178
-0.22877
-0.24186
-0.25083
-0.25553
-0.25584
-0.25178
-0.24339
-0.23080
-0.21422
-0.19390
-0.17017
-0.14340
-0.11403
-0.08252
-0.04937
-0.01513
0.01965
0.05441
0.08857
0.12156
0.15284
0.18186
0.20812
0.23117
0.25058
0.26601
0.27714
0.28376
0.28574
0.28296
0.27548
0.26337
0.24679
0.22604
0.20140
0.17329
0.14217
0.10855
0.07298
0.03606
-0.00160
-0.03939
-0.07667
-0.11284
-0.14730
-0.17949
-0.20889
-0.23502
-0.25746
-0.27583
-0.28985
-0.29926
-0.30391
-0.30371
-0.29863
-0.28874
-0.27416
-0.25509
-0.23181
-0.20465
-0.17403
-0.14040
-0.10428
-0.06626
-0.02692
0.01309
0.05310
0.09244
0.13043
0.16639
0.19971
0.22974
0.25595
0.27782
0.29493
0.30694
0.31358
0.31472
0.31030
0.30037
0.28512
0.26480
0.23980
0.21058
0.17768
0.14174
0.10342
0.06343
0.02253
-0.01856
-0.05909
-0.09833
-0.13562
-0.17033
-0.20188
-0.22980
-0.25364
-0.27308
-0.28786
-0.29780
-0.30282
-0.30290
-0.29812
-0.28861
-0.27457
-0.25628
-0.23405
-0.20826
-0.17932
-0.14768
-0.11385
-0.07832
-0.04164
-0.00435
0.03299
0.06980
0.10553
0.13963
0.17155
0.20078
0.22685
0.24930
0.26776
0.28189
0.29142
0.29616
0.29598
0.29089
0.28091
0.26621
0.24703
0.22367
0.19657
0.16617
0.13304
0.09778
0.06100
0.02339
-0.01437
-0.05161
-0.08766
-0.12187
-0.15365
-0.18244
-0.20775
-0.22917
-0.24631
-0.25895
-0.26686
-0.26994
-0.26818
-0.26160
-0.25037
-0.23468
-0.21482
-0.19113
-0.16402
-0.13397
-0.10147
-0.06710
-0.03144
0.00489
0.04127
0.07705
0.11160
0.14430
0.17457
0.20184
0.22561
0.24544
0.26096
0.27185
0.27793
0.27906
0.27525
0.26658
0.25320
0.23543
0.21359
0.18815
0.15960
0.12849
0.09543
0.06104
0.02592
-0.00930
-0.04405
-0.07778
-0.10997
-0.14023
-0.16815
-0.19344
-0.21589
-0.23530
-0.25160
-0.26472
-0.27469
-0.28155
-0.28536
-0.28623
-0.28427
-0.27958
-0.27227
-0.26244
-0.25018
-0.23556
-0.21863
-0.19945
-0.17806
-0.15452
-0.12887
-0.10121
-0.07164
-0.04031
-0.00741
0.02681
0.06202
0.09786
0.13389
0.16959
0.20440
0.23771
0.26887
0.29723
0.32210
0.34283
0.35884
0.36955
0.37451
0.37340
0.36592
0.35204
0.33180
0.30540
0.27324
0.23581
0.19382
0.14804
0.09938
0.04885
-0.00251
-0.05361
-0.10334
-0.15065
-0.19453
-0.23400
-0.26827
-0.29659
-0.31838
-0.33323
-0.34084
-0.34114
-0.33418
-0.32018
-0.29954
-0.27276
-0.24053
-0.20360
-0.16283
-0.11919
-0.07363
-0.02720
0.01910
0.06427
0.10735
0.14743
0.18373
0.21550
0.24215
0.26321
0.27830
0.28725
0.28995
0.28646
0.27699
0.26182
0.24139
0.21619
0.18684
0.15399
0.11834
0.08064
0.04164
0.00207
-0.03732
-0.07585
-0.11286
-0.14773
-0.17994
-0.20900
-0.23449
-0.25607
-0.27345
-0.28644
-0.29489
-0.29871
-0.29789
-0.29246
-0.28252
-0.26820
-0.24971
-0.22730
-0.20123
-0.17187
-0.13960
-0.10483
-0.06804
-0.02975
0.00951
0.04915
0.08858
0.12715
0.16424
0.19922
0.23146
0.26034
0.28532
0.30585
0.32150
0.33187
0.33666
0.33571
0.32888
0.31623
0.29789
0.27410
0.24527
0.21185
0.17443
0.13369
0.09037
0.04527
-0.00075
-0.04684
-0.09211
-0.13571
-0.17682
-0.21464
-0.24850
-0.27775
-0.30187
-0.32044
-0.33311
-0.33972
-0.34017
-0.33449
-0.32286
-0.30551
-0.28285
-0.25531
-0.22345
-0.18791
-0.14935
-0.10852
-0.06617
-0.02309
0.01994
0.06214
0.10278
0.14114
0.17657
0.20849
0.23635
0.25976
0.27832
0.29182
0.30008
0.30304
0.30075
0.29332
0.28099
0.26405
0.24289
0.21796
0.18974
0.15881
0.12572
0.09108
0.05549
0.01957
-0.01610
-0.05096
-0.08445
-0.11609
-0.14540
-0.17197
-0.19543
-0.21544
-0.23176
-0.24413
-0.25240
-0.25646
-0.25623
-0.25171
-0.24292
-0.23000
-0.21308
-0.19240
-0.16822
-0.14089
-0.11082
-0.07844
-0.04429
-0.00892
0.02708
0.06306
0.09836
0.13232
0.16426
0.19354
0.21953
0.24165
0.25940
0.27235
0.28011
0.28247
0.27925
0.27045
0.25615
0.23652
0.21193
0.18276
0.14957
0.11296
0.07362
0.03232
-0.01017
-0.05301
-0.09536
-0.13642
-0.17539
-0.21151
-0.24407
-0.27247
-0.29612
-0.31461
-0.32754
-0.33467
-0.33584
-0.33101
-0.32026
-0.30374
-0.28175
-0.25466
-0.22291
-0.18709
-0.14778
-0.10569
-0.06155
-0.01612
0.02980
0.07540
0.11989
0.16249
0.20245
0.23906
0.27167
0.29973
0.32272
0.34025
0.35202
0.35780
0.35754
0.35123
0.33899
0.32108
0.29781
0.26964
0.23707
0.20070
0.16119
0.11924
0.07561
0.03105
-0.01366
-0.05776
-0.10050
-0.14119
-0.17917
-0.21383
-0.24466
-0.27117
-0.29302
-0.30987
-0.32153
-0.32788
-0.32885
-0.32450
-0.31493
-0.30035
-0.28103
-0.25728
-0.22953
-0.19821
-0.16384
-0.12698
-0.08820
-0.04814
-0.00743
0.03327
0.07329
0.11199
0.14872
0.18285
0.21382
0.24110
0.26419
0.28271
0.29630
0.30475
0.30789
0.30567
0.29816
0.28549
0.26793
0.24585
0.21967
0.18996
0.15730
0.12237
0.08587
0.04854
0.01114
-0.02559
-0.06094
-0.09421
-0.12478
-0.15211
-0.17569
-0.19518
-0.21028
-0.22080
-0.22671
-0.22799
-0.22484
-0.21747
-0.20622
-0.19154
-0.17389
-0.15383
-0.13197
-0.10893
-0.08535
-0.06188
-0.03913
-0.01769
0.00191
0.01921
0.03379
0.04538
0.05375
0.05881
0.06057
0.05913
0.05472
0.04765
0.03831
0.02719
0.01482
0.00179
-0.01131
-0.02389
-0.03535
-0.04517
-0.05289
-0.05811
-0.06058
-0.06014
-0.05671
-0.05042
-0.04145
-0.03013
-0.01689
-0.00221
0.01335
0.02919
0.04473
0.05941
0.07271
0.08423
0.09357
0.10055
0.10505
0.10707
0.10676
0.10434
0.10014
0.09457
0.08807
0.08113
0.07421
0.06774
0.06214
0.05774
0.05474
0.05332
0.05349
0.05520
0.05829
0.06246
0.06741
0.07272
0.07793
0.08258
0.08618
0.08828
0.08847
0.08637
0.08171
0.07429
0.06399
0.05083
0.03489
0.01637
-0.00441
-0.02711
-0.05126
-0.07635
-0.10182
-0.12710
-0.15157
-0.17465
-0.19576
-0.21434
-0.22991
-0.24200
-0.25026
-0.25437
-0.25411
-0.24936
-0.24006
-0.22628
-0.20814
-0.18589
-0.15985
-0.13041
-0.09807
-0.06336
-0.02692
0.01061
0.04853
0.08609
0.12258
0.15726
0.18941
0.21835
0.24348
0.26422
0.28011
0.29076
0.29588
0.29534
0.28905
0.27711
0.25973
0.23718
0.20992
0.17845
0.14340
0.10546
0.06536
0.02390
-0.01810
-0.05982
-0.10046
-0.13923
-0.17542
-0.20832
-0.23736
-0.26200
-0.28182
-0.29650
-0.30579
-0.30958
-0.30785
-0.30065
-0.28819
-0.27071
-0.24857
-0.22220
-0.19208
-0.15878
-0.12288
-0.08504
-0.04591
-0.00616
0.03352
0.07246
0.11000
0.14550
0.17839
0.20811
0.23416
0.25613
0.27366
0.28646
0.29435
0.29718
0.29498
0.28777
0.27573
0.25909
0.23815
0.21334
0.18509
0.15393
0.12043
0.08519
0.04885
0.01205
-0.02458
-0.06037
-0.09473
-0.12706
-0.15682
-0.18351
-0.20669
-0.22597
-0.24107
-0.25170
-0.25774
-0.25907
-0.25569
-0.24766
-0.23512
-0.21830
-0.19747
-0.17300
-0.14532
-0.11490
-0.08227
-0.04802
-0.01275
0.02290
0.05828
0.09273
0.12560
0.15628
0.18417
0.20870
0.22942
0.24587
0.25772
0.26471
0.26667
0.26355
0.25538
0.24228
0.22453
0.20242
0.17641
0.14699
0.11472
0.08026
0.04425
0.00739
-0.02959
-0.06601
-0.10116
-0.13440
-0.16511
-0.19272
-0.21675
-0.23677
-0.25242
-0.26346
-0.26969
-0.27104
-0.26751
-0.25915
-0.24616
-0.22877
-0.20730
-0.18214
-0.15372
-0.12258
-0.08923
-0.05429
-0.01836
0.01792
0.05390
0.08894
0.12240
0.15369
0.18220
0.20744
0.22891
0.24621
0.25901
0.26702
0.27013
0.26820
0.26128
0.24948
0.23299
0.21211
0.18720
0.15872
0.12719
0.09317
0.05729
0.02017
-0.01751
-0.05508
-0.09189
-0.12731
-0.16070
-0.19152
-0.21924
-0.24339
-0.26359
-0.27948
-0.29082
-0.29741
-0.29913
-0.29597
-0.28792
-0.27512
-0.25774
-0.23601
-0.21028
-0.18088
-0.14826
-0.11291
-0.07535
-0.03616
0.00407
0.04470
0.08507
0.12454
0.16244
0.19812
0.23097
0.26037
0.28580
0.30676
0.32281
0.33364
0.33895
0.33860
0.33253
0.32076
0.30347
0.28089
0.25340
0.22146
0.18561
0.14650
0.10481
0.06130
0.01675
-0.02804
-0.07226
-0.11512
-0.15588
-0.19382
-0.22828
-0.25872
-0.28461
-0.30559
-0.32135
-0.33167
-0.33647
-0.33574
-0.32957
-0.31816
-0.30176
-0.28074
-0.25550
-0.22651
-0.19429
-0.15940
-0.12243
-0.08398
-0.04466
-0.00509
0.03413
0.07242
0.10920
0.14394
0.17617
0.20541
0.23128
0.25343
0.27159
0.28553
0.29509
0.30020
0.30083
0.29705
0.28897
0.27677
0.26072
0.24109
0.21826
0.19261
0.16456
0.13458
0.10315
0.07074
0.03784
0.00494
-0.02750
-0.05901
-0.08917
-0.11757
-0.14382
-0.16758
-0.18854
-0.20641
-0.22095
-0.23196
-0.23927
-0.24274
-0.24231
-0.23791
-0.22955
-0.21729
-0.20121
-0.18148
-0.15828
-0.13188
-0.10259
-0.07079
-0.03691
-0.00143
0.03509
0.07206
0.10884
0.14473
0.17903
0.21103
0.23997
0.26515
0.28589
0.30151
0.31146
0.31522
0.31237
0.30266
0.28586
0.26199
0.23114
0.19356
0.14972
0.10014
0.04559
-0.01307
-0.07487
-0.13864
-0.20320
-0.26726
-0.32946
-0.38844
-0.44284
-0.49131
-0.53259
-0.56550
-0.58898
-0.60218
-0.60431
-0.59495
-0.57379
-0.54082
-0.49633
-0.44074
-0.37493
-0.29990
-0.21694
-0.12762
-0.03359
0.06322
0.16083
0.25717
0.35014
0.43767
0.51783
0.58873
0.64878
0.69658
0.73095
0.75118
0.75673
0.74751
0.72381
0.68612
0.63548
0.57304
0.50034
0.41915
0.33133
0.23897
0.14419
0.04912
-0.04412
-0.13350
-0.21717
-0.29338
-0.36068
-0.41784
-0.46384
-0.49810
-0.52012
-0.52990
-0.52761
-0.51367
-0.48886
-0.45407
-0.41046
-0.35933
-0.30207
-0.24021
-0.17531
-0.10894
-0.04267
0.02201
0.08371
0.14107
0.19298
0.23843
0.27655
0.30677
0.32857
0.34176
0.34627
0.34222
0.32998
0.30998
0.28292
0.24955
0.21074
0.16751
0.12086
0.07190
0.02171
-0.02862
-0.07804
-0.12553
-0.17018
-0.21111
-0.24759
-0.27900
-0.30476
-0.32453
-0.33800
-0.34502
-0.34558
-0.33973
-0.32772
-0.30982
-0.28643
-0.25806
-0.22525
-0.18863
-0.14889
-0.10674
-0.06294
-0.01826
0.02654
0.07068
0.11341
0.15402
0.19181
0.22618
0.25653
0.28239
0.30335
0.31905
0.32929
0.33391
0.33288
0.32628
0.31425
0.29708
0.27510
0.24878
0.21861
0.18517
0.14911
0.11108
0.07176
0.03186
-0.00794
-0.04697
-0.08460
-0.12024
-0.15337
-0.18350
-0.21027
-0.23333
-0.25245
-0.26746
-0.27824
-0.28479
-0.28712
-0.28534
-0.27960
-0.27007
-0.25698
-0.24060
-0.22120
-0.19909
-0.17459
-0.14802
-0.11973
-0.09005
-0.05935
-0.02798
0.00370
0.03533
0.06653
0.09693
0.12617
0.15387
0.17966
0.20318
0.22410
0.24208
0.25683
0.26808
0.27561
0.27924
0.27885
0.27438
0.26582
0.25326
0.23683
0.21675
0.19331
0.16683
0.13776
0.10652
0.07364
0.03965
0.00511
-0.02941
-0.06334
-0.09612
-0.12722
-0.15612
-0.18238
-0.20557
-0.22534
-0.24141
-0.25353
-0.26155
-0.26536
-0.26494
-0.26034
-0.25164
-0.23903
-0.22271
-0.20296
-0.18012
-0.15454
-0.12664
-0.09684
-0.06561
-0.03344
-0.00081
0.03176
0.06379
0.09476
0.12422
0.15168
0.17674
0.19898
0.21806
0.23366
0.24553
0.25349
0.25737
0.25713
0.25276
0.24430
0.23191
0.21576
0.19613
0.17331
0.14766
0.11962
0.08960
0.05809
0.02559
-0.00740
-0.04036
-0.07277
-0.10414
-0.13397
-0.16180
-0.18719
-0.20972
-0.22905
-0.24481
-0.25674
-0.26459
-0.26817
-0.26736
-0.26206
-0.25228
-0.23807
-0.21954
-0.19690
-0.17039
-0.14036
-0.10723
-0.07146
-0.03362
0.00568
0.04577
0.08593
0.12540
0.16341
0.19915
0.23186
0.26075
0.28512
0.30432
0.31775
0.32496
0.32558
0.31935
0.30624
0.28625
0.25963
0.22675
0.18810
0.14440
0.09640
0.04504
-0.00867
-0.06364
-0.11874
-0.17281
-0.22469
-0.27325
-0.31744
-0.35629
-0.38889
-0.41455
-0.43266
-0.44276
-0.44465
-0.43818
-0.42350
-0.40085
-0.37066
-0.33357
-0.29025
-0.24160
-0.18855
-0.13212
-0.07340
-0.01347
0.04658
0.10567
0.16280
0.21703
0.26748
0.31343
0.35419
0.38925
0.41819
0.44067
0.45656
0.46573
0.46822
0.46417
0.45375
0.43729
0.41513
0.38772
0.35554
0.31912
0.27907
0.23598
0.19051
0.14332
0.09507
0.04644
-0.00191
-0.04935
-0.09524
-0.13902
-0.18014
-0.21809
-0.25245
-0.28285
-0.30894
-0.33049
-0.34730
-0.35925
-0.36628
-0.36839
-0.36564
-0.35813
-0.34606
-0.32962
-0.30910
-0.28479
-0.25705
-0.22626
-0.19285
-0.15726
-0.11997
-0.08149
-0.04233
-0.00305
0.03582
0.07371
0.11006
0.14434
0.17599
0.20453
0.22947
0.25038
0.26691
0.27872
0.28560
0.28740
0.28404
0.27558
0.26214
0.24393
0.22131
0.19465
0.16449
0.13137
0.09593
0.05885
0.02084
-0.01739
-0.05509
-0.09157
-0.12614
-0.15815
-0.18704
-0.21229
-0.23345
-0.25019
-0.26221
-0.26935
-0.27151
-0.26869
-0.26099
-0.24854
-0.23163
-0.21054
-0.18566
-0.15744
-0.12635
-0.09295
-0.05778
-0.02144
0.01545
0.05228
0.08843
0.12328
0.15625
0.18676
0.21427
0.23829
0.25838
0.27416
0.28531
0.29160
0.29288
0.28906
0.28019
0.26636
0.24777
0.22473
0.19761
0.16686
0.13302
0.09665
0.05842
0.01898
-0.02095
-0.06068
-0.09947
-0.13664
-0.17151
-0.20345
-0.23186
-0.25622
-0.27608
-0.29104
-0.30082
-0.30520
-0.30406
-0.29741
-0.28529
-0.26792
-0.24556
-0.21857
-0.18744
-0.15268
-0.11493
-0.07486
-0.03321
0.00925
0.05172
0.09339
0.13346
0.17116
0.20575
0.23654
0.26293
0.28438
0.30047
0.31089
0.31541
0.31399
0.30663
0.29351
0.27492
0.25123
0.22296
0.19069
0.15505
0.11679
0.07664
0.03539
-0.00618
-0.04730
-0.08722
-0.12525
-0.16074
-0.19309
-0.22180
-0.24644
-0.26663
-0.28215
-0.29279
-0.29846
-0.29914
-0.29490
-0.28589
-0.27230
-0.25442
-0.23257
-0.20713
-0.17853
-0.14724
-0.11375
-0.07858
-0.04229
-0.00541
0.03148
0.06783
0.10309
0.13672
0.16821
0.19706
0.22283
0.24511
0.26352
0.27777
0.28760
0.29284
0.29337
0.28914
0.28022
0.26669
0.24878
0.22672
0.20087
0.17164
0.13947
0.10490
0.06847
0.03078
-0.00756
-0.04593
-0.08370
-0.12025
-0.15500
-0.18737
-0.21683
-0.24289
-0.26512
-0.28314
-0.29665
-0.30538
-0.30918
-0.30794
-0.30165
-0.29037
-0.27422
-0.25344
-0.22832
-0.19923
-0.16661
-0.13097
-0.09290
-0.05300
-0.01195
0.02954
0.07075
0.11095
0.14940
0.18539
0.21824
0.24730
0.27204
0.29191
0.30654
0.31559
0.31886
0.31627
0.30779
0.29361
0.27395
0.24917
0.21977
0.18628
0.14937
0.10976
0.06822
0.02557
-0.01735
-0.05968
-0.10059
-0.13926
-0.17494
-0.20688
-0.23447
-0.25712
-0.27436
-0.28585
-0.29129
-0.29057
-0.28364
-0.27060
-0.25167
-0.22716
-0.19755
-0.16338
-0.12530
-0.08408
-0.04052
0.00447
0.04995
0.09496
0.13851
0.17961
0.21733
0.25075
0.27905
0.30150
0.31743
0.32638
0.32795
0.32195
0.30836
0.28724
0.25898
0.22397
0.18288
0.13650
0.08571
0.03160
-0.02473
-0.08206
-0.13912
-0.19466
-0.24741
-0.29614
-0.33972
-0.37710
-0.40733
-0.42969
-0.44350
-0.44839
-0.44412
-0.43064
-0.40819
-0.37710
-0.33801
-0.29167
-0.23901
-0.18115
-0.11928
-0.05470
0.01122
0.07709
0.14155
0.20321
0.26087
0.31333
0.35956
0.39873
0.43008
0.45316
0.46763
0.47334
0.47043
0.45907
0.43975
0.41302
0.37958
0.34029
0.29604
0.24780
0.19660
0.14345
0.08938
0.03538
-0.01764
-0.06879
-0.11728
-0.16244
-0.20363
-0.24040
-0.27231
-0.29910
-0.32059
-0.33664
-0.34729
-0.35256
-0.35262
-0.34766
-0.33791
-0.32370
-0.30532
-0.28316
-0.25758
-0.22898
-0.19779
-0.16441
-0.12930
-0.09290
-0.05564
-0.01801
0.01955
0.05657
0.09257
0.12710
0.15969
0.18989
0.21728
0.24144
0.26201
0.27864
0.29105
0.29901
0.30236
0.30098
0.29487
0.28406
0.26872
0.24905
0.22535
0.19800
0.16743
0.13417
0.09876
0.06180
0.02391
-0.01425
-0.05204
-0.08883
-0.12400
-0.15696
-0.18717
-0.21416
-0.23749
-0.25679
-0.27180
-0.28228
-0.28812
-0.28926
-0.28571
-0.27759
-0.26504
-0.24832
-0.22772
-0.20360
-0.17638
-0.14649
-0.11443
-0.08073
-0.04593
-0.01057
0.02476
0.05952
0.09315
0.12512
0.15492
0.18206
0.20614
0.22674
0.24354
0.25627
0.26471
0.26874
0.26826
0.26330
0.25394
0.24031
0.22268
0.20131
0.17657
0.14890
0.11874
0.08662
0.05306
0.01863
-0.01610
-0.05056
-0.08419
-0.11644
-0.14681
-0.17481
-0.19999
-0.22197
-0.24040
-0.25499
-0.26550
-0.27177
-0.27369
-0.27120
-0.26432
-0.25314
-0.23777
-0.21844
-0.19538
-0.16893
-0.13945
-0.10736
-0.07314
-0.03729
-0.00037
0.03705
0.07437
0.11096
0.14622
0.17953
0.21028
0.23792
0.26192
0.28179
0.29714
0.30760
0.31294
0.31299
0.30765
0.29700
0.28116
0.26035
0.23494
0.20533
0.17208
0.13576
0.09702
0.05660
0.01522
-0.02635
-0.06735
-0.10702
-0.14466
-0.17956
-0.21114
-0.23881
-0.26211
-0.28067
-0.29417
-0.30244
-0.30536
-0.30294
-0.29528
-0.28255
-0.26507
-0.24315
-0.21725
-0.18785
-0.15551
-0.12081
-0.08438
-0.04686
-0.00892
0.02878
0.06561
0.10092
0.13411
0.16463
0.19194
0.21562
0.23524
0.25049
0.26112
0.26695
0.26790
0.26395
0.25520
0.24180
0.22400
0.20215
0.17661
0.14787
0.11645
0.08291
0.04787
0.01196
-0.02417
-0.05986
-0.09448
-0.12738
-0.15798
-0.18573
-0.21011
-0.23068
-0.24707
-0.25895
-0.26611
-0.26839
-0.26571
-0.25812
-0.24568
-0.22860
-0.20715
-0.18166
-0.15256
-0.12033
-0.08552
-0.04872
-0.01058
0.02824
0.06704
0.10513
0.14182
0.17642
0.20831
0.23687
0.26159
0.28199
0.29768
0.30836
0.31382
0.31395
0.30874
0.29826
0.28272
0.26234
0.23751
0.20863
0.17619
0.14072
0.10279
0.06301
0.02199
-0.01964
-0.06127
-0.10229
-0.14212
-0.18020
-0.21602
-0.24909
-0.27897
-0.30528
-0.32764
-0.34576
-0.35937
-0.36826
-0.37228
-0.37128
-0.36522
-0.35408
-0.33789
-0.31675
-0.29082
-0.26032
-0.22553
-0.18680
-0.14458
-0.09933
-0.05165
-0.00216
0.04844
0.09938
0.14986
0.19902
0.24600
0.28992
0.32991
0.36511
0.39477
0.41813
0.43459
0.44366
0.44493
0.43824
0.42351
0.40088
0.37069
0.33337
0.28967
0.24039
0.18653
0.12924
0.06971
0.00926
-0.05077
-0.10904
-0.16423
-0.21507
-0.26046
-0.29931
-0.33080
-0.35425
-0.36913
-0.37523
-0.37243
-0.36094
-0.34114
-0.31357
-0.27907
-0.23852
-0.19302
-0.14378
-0.09205
-0.03916
0.01356
0.06480
0.11331
0.15791
0.19758
0.23137
0.25857
0.27862
0.29109
0.29589
0.29296
0.28257
0.26510
0.24110
0.21132
0.17656
0.13777
0.09598
0.05222
0.00755
-0.03696
-0.08032
-0.12158
-0.15987
-0.19447
-0.22470
-0.25008
-0.27020
-0.28481
-0.29380
-0.29712
-0.29490
-0.28735
-0.27473
-0.25745
-0.23590
-0.21059
-0.18204
-0.15077
-0.11737
-0.08239
-0.04639
-0.00996
0.02638
0.06210
0.09667
0.12963
0.16051
0.18889
0.21438
0.23661
0.25529
0.27015
0.28097
0.28759
0.28991
0.28788
0.28153
0.27095
0.25629
0.23778
0.21571
0.19042
0.16232
0.13186
0.09954
0.06588
0.03142
-0.00330
-0.03772
-0.07132
-0.10360
-0.13408
-0.16235
-0.18803
-0.21079
-0.23039
-0.24661
-0.25932
-0.26841
-0.27386
-0.27568
-0.27391
-0.26864
-0.26000
-0.24813
-0.23320
-0.21540
-0.19494
-0.17202
-0.14690
-0.11982
-0.09104
-0.06087
-0.02961
0.00243
0.03486
0.06733
0.09943
0.13074
0.16083
0.18925
0.21555
0.23931
0.26008
0.27747
0.29112
0.30071
0.30600
0.30679
0.30298
0.29458
0.28160
0.26426
0.24279
0.21753
0.18891
0.15741
0.12360
0.08807
0.05143
0.01434
-0.02256
-0.05867
-0.09338
-0.12616
-0.15654
-0.18406
-0.20841
-0.22929
-0.24652
-0.25997
-0.26957
-0.27536
-0.27739
-0.27577
-0.27068
-0.26230
-0.25085
-0.23656
-0.21968
-0.20046
-0.17914
-0.15598
-0.13122
-0.10512
-0.07793
-0.04989
-0.02127
0.00767
0.03664
0.06536
0.09352
0.12079
0.14685
0.17134
0.19390
0.21420
0.23187
0.24658
0.25803
0.26593
0.27005
0.27022
0.26630
0.25826
0.24614
0.23001
0.21010
0.18665
0.16003
0.13065
0.09898
0.06558
0.03101
-0.00412
-0.03920
-0.07360
-0.10674
-0.13803
-0.16696
-0.19302
-0.21581
-0.23499
-0.25026
-0.26144
-0.26840
-0.27109
-0.26955
-0.26387
-0.25423
-0.24084
-0.22398
-0.20397
-0.18115
-0.15594
-0.12872
-0.09992
-0.06998
-0.03933
-0.00840
0.02237
0.05257
0.08179
0.10963
0.13573
0.15972
0.18127
0.20010
0.21590
0.22846
0.23755
0.24302
0.24476
0.24267
0.23677
0.22707
0.21369
0.19677
0.17653
0.15325
0.12726
0.09896
0.06877
0.03716
0.00465
-0.02822
-0.06090
-0.09285
-0.12349
-0.15232
-0.17880
-0.20247
-0.22290
-0.23970
-0.25257
-0.26125
-0.26555
-0.26537
-0.26065
-0.25147
-0.23789
-0.22013
-0.19844
-0.17313
-0.14459
-0.11325
-0.07961
-0.04418
-0.00754
0.02973
0.06702
0.10373
0.13924
0.17295
0.20429
0.23271
0.25771
0.27882
0.29566
0.30789
0.31525
0.31759
0.31479
0.30685
0.29389
0.27604
0.25360
0.22690
0.19639
0.16256
0.12596
0.08722
0.04701
0.00599
-0.03511
-0.07560
-0.11477
-0.15194
-0.18648
-0.21777
-0.24528
-0.26853
-0.28711
-0.30071
-0.30908
-0.31208
-0.30969
-0.30191
-0.28892
-0.27096
-0.24835
-0.22153
-0.19098
-0.15729
-0.12110
-0.08310
-0.04401
-0.00460
0.03437
0.07214
0.10797
0.14116
0.17105
0.19705
0.21866
0.23544
0.24710
0.25339
0.25424
0.24964
0.23972
0.22473
0.20498
0.18094
0.15314
0.12215
0.08866
0.05336
0.01699
-0.01969
-0.05594
-0.09104
-0.12427
-0.15500
-0.18262
-0.20661
-0.22653
-0.24198
-0.25270
-0.25849
-0.25926
-0.25499
-0.24576
-0.23175
-0.21321
-0.19045
-0.16391
-0.13402
-0.10132
-0.06639
-0.02983
0.00771
0.04556
0.08304
0.11950
0.15426
0.18669
0.21618
0.24221
0.26427
0.28193
0.29487
0.30280
0.30560
0.30317
0.29555
0.28289
0.26538
0.24339
0.21729
0.18757
0.15480
0.11955
0.08250
0.04429
0.00562
-0.03284
-0.07041
-0.10647
-0.14042
-0.17170
-0.19984
-0.22439
-0.24503
-0.26144
-0.27344
-0.28089
-0.28373
-0.28198
-0.27572
-0.26510
-0.25034
-0.23171
-0.20953
-0.18416
-0.15603
-0.12558
-0.09328
-0.05965
-0.02520
0.00954
0.04402
0.07771
0.11007
0.14059
0.16877
0.19415
0.21630
0.23484
0.24945
0.25986
0.26586
0.26734
0.26424
0.25658
0.24447
0.22810
0.20773
0.18370
0.15639
0.12628
0.09387
0.05970
0.02437
-0.01154
-0.04743
-0.08269
-0.11675
-0.14905
-0.17906
-0.20632
-0.23037
-0.25084
-0.26742
-0.27983
-0.28789
-0.29145
-0.29045
-0.28490
-0.27485
-0.26044
-0.24185
-0.21933
-0.19321
-0.16382
-0.13160
-0.09699
-0.06051
-0.02270
0.01589
0.05465
0.09298
0.13027
0.16589
0.19924
0.22976
0.25689
0.28013
0.29905
0.31326
0.32247
0.32645
0.32510
0.31837
0.30634
0.28920
0.26719
0.24071
0.21020
0.17619
0.13929
0.10014
0.05944
0.01792
-0.02371
-0.06471
-0.10439
-0.14210
-0.17720
-0.20914
-0.23745
-0.26169
-0.28155
-0.29676
-0.30717
-0.31271
-0.31335
-0.30920
-0.30039
-0.28715
-0.26976
-0.24855
-0.22391
-0.19624
-0.16599
-0.13365
-0.09970
-0.06463
-0.02895
0.00684
0.04225
0.07679
0.11000
0.14144
0.17069
0.19736
0.22110
0.24159
0.25856
0.27179
0.28112
0.28641
0.28762
0.28474
0.27784
0.26706
0.25257
0.23463
0.21352
0.18962
0.16330
0.13500
0.10516
0.07425
0.04274
0.01109
-0.02023
-0.05081
-0.08025
-0.10818
-0.13429
-0.15831
-0.18000
-0.19918
-0.21573
-0.22953
-0.24053
-0.24870
-0.25404
-0.25658
-0.25635
-0.25340
-0.24779
-0.23958
-0.22884
-0.21564
-0.20004
-0.18212
-0.16197
-0.13969
-0.11540
-0.08923
-0.06138
-0.03203
-0.00147
0.03003
0.06212
0.09439
0.12642
0.15773
0.18782
0.21615
0.24218
0.26538
0.28524
0.30125
0.31301
0.32015
0.32236
0.31950
0.31145
0.29827
0.28011
0.25720
0.22997
0.19887
0.16447
0.12744
0.08846
0.04829
0.00770
-0.03258
-0.07179
-0.10925
-0.14434
-0.17649
-0.20525
-0.23025
-0.25122
-0.26801
-0.28053
-0.28883
-0.29304
-0.29335
-0.29002
-0.28336
-0.27371
-0.26147
-0.24698
-0.23063
-0.21276
-0.19368
-0.17368
-0.15301
-0.13183
-0.11031
-0.08854
-0.06658
-0.04447
-0.02220
0.00023
0.02283
0.04559
0.06850
0.09149
0.11449
0.13732
0.15980
0.18169
0.20265
0.22235
0.24037
0.25628
0.26963
0.27995
0.28679
0.28976
0.28847
0.28266
0.27213
0.25675
0.23661
0.21180
0.18265
0.14957
0.11309
0.07390
0.03274
-0.00953
-0.05200
-0.09373
-0.13378
-0.17119
-0.20510
-0.23468
-0.25919
-0.27807
-0.29079
-0.29706
-0.29670
-0.28966
-0.27614
-0.25638
-0.23087
-0.20018
-0.16499
-0.12614
-0.08448
-0.04098
0.00339
0.04763
0.09077
0.13183
0.16994
0.20427
0.23407
0.25875
0.27777
0.29078
0.29754
0.29794
0.29204
0.27999
0.26213
0.23885
0.21069
0.17828
0.14229
0.10347
0.06263
0.02054
-0.02198
-0.06414
-0.10521
-0.14445
-0.18122
-0.21495
-0.24510
-0.27127
-0.29308
-0.31027
-0.32266
-0.33011
-0.33261
-0.33018
-0.32291
-0.31098
-0.29459
-0.27401
-0.24956
-0.22159
-0.19051
-0.15674
-0.12077
-0.08308
-0.04419
-0.00466
0.03496
0.07410
0.11219
0.14866
0.18293
0.21448
0.24279
0.26739
0.28784
0.30380
0.31495
0.32109
0.32205
0.31782
0.30842
0.29400
0.27480
0.25112
0.22340
0.19212
0.15781
0.12110
0.08263
0.04308
0.00315
-0.03646
-0.07508
-0.11205
-0.14674
-0.17859
-0.20708
-0.23176
-0.25224
-0.26823
-0.27949
-0.28586
-0.28729
-0.28377
-0.27538
-0.26229
-0.24470
-0.22292
-0.19729
-0.16823
-0.13620
-0.10168
-0.06525
-0.02745
0.01109
0.04977
0.08796
0.12505
0.16040
0.19345
0.22361
0.25037
0.27326
0.29184
0.30578
0.31478
0.31867
0.31734
0.31075
0.29901
0.28226
0.26079
0.23494
0.20514
0.17190
0.13580
0.09746
0.05756
0.01677
-0.02418
-0.06458
-0.10376
-0.14102
-0.17574
-0.20736
-0.23535
-0.25925
-0.27872
-0.29343
-0.30321
-0.30793
-0.30755
-0.30215
-0.29183
-0.27685
-0.25747
-0.23406
-0.20703
-0.17686
-0.14407
-0.10920
-0.07283
-0.03556
0.00201
0.03928
0.07564
0.11053
0.14340
0.17372
0.20104
0.22492
0.24500
0.26096
0.27256
0.27966
0.28212
0.27994
0.27316
0.26191
0.24639
0.22686
0.20364
0.17712
0.14772
0.11591
0.08219
0.04707
0.01110
-0.02520
-0.06130
-0.09667
-0.13081
-0.16325
-0.19352
-0.22122
-0.24594
-0.26736
-0.28515
-0.29905
-0.30885
-0.31434
-0.31541
-0.31198
-0.30402
-0.29156
-0.27469
-0.25356
-0.22839
-0.19947
-0.16716
-0.13187
-0.09414
-0.05450
-0.01360
0.02787
0.06920
0.10960
0.14828
0.18445
0.21732
0.24614
0.27022
0.28889
0.30165
0.30804
0.30775
0.30066
0.28669
0.26604
0.23899
0.20601
0.16774
0.12492
0.07846
0.02936
-0.02131
-0.07239
-0.12273
-0.17116
-0.21652
-0.25774
-0.29385
-0.32393
-0.34726
-0.36325
-0.37145
-0.37167
-0.36379
-0.34799
-0.32455
-0.29394
-0.25683
-0.21394
-0.16620
-0.11456
-0.06006
-0.00379
0.05319
0.10982
0.16507
0.21802
0.26783
0.31371
0.35507
0.39138
0.42225
0.44743
0.46673
0.48013
0.48767
0.48948
0.48576
0.47677
0.46282
0.44426
0.42147
0.39485
0.36481
0.33179
0.29621
0.25853
0.21917
0.17858
0.13721
0.09548
0.05382
0.01266
-0.02760
-0.06656
-0.10384
-0.13908
-0.17194
-0.20211
-0.22931
-0.25327
-0.27378
-0.29066
-0.30375
-0.31297
-0.31822
-0.31952
-0.31687
-0.31036
-0.30011
-0.28628
-0.26910
-0.24884
-0.22579
-0.20032
-0.17283
-0.14376
-0.11359
-0.08280
-0.05193
-0.02152
0.00787
0.03569
0.06141
0.08450
0.10447
0.12088
0.13332
0.14146
0.14505
0.14388
0.13787
0.12700
0.11137
0.09116
0.06662
0.03814
0.00616
-0.02880
-0.06616
-0.10528
-0.14548
-0.18606
-0.22630
-0.26548
-0.30292
-0.33794
-0.36991
-0.39826
-0.42248
-0.44210
-0.45679
-0.46623
-0.47022
-0.46867
-0.46150
-0.44882
-0.43073
-0.40746
-0.37932
-0.34668
-0.30998
-0.26974
-0.22651
-0.18091
-0.13360
-0.08526
-0.03660
0.01166
0.05880
0.10411
0.14694
0.18662
0.22260
0.25433
0.28138
0.30341
0.32013
0.33142
0.33722
0.33757
0.33268
0.32280
0.30834
0.28976
0.26762
0.24255
0.21524
0.18640
0.15679
0.12715
0.09823
0.07076
0.04540
0.02281
0.00355
-0.01189
-0.02307
-0.02968
-0.03144
-0.02820
-0.01991
-0.00655
0.01175
0.03479
0.06233
0.09398
0.12937
0.16799
0.20932
0.25278
0.29774
0.34355
0.38954
0.43502
0.47929
0.52167
0.56148
0.59809
0.63087
0.65927
0.68279
0.70097
0.71348
0.72001
0.72038
0.71449
0.70231
0.68397
0.65962
0.62956
0.59416
0.55384
0.50914
0.46062
0.40888
0.35460
0.29843
0.24103
0.18309
0.12523
0.06807
0.01217
-0.04196
-0.09385
-0.14310
-0.18939
-0.23242
-0.27199
-0.30795
-0.34020
-0.36870
-0.39345
-0.41451
-0.43196
-0.44594
-0.45659
-0.46411
-0.46872
-0.47065
-0.47016
-0.46756
-0.46314
-0.45726
-0.45026
-0.44252
-0.43445
-0.42646
-0.41898
-0.41244
-0.40728
-0.40393
-0.40280
-0.40428
-0.40873
-0.41645
-0.42769
-0.44264
-0.46139
-0.48401
-0.51041
-0.54044
-0.57386
-0.61032
-0.64942
-0.69064
-0.73339
-0.77705
-0.82092
-0.86428
-0.90640
-0.94654
-0.98397
-1.01799
-1.04795
-1.07326
-1.09336
-1.10780
-1.11620
-1.11822
-1.11367
-1.10238
-1.08431
-1.05946
-1.02791
-0.98984
-0.94543
-0.89495
-0.83873
-0.77711
-0.71049
-0.63928
-0.56394
-0.48494
-0.40278
-0.31796
-0.23101
-0.14247
-0.05287
0.03722
0.12726
0.21670
0.30498
0.39159
0.47599
0.55770
0.63625
0.71123
0.78226
0.84902
0.91127
0.96880
1.02152
1.06940
1.11248
1.15093
1.18493
1.21481
1.24093
1.26372
1.28370
1.30139
1.31736
1.33221
1.34653
1.36091
1.37592
1.39205
1.40981
1.42957
1.45167
1.47635
1.50374
1.53388
1.56670
1.60201
1.63954
1.67887
1.71951
1.76086
1.80223
1.84287
1.88194
1.91859
1.95192
1.98100
2.00495
2.02289
2.03397
2.03745
2.03264
2.01893
1.99590
1.96315
1.92049
1.86785
1.80525
1.73294
1.65121
1.56051
1.46142
1.35455
1.24066
1.12051
0.99490
0.86465
0.73057
0.59342
0.45393
0.31273
0.17040
0.02743
-0.11582
-0.25903
-0.40200
-0.54461
-0.68676
-0.82846
-0.96970
-1.11052
-1.25094
-1.39097
-1.53055
-1.66962
-1.80804
-1.94561
-2.08208
-2.21713
-2.35043
-2.48155
-2.61009
-2.73560
-2.85765
-2.97581
-3.08970
-3.19897
-3.30332
-3.40250
-3.49632
-3.58468
-3.66752
-3.74482
-3.81664
-3.88306
-3.94419
-4.00016
-4.05107
-4.09705
-4.13815
-4.17440
-4.20576
-4.23213
-4.25330
-4.26904
-4.27896
-4.28264
-4.27956
-4.26913
-4.25070
-4.22358
-4.18703
-4.14031
-4.08268
-4.01341
-3.93182
-3.83724
-3.72912
-3.60694
-3.47029
-3.31887
-3.15242
-2.97086
-2.77417
-2.56243
-2.33585
-2.09471
-1.83940
-1.57040
-1.28823
-0.99353
-0.68698
-0.36934
-0.04140
0.29599
0.64192
0.99546
1.35562
1.72140
2.09173
2.46552
2.84167
3.21900
3.59634
3.97246
4.34610
4.71600
5.08084
5.43932
5.79008
6.13180
6.46312
6.78272
7.08930
7.38159
7.65834
7.91836
8.16063
8.38419
8.58806
8.77127
