-4.360849381973078143e-03
-6.574851983121911270e-02
-1.178311917345568338e-01
-1.534086479424610350e-01
-1.684792925814713738e-01
-1.624179943217847477e-01
-1.374544875890398865e-01
-9.795237649327993845e-02
-4.974703775633487757e-02
5.074150973684576904e-04
4.609996923625911402e-02
8.110611685792730452e-02
1.011586224612117391e-01
1.040157884014095702e-01
8.989405788432050515e-02
6.155624581425844788e-02
2.408365935076922301e-02
-1.577184828472006500e-02
-5.067324435329047944e-02
-7.407265084116505804e-02
-8.158914829337070296e-02
-7.206662214871295546e-02
-4.803287568727887535e-02
-1.535639857839302819e-02
1.798425110480700306e-02
4.387104659353297659e-02
5.627955627428255642e-02
5.305059096416177289e-02
3.652721829255784619e-02
1.276684361782583557e-02
-1.043182294227940760e-02
-2.601897467911393549e-02
-2.986801893113419371e-02
-2.193880591427424531e-02
-6.103851693050089955e-03
1.124912930879898645e-02
2.337589081561154691e-02
2.543845089421373912e-02
1.617282130726446776e-02
-1.606258637242365811e-03
-2.189650049844282104e-02
-3.754806207472833474e-02
-4.275687684372080077e-02
-3.510718025886958721e-02
-1.640545768751405786e-02
7.999934162417701028e-03
3.114766872790503474e-02
4.691085297275422034e-02
5.204863086084668411e-02
4.710709896645451367e-02
3.586244064335127046e-02
2.357455869262082768e-02
1.479228503738964570e-02
1.161384709203433854e-02
1.308805430823591597e-02
1.594314560446186135e-02
1.626209764918020578e-02
1.132641495579733530e-02
8.127281431716086579e-04
-1.312515002291596983e-02
-2.680983771857572973e-02
-3.650814540880797932e-02
-3.976312793391700851e-02
-3.612177721954562548e-02
-2.711174484919082195e-02
-1.559947556644743043e-02
-4.810228562986870390e-03
2.674005583856995868e-03
5.644435342346462540e-03
4.493990295875016118e-03
8.587732511373628169e-04
-3.186147347676199747e-03
-6.019911993025014833e-03
-7.043327783866334089e-03
-6.671581444301741444e-03
-5.809886385649524684e-03
-5.143461280433528175e-03
-4.667966940541098085e-03
-3.751703030848831631e-03
-1.706831205993179779e-03
1.489153451010216157e-03
4.818276608918078095e-03
6.504660130688044370e-03
4.863237417946092087e-03
-7.268246097589777313e-04
-9.235757974500749881e-03
-1.807082079768434699e-02
-2.379060571892311488e-02
-2.316965776614947695e-02
-1.428518541191443544e-02
2.658725882290816599e-03
2.501670109742868894e-02
4.810195335400974104e-02
6.634209992681527890e-02
7.490637771285607593e-02
7.119973141326610411e-02
5.558096573865894952e-02
3.101084388138363596e-02
1.872694309942017632e-03
-2.741226751356051761e-02
-5.334766605381770915e-02
-7.360535335246178035e-02
-8.669242598842707981e-02
-9.148139802372742824e-02
-8.704467847567179395e-02
-7.296743988551074311e-02
-4.995821368209644314e-02
-2.034881060633987604e-02
1.190732096091348668e-02
4.189210316860231265e-02
6.486433836561984745e-02
7.746529320533529495e-02
7.851428503069782239e-02
6.909552906609078837e-02
5.196390864269950088e-02
3.059917947620912487e-02
8.338894826458723847e-03
-1.212078254451361137e-02
-2.882280410723325748e-02
-4.040384070391411092e-02
-4.590896415476796583e-02
-4.471127999747251391e-02
-3.660039094428988588e-02
-2.202705581030047974e-02
-2.406806843001554896e-03
1.969697436558318082e-02
4.072476025757292006e-02
5.675276001388268599e-02
6.453874792123612258e-02
6.261314919392575729e-02
5.185953793565865888e-02
3.519073517509611893e-02
1.642343420316052377e-02
-1.060690850302754840e-03
-1.519182682210559396e-02
-2.531461115157352532e-02
-3.170367534459059278e-02
-3.494443641925483457e-02
-3.554815125957794253e-02
-3.390252750704798174e-02
-3.043341948677012396e-02
-2.577606717310733375e-02
-2.080468553339830801e-02
-1.647578173142438124e-02
-1.354176314575484402e-02
-1.225624670892964951e-02
-1.221018153382103476e-02
-1.240164354492533268e-02
-1.155701002637965491e-02
-8.617381549451156794e-03
-3.223995361425723016e-03
3.990037480593379426e-03
1.145587300825344837e-02
1.712249751037113465e-02
1.919689152420846201e-02
1.689151847156076386e-02
1.082272787921755366e-02
2.816235650530208093e-03
-4.831868724446091237e-03
-1.028343041127637372e-02
-1.281368795322623301e-02
-1.290353733638877065e-02
-1.179963635072917016e-02
-1.082378873644854883e-02
-1.076642570594933505e-02
-1.159011299536153936e-02
-1.250256881256298601e-02
-1.230906412400302984e-02
-9.859904185765062251e-03
-4.400537836257885360e-03
4.276316182979034326e-03
1.582352965355381808e-02
2.932017931869596028e-02
4.314894528683620861e-02
5.490049704867111524e-02
6.160255358255427305e-02
6.046457679612448483e-02
4.997056139408941056e-02
3.082101160716835611e-02
6.196304900330629195e-03
-1.888512821845640677e-02
-3.892406244029025797e-02
-4.954037434532609918e-02
-4.878490899268767694e-02
-3.773907034894202761e-02
-2.017578425366949035e-02
-1.333295461256298747e-03
1.381280400212676202e-02
2.213071283226656499e-02
2.311585375996906555e-02
1.857162364281585848e-02
1.142286488060045152e-02
4.302956574397223503e-03
-1.419775468862115655e-03
-5.829165971164376216e-03
-9.930991358119894974e-03
-1.476574813145587958e-02
-2.061042773968307235e-02
-2.662036158474101813e-02
-3.105294326060982490e-02
-3.197089110798127798e-02
-2.812513769217435053e-02
-1.963625807356914749e-02
-8.162537304313420908e-03
3.558324155873818923e-03
1.264880847040897316e-02
1.715006180795874968e-02
1.675619042804163059e-02
1.288863531800830964e-02
8.047583351325666989e-03
4.709164189772531948e-03
4.265021289050648784e-03
6.491114245726056775e-03
9.776900591157081447e-03
1.197636137478569687e-02
1.145322362793443731e-02
7.830929375551631821e-03
2.140204739184563970e-03
-3.636301577548248579e-03
-7.365205527335278411e-03
-7.557472321492373496e-03
-3.874542075749220181e-03
2.784359410288515108e-03
1.059454973714876909e-02
1.739344197828443517e-02
2.135263741791113348e-02
2.151641259453081906e-02
1.802520424649659697e-02
1.195490237916014067e-02
4.851385561792489858e-03
-1.844009358858436642e-03
-7.250676000161495119e-03
-1.122121948068909893e-02
-1.419114504245236504e-02
-1.680778462830018541e-02
-1.953805433073212139e-02
-2.245414478174792561e-02
-2.528456245798028912e-02
-2.765424568067336927e-02
-2.932516463799731202e-02
-3.026097985662622170e-02
-3.046574597340153540e-02
-2.970479955730515736e-02
-2.730923836996413528e-02
-2.224230275438954935e-02
-1.348303782720588519e-02
-6.209741987007987019e-04
1.557961457165495459e-02
3.294161372699308532e-02
4.818490589151477183e-02
5.779223918747241479e-02
5.916377564120674226e-02
5.161151671608123215e-02
3.677848249084801624e-02
1.829702418547367315e-02
7.900618669995466969e-04
-1.146174347240913778e-02
-1.576559323608508686e-02
-1.178080259171037508e-02
-1.558433799279243179e-03
1.114615707306006696e-02
2.204848374196580196e-02
2.761348535624662259e-02
2.604552764528938330e-02
1.770404244055037019e-02
4.840433496970431709e-03
-9.227064246136697928e-03
-2.119220382183899243e-02
-2.871474158589222558e-02
-3.095572968080090304e-02
-2.858200848444101411e-02
-2.331863234537950164e-02
-1.726151102775094065e-02
-1.220362189760982111e-02
-9.177166964776427641e-03
-8.307984693763060050e-03
-8.968753889015799660e-03
-1.013945512594842044e-02
-1.084273990075629301e-02
-1.050757042234951380e-02
-9.129512458256985527e-03
-7.160843905172353807e-03
-5.176064405924553705e-03
-3.467959450168126359e-03
-1.776185262847319868e-03
6.876652387756681389e-04
4.868194703815801813e-03
1.126124924430105777e-02
1.934443441255102869e-02
2.736674024750331002e-02
3.271254253135960632e-02
3.279962923208867842e-02
2.617302421913543162e-02
1.328298298874895644e-02
-3.469825397391115840e-03
-2.048522120261741380e-02
-3.416312408449882071e-02
-4.199432116256095887e-02
-4.309092294254376204e-02
-3.803463532694439236e-02
-2.826492060121128802e-02
-1.540076000946189252e-02
-8.246353967020191023e-04
1.436214999688811486e-02
2.912405305268666103e-02
4.224054713862740451e-02
5.223070765849470443e-02
5.755092120229247238e-02
5.700601797916571289e-02
5.018920146079998423e-02
3.774220338620323800e-02
2.131256681332806963e-02
3.219967345562662481e-03
-1.404968392316419817e-02
-2.836511357159000879e-02
-3.834947702180594581e-02
-4.357292546088418345e-02
-4.450728318160065977e-02
-4.226573071374284396e-02
-3.819924241156408967e-02
-3.345919579584238218e-02
-2.865231898020150630e-02
-2.370095399947009032e-02
-1.797537748573331540e-02
-1.068855465848879763e-02
-1.443486300580228143e-03
9.280771476552342886e-03
1.997173428903629283e-02
2.844376730059360731e-02
3.266113805657874791e-02
3.166331006422186400e-02
2.608385846918753401e-02
1.792406464869666927e-02
9.661372844756224709e-03
3.169626841734714956e-03
-9.661655222190819459e-04
-3.405653857743187046e-03
-5.367037597398566229e-03
-7.712331444368001818e-03
-1.028606378276930057e-02
-1.182485238762699502e-02
-1.048138521384642946e-02
-4.743428830500512165e-03
5.640454447584367613e-03
1.914379079395796615e-02
3.263927230263319323e-02
4.229075144226242949e-02
4.486148128333775076e-02
3.891183976478047174e-02
2.536001261163640247e-02
7.136695169404096845e-03
-1.192461293519290338e-02
-2.845337760890863377e-02
-4.053577855252054468e-02
-4.791759164648963509e-02
-5.142228391042568542e-02
-5.199267871849125311e-02
-4.992843361024496690e-02
-4.473890198468495616e-02
-3.565915029520932977e-02
-2.250078020999374609e-02
-6.331918669275998085e-03
1.041963887623512455e-02
2.454613094681749180e-02
3.309528003722850276e-02
3.442120914727152259e-02
2.879646960438354136e-02
1.832058796908769827e-02
6.178632327664249774e-03
-4.407404797488570156e-03
-1.109255449839272913e-02
-1.287915436219209779e-02
-1.008591397490210713e-02
-3.964057823118736362e-03
3.817288489229509613e-03
1.163408738717753785e-02
1.822350158544897014e-02
2.283367204094133296e-02
2.522965140126617184e-02
2.559724808372463439e-02
2.439586155268185647e-02
2.220780775501857152e-02
1.961147410585239309e-02
1.707787503191328729e-02
1.487778521494133831e-02
1.300938363807342679e-02
1.119433881320990726e-02
8.991344924363429622e-03
6.019766694316978223e-03
2.207111092541610975e-03
-2.075615748446672099e-03
-6.105001846364643825e-03
-9.127223303598625687e-03
-1.075935452368519292e-02
-1.122133716773273185e-02
-1.121022572229550193e-02
-1.144285322667668373e-02
-1.212775773838437564e-02
-1.270695734927176565e-02
-1.206849053138454343e-02
-9.170321700239670443e-03
-3.788711134755219298e-03
2.996270331295264322e-03
8.899077041771051924e-03
1.119154757593831748e-02
7.868693237921605549e-03
-1.319126549437579093e-03
-1.453220466752055094e-02
-2.848163164247363363e-02
-3.982464413690871285e-02
-4.666127927375188222e-02
-4.937174406652668213e-02
-5.033002861405329320e-02
-5.256745027845695362e-02
-5.797449240948897298e-02
-6.588485604603602774e-02
-7.275546171865429623e-02
-7.319073508029702579e-02
-6.198429521732182201e-02
-3.642415367994966680e-02
2.034107352622674392e-03
4.746061597333170456e-02
9.081033824291089018e-02
1.226317090739364596e-01
1.362170291382825416e-01
1.299765578425592649e-01
1.079847741092409275e-01
7.833766657866106375e-02
4.996286313674727642e-02
2.933045294087751470e-02
1.857650817823078282e-02
1.575621182209867299e-02
1.677650597145310257e-02
1.775879018357913453e-02
1.659175399496751538e-02
1.312976701547862238e-02
8.348411781134306570e-03
3.253906254633315287e-03
-1.752195060284837680e-03
-6.841492987321149549e-03
-1.233275234717880198e-02
-1.830522739912714483e-02
-2.450353972709348044e-02
-3.049337147716561433e-02
-3.586299311256395395e-02
-4.029485182158422385e-02
-4.347581497987464128e-02
-4.496952143860684370e-02
-4.424022961447285351e-02
-4.091978256557218807e-02
-3.519300980113733435e-02
-2.802171614960371690e-02
-2.098151286101648111e-02
-1.571681273413379210e-02
-1.325572564052895919e-02
-1.350940662515846477e-02
-1.517999289339314051e-02
-1.612062064802378958e-02
-1.405038055887648102e-02
-7.445615381137696970e-03
3.649857327810399760e-03
1.722884404293235222e-02
2.963922008302407457e-02
3.668011164371623445e-02
3.516159577137945719e-02
2.430891206275952177e-02
6.367725943529307930e-03
-1.392928309197211112e-02
-3.088207737729009236e-02
-3.974025983557881447e-02
-3.826536725949560014e-02
-2.736368730752030895e-02
-1.061447889088215461e-02
7.066817145801238681e-03
2.112253546193681650e-02
2.882582899740651627e-02
3.004827600192411241e-02
2.705263159420867591e-02
2.336740980273099844e-02
2.217670204176985793e-02
2.490172438686207024e-02
3.057904725917216099e-02
3.627830555376151955e-02
3.836246808772650341e-02
3.407359530164622702e-02
2.280871336921604445e-02
6.566323618790167321e-03
-1.061908844228314636e-02
-2.401814477480653312e-02
-2.979916672552028467e-02
-2.630604497297742844e-02
-1.460981148068110289e-02
1.831892764547220567e-03
1.829637672635954851e-02
3.032047950594942212e-02
3.508133399426162369e-02
3.211951272244262245e-02
2.315043425474888963e-02
1.110020087461847937e-02
-1.158292059321373337e-03
-1.178643702844001454e-02
-2.029168828879808137e-02
-2.716536383666500604e-02
-3.317051860717203787e-02
-3.869650287396229904e-02
-4.345326886945076461e-02
-4.654565181354776426e-02
-4.679915483545832311e-02
-4.316281604132594929e-02
-3.505858093132513398e-02
-2.261487215478284740e-02
-6.764601742018205854e-03
1.080707849190509773e-02
2.788083141816311700e-02
4.206701906450002748e-02
5.123162072790376359e-02
5.387113402965248293e-02
4.936237728287086457e-02
3.807214535702749258e-02
2.132931498279649202e-02
1.247565534009814625e-03
-1.960249715019062033e-02
-3.861533699330652741e-02
-5.355128593561349348e-02
-6.280720820292554074e-02
-6.552951281898022895e-02
-6.162979029768209105e-02
-5.177804066508215342e-02
-3.738312605677836242e-02
-2.049309826541470189e-02
-3.526625716516018638e-03
1.120790159394680421e-02
2.214794930557329594e-02
2.905669640710246276e-02
3.320134402334905255e-02
3.683515838459444636e-02
4.202933874241797374e-02
4.937139216429619476e-02
5.729360232371339540e-02
6.256367997603240472e-02
6.182225067703939897e-02
5.336891846580642251e-02
3.816731000152717018e-02
1.948351859634979769e-02
1.406155869330964064e-03
-1.287046175057308603e-02
-2.208282329998692908e-02
-2.683028105493568891e-02
-2.862327425553478147e-02
-2.869477685788322796e-02
-2.724981553400870546e-02
-2.350601878033813097e-02
-1.642797455470066531e-02
-5.720136122767321279e-03
7.458780291162078746e-03
2.045816705693143459e-02
2.985611509587449142e-02
3.264904173478394567e-02
2.738228338703196235e-02
1.473634081045505605e-02
-2.628001244025867690e-03
-2.084165989851752970e-02
-3.591664132974066448e-02
-4.482060033418061584e-02
-4.623689113274286749e-02
-4.079435387397079005e-02
-3.070765031855797467e-02
-1.896466645949566876e-02
-8.350517019916993411e-03
-6.450198767176777703e-04
3.737793672529247241e-03
5.558335611778202068e-03
6.110073432915905101e-03
6.429711739131441228e-03
6.750042648523638805e-03
6.489701814661101228e-03
4.804202212662306640e-03
1.392709169771005201e-03
-2.951556599077453588e-03
-6.469769765721797815e-03
-7.275204634951879662e-03
-4.476822114212658521e-03
1.036235131245838784e-03
6.615048446322574494e-03
8.766774927173461018e-03
4.669589881669091933e-03
-6.284655889890616159e-03
-2.158911330422874988e-02
-3.589629700155029524e-02
-4.261253692260422166e-02
-3.639710077877143096e-02
-1.564923070779442038e-02
1.611046427002552073e-02
5.076136719047037726e-02
7.807482616986685664e-02
8.934275157795312783e-02
8.067853546927927777e-02
5.456290620649476009e-02
1.895491106031023387e-02
-1.563408693328374732e-02
-3.986185231271292817e-02
-4.860916866259364782e-02
-4.230837350149045661e-02
-2.623196793328612386e-02
-8.177909265388295240e-03
4.486499776219502432e-03
7.315010025938035836e-03
-1.068004317806778292e-05
-1.399252670430778736e-02
-2.881135531452714074e-02
-3.836460546916880404e-02
-3.818933401090519875e-02
-2.676321614122913195e-02
-5.893410671061593414e-03
1.984271429285782568e-02
4.439129523594405324e-02
6.186832896264388149e-02
6.812627926433983960e-02
6.184548688995159665e-02
4.485712097058879022e-02
2.158384630717133032e-02
-2.268510610269933170e-03
-2.138433700605169019e-02
-3.233579403354893550e-02
-3.438769700181687483e-02
-2.932876743167886491e-02
-2.043734844406072670e-02
-1.106885756987060175e-02
-3.506218737384951892e-03
1.469032043895091878e-03
4.233796102620429255e-03
5.531904770499257960e-03
5.714873511567880593e-03
4.413374940997911826e-03
7.876585266839092672e-04
-5.807492190989906218e-03
-1.513709858480749224e-02
-2.577905117725246345e-02
-3.537138144803053663e-02
-4.129740898764412693e-02
-4.151166269235133377e-02
-3.519481664724240233e-02
-2.302706809928904697e-02
-7.017124379210905316e-03
1.003302415481773652e-02
2.524617975625177702e-02
3.635096866008933475e-02
4.212962993275705392e-02
4.251776641293141673e-02
3.837477586254221806e-02
3.107753946624442973e-02
2.212918558658013429e-02
1.288974916721452937e-02
4.417187074190877770e-03
-2.638507153575589750e-03
-8.106330417087257226e-03
-1.228616787943567074e-02
-1.579872829797623196e-02
-1.929032846018021927e-02
-2.309468459654401284e-02
-2.701355985695578013e-02
-3.032891065704259106e-02
-3.203681670188666952e-02
-3.118987903181483917e-02
-2.720574519852990425e-02
-2.004054983816333166e-02
-1.020466246528780631e-02
1.331682021876303551e-03
1.327918369923945102e-02
2.419283281881147787e-02
3.267130204616118527e-02
3.758711441516839058e-02
3.829229256368756051e-02
3.473231480144861605e-02
2.744565858934074065e-02
1.748291361243006770e-02
6.302764854130206429e-03
-4.328610680855297585e-03
-1.248001332267243205e-02
-1.633328025520931759e-02
-1.463953511312724755e-02
-7.247866906580854168e-03
4.537573969364656727e-03
1.801829410147440247e-02
2.966818149493855722e-02
3.607783259959181088e-02
3.499086730508887966e-02
2.608633929860695866e-02
1.120036449031620342e-02
-6.152938918974934501e-03
-2.182457749781717415e-02
-3.225673734291251843e-02
-3.545670003389106428e-02
-3.143094097544710253e-02
-2.201687246153872027e-02
-1.023719299773469781e-02
5.922629030972615533e-04
7.744700826974503828e-03
9.727452806357079346e-03
6.525787840201608715e-03
-6.098412584108030277e-04
-9.729148683245397722e-03
-1.885056516563968568e-02
-2.644800224918243681e-02
-3.158233288578220221e-02
-3.370777700089621493e-02
-3.236574362987035269e-02
-2.703467087803602259e-02
-1.730406963274776222e-02
-3.338639607648664909e-03
1.361093144722456960e-02
3.100441581231056648e-02
4.538886623453201874e-02
5.334507883431077041e-02
5.264212158521720808e-02
4.305651772661682475e-02
2.645606804346172305e-02
6.137873618364576844e-03
-1.421862772277293629e-02
-3.149690314645865741e-02
-4.364505366224467192e-02
-4.967118216463860259e-02
-4.932335138908770789e-02
-4.276746402142813513e-02
-3.051912227314732343e-02
-1.367528097877389152e-02
5.756406582544573713e-03
2.477170736847702018e-02
3.981006731784238195e-02
4.775042374737591133e-02
4.713551553178590287e-02
3.902365300904223067e-02
2.689758694708429404e-02
1.547584918507325692e-02
8.867321204669835824e-03
8.904880501161727135e-03
1.443466807640557056e-02
2.187434678836769689e-02
2.676111994648569872e-02
2.558953568038190365e-02
1.716441963362266149e-02
2.956256281034196770e-03
-1.360663315482797675e-02
-2.854479582291142431e-02
-3.882451779479445531e-02
-4.335397515617347985e-02
-4.313246244083744629e-02
-4.055997714478441069e-02
-3.823509048455179388e-02
-3.774762804830362334e-02
-3.895886478848720191e-02
-4.006180726647770585e-02
-3.839235431624121730e-02
-3.164468026154262925e-02
-1.897368600236518793e-02
-1.522824545796615248e-03
1.783169746778640735e-02
3.539553294781268983e-02
4.783746783842802996e-02
5.316017030602414317e-02
5.111169365076199955e-02
4.296365131915605429e-02
3.087256970927281657e-02
1.720536303429283029e-02
4.147714612702434189e-03
-6.354946385650870819e-03
-1.256469406069179832e-02
-1.313847779436884584e-02
-7.624864905955732602e-03
2.978117505729353104e-03
1.603366505380570198e-02
2.775637209197643479e-02
3.433573471525911552e-02
3.326659848153353666e-02
2.430226890087986563e-02
9.612192889977971832e-03
-6.910809757562030864e-03
-2.091584725386250176e-02
-2.898231415927442212e-02
-2.967219522885043356e-02
-2.390339985233096848e-02
-1.451875739387996356e-02
-5.199153163500912223e-03
8.880280628964128120e-04
2.199630614991939480e-03
-7.450844065518668485e-04
-5.770398225077843016e-03
-1.010155004626728942e-02
-1.158139840126621960e-02
-9.497263932300728517e-03
-4.697888021895288424e-03
9.427234776219232601e-04
5.350204889762344429e-03
6.930111544807332144e-03
4.867740583295666716e-03
-8.838384268547994083e-04
-9.691589234048104268e-03
-2.024940255384561488e-02
-3.055470415777578053e-02
-3.803640671497502540e-02
-3.997714433717473176e-02
-3.422508959902192255e-02
-2.003522776652568241e-02
1.236222770588817077e-03
2.591765421209171749e-02
4.856768927811835890e-02
6.333263391981663881e-02
6.579070893109539853e-02
5.461021884131871118e-02
3.228325187455136080e-02
4.525721010035600733e-03
-2.150036427856753807e-02
-3.949360122874424894e-02
-4.599792012181162792e-02
-4.134302888939311166e-02
-2.921101162419785513e-02
-1.502738576309596216e-02
-3.837256926981487924e-03
1.485558982655009984e-03
1.026201878424873662e-03
-2.606970645116056182e-03
-5.657047785366231367e-03
-4.907321321513244058e-03
1.004565188212997937e-03
1.113743219166100744e-02
2.278187199261498541e-02
3.268629959502054871e-02
3.838917402113500854e-02
3.905806396019891741e-02
3.552697210472777894e-02
2.964657080772760758e-02
2.334858095301673570e-02
1.784715708695627789e-02
1.325172061712246753e-02
8.690895987018895999e-03
2.880016787559447344e-03
-5.103947836878727079e-03
-1.518001581950835857e-02
-2.603926272501684916e-02
-3.542233049294050973e-02
-4.075984853189945634e-02
-3.993752491600341403e-02
-3.199128378003103512e-02
-1.761196676761227209e-02
6.653877165836638574e-04
1.876008093487244871e-02
3.194900007557801430e-02
3.624665110080385610e-02
2.979994717451662015e-02
1.367263893975457709e-02
-8.388885127847349465e-03
-3.111492929358765369e-02
-4.927898567137076885e-02
-5.907801216828676566e-02
-5.894982804047074754e-02
-4.971961370365428345e-02
-3.413488353373900219e-02
-1.593337178176050181e-02
1.321285360777541690e-03
1.528232077938637343e-02
2.532975724207851137e-02
3.227625247560515082e-02
3.737019062700223937e-02
4.112385479379539882e-02
4.266547210690178893e-02
4.004920058406456068e-02
3.139306307674217394e-02
1.621605027603356328e-02
-3.771314015631861694e-03
-2.485119327025718527e-02
-4.235636812270514306e-02
-5.209074751341345733e-02
-5.152445919057605656e-02
-4.039905272379221146e-02
-2.069187128788239557e-02
3.904912644138589656e-03
2.879045630156922692e-02
4.938962769488409316e-02
6.208109631891282898e-02
6.494078056730344384e-02
5.808180058016269853e-02
4.345863532678884145e-02
2.422659198619154380e-02
3.939444343240356555e-03
-1.413521232467906952e-02
-2.746733852331052772e-02
-3.452383453622126508e-02
-3.491365397340544241e-02
-2.942576496806560346e-02
-1.988497294640352922e-02
-8.758415998575779654e-03
1.435915357126909056e-03
8.732629885861813157e-03
1.211954616724483791e-02
1.162286400128186709e-02
8.116275239255930224e-03
2.991185565284540035e-03
-2.186766648319381397e-03
-5.998048534063974216e-03
-7.486828491290422466e-03
-6.449943973210749484e-03
-3.576505264499141128e-03
-2.996463342009427280e-04
1.661982804011892002e-03
9.212050186985353689e-04
-3.051097231178199858e-03
-9.694381182296523541e-03
-1.749118265642568212e-02
-2.439687706362952263e-02
-2.841305210944986004e-02
-2.812725076537508917e-02
-2.307323647108555642e-02
-1.383719225633934721e-02
-1.925744774777554680e-03
1.051884068117775115e-02
2.107519326221246256e-02
2.746134622776820813e-02
2.804417111798286968e-02
2.238745356909647294e-02
1.163209091730720707e-02
-1.570525699988230273e-03
-1.371934542335912985e-02
-2.156750800197397566e-02
-2.324886901813402393e-02
-1.895657909804562488e-02
-1.088411904100695590e-02
-2.422262426994012310e-03
3.127771544326141996e-03
3.875028787672530044e-03
1.848566772739905321e-04
-5.334279777847303859e-03
-8.785846859993548530e-03
-6.577951563644537578e-03
2.962389989460428689e-03
1.864709967148186695e-02
3.662304318506300060e-02
5.170817880251547122e-02
5.935784654290246487e-02
5.742844358313914377e-02
4.695535218383123377e-02
3.160057632560932250e-02
1.605228294411523843e-02
4.140924340463768977e-03
-2.486108877593854252e-03
-4.632763093785227659e-03
-4.807258449935545436e-03
-5.938536994448824838e-03
-1.016709025414205131e-02
-1.814251674346919335e-02
-2.894383976246901746e-02
-4.048909476047932859e-02
-5.020246413587911571e-02
-5.571858328782648695e-02
-5.545946286507697637e-02
-4.899067733029778549e-02
-3.713249184094950806e-02
-2.183968731941897390e-02
-5.860307090240320788e-03
7.822802971992871834e-03
1.671176980158272513e-02
1.950031884385580033e-02
1.649507452906859642e-02
9.521509032922714083e-03
1.291921676322934850e-03
-5.528148793349441786e-03
-9.170826800893160796e-03
-9.198289048227253906e-03
-6.385102541017879940e-03
-2.160033139743758671e-03
2.121246081451074860e-03
5.774039888545465411e-03
9.044105039133335661e-03
1.295583906675091233e-02
1.879366325402424126e-02
2.735727064976467213e-02
3.824390775280283455e-02
4.950724759322513296e-02
5.798616593974442041e-02
6.030260340285907572e-02
5.413627248118231539e-02
3.918984816244763802e-02
1.742490719107197758e-02
-7.461069666222536201e-03
-3.102339814706044085e-02
-4.914155190954507674e-02
-5.888410436108947738e-02
-5.902377793796496908e-02
-5.017486326767672811e-02
-3.459174443626111817e-02
-1.569241137632134200e-02
2.624020461364465207e-03
1.678392089321720584e-02
2.434487099393341930e-02
2.460445507769496581e-02
1.877221432311663649e-02
9.541583251024483500e-03
1.327689415739079400e-04
-6.841739801134507151e-03
-1.021123395961044157e-02
-1.043865092025003313e-02
-9.142889359600447907e-03
-8.229954800131278336e-03
-9.053559545707265052e-03
-1.195161914762497141e-02
-1.628006852008419270e-02
-2.082934693975512647e-02
-2.437616241291377245e-02
-2.612114350473159624e-02
-2.585532295041954171e-02
-2.383181425530187664e-02
-2.044451948237141145e-02
-1.589480578089288304e-02
-1.003554968279156238e-02
-2.508178605071480563e-03
6.858080284400151772e-03
1.758075206693159379e-02
2.827788034865121036e-02
3.686190058026192484e-02
4.118249636576847700e-02
3.987106247386298929e-02
3.298436393601848760e-02
2.210027171809156310e-02
9.784281513667468511e-03
-1.321792992575458042e-03
-9.351040691288958068e-03
-1.363731372372344562e-02
-1.460462178399700439e-02
-1.326841051468655164e-02
-1.063449176020262767e-02
-7.269834690740674052e-03
-3.200324460301768106e-03
1.867994125738844241e-03
8.141871225744241186e-03
1.535714996990743958e-02
2.262363513373396445e-02
2.861734292799531301e-02
3.207294540867881849e-02
3.234797872309414651e-02
2.976200457362821600e-02
2.552973129200686309e-02
2.132081149000642287e-02
1.863546402396118809e-02
1.823081759802474069e-02
1.982162888956353827e-02
2.222180011180098849e-02
2.392493441926305670e-02
2.386143930558179416e-02
2.189818061312388126e-02
1.874765914575847459e-02
1.530890079622812192e-02
1.183996113525514343e-02
7.495897422893508036e-03
5.663246849421984391e-04
-1.064480910785192865e-02
-2.670840948460293657e-02
-4.629933539783862018e-02
-6.624099054074222837e-02
-8.250491119822589425e-02
-9.185253112995106495e-02
-9.345109353001657126e-02
-8.971140954750375651e-02
-8.582527712680562693e-02
-8.795433547328920798e-02
-1.005880876777576621e-01
-1.240330488449599006e-01
-1.531084155235654387e-01
-1.778052588130690226e-01
-1.859864937951582753e-01
-1.673944748787840608e-01
-1.176013127438249872e-01
-4.035081179601381074e-02
5.285003249165640127e-02
1.460176656917650528e-01
2.236317723377917177e-01
2.750428697363361263e-01
2.964432794841921348e-01
2.900216146953717433e-01
2.615213994168806844e-01
2.178976389884915155e-01
1.660495285890341566e-01
1.125341775866300909e-01
6.351715608032761085e-02
2.427888291506280494e-02
-1.813383284594280442e-03
-1.432286513355081337e-02
-1.599302367619023779e-02
-1.183058000052196468e-02
-7.295027321761161920e-03
-6.399022124043550475e-03
-1.058611123408623178e-02
-1.883878394222700953e-02
-2.883387239509094951e-02
-3.844713563057165079e-02
-4.679358700854468339e-02
-5.432850898729331413e-02
-6.209242493815424896e-02
-7.062649243338560423e-02
-7.922548126771089549e-02
-8.602032080967776662e-02
-8.895641714460240934e-02
-8.721505463397799529e-02
-8.227930663379749709e-02
-7.790145589929516057e-02
-7.870853345552017433e-02
-8.787673772914726678e-02
-1.048640723276235143e-01
-1.243066650299859133e-01
-1.367968637542485988e-01
-1.315686432772599224e-01
-1.003842068852398850e-01
-4.134582694890691357e-02
3.887702322571565117e-02
1.256295588619230352e-01
1.999870190859849295e-01
2.445960745619455978e-01
2.494551928608855218e-01
2.152064523355340930e-01
1.525697851517580916e-01
7.833463129251594381e-02
9.730918152981715696e-03
-4.063031097248838430e-02
-6.760476805754871144e-02
-7.352436732440237321e-02
-6.581238204584584361e-02
-5.341905204722609268e-02
-4.351385872555493806e-02
-3.953068614517434715e-02
-4.097048569884124275e-02
-4.463556923793415149e-02
-4.649983938340566947e-02
-4.337461241420605129e-02
-3.384982528966715837e-02
-1.843286649091519999e-02
8.846390407577543746e-04
2.132920964085389254e-02
4.008140272378018371e-02
5.486268269322581992e-02
6.421390927728778952e-02
6.742231610553195420e-02
6.428631418335731262e-02
5.504457827807172909e-02
4.062544002967299200e-02
2.300044404510675003e-02
5.210128212986539498e-03
-9.213642114230240904e-03
-1.731224922557813434e-02
-1.780265576270093075e-02
-1.168421298870035013e-02
-2.005528289974736408e-03
7.180981217648915726e-03
1.226809865517499917e-02
1.134266762601940544e-02
4.723470141009298434e-03
-5.398075169214811009e-03
-1.600917346545984235e-02
-2.452960977290661454e-02
-2.972095319213214834e-02
-3.189728631937026326e-02
-3.243110578590212290e-02
-3.286345602775984920e-02
-3.406095689253986480e-02
-3.578606364579003940e-02
-3.683047324479488127e-02
-3.561167394141807885e-02
-3.095048162492101615e-02
-2.269273912557178211e-02
-1.191304331683826906e-02
-6.069673926288633725e-04
9.013393526719468141e-03
1.533565828968868477e-02
1.794231728680990498e-02
1.775199438080190054e-02
1.665894047135377254e-02
1.680132124186697884e-02
1.971036864213825471e-02
2.563854139677634175e-02
3.331957453367798833e-02
4.028010140382308479e-02
4.363888125340760482e-02
4.114539330127611749e-02
3.208037182582464120e-02
1.764195175391499240e-02
6.253692895752567538e-04
-1.548502533224317343e-02
-2.762534229381623935e-02
-3.401250376952849597e-02
-3.446595622849162738e-02
-3.017301155133701382e-02
-2.310414119730650959e-02
-1.536396778052792275e-02
-8.700185163406183586e-03
-4.254523498970682119e-03
-2.511646540556874627e-03
-3.345068847266487524e-03
-6.082383903161505886e-03
-9.575451312132460951e-03
-1.232039400877425403e-02
-1.270140268944231973e-02
-9.405181188427150923e-03
-1.949613054677720031e-03
8.869467489860605874e-03
2.088034518193426434e-02
3.097059389972803625e-02
3.601657021172768869e-02
3.400564730341501529e-02
2.488719446130976953e-02
1.074603232600644317e-02
-4.822584263047085401e-03
-1.789091341349548572e-02
-2.544415405264299074e-02
-2.621731160727586857e-02
-2.087125637173278467e-02
-1.154357621443158344e-02
-1.016805913457987168e-03
8.177534801271754000e-03
1.443447439822041767e-02
1.735568245413452934e-02
1.760361529486974969e-02
1.642667984180451804e-02
1.503389587562382369e-02
1.403991849510496936e-02
1.319812390161210873e-02
1.154812071960520901e-02
7.921679476320780608e-03
1.577382107462788237e-03
-7.311646141791963358e-03
-1.750193721136841449e-02
-2.690384440085044279e-02
-3.312177063959880624e-02
-3.416694348566021167e-02
-2.914517899496819192e-02
-1.870376389621879187e-02
-5.050926601613041356e-03
8.550087933862221545e-03
1.874635937293170004e-02
2.323365330363690029e-02
2.160778506400544419e-02
1.549381800190328430e-02
7.812944221405812573e-03
1.489266599137884645e-03
-1.786860989476560940e-03
-2.148992122780583186e-03
-1.252412771744871624e-03
-1.281749055804095282e-03
-3.786192824632592102e-03
-8.902040730314541433e-03
-1.529245557499437150e-02
-2.077085899988000833e-02
-2.326641741850998812e-02
-2.167229545838099403e-02
-1.621871250848515300e-02
-8.262888571334413290e-03
3.435510362548317015e-04
7.987632920499272010e-03
1.380889835481946548e-02
1.780968758049996520e-02
2.056594233663855756e-02
2.271061706438849692e-02
2.445593424846057712e-02
2.539826766096030253e-02
2.470113291312720297e-02
2.154637764986690185e-02
1.560873022863569146e-02
7.326737345224043629e-03
-2.122716347379045854e-03
-1.109893966920190780e-02
-1.790754511604613491e-02
-2.123251141736974545e-02
-2.048510733577408455e-02
-1.596564283919814017e-02
-8.769288290327945795e-03
-4.579546737937308792e-04
7.375640925403586373e-03
1.347035876656671807e-02
1.703921051180688415e-02
1.767587564129295685e-02
1.516804500463737188e-02
9.423154082321400990e-03
6.074373781143694098e-04
-1.058993896160183648e-02
-2.276277322386930507e-02
-3.381502361629558362e-02
-4.125736428625524643e-02
-4.275348820937956151e-02
-3.683035563263895723e-02
-2.354997579933729504e-02
-4.855049075870119385e-03
1.562737070325086880e-02
3.332723946074632460e-02
4.381154893740683842e-02
4.390172357721889435e-02
3.255011051014340684e-02
1.128279480551378985e-02
-1.588879943757950941e-02
-4.310518700413075444e-02
-6.379144221793654757e-02
-7.214070580581191661e-02
-6.467512990420902497e-02
-4.147475280691174937e-02
-6.612262075468326727e-03
3.253052987964621251e-02
6.703114991765266040e-02
8.880060150996230139e-02
9.279750691718660627e-02
7.836827228825143932e-02
4.934768370000788135e-02
1.298679568239036186e-02
-2.191168137300997243e-02
-4.714528963658982941e-02
-5.705877977534676293e-02
-4.986894991239946423e-02
-2.805854272959251022e-02
2.306315126592434206e-03
3.323102418846369394e-02
5.699894320455473756e-02
6.824704086139835035e-02
6.521045157047519747e-02
4.975277469000272818e-02
2.630879133615426912e-02
2.723861639971104920e-04
-2.353784035287705134e-02
-4.187693607136831059e-02
-5.335920608214386740e-02
-5.811645579273533313e-02
-5.710853703029945827e-02
-5.145702163978609078e-02
-4.211475778276457110e-02
-2.997185734214690214e-02
-1.622007836051380866e-02
-2.612900307947058076e-03
8.696122467567908576e-03
1.577805787804575921e-02
1.772007848275572450e-02
1.512635201083468127e-02
1.000479259513407763e-02
5.045131796090847331e-03
2.600464205167869053e-03
3.810940646296882839e-03
8.226806714390714689e-03
1.405872922590287871e-02
1.891138411557434507e-02
2.066735695895861175e-02
1.816813297505580696e-02
1.147378010954585616e-02
1.683674036218722053e-03
-9.530030160155918140e-03
-2.045106550052224956e-02
-2.971537284475336133e-02
-3.646883158969518868e-02
-4.027840467918252648e-02
-4.088348416615342207e-02
-3.795015513649075550e-02
-3.100425962918980025e-02
-1.964016806437605955e-02
-3.959661240726441989e-03
1.494509933755701347e-02
3.473124308131366605e-02
5.201466953410886079e-02
6.314571117786686727e-02
6.537585857687995550e-02
5.795844637037818325e-02
4.262970135811110228e-02
2.314251261575425711e-02
3.992293554446232906e-03
-1.110017016386590991e-02
-2.027437763904769638e-02
-2.377374984104588251e-02
-2.338647201270729198e-02
-2.147547075576154013e-02
-2.006423405566618717e-02
-2.026868881833051445e-02
-2.211722478737921868e-02
-2.465134513687374657e-02
-2.619187078435743568e-02
-2.472458524762217308e-02
-1.841283180535190078e-02
-6.220146527230293459e-03
1.147938876627613985e-02
3.253981159464911649e-02
5.318628993135214589e-02
6.878443466310620036e-02
7.510655128152754489e-02
6.970666915591013091e-02
5.289231232389134119e-02
2.788489458098437554e-02
5.908655924062589104e-05
-2.450196199316826556e-02
-4.066582458224862751e-02
-4.561703181032413651e-02
-3.955355321441804406e-02
-2.554513734900145522e-02
-8.593505830113054231e-03
5.875168530575463829e-03
1.367020975019219570e-02
1.309951624901023286e-02
5.335038123852853600e-03
-6.297117157071859504e-03
-1.779585315816148428e-02
-2.607030888159295873e-02
-2.995981269081185450e-02
-3.033502902651442207e-02
-2.936375818465288001e-02
-2.936661784612472001e-02
-3.180405499010065251e-02
-3.679417542875998426e-02
-4.324875652013499688e-02
-4.941969239834610728e-02
-5.352851804720425155e-02
-5.422484598395341249e-02
-5.078584052867410326e-02
-4.311186600618591852e-02
-3.163038989406118801e-02
-1.719586080256729071e-02
-1.013842400108211361e-03
1.543234314769062823e-02
3.049878659605755049e-02
4.258352926227990110e-02
5.041035049899404014e-02
5.331758291625281893e-02
5.143979538470928869e-02
4.570890033516251255e-02
3.766951509116053115e-02
2.914779679601654794e-02
2.185038720977921026e-02
1.701720918382241057e-02
1.524961985669765624e-02
1.653939224690712320e-02
2.040482020190367146e-02
2.600769691279659207e-02
3.220373706936939529e-02
3.760239601414105959e-02
4.077773858895376163e-02
4.070265813942852695e-02
3.729838792329216723e-02
3.183276450343724973e-02
2.688817185434727586e-02
2.576402138433509653e-02
3.139952472364685582e-02
4.511130974816082023e-02
6.557971368731879691e-02
8.854947708632751602e-02
1.075800247567427897e-01
1.158354622352361640e-01
1.084140114654183473e-01
8.433277693956020560e-02
4.728240549366385936e-02
4.709817515810468813e-03
-3.452623258610737489e-02
-6.307300499925039272e-02
-7.746061419269428816e-02
-7.902739618182827441e-02
-7.306828621069270946e-02
-6.659457125768170060e-02
-6.562975583639724109e-02
-7.310161094964401363e-02
-8.808270548316197990e-02
-1.065436831010524860e-01
-1.231946624898278692e-01
-1.336367495720785781e-01
-1.360185797848765532e-01
-1.316437726530599039e-01
-1.243781743263751294e-01
-1.191256808247494470e-01
-1.199643398802648780e-01
-1.286488868559536869e-01
-1.440112803446340628e-01
-1.623824958629154769e-01
-1.787343178158506685e-01
-1.880334494439322435e-01
-1.863822670461038056e-01
-1.717588151732999668e-01
-1.443579429645938106e-01
-1.065710378933514280e-01
-6.258373958835934669e-02
-1.755827536129875993e-02
2.352126426303628726e-02
5.707456715916412598e-02
8.182299681080819342e-02
9.899736419882634864e-02
1.117209203671567230e-01
1.237719802688037329e-01
1.382202770470426223e-01
1.564944489023229468e-01
1.782136996968138598e-01
2.017421069228940711e-01
2.251239340260179911e-01
2.469578078662701404e-01
2.668567490132036646e-01
2.853559028480651127e-01
3.033847201220057910e-01
3.216030201207872308e-01
3.399220953839621751e-01
3.573953005041824449e-01
3.724598661857811965e-01
3.833573750798788815e-01
3.885206528172371332e-01
3.867820949371601480e-01
3.773735483377634869e-01
3.597831601148023806e-01
3.335677680495406916e-01
2.981963020067071035e-01
2.529727473805721827e-01
1.970967833613256337e-01
1.299344140032703265e-01
5.152326307092337104e-02
-3.678664343568802120e-02
-1.318052145947623544e-01
-2.284421875755372477e-01
-3.204592061869711572e-01
-4.021783616302120890e-01
-4.708758861429788167e-01
-5.290651967797832533e-01
-5.854854547853290958e-01
-6.536396707936286132e-01
-7.473388183669924523e-01
-8.738693415561697986e-01
-1.026829230477066535e+00
-1.181824262113773560e+00
-1.298326265600567186e+00
-1.329402216116511326e+00
-1.237718557152582388e+00
-1.012372542014902344e+00
-6.788635795235763437e-01
-2.959326776548246718e-01
6.158985747409084777e-02
3.277518225362294757e-01
4.676850503084380439e-01
4.877899733379089109e-01
4.307368646667404932e-01
3.588768700832523639e-01
3.334315312709176249e-01
3.967220959273253800e-01
5.618933179894753938e-01
8.110054298535226414e-01
1.099862872841085304e+00
1.367412734130620589e+00
1.548273306151501938e+00
1.587342216299189923e+00
1.454582943192159750e+00
1.156552831230779343e+00
7.403604768531334424e-01
2.865910575929861981e-01
-1.094326133530294509e-01
-3.644520397605163220e-01
-4.342471564004655171e-01
-3.306254152292987247e-01
-1.201657716572629431e-01
