87.82
87.96
87.99
87.93
87.96
88.08
88.08
88.04
87.91
87.92
88.17
88.21
87.99
87.76
87.77
87.95
87.95
87.97
87.85
87.90
88.00
88.07
88.05
87.99
88.00
88.16
88.27
88.18
88.14
88.22
88.21
88.16
88.08
87.99
88.06
88.22
88.28
88.33
88.18
88.20
88.37
88.44
88.49
88.45
88.47
88.64
88.70
88.69
88.62
88.55
88.50
88.48
88.48
88.36
88.35
88.49
88.56
88.51
88.41
88.40
88.58
88.68
88.63
88.55
88.61
88.76
88.84
88.85
88.74
88.67
88.63
88.62
88.58
88.42
88.43
88.56
88.58
88.52
88.37
88.34
88.42
88.50
88.51
88.46
88.46
88.60
88.69
88.65
88.57
88.54
88.48
88.32
88.21
88.02
87.98
88.15
88.15
88.12
87.87
87.85
87.90
87.98
88.00
87.93
87.94
88.05
88.15
88.17
88.15
88.09
87.98
87.89
87.82
87.70
87.67
87.79
87.80
87.68
87.52
87.51
87.66
87.77
87.81
87.72
87.72
87.89
88.01
88.09
87.96
87.79
87.71
87.72
87.70
87.57
87.54
87.69
87.73
87.73
87.61
87.62
87.80
87.84
87.88
87.80
87.78
87.96
88.06
88.04
87.75
87.59
87.65
87.71
87.70
87.62
87.60
87.69
87.75
87.75
87.69
87.72
87.88
87.96
88.00
87.92
87.88
88.09
88.15
88.04
87.77
87.62
87.71
87.74
87.76
87.65
87.62
87.67
87.73
87.76
87.67
87.59
87.71
87.77
87.81
87.70
87.70
87.77
87.93
87.84
87.51
87.31
87.38
87.40
87.43
87.32
87.32
87.39
87.51
87.57
87.50
87.49
87.65
87.75
87.82
87.71
87.74
87.97
88.01
87.91
87.67
87.59
87.63
87.71
87.73
87.61
87.51
87.61
87.70
87.75
87.67
87.64
87.79
87.87
87.94
87.88
87.83
87.96
87.98
87.81
87.63
87.52
87.60
87.68
87.72
87.62
87.51
87.67
87.75
87.82
87.74
87.71
87.83
87.97
88.02
87.93
87.97
88.00
87.94
87.84
87.62
87.58
87.53
87.64
87.68
87.55
87.44
87.48
87.57
87.62
87.52
87.54
87.62
87.75
87.84
87.73
87.76
87.79
87.74
87.61
87.43
87.35
87.38
87.51
87.56
87.44
87.32
87.40
87.56
87.64
87.63
87.63
87.74
87.89
88.00
88.00
87.99
87.98
87.85
87.90
87.79
87.73
87.84
87.96
87.95
87.80
87.75
87.81
87.94
88.03
87.94
87.89
87.95
88.09
88.19
88.12
87.92
87.77
87.85
87.87
87.77
87.71
87.76
87.83
87.88
87.81
87.80
87.86
87.97
88.01
87.93
87.94
88.04
88.16
88.27
88.16
87.93
87.81
87.82
87.89
87.73
87.70
87.72
87.78
87.80
87.68
87.61
87.67
87.75
87.90
87.83
87.78
87.82
87.90
87.99
87.87
87.70
87.54
87.60
87.66
87.58
87.47
87.55
87.65
87.65
87.60
87.52
87.58
87.74
87.86
87.84
87.75
87.80
88.02
88.10
87.86
87.58
87.54
87.60
87.65
87.54
87.47
87.47
87.56
87.67
87.62
87.58
87.66
87.78
87.93
87.85
87.86
87.94
88.03
87.92
87.71
87.55
87.58
87.65
87.78
87.71
87.60
87.58
87.71
87.83
87.80
87.73
87.78
87.90
88.03
87.98
87.93
87.85
87.77
87.75
87.64
87.61
87.64
87.82
87.98
87.88
87.80
87.80
87.88
88.00
87.88
87.78
87.78
87.78
87.89
87.83
87.81
87.69
87.56
87.52
87.30
87.10
87.03
87.12
87.20
87.12
87.06
87.04
87.18
87.32
87.28
87.26
87.29
87.38
87.51
87.49
87.32
87.14
87.16
87.26
87.19
87.16
87.18
87.30
87.41
87.33
87.26
87.31
87.44
87.60
87.58
87.52
87.54
87.67
87.77
87.55
87.28
87.24
87.31
87.46
87.38
87.33
87.30
87.37
87.50
87.47
87.43
87.46
87.55
87.68
87.61
87.61
87.69
87.75
87.74
87.55
87.39
87.36
87.43
87.56
87.52
87.39
87.35
87.39
87.49
87.43
87.40
87.34
87.50
87.61
87.57
87.55
87.49
87.39
87.41
87.30
87.19
87.17
87.26
87.38
87.34
87.24
87.23
87.29
87.45
87.42
87.34
87.38
87.51
87.67
87.66
87.51
87.32
87.31
87.40
87.36
87.26
87.26
87.39
87.49
87.46
87.40
87.39
87.52
87.72
87.68
87.63
87.63
87.77
87.91
87.81
87.51
87.36
87.43
87.53
87.49
87.41
87.39
87.44
87.54
87.49
87.43
87.47
87.61
87.77
87.74
87.67
87.70
87.83
87.93
87.76
87.53
87.45
87.54
87.64
87.61
87.56
87.52
87.54
87.64
87.59
87.53
87.47
87.53
87.58
87.55
87.41
87.39
87.47
87.45
87.21
86.96
86.90
86.89
86.96
86.91
86.77
86.66
86.66
86.76
86.66
86.58
86.59
86.70
86.82
86.80
86.61
86.66
86.61
86.56
86.41
86.28
86.25
86.36
86.55
86.42
86.27
86.11
86.14
86.20
86.13
86.09
86.15
86.26
86.40
86.46
86.30
86.14
86.20
86.32
86.26
86.26
86.30
86.39
86.54
86.54
86.52
86.55
86.66
86.85
86.89
86.86
86.90
87.01
87.01
86.78
86.67
86.63
86.68
86.84
86.80
86.75
86.70
86.78
86.94
86.92
86.90
86.93
87.00
87.21
87.18
87.18
87.18
87.18
87.07
86.97
86.85
86.76
86.91
87.03
87.01
86.89
86.86
86.93
87.08
87.03
87.01
87.02
87.12
87.26
87.24
87.18
87.26
87.28
87.22
86.98
86.86
86.77
86.84
86.99
86.92
86.84
86.75
86.83
87.01
86.98
86.92
86.95
87.09
87.22
87.21
87.18
87.16
87.27
87.21
87.01
86.89
86.82
86.96
87.11
87.04
86.96
86.94
87.05
87.19
87.20
87.18
87.18
87.28
87.42
87.43
87.36
87.42
87.43
87.37
87.20
87.06
87.01
87.07
87.18
87.15
86.99
86.99
87.07
87.18
87.16
87.12
87.10
87.22
87.33
87.30
87.25
87.29
87.30
87.22
87.06
86.96
86.87
86.97
87.08
87.04
86.88
86.82
86.88
86.98
86.98
86.91
86.94
87.02
87.16
87.09
87.03
87.00
86.97
86.93
86.78
86.72
86.61
86.70
86.83
86.74
86.66
86.62
86.74
86.94
86.93
86.95
86.95
87.05
87.17
87.13
87.06
86.87
86.75
86.83
86.76
86.70
86.67
86.77
86.93
86.87
86.78
86.81
86.91
87.07
87.10
87.07
87.06
87.20
87.41
87.39
87.20
87.06
87.10
87.21
87.10
87.03
87.03
87.11
87.19
87.09
87.02
86.96
87.09
87.21
87.18
87.11
87.12
87.22
87.37
87.18
86.83
86.65
86.68
86.78
86.75
86.65
86.61
86.68
86.73
86.66
86.58
86.55
86.55
86.63
86.60
86.55
86.51
86.63
86.63
86.40
86.13
86.09
86.14
86.26
86.26
86.18
86.13
86.18
86.25
86.11
85.89
85.70
85.66
85.68
85.61
85.70
85.71
85.75
85.82
85.73
85.63
85.63
85.81
86.01
86.02
85.98
86.05
86.20
86.39
86.43
86.43
86.49
86.69
86.98
87.00
86.83
86.71
86.78
86.88
86.80
86.75
86.78
86.86
86.97
86.95
86.90
86.88
87.00
87.18
87.22
87.15
87.19
87.30
87.45
87.33
87.09
86.99
87.05
87.14
87.07
87.03
86.99
87.06
87.20
87.17
87.07
87.06
87.16
87.33
87.30
87.19
87.20
87.29
87.49
87.42
87.14
86.95
86.98
87.08
86.99
86.89
86.86
86.88
87.01
86.93
86.88
86.83
86.93
87.05
87.01
86.93
86.93
87.07
87.24
87.12
86.87
86.76
86.81
86.90
86.87
86.81
86.81
86.93
87.05
87.01
86.96
86.97
87.07
87.26
87.22
87.23
87.26
87.41
87.41
87.19
87.05
87.00
87.04
87.23
87.22
87.18
87.13
87.21
87.35
87.32
87.31
87.26
87.36
87.52
87.50
87.46
87.37
87.30
87.30
87.22
87.11
87.04
87.14
87.25
87.17
87.06
87.00
87.13
87.25
87.22
87.18
87.16
87.22
87.33
87.32
87.18
86.91
86.89
86.95
86.83
86.72
86.69
86.75
86.83
86.81
86.71
86.71
86.82
87.00
87.01
86.94
86.99
87.11
87.27
87.13
86.93
86.83
86.88
86.99
86.99
86.92
86.86
86.97
87.11
87.09
86.99
87.01
87.10
87.29
87.23
87.21
87.19
87.35
87.40
87.18
86.98
86.94
86.99
87.11
87.08
87.09
87.00
87.07
87.21
87.25
87.19
87.16
87.26
87.44
87.38
87.36
87.34
87.43
87.57
87.49
87.23
87.08
87.08
87.14
87.05
86.95
86.89
86.98
87.05
87.04
86.98
86.93
87.02
87.18
87.16
87.12
87.07
87.17
87.34
87.36
87.36
87.32
87.21
87.27
87.31
87.19
87.15
87.23
87.32
87.24
87.13
87.05
87.11
87.24
87.33
87.38
87.53
87.68
87.89
87.76
87.83
87.92
87.68
87.35
86.72
85.37
83.93
83.02
82.65
82.32
82.11
82.00
82.07
82.31
82.48
82.75
83.06
83.58
84.15
84.44
84.69
84.74
84.97
85.15
85.29
85.39
85.46
85.65
85.91
85.93
86.01
86.09
86.24
86.46
86.55
86.58
86.61
86.76
87.00
86.92
86.73
86.62
86.69
86.80
86.75
86.73
86.73
86.74
86.86
86.85
86.81
86.82
86.89
87.02
86.99
86.93
86.91
87.02
86.99
86.80
86.61
86.47
86.50
86.64
86.61
86.53
86.40
86.51
86.64
86.63
86.62
86.60
86.71
86.89
86.95
86.84
86.85
86.85
86.87
86.65
86.52
86.51
86.50
86.68
86.59
86.47
86.42
86.51
86.66
86.68
86.63
86.63
86.71
86.88
86.84
86.78
86.74
86.78
86.72
86.55
86.38
86.34
86.35
86.56
86.48
86.41
86.33
86.40
86.59
86.60
86.58
86.58
86.65
86.82
86.85
86.82
86.76
86.91
86.97
86.82
86.60
86.48
86.55
86.69
86.72
86.68
86.59
86.68
86.80
86.78
86.69
86.62
86.69
86.80
86.83
86.74
86.70
86.73
86.89
86.91
86.80
86.54
86.38
86.48
86.42
86.30
86.25
86.28
86.44
86.44
86.37
86.36
86.46
86.69
86.74
86.67
86.65
86.73
86.94
86.97
86.95
86.81
86.70
86.74
86.72
86.64
86.60
86.68
86.81
86.76
86.70
86.68
86.71
86.91
86.94
86.90
86.84
86.92
87.09
87.11
87.09
86.91
86.75
86.80
86.81
86.72
86.64
86.71
86.85
86.82
86.74
86.71
86.79
86.94
86.91
86.85
86.81
86.86
86.96
86.92
86.85
86.69
86.51
86.52
86.47
86.40
86.31
86.37
86.50
86.46
86.41
86.35
86.42
86.56
86.63
86.59
86.48
86.59
86.75
86.75
86.69
86.46
86.33
86.38
86.42
86.30
86.32
86.39
86.51
86.49
86.45
86.41
86.45
86.66
86.69
86.66
86.64
86.71
86.87
86.93
86.78
86.53
86.47
86.58
86.61
86.56
86.52
86.59
86.69
86.78
86.72
86.63
86.73
86.92
86.98
86.94
86.91
86.95
87.13
87.20
87.10
86.88
86.72
86.83
86.78
86.72
86.66
86.72
86.81
86.79
86.75
86.68
86.71
86.87
86.82
86.77
86.71
86.76
86.93
86.91
86.87
86.66
86.47
86.52
86.50
86.40
86.30
86.36
86.48
86.49
86.46
86.42
86.44
86.59
86.62
86.57
86.51
86.56
86.70
86.77
86.68
86.44
86.34
86.43
86.47
86.42
86.34
86.44
86.54
86.54
86.54
86.49
86.55
86.70
86.75
86.76
86.71
86.75
86.96
86.95
86.75
86.47
86.42
86.55
86.56
86.51
86.45
86.44
86.58
86.63
86.60
86.55
86.60
86.74
86.80
86.79
86.74
86.76
86.94
86.90
86.65
86.49
86.46
86.59
86.60
86.57
86.48
86.45
86.58
86.61
86.59
86.51
86.55
86.70
86.75
86.75
86.63
86.68
86.75
86.88
86.75
86.47
86.35
86.48
86.48
86.45
86.36
86.45
86.58
86.66
86.66
86.62
86.74
86.91
86.99
86.94
86.84
86.87
87.05
87.14
87.12
86.91
86.77
86.87
86.91
86.83
86.74
86.82
86.92
86.95
86.92
86.83
86.87
87.05
87.18
87.17
87.08
87.13
87.27
87.37
87.35
87.14
86.93
87.01
87.06
86.95
86.85
86.85
86.97
86.98
86.98
86.88
86.91
87.06
87.12
87.09
87.02
87.00
87.07
87.20
87.18
86.93
86.73
86.80
86.80
86.78
86.69
86.69
86.79
86.89
86.81
86.75
86.74
86.83
86.92
86.91
86.82
86.83
86.92
87.06
87.01
86.70
86.55
86.59
86.64
86.61
86.54
86.60
86.74
86.74
86.58
86.10
85.13
83.86
82.06
80.42
80.23
80.68
81.53
82.28
82.61
82.32
81.52
80.83
80.02
79.50
79.17
79.03
79.08
79.32
79.44
79.42
79.29
79.14
